"date","geography","geography code","Tenure: All households; measures: Value","Tenure: Owned; measures: Value","Tenure: Owned: Owned outright; measures: Value","Tenure: Owned: Owned with a mortgage or loan; measures: Value","Tenure: Shared ownership (part owned and part rented); measures: Value","Tenure: Social rented; measures: Value","Tenure: Social rented: Rented from council (Local Authority); measures: Value","Tenure: Social rented: Other; measures: Value","Tenure: Private rented; measures: Value","Tenure: Private rented: Private landlord or letting agency; measures: Value","Tenure: Private rented: Other; measures: Value","Tenure: Living rent free; measures: Value"
"2011","Tullibody South - 01","S01007409",308,227,97,130,1,59,20,39,21,20,1,0
"2011","Tullibody South - 02","S01007410",291,101,45,56,0,166,105,61,19,17,2,5
"2011","Tullibody South - 03","S01007411",437,155,54,101,0,238,163,75,37,29,8,7
"2011","Tullibody South - 04","S01007412",212,138,71,67,0,62,56,6,6,1,5,6
"2011","Tullibody South - 05","S01007413",360,310,88,222,0,27,12,15,20,17,3,3
"2011","Tullibody South - 06","S01007414",244,225,46,179,0,7,2,5,12,9,3,0
"2011","Tullibody North and Glenochil - 01","S01007415",374,195,79,116,0,162,44,118,10,9,1,7
"2011","Tullibody North and Glenochil - 02","S01007416",223,68,24,44,0,140,8,132,15,12,3,0
"2011","Tullibody North and Glenochil - 03","S01007417",406,342,114,228,0,16,10,6,45,39,6,3
"2011","Tullibody North and Glenochil - 04","S01007418",292,175,71,104,1,93,47,46,19,14,5,4
"2011","Tullibody North and Glenochil - 05","S01007419",332,144,49,95,0,171,45,126,17,13,4,0
"2011","Tullibody North and Glenochil - 06","S01007420",296,244,72,172,0,16,11,5,25,21,4,11
"2011","Menstrie - 01","S01007421",282,207,65,142,2,48,38,10,23,18,5,2
"2011","Menstrie - 02","S01007422",261,195,86,109,7,38,18,20,14,12,2,7
"2011","Menstrie - 03","S01007423",325,235,80,155,1,54,49,5,26,24,2,9
"2011","Menstrie - 04","S01007424",340,311,176,135,0,8,5,3,16,13,3,5
"2011","Alva - 01","S01007425",373,291,156,135,2,64,64,0,16,12,4,0
"2011","Alva - 02","S01007426",344,194,92,102,4,99,91,8,46,39,7,1
"2011","Alva - 03","S01007427",309,170,86,84,0,120,104,16,17,16,1,2
"2011","Alva - 04","S01007428",465,269,118,151,2,123,93,30,65,59,6,6
"2011","Alva - 05","S01007429",324,213,79,134,0,62,58,4,46,42,4,3
"2011","Alva - 06","S01007430",211,133,68,65,0,30,25,5,45,45,0,3
"2011","Alva - 07","S01007431",218,201,96,105,0,10,10,0,6,6,0,1
"2011","Fishcross, Devon Village and Coalsnaughton - 01","S01007432",354,270,111,159,0,56,50,6,21,19,2,7
"2011","Fishcross, Devon Village and Coalsnaughton - 02","S01007433",350,238,112,126,0,70,68,2,34,30,4,8
"2011","Fishcross, Devon Village and Coalsnaughton - 03","S01007434",242,105,40,65,2,111,110,1,22,18,4,2
"2011","Tillicoultry - 01","S01007435",327,229,92,137,0,62,60,2,33,27,6,3
"2011","Tillicoultry - 02","S01007436",356,133,46,87,5,185,120,65,30,28,2,3
"2011","Tillicoultry - 03","S01007437",230,110,56,54,0,91,91,0,27,26,1,2
"2011","Tillicoultry - 04","S01007438",338,194,98,96,1,117,114,3,23,19,4,3
"2011","Tillicoultry - 05","S01007439",337,230,106,124,2,69,48,21,31,28,3,5
"2011","Tillicoultry - 06","S01007440",295,183,78,105,0,102,34,68,4,4,0,6
"2011","Tillicoultry - 07","S01007441",226,213,95,118,0,7,5,2,6,6,0,0
"2011","Tillicoultry - 08","S01007442",198,187,104,83,0,2,2,0,6,4,2,3
"2011","Dollar and Muckhart - 01","S01007443",387,284,171,113,1,68,63,5,26,23,3,8
"2011","Dollar and Muckhart - 02","S01007444",427,361,205,156,3,35,23,12,21,19,2,7
"2011","Dollar and Muckhart - 03","S01007445",265,242,130,112,0,10,7,3,10,9,1,3
"2011","Dollar and Muckhart - 04","S01007446",201,180,94,86,0,4,4,0,15,14,1,2
"2011","Dollar and Muckhart - 05","S01007447",209,185,117,68,0,7,6,1,12,11,1,5
"2011","Clackmannan, Kennet and Forestmill - 01","S01007448",367,312,176,136,2,28,26,2,23,21,2,2
"2011","Clackmannan, Kennet and Forestmill - 02","S01007449",458,255,127,128,1,166,163,3,31,26,5,5
"2011","Clackmannan, Kennet and Forestmill - 03","S01007450",332,145,64,81,0,157,156,1,27,24,3,3
"2011","Clackmannan, Kennet and Forestmill - 04","S01007451",283,204,87,117,1,60,56,4,13,10,3,5
"2011","Clackmannan, Kennet and Forestmill - 05","S01007452",209,109,49,60,0,79,79,0,20,20,0,1
"2011","Clackmannan, Kennet and Forestmill - 06","S01007453",212,194,32,162,0,5,3,2,12,11,1,1
"2011","Sauchie - 01","S01007454",190,111,50,61,0,61,59,2,15,14,1,3
"2011","Sauchie - 02","S01007455",388,148,61,87,1,210,88,122,28,24,4,1
"2011","Sauchie - 03","S01007456",394,146,53,93,1,199,198,1,43,39,4,5
"2011","Sauchie - 04","S01007457",465,237,89,148,0,190,186,4,34,34,0,4
"2011","Sauchie - 05","S01007458",224,192,96,96,0,23,10,13,7,7,0,2
"2011","Sauchie - 06","S01007459",291,197,98,99,2,74,72,2,14,12,2,4
"2011","Sauchie - 07","S01007460",345,190,82,108,0,130,79,51,20,17,3,5
"2011","Alloa South and East - 01","S01007461",372,92,38,54,0,237,201,36,43,39,4,0
"2011","Alloa South and East - 02","S01007462",371,211,78,133,1,86,83,3,68,66,2,5
"2011","Alloa South and East - 03","S01007463",377,106,38,68,2,250,212,38,19,19,0,0
"2011","Alloa South and East - 04","S01007464",313,91,43,48,0,201,109,92,20,16,4,1
"2011","Alloa South and East - 05","S01007465",380,79,28,51,4,262,204,58,33,32,1,2
"2011","Alloa South and East - 06","S01007466",581,153,57,96,4,302,144,158,118,112,6,4
"2011","Alloa North - 01","S01007467",523,271,128,143,0,159,104,55,88,82,6,5
"2011","Alloa North - 02","S01007468",333,290,113,177,1,13,6,7,28,25,3,1
"2011","Alloa North - 03","S01007469",250,159,58,101,1,77,75,2,11,11,0,2
"2011","Alloa North - 04","S01007470",335,118,49,69,3,180,136,44,29,24,5,5
"2011","Alloa North - 05","S01007471",203,120,37,83,0,68,66,2,12,12,0,3
"2011","Alloa North - 06","S01007472",273,146,66,80,1,102,74,28,19,15,4,5
"2011","Alloa North - 07","S01007473",227,121,44,77,0,96,93,3,7,5,2,3
"2011","Alloa North - 08","S01007474",213,182,74,108,2,22,21,1,7,5,2,0
"2011","Alloa North - 09","S01007475",257,207,81,126,1,27,26,1,19,17,2,3
"2011","Alloa West - 01","S01007476",317,249,145,104,0,47,32,15,11,10,1,10
"2011","Alloa West - 02","S01007477",247,194,85,109,0,25,22,3,26,22,4,2
"2011","Alloa West - 03","S01007478",433,282,121,161,2,83,10,73,61,53,8,5
"2011","Alloa West - 04","S01007479",275,190,50,140,2,39,34,5,44,42,2,0
"2011","Alloa West - 05","S01007480",327,252,63,189,0,35,33,2,39,33,6,1
"2011","Stranraer West - 01","S01007481",394,358,259,99,1,4,0,4,22,18,4,9
"2011","Stranraer West - 02","S01007482",253,135,90,45,0,92,0,92,23,21,2,3
"2011","Stranraer West - 03","S01007483",340,227,95,132,0,78,0,78,26,24,2,9
"2011","Stranraer West - 04","S01007484",285,133,70,63,2,87,0,87,51,46,5,12
"2011","Stranraer West - 05","S01007485",219,47,27,20,0,153,0,153,18,18,0,1
"2011","Stranraer West - 06","S01007486",255,43,28,15,2,193,0,193,14,14,0,3
"2011","Stranraer East - 01","S01007487",498,183,75,108,1,184,0,184,125,114,11,5
"2011","Stranraer East - 02","S01007488",483,284,145,139,9,89,0,89,91,81,10,10
"2011","Stranraer East - 03","S01007489",406,282,160,122,0,71,0,71,43,36,7,10
"2011","Stranraer South - 01","S01007490",378,243,141,102,1,105,0,105,23,20,3,6
"2011","Stranraer South - 02","S01007491",460,253,99,154,7,155,0,155,44,43,1,1
"2011","Stranraer South - 03","S01007492",332,198,93,105,1,109,0,109,17,16,1,7
"2011","Stranraer South - 04","S01007493",368,211,93,118,14,113,0,113,23,18,5,7
"2011","Rhins North - 01","S01007494",239,177,118,59,0,26,0,26,29,23,6,7
"2011","Rhins North - 02","S01007495",345,258,173,85,0,19,0,19,41,33,8,27
"2011","Rhins North - 03","S01007496",470,316,228,88,6,50,0,50,80,75,5,18
"2011","Rhins North - 04","S01007497",264,130,73,57,0,54,0,54,62,51,11,18
"2011","Rhins North - 05","S01007498",416,272,166,106,3,67,0,67,63,56,7,11
"2011","Rhins South - 01","S01007499",358,206,112,94,1,86,0,86,57,46,11,8
"2011","Rhins South - 02","S01007500",288,126,90,36,3,52,0,52,91,89,2,16
"2011","Rhins South - 03","S01007501",325,212,172,40,1,45,0,45,49,43,6,18
"2011","Machars North - 01","S01007502",248,160,104,56,0,37,0,37,44,36,8,7
"2011","Machars North - 02","S01007503",482,308,211,97,0,83,0,83,76,63,13,15
"2011","Machars North - 03","S01007504",321,198,145,53,1,39,0,39,69,62,7,14
"2011","Machars North - 04","S01007505",179,109,74,35,0,31,0,31,35,30,5,4
"2011","Machars South - 01","S01007506",237,176,128,48,0,6,0,6,43,39,4,12
"2011","Machars South - 02","S01007507",455,276,174,102,0,105,0,105,61,57,4,13
"2011","Machars South - 03","S01007508",329,214,151,63,0,50,0,50,46,41,5,19
"2011","Machars South - 04","S01007509",274,199,153,46,0,25,0,25,38,34,4,12
"2011","Machars South - 05","S01007510",459,307,246,61,0,79,0,79,53,47,6,20
"2011","Machars South - 06","S01007511",370,182,132,50,2,143,0,143,35,29,6,8
"2011","Machars South - 07","S01007512",247,158,133,25,5,37,0,37,35,32,3,12
"2011","Newton Stewart - 01","S01007513",468,248,133,115,1,161,0,161,52,45,7,6
"2011","Newton Stewart - 02","S01007514",247,139,89,50,1,34,0,34,72,65,7,1
"2011","Newton Stewart - 03","S01007515",254,207,136,71,0,9,0,9,33,28,5,5
"2011","Newton Stewart - 04","S01007516",257,118,60,58,0,85,0,85,48,43,5,6
"2011","Newton Stewart - 05","S01007517",224,150,103,47,2,37,0,37,29,26,3,6
"2011","Newton Stewart - 06","S01007518",381,226,119,107,2,119,0,119,30,20,10,4
"2011","Newton Stewart - 07","S01007519",215,165,125,40,0,12,0,12,34,26,8,4
"2011","Newton Stewart - 08","S01007520",446,297,194,103,1,63,0,63,64,56,8,21
"2011","Gatehouse - 01","S01007521",202,100,86,14,3,7,0,7,58,50,8,34
"2011","Gatehouse - 02","S01007522",476,322,220,102,3,99,0,99,41,36,5,11
"2011","Gatehouse - 03","S01007523",229,158,105,53,2,11,0,11,44,37,7,14
"2011","Gatehouse - 04","S01007524",385,260,178,82,2,25,0,25,68,53,15,30
"2011","Gatehouse - 05","S01007525",237,162,97,65,0,39,0,39,29,26,3,7
"2011","Kirkcudbright - 01","S01007526",385,192,135,57,2,119,0,119,67,58,9,5
"2011","Kirkcudbright - 02","S01007527",374,276,169,107,0,59,0,59,31,27,4,8
"2011","Kirkcudbright - 03","S01007528",363,175,97,78,0,102,0,102,79,67,12,7
"2011","Kirkcudbright - 04","S01007529",308,248,179,69,0,33,0,33,23,19,4,4
"2011","Kirkcudbright - 05","S01007530",223,140,96,44,0,3,0,3,59,56,3,21
"2011","Kirkcudbright - 06","S01007531",313,184,137,47,0,42,0,42,60,51,9,27
"2011","Kirkcudbright - 07","S01007532",248,156,98,58,1,33,0,33,33,31,2,25
"2011","Kirkcudbright - 08","S01007533",222,144,95,49,0,13,0,13,53,43,10,12
"2011","Castle Douglas - 01","S01007534",428,257,150,107,2,127,0,127,36,27,9,6
"2011","Castle Douglas - 02","S01007535",492,259,173,86,3,203,0,203,23,16,7,4
"2011","Castle Douglas - 03","S01007536",443,277,172,105,0,66,0,66,85,74,11,15
"2011","Castle Douglas - 04","S01007537",518,307,217,90,1,117,0,117,81,67,14,12
"2011","Castle Douglas - 05","S01007538",366,261,163,98,0,14,0,14,73,65,8,18
"2011","Dalbeattie - 01","S01007539",331,298,211,87,0,1,0,1,27,24,3,5
"2011","Dalbeattie - 02","S01007540",450,258,154,104,2,134,0,134,51,42,9,5
"2011","Dalbeattie - 03","S01007541",337,266,171,95,1,27,0,27,33,28,5,10
"2011","Dalbeattie - 04","S01007542",416,258,141,117,1,111,0,111,39,34,5,7
"2011","Dalbeattie - 05","S01007543",481,277,141,136,1,142,0,142,53,41,12,8
"2011","Dalbeattie Rural - 01","S01007544",496,402,312,90,7,9,0,9,61,55,6,17
"2011","Dalbeattie Rural - 02","S01007545",359,257,186,71,0,30,0,30,51,47,4,21
"2011","Dalbeattie Rural - 03","S01007546",223,181,91,90,0,13,0,13,15,9,6,14
"2011","Glenkens - 01","S01007547",239,159,96,63,3,16,0,16,43,36,7,18
"2011","Glenkens - 02","S01007548",304,202,116,86,0,49,0,49,39,34,5,14
"2011","Glenkens - 03","S01007549",298,185,138,47,2,50,0,50,47,38,9,14
"2011","Glenkens - 04","S01007550",449,287,205,82,0,67,0,67,73,60,13,22
"2011","Glenkens - 05","S01007551",395,279,199,80,4,18,0,18,74,65,9,20
"2011","Upper Nithsdale - 01","S01007552",401,191,111,80,0,173,0,173,32,29,3,5
"2011","Upper Nithsdale - 02","S01007553",376,172,92,80,0,189,0,189,12,10,2,3
"2011","Upper Nithsdale - 03","S01007554",221,77,50,27,0,137,0,137,5,5,0,2
"2011","Upper Nithsdale - 04","S01007555",238,174,105,69,1,34,0,34,18,14,4,11
"2011","Upper Nithsdale - 05","S01007556",227,105,59,46,0,103,0,103,17,15,2,2
"2011","Upper Nithsdale - 06","S01007557",478,248,115,133,0,196,0,196,31,21,10,3
"2011","Upper Nithsdale - 07","S01007558",189,143,92,51,0,10,0,10,25,21,4,11
"2011","Thornhill - 01","S01007559",308,165,93,72,0,14,0,14,88,82,6,41
"2011","Thornhill - 02","S01007560",440,275,176,99,0,92,0,92,55,46,9,18
"2011","Thornhill - 03","S01007561",357,233,156,77,0,80,0,80,38,34,4,6
"2011","Thornhill - 04","S01007562",365,210,125,85,1,53,0,53,74,68,6,27
"2011","Thornhill - 05","S01007563",396,248,158,90,0,45,0,45,82,74,8,21
"2011","Mid Nithsdale - 01","S01007564",323,215,143,72,0,28,0,28,66,62,4,14
"2011","Mid Nithsdale - 02","S01007565",396,273,155,118,1,47,0,47,59,51,8,16
"2011","Mid Nithsdale - 03","S01007566",275,195,116,79,1,26,0,26,36,33,3,17
"2011","Mid Nithsdale - 04","S01007567",233,172,103,69,0,9,0,9,47,35,12,5
"2011","Mid Nithsdale - 05","S01007568",295,191,107,84,0,18,0,18,69,65,4,17
"2011","Mid Nithsdale - 06","S01007569",342,203,136,67,0,35,0,35,76,70,6,28
"2011","Shawhead - 01","S01007570",295,218,136,82,0,48,0,48,24,20,4,5
"2011","Shawhead - 02","S01007571",240,161,95,66,1,7,0,7,55,54,1,16
"2011","Shawhead - 03","S01007572",370,259,145,114,4,82,0,82,16,13,3,9
"2011","Shawhead - 04","S01007573",329,274,60,214,0,9,0,9,43,38,5,3
"2011","Lochside and Lincluden - 01","S01007574",438,256,112,144,2,155,0,155,24,13,11,1
"2011","Lochside and Lincluden - 02","S01007575",452,207,109,98,0,219,0,219,24,16,8,2
"2011","Lochside and Lincluden - 03","S01007576",344,90,47,43,1,237,0,237,16,15,1,0
"2011","Lochside and Lincluden - 04","S01007577",296,107,53,54,0,176,0,176,12,10,2,1
"2011","Lochside and Lincluden - 05","S01007578",332,108,54,54,1,192,0,192,27,24,3,4
"2011","Lochside and Lincluden - 06","S01007579",298,92,34,58,4,179,0,179,22,18,4,1
"2011","Lochside and Lincluden - 07","S01007580",293,128,49,79,0,135,0,135,28,24,4,2
"2011","Lochside and Lincluden - 08","S01007581",198,103,52,51,0,75,0,75,19,15,4,1
"2011","Summerville - 01","S01007582",285,133,50,83,1,127,0,127,21,19,2,3
"2011","Summerville - 02","S01007583",519,130,54,76,1,338,0,338,47,45,2,3
"2011","Summerville - 03","S01007584",279,144,64,80,0,100,0,100,27,26,1,8
"2011","Summerville - 04","S01007585",438,368,237,131,0,37,0,37,21,18,3,12
"2011","Summerville - 05","S01007586",377,203,100,103,0,139,0,139,31,27,4,4
"2011","Summerville - 06","S01007587",306,217,120,97,1,39,0,39,43,37,6,6
"2011","Troqueer - 01","S01007588",360,307,180,127,0,24,0,24,25,21,4,4
"2011","Troqueer - 02","S01007589",408,270,154,116,0,20,0,20,110,99,11,8
"2011","Troqueer - 03","S01007590",289,268,171,97,0,2,0,2,16,13,3,3
"2011","Troqueer - 04","S01007591",272,183,84,99,0,41,0,41,47,42,5,1
"2011","Troqueer - 05","S01007592",353,135,67,68,12,122,0,122,80,72,8,4
"2011","New Abbey - 01","S01007593",453,350,192,158,0,55,0,55,41,37,4,7
"2011","New Abbey - 02","S01007594",334,269,132,137,0,35,0,35,27,22,5,3
"2011","New Abbey - 03","S01007595",443,275,169,106,0,57,0,57,91,89,2,20
"2011","New Abbey - 04","S01007596",275,189,133,56,2,4,0,4,66,53,13,14
"2011","Kingholm - 01","S01007597",254,178,105,73,1,10,0,10,55,49,6,10
"2011","Kingholm - 02","S01007598",266,198,122,76,0,12,0,12,52,49,3,4
"2011","Kingholm - 03","S01007599",361,224,93,131,0,67,0,67,63,56,7,7
"2011","Kingholm - 04","S01007600",510,319,176,143,18,91,0,91,55,47,8,27
"2011","Calside - 01","S01007601",300,216,76,140,14,21,0,21,47,42,5,2
"2011","Calside - 02","S01007602",269,235,108,127,1,3,0,3,28,24,4,2
"2011","Calside - 03","S01007603",309,279,120,159,0,5,0,5,24,21,3,1
"2011","Calside - 04","S01007604",389,362,221,141,2,8,0,8,15,14,1,2
"2011","Georgetown - 01","S01007605",364,330,183,147,0,1,0,1,29,22,7,4
"2011","Georgetown - 02","S01007606",314,248,127,121,1,3,0,3,55,39,16,7
"2011","Georgetown - 03","S01007607",294,270,149,121,0,1,0,1,19,17,2,4
"2011","Georgetown - 04","S01007608",308,280,145,135,0,6,0,6,18,16,2,4
"2011","Dumfries Central - 01","S01007609",447,226,113,113,1,168,0,168,48,43,5,4
"2011","Dumfries Central - 02","S01007610",255,113,59,54,21,77,0,77,41,35,6,3
"2011","Dumfries Central - 03","S01007611",538,217,137,80,13,193,0,193,107,99,8,8
"2011","Dumfries Central - 04","S01007612",609,176,92,84,1,203,0,203,221,211,10,8
"2011","Nunholm - 01","S01007613",324,251,138,113,0,8,0,8,63,55,8,2
"2011","Nunholm - 02","S01007614",358,328,174,154,0,7,0,7,21,17,4,2
"2011","Nunholm - 03","S01007615",515,356,169,187,2,66,0,66,87,83,4,4
"2011","Nunholm - 04","S01007616",387,219,103,116,3,92,0,92,62,53,9,11
"2011","Locharbriggs - 01","S01007617",234,127,63,64,1,80,0,80,21,21,0,5
"2011","Locharbriggs - 02","S01007618",294,175,97,78,5,99,0,99,14,12,2,1
"2011","Locharbriggs - 03","S01007619",280,175,77,98,0,83,0,83,19,16,3,3
"2011","Locharbriggs - 04","S01007620",271,240,129,111,1,1,0,1,27,23,4,2
"2011","Locharbriggs - 05","S01007621",291,265,156,109,0,2,0,2,21,21,0,3
"2011","Heathhall - 01","S01007622",256,154,75,79,1,46,0,46,52,49,3,3
"2011","Heathhall - 02","S01007623",250,205,102,103,0,16,0,16,27,21,6,2
"2011","Heathhall - 03","S01007624",268,241,94,147,2,2,0,2,22,19,3,1
"2011","Heathhall - 04","S01007625",224,190,90,100,2,4,0,4,19,16,3,9
"2011","Heathhall - 05","S01007626",269,232,69,163,0,3,0,3,33,32,1,1
"2011","Collin - 01","S01007627",251,192,69,123,6,29,0,29,21,16,5,3
"2011","Collin - 02","S01007628",314,268,170,98,0,4,0,4,40,35,5,2
"2011","Collin - 03","S01007629",286,224,120,104,0,22,0,22,33,30,3,7
"2011","Collin - 04","S01007630",338,282,166,116,0,5,0,5,36,27,9,15
"2011","Lochmaben - 01","S01007631",269,212,144,68,0,8,0,8,40,38,2,9
"2011","Lochmaben - 02","S01007632",437,278,151,127,6,98,0,98,45,40,5,10
"2011","Lochmaben - 03","S01007633",441,290,170,120,1,112,0,112,31,23,8,7
"2011","Lochmaben - 04","S01007634",241,162,105,57,1,16,0,16,51,43,8,11
"2011","Lockerbie - 01","S01007635",321,274,204,70,0,9,0,9,23,20,3,15
"2011","Lockerbie - 02","S01007636",416,255,146,109,2,114,0,114,40,36,4,5
"2011","Lockerbie - 03","S01007637",403,233,111,122,0,124,0,124,46,40,6,0
"2011","Lockerbie - 04","S01007638",373,234,123,111,0,90,0,90,43,36,7,6
"2011","Lockerbie - 05","S01007639",451,255,115,140,0,157,0,157,31,26,5,8
"2011","Lockerbie - 06","S01007640",303,143,70,73,1,17,0,17,130,116,14,12
"2011","Moffat - 01","S01007641",369,233,124,109,6,74,0,74,49,43,6,7
"2011","Moffat - 02","S01007642",415,274,189,85,1,67,0,67,69,57,12,4
"2011","Moffat - 03","S01007643",424,307,187,120,0,69,0,69,41,39,2,7
"2011","Moffat - 04","S01007644",384,247,150,97,2,106,0,106,24,20,4,5
"2011","Moffat - 05","S01007645",219,141,91,50,0,13,0,13,61,54,7,4
"2011","Langholm and Eskdale - 01","S01007646",260,122,85,37,1,19,0,19,90,80,10,28
"2011","Langholm and Eskdale - 02","S01007647",361,236,139,97,2,55,0,55,58,53,5,10
"2011","Langholm and Eskdale - 03","S01007648",446,270,176,94,1,41,0,41,116,102,14,18
"2011","Langholm and Eskdale - 04","S01007649",339,205,120,85,1,62,0,62,61,55,6,10
"2011","Langholm and Eskdale - 05","S01007650",420,271,152,119,2,39,0,39,98,90,8,10
"2011","Annandale East - 01","S01007651",227,130,70,60,0,17,0,17,68,61,7,12
"2011","Annandale East - 02","S01007652",257,172,102,70,0,46,0,46,30,25,5,9
"2011","Annandale East - 03","S01007653",378,292,170,122,0,51,0,51,28,25,3,7
"2011","Annandale East - 04","S01007654",465,256,145,111,0,125,0,125,68,59,9,16
"2011","Annandale East - 05","S01007655",341,211,141,70,0,17,0,17,96,91,5,17
"2011","Annandale West - 01","S01007656",358,141,104,37,1,7,0,7,190,182,8,19
"2011","Annandale West - 02","S01007657",176,110,66,44,0,11,0,11,48,45,3,7
"2011","Annandale West - 03","S01007658",231,157,99,58,1,4,0,4,59,54,5,10
"2011","Annandale West - 04","S01007659",366,230,145,85,0,69,0,69,56,52,4,11
"2011","Annan West - 01","S01007660",400,148,54,94,1,204,0,204,46,43,3,1
"2011","Annan West - 02","S01007661",327,204,117,87,1,57,0,57,55,47,8,10
"2011","Annan West - 03","S01007662",493,286,175,111,0,128,0,128,66,60,6,13
"2011","Annan West - 04","S01007663",387,276,163,113,0,67,0,67,33,26,7,11
"2011","Annan East - 01","S01007664",283,141,81,60,2,105,0,105,29,25,4,6
"2011","Annan East - 02","S01007665",275,190,75,115,0,46,0,46,35,32,3,4
"2011","Annan East - 03","S01007666",198,176,96,80,1,7,0,7,10,8,2,4
"2011","Annan East - 04","S01007667",283,250,141,109,1,9,0,9,18,13,5,5
"2011","Annan East - 05","S01007668",468,263,117,146,1,169,0,169,33,29,4,2
"2011","Annan East - 06","S01007669",268,85,39,46,1,165,0,165,15,13,2,2
"2011","Annan East - 07","S01007670",299,119,55,64,5,150,0,150,24,20,4,1
"2011","Annan East - 08","S01007671",289,241,142,99,1,9,0,9,28,25,3,10
"2011","Eastriggs - 01","S01007672",389,355,237,118,0,5,0,5,20,19,1,9
"2011","Eastriggs - 02","S01007673",304,250,132,118,0,13,0,13,39,31,8,2
"2011","Eastriggs - 03","S01007674",376,224,111,113,2,116,0,116,27,25,2,7
"2011","Eastriggs - 04","S01007675",251,215,117,98,0,14,0,14,18,16,2,4
"2011","Gretna - 01","S01007676",279,231,145,86,0,8,0,8,30,22,8,10
"2011","Gretna - 02","S01007677",201,167,87,80,0,9,0,9,19,16,3,6
"2011","Gretna - 03","S01007678",368,211,121,90,0,119,0,119,34,27,7,4
"2011","Gretna - 04","S01007679",381,216,142,74,5,133,0,133,22,17,5,5
"2011","Gretna - 05","S01007680",386,356,192,164,0,2,0,2,20,15,5,8
"2011","Gretna - 06","S01007681",192,133,60,73,1,37,0,37,13,11,2,8
"2011","Doon Valley South - 01","S01007870",199,153,74,79,0,9,8,1,31,24,7,6
"2011","Doon Valley South - 02","S01007871",285,68,36,32,0,211,208,3,6,5,1,0
"2011","Doon Valley South - 03","S01007872",322,75,36,39,0,241,165,76,6,4,2,0
"2011","Doon Valley South - 04","S01007873",295,189,95,94,1,71,50,21,29,24,5,5
"2011","Doon Valley South - 05","S01007874",367,186,84,102,0,150,147,3,27,19,8,4
"2011","Doon Valley North - 01","S01007875",242,168,73,95,0,64,53,11,9,7,2,1
"2011","Doon Valley North - 02","S01007876",420,291,90,201,0,102,100,2,23,21,2,4
"2011","Doon Valley North - 03","S01007877",336,194,88,106,0,127,105,22,11,11,0,4
"2011","Doon Valley North - 04","S01007878",281,120,50,70,1,151,138,13,7,6,1,2
"2011","Doon Valley North - 05","S01007879",320,154,65,89,0,147,67,80,17,15,2,2
"2011","Doon Valley North - 06","S01007880",178,143,78,65,0,21,19,2,12,12,0,2
"2011","Mauchline Rural - 01","S01007881",244,106,49,57,1,119,111,8,16,16,0,2
"2011","Mauchline Rural - 02","S01007882",268,225,109,116,0,9,6,3,25,24,1,9
"2011","Mauchline Rural - 03","S01007883",468,359,150,209,2,69,67,2,35,28,7,3
"2011","Mauchline Rural - 04","S01007884",269,176,66,110,0,69,52,17,21,20,1,3
"2011","Mauchline Rural - 05","S01007885",345,124,56,68,1,201,191,10,19,16,3,0
"2011","Mauchline Rural - 06","S01007886",433,260,127,133,0,138,102,36,28,26,2,7
"2011","Mauchline Rural - 07","S01007887",230,149,81,68,0,8,6,2,63,60,3,10
"2011","Drongan - 01","S01007888",451,200,81,119,0,230,65,165,20,18,2,1
"2011","Drongan - 02","S01007889",242,143,66,77,1,88,84,4,8,6,2,2
"2011","Drongan - 03","S01007890",300,199,82,117,0,90,85,5,9,5,4,2
"2011","Drongan - 04","S01007891",370,254,84,170,0,95,91,4,19,16,3,2
"2011","Mauchline - 01","S01007892",341,254,128,126,0,48,25,23,32,30,2,7
"2011","Mauchline - 02","S01007893",423,363,181,182,2,23,19,4,27,23,4,8
"2011","Mauchline - 03","S01007894",386,261,108,153,0,88,60,28,35,31,4,2
"2011","Mauchline - 04","S01007895",249,182,95,87,0,34,21,13,30,26,4,3
"2011","Mauchline - 05","S01007896",387,185,76,109,1,156,153,3,43,39,4,2
"2011","Cumnock Rural - 01","S01007897",165,133,71,62,0,4,3,1,22,20,2,6
"2011","Cumnock Rural - 02","S01007898",166,134,65,69,0,5,3,2,18,16,2,9
"2011","Cumnock Rural - 03","S01007899",145,103,61,42,0,6,6,0,31,29,2,5
"2011","Cumnock Rural - 04","S01007900",232,105,56,49,0,120,57,63,7,5,2,0
"2011","Cumnock Rural - 05","S01007901",317,144,65,79,2,143,139,4,27,24,3,1
"2011","Cumnock Rural - 06","S01007902",394,147,75,72,1,226,220,6,17,17,0,3
"2011","Cumnock Rural - 07","S01007903",322,185,116,69,0,110,105,5,26,24,2,1
"2011","Cumnock Rural - 08","S01007904",312,220,115,105,0,17,17,0,63,58,5,12
"2011","New Cumnock - 01","S01007905",292,92,28,64,0,189,166,23,9,9,0,2
"2011","New Cumnock - 02","S01007906",382,164,73,91,0,201,156,45,14,13,1,3
"2011","New Cumnock - 03","S01007907",254,129,74,55,0,112,62,50,12,10,2,1
"2011","New Cumnock - 04","S01007908",419,309,173,136,2,74,68,6,32,31,1,2
"2011","Cumnock South and Craigens - 01","S01007909",226,136,54,82,0,74,11,63,16,14,2,0
"2011","Cumnock South and Craigens - 02","S01007910",369,172,67,105,0,160,30,130,35,35,0,2
"2011","Cumnock South and Craigens - 03","S01007911",348,219,73,146,0,106,80,26,22,18,4,1
"2011","Cumnock South and Craigens - 04","S01007912",346,222,103,119,0,95,93,2,25,24,1,4
"2011","Cumnock South and Craigens - 05","S01007913",304,124,60,64,0,132,114,18,44,40,4,4
"2011","Cumnock South and Craigens - 06","S01007914",279,135,58,77,0,129,127,2,14,13,1,1
"2011","Cumnock South and Craigens - 07","S01007915",361,216,93,123,0,134,92,42,11,11,0,0
"2011","Cumnock North - 01","S01007916",399,240,120,120,2,131,129,2,22,20,2,4
"2011","Cumnock North - 02","S01007917",369,233,96,137,1,112,97,15,22,22,0,1
"2011","Cumnock North - 03","S01007918",446,236,112,124,1,164,132,32,37,33,4,8
"2011","Cumnock North - 04","S01007919",303,280,131,149,1,10,10,0,6,5,1,6
"2011","Cumnock North - 05","S01007920",245,221,89,132,0,10,9,1,12,11,1,2
"2011","Auchinleck - 01","S01007921",422,161,66,95,1,246,241,5,13,10,3,1
"2011","Auchinleck - 02","S01007922",386,160,67,93,1,200,198,2,22,17,5,3
"2011","Auchinleck - 03","S01007923",412,330,148,182,0,49,41,8,29,26,3,4
"2011","Auchinleck - 04","S01007924",430,209,98,111,0,182,162,20,36,32,4,3
"2011","Northern and Irvine Valley Rural - 01","S01007925",176,147,81,66,0,4,4,0,20,18,2,5
"2011","Northern and Irvine Valley Rural - 02","S01007926",175,146,67,79,1,7,6,1,13,10,3,8
"2011","Northern and Irvine Valley Rural - 03","S01007927",237,200,91,109,0,16,16,0,20,15,5,1
"2011","Northern and Irvine Valley Rural - 04","S01007928",418,346,155,191,0,51,49,2,18,15,3,3
"2011","Northern and Irvine Valley Rural - 05","S01007929",268,226,99,127,1,11,9,2,28,22,6,2
"2011","Northern and Irvine Valley Rural - 06","S01007930",216,191,99,92,0,10,7,3,11,11,0,4
"2011","Northern and Irvine Valley Rural - 07","S01007931",481,340,155,185,0,117,92,25,21,19,2,3
"2011","Stewarton East - 01","S01007932",364,336,186,150,0,15,15,0,13,9,4,0
"2011","Stewarton East - 02","S01007933",316,270,100,170,0,14,2,12,29,25,4,3
"2011","Stewarton East - 03","S01007934",300,186,60,126,0,93,68,25,19,17,2,2
"2011","Stewarton East - 04","S01007935",444,226,89,137,0,115,85,30,100,89,11,3
"2011","Stewarton East - 05","S01007936",389,328,126,202,0,6,6,0,49,44,5,6
"2011","Stewarton West - 01","S01007937",435,372,150,222,1,14,11,3,42,37,5,6
"2011","Stewarton West - 02","S01007938",372,235,106,129,0,102,102,0,27,26,1,8
"2011","Stewarton West - 03","S01007939",412,201,92,109,1,182,162,20,25,25,0,3
"2011","Darvel - 01","S01007940",497,326,138,188,0,138,135,3,25,24,1,8
"2011","Darvel - 02","S01007941",257,238,118,120,0,7,6,1,12,10,2,0
"2011","Darvel - 03","S01007942",207,121,27,94,0,46,42,4,38,37,1,2
"2011","Darvel - 04","S01007943",319,225,114,111,0,51,41,10,34,32,2,9
"2011","Darvel - 05","S01007944",442,271,104,167,0,118,118,0,44,42,2,9
"2011","Newmilns - 01","S01007945",443,243,116,127,0,145,98,47,52,44,8,3
"2011","Newmilns - 02","S01007946",396,232,103,129,0,114,91,23,46,42,4,4
"2011","Newmilns - 03","S01007947",327,252,119,133,0,48,42,6,26,23,3,1
"2011","Newmilns - 04","S01007948",304,125,61,64,0,156,155,1,19,18,1,4
"2011","Galston - 01","S01007949",347,277,135,142,0,42,37,5,23,22,1,5
"2011","Galston - 02","S01007950",376,324,147,177,0,22,18,4,24,24,0,6
"2011","Galston - 03","S01007951",321,246,96,150,0,52,43,9,20,17,3,3
"2011","Galston - 04","S01007952",357,139,56,83,3,171,133,38,39,37,2,5
"2011","Galston - 05","S01007953",414,252,78,174,0,124,118,6,30,26,4,8
"2011","Galston - 06","S01007954",324,127,40,87,0,177,166,11,19,16,3,1
"2011","Earlston and Hurlford Rural - 01","S01007955",322,159,56,103,0,142,140,2,20,18,2,1
"2011","Earlston and Hurlford Rural - 02","S01007956",297,152,45,107,0,123,121,2,18,14,4,4
"2011","Earlston and Hurlford Rural - 03","S01007957",455,239,97,142,0,185,126,59,24,22,2,7
"2011","Earlston and Hurlford Rural - 04","S01007958",388,173,55,118,0,194,193,1,19,19,0,2
"2011","Earlston and Hurlford Rural - 05","S01007959",380,320,156,164,0,40,37,3,17,16,1,3
"2011","Earlston and Hurlford Rural - 06","S01007960",291,171,57,114,0,108,108,0,11,7,4,1
"2011","Earlston and Hurlford Rural - 07","S01007961",278,206,117,89,0,16,13,3,41,36,5,15
"2011","Shortlees - 01","S01007962",246,146,35,111,0,73,24,49,26,26,0,1
"2011","Shortlees - 02","S01007963",408,66,32,34,0,323,69,254,19,14,5,0
"2011","Shortlees - 03","S01007964",353,166,72,94,0,162,93,69,21,18,3,4
"2011","Shortlees - 04","S01007965",256,122,45,77,1,119,114,5,13,11,2,1
"2011","Shortlees - 05","S01007966",418,154,63,91,0,242,172,70,22,20,2,0
"2011","Shortlees - 06","S01007967",245,70,18,52,0,159,149,10,13,11,2,3
"2011","Bellfield and Kirkstyle - 01","S01007968",397,270,106,164,0,101,100,1,23,20,3,3
"2011","Bellfield and Kirkstyle - 02","S01007969",390,223,98,125,0,150,127,23,15,13,2,2
"2011","Bellfield and Kirkstyle - 03","S01007970",408,232,78,154,0,137,122,15,31,27,4,8
"2011","Bellfield and Kirkstyle - 04","S01007971",469,221,81,140,0,214,198,16,31,29,2,3
"2011","Bellfield and Kirkstyle - 05","S01007972",377,235,74,161,1,110,109,1,24,18,6,7
"2011","Kilmarnock South Central and Caprington - 01","S01007973",355,342,167,175,0,5,5,0,6,6,0,2
"2011","Kilmarnock South Central and Caprington - 02","S01007974",426,179,70,109,0,215,211,4,29,27,2,3
"2011","Kilmarnock South Central and Caprington - 03","S01007975",324,179,69,110,0,98,94,4,43,37,6,4
"2011","Kilmarnock South Central and Caprington - 04","S01007976",456,211,105,106,1,175,172,3,61,56,5,8
"2011","Piersland - 01","S01007977",304,222,80,142,0,42,23,19,37,33,4,3
"2011","Piersland - 02","S01007978",353,180,49,131,0,71,44,27,101,97,4,1
"2011","Piersland - 03","S01007979",363,294,121,173,0,31,27,4,32,27,5,6
"2011","Piersland - 04","S01007980",340,256,118,138,1,57,56,1,21,21,0,5
"2011","Piersland - 05","S01007981",252,238,151,87,1,5,4,1,6,6,0,2
"2011","New Farm Loch South - 01","S01007982",210,183,103,80,0,24,10,14,3,3,0,0
"2011","New Farm Loch South - 02","S01007983",387,170,88,82,1,197,175,22,18,13,5,1
"2011","New Farm Loch South - 03","S01007984",374,277,126,151,0,77,53,24,16,14,2,4
"2011","New Farm Loch South - 04","S01007985",412,197,80,117,0,188,181,7,24,22,2,3
"2011","Dean and New Farm Loch North - 01","S01007986",238,171,64,107,1,47,37,10,18,16,2,1
"2011","Dean and New Farm Loch North - 02","S01007987",313,252,99,153,0,40,9,31,20,18,2,1
"2011","Dean and New Farm Loch North - 03","S01007988",336,227,78,149,1,87,69,18,20,20,0,1
"2011","Dean and New Farm Loch North - 04","S01007989",290,163,50,113,0,80,19,61,47,44,3,0
"2011","Dean and New Farm Loch North - 05","S01007990",339,234,52,182,7,60,14,46,38,33,5,0
"2011","Southcraig and Beansburn - 01","S01007991",334,305,73,232,0,7,5,2,20,18,2,2
"2011","Southcraig and Beansburn - 02","S01007992",224,207,41,166,1,2,2,0,13,10,3,1
"2011","Southcraig and Beansburn - 03","S01007993",329,305,133,172,0,11,9,2,12,9,3,1
"2011","Southcraig and Beansburn - 04","S01007994",293,266,42,224,0,11,8,3,16,14,2,0
"2011","Southcraig and Beansburn - 05","S01007995",309,294,71,223,0,5,5,0,10,10,0,0
"2011","Southcraig and Beansburn - 06","S01007996",187,164,82,82,0,9,7,2,14,12,2,0
"2011","Southcraig and Beansburn - 07","S01007997",296,274,162,112,0,4,3,1,17,17,0,1
"2011","Southcraig and Beansburn - 08","S01007998",225,194,98,96,0,13,11,2,18,18,0,0
"2011","Altonhill North and Onthank - 01","S01007999",301,132,39,93,1,145,143,2,17,16,1,6
"2011","Altonhill North and Onthank - 02","S01008000",390,129,50,79,4,241,196,45,16,13,3,0
"2011","Altonhill North and Onthank - 03","S01008001",372,94,34,60,1,261,218,43,15,14,1,1
"2011","Altonhill North and Onthank - 04","S01008002",330,87,31,56,0,232,226,6,10,9,1,1
"2011","Altonhill North and Onthank - 05","S01008003",241,138,28,110,0,74,70,4,27,26,1,2
"2011","Altonhill North and Onthank - 06","S01008004",230,158,22,136,0,32,29,3,38,36,2,2
"2011","Altonhill South, Longpark and Hillhead - 01","S01008005",220,124,9,115,0,77,9,68,17,15,2,2
"2011","Altonhill South, Longpark and Hillhead - 02","S01008006",248,51,17,34,0,185,160,25,10,10,0,2
"2011","Altonhill South, Longpark and Hillhead - 03","S01008007",208,79,27,52,0,70,65,5,58,56,2,1
"2011","Altonhill South, Longpark and Hillhead - 04","S01008008",267,68,12,56,0,184,45,139,15,13,2,0
"2011","Altonhill South, Longpark and Hillhead - 05","S01008009",373,102,33,69,0,231,82,149,39,33,6,1
"2011","Altonhill South, Longpark and Hillhead - 06","S01008010",476,204,63,141,0,220,184,36,51,46,5,1
"2011","Altonhill South, Longpark and Hillhead - 07","S01008011",455,116,59,57,0,261,197,64,76,75,1,2
"2011","Bonnyton and Town Centre - 01","S01008012",471,223,86,137,0,76,73,3,164,155,9,8
"2011","Bonnyton and Town Centre - 02","S01008013",363,173,50,123,0,93,91,2,92,77,15,5
"2011","Bonnyton and Town Centre - 03","S01008014",312,220,92,128,0,40,38,2,47,40,7,5
"2011","Bonnyton and Town Centre - 04","S01008015",437,204,71,133,2,135,134,1,93,82,11,3
"2011","Bonnyton and Town Centre - 05","S01008016",433,255,117,138,1,117,117,0,58,52,6,2
"2011","Grange, Howard and Gargieston - 01","S01008017",375,350,209,141,1,6,5,1,14,10,4,4
"2011","Grange, Howard and Gargieston - 02","S01008018",308,270,169,101,1,3,3,0,30,26,4,4
"2011","Grange, Howard and Gargieston - 03","S01008019",271,236,102,134,0,10,10,0,21,18,3,4
"2011","Grange, Howard and Gargieston - 04","S01008020",313,233,81,152,0,10,10,0,67,63,4,3
"2011","Grange, Howard and Gargieston - 05","S01008021",244,221,121,100,0,4,4,0,15,12,3,4
"2011","Grange, Howard and Gargieston - 06","S01008022",286,272,142,130,0,1,0,1,10,10,0,3
"2011","Grange, Howard and Gargieston - 07","S01008023",246,237,66,171,0,2,2,0,6,4,2,1
"2011","Grange, Howard and Gargieston - 08","S01008024",224,202,22,180,0,9,8,1,13,13,0,0
"2011","Crosshouse, Gatehead and Kilmaurs Rural - 01","S01008025",283,266,107,159,0,6,5,1,10,8,2,1
"2011","Crosshouse, Gatehead and Kilmaurs Rural - 02","S01008026",466,273,102,171,1,142,126,16,39,35,4,11
"2011","Crosshouse, Gatehead and Kilmaurs Rural - 03","S01008027",259,153,72,81,1,79,76,3,23,15,8,3
"2011","Crosshouse, Gatehead and Kilmaurs Rural - 04","S01008028",239,179,49,130,1,42,42,0,15,12,3,2
"2011","Crosshouse, Gatehead and Kilmaurs Rural - 05","S01008029",345,240,123,117,0,45,43,2,51,43,8,9
"2011","Kilmaurs - 01","S01008030",476,368,174,194,1,74,61,13,26,22,4,7
"2011","Kilmaurs - 02","S01008031",403,226,96,130,0,148,130,18,24,21,3,5
"2011","Kilmaurs - 03","S01008032",377,258,107,151,0,97,97,0,19,18,1,3
"2011","IZ01 - 01","S01008163",327,163,63,100,0,115,94,21,43,38,5,6
"2011","IZ01 - 02","S01008164",289,158,46,112,0,100,83,17,31,30,1,0
"2011","IZ01 - 03","S01008165",266,233,39,194,1,7,6,1,22,21,1,3
"2011","IZ01 - 04","S01008166",226,135,58,77,2,77,20,57,11,10,1,1
"2011","IZ01 - 05","S01008167",294,136,67,69,0,136,119,17,22,19,3,0
"2011","IZ01 - 06","S01008168",349,162,44,118,0,173,107,66,11,7,4,3
"2011","IZ01 - 07","S01008169",320,169,53,116,10,117,91,26,21,19,2,3
"2011","IZ02 - 01","S01008170",231,197,76,121,1,20,20,0,12,12,0,1
"2011","IZ02 - 02","S01008171",373,206,97,109,0,117,115,2,44,40,4,6
"2011","IZ02 - 03","S01008172",250,192,80,112,2,41,40,1,11,9,2,4
"2011","IZ02 - 04","S01008173",260,211,80,131,2,37,35,2,6,5,1,4
"2011","IZ02 - 05","S01008174",226,191,88,103,0,27,26,1,8,7,1,0
"2011","IZ02 - 06","S01008175",378,245,75,170,2,78,78,0,50,46,4,3
"2011","IZ02 - 07","S01008176",327,258,122,136,1,17,17,0,48,42,6,3
"2011","IZ03 - 01","S01008177",371,219,106,113,11,113,88,25,21,19,2,7
"2011","IZ03 - 02","S01008178",278,223,133,90,0,36,32,4,18,13,5,1
"2011","IZ03 - 03","S01008179",170,161,38,123,0,2,2,0,7,7,0,0
"2011","IZ03 - 04","S01008180",167,157,59,98,0,0,0,0,9,6,3,1
"2011","IZ03 - 05","S01008181",284,255,149,106,2,12,11,1,11,11,0,4
"2011","IZ04 - 01","S01008182",563,311,121,190,2,115,86,29,130,125,5,5
"2011","IZ04 - 02","S01008183",282,205,88,117,19,20,17,3,37,35,2,1
"2011","IZ04 - 03","S01008184",481,266,121,145,1,120,93,27,88,79,9,6
"2011","IZ04 - 04","S01008185",573,319,134,185,12,148,87,61,84,78,6,10
"2011","IZ04 - 05","S01008186",366,227,110,117,0,41,32,9,92,83,9,6
"2011","IZ04 - 06","S01008187",284,147,58,89,1,108,88,20,21,19,2,7
"2011","IZ05 - 01","S01008188",485,193,78,115,3,188,184,4,91,85,6,10
"2011","IZ05 - 02","S01008189",271,196,105,91,0,48,43,5,27,24,3,0
"2011","IZ05 - 03","S01008190",365,181,80,101,2,164,155,9,17,14,3,1
"2011","IZ05 - 04","S01008191",187,109,57,52,0,68,60,8,9,7,2,1
"2011","IZ05 - 05","S01008192",360,197,68,129,4,82,72,10,70,65,5,7
"2011","IZ05 - 06","S01008193",327,248,117,131,0,54,54,0,21,19,2,4
"2011","IZ06 - 01","S01008194",244,152,70,82,2,66,21,45,21,20,1,3
"2011","IZ06 - 02","S01008195",331,149,35,114,0,153,151,2,27,25,2,2
"2011","IZ06 - 03","S01008196",333,145,43,102,12,150,114,36,22,22,0,4
"2011","IZ07 - 01","S01008197",390,286,32,254,4,60,19,41,39,36,3,1
"2011","IZ07 - 02","S01008198",300,187,98,89,0,101,72,29,9,5,4,3
"2011","IZ07 - 03","S01008199",298,98,30,68,1,184,184,0,14,12,2,1
"2011","IZ07 - 04","S01008200",300,125,59,66,1,166,146,20,8,6,2,0
"2011","IZ07 - 05","S01008201",354,155,62,93,1,179,174,5,16,15,1,3
"2011","IZ07 - 06","S01008202",261,161,50,111,0,86,52,34,9,8,1,5
"2011","IZ07 - 07","S01008203",283,106,36,70,9,118,111,7,49,41,8,1
"2011","IZ08 - 01","S01008204",480,257,131,126,3,188,164,24,26,25,1,6
"2011","IZ08 - 02","S01008205",276,162,66,96,0,99,99,0,13,11,2,2
"2011","IZ08 - 03","S01008206",295,154,66,88,1,125,122,3,10,9,1,5
"2011","IZ08 - 04","S01008207",246,89,23,66,0,148,130,18,7,6,1,2
"2011","IZ08 - 05","S01008208",344,253,46,207,0,56,33,23,35,31,4,0
"2011","IZ08 - 06","S01008209",200,175,17,158,1,5,2,3,18,16,2,1
"2011","IZ09 - 01","S01008210",417,266,128,138,1,118,96,22,27,25,2,5
"2011","IZ09 - 02","S01008211",420,275,118,157,0,100,69,31,38,34,4,7
"2011","IZ09 - 03","S01008212",212,189,58,131,1,10,1,9,12,10,2,0
"2011","IZ09 - 04","S01008213",370,319,110,209,0,33,29,4,16,13,3,2
"2011","IZ09 - 05","S01008214",354,218,115,103,2,100,67,33,22,19,3,12
"2011","IZ09 - 06","S01008215",324,248,98,150,2,48,40,8,23,19,4,3
"2011","IZ09 - 07","S01008216",205,188,70,118,0,4,3,1,12,11,1,1
"2011","IZ09 - 08","S01008217",226,209,100,109,0,4,4,0,11,9,2,2
"2011","IZ10 - 01","S01008218",376,349,89,260,2,11,8,3,13,12,1,1
"2011","IZ10 - 02","S01008219",424,247,91,156,11,98,74,24,62,58,4,6
"2011","IZ10 - 03","S01008220",223,99,37,62,0,117,74,43,7,7,0,0
"2011","IZ10 - 04","S01008221",309,104,49,55,1,176,175,1,28,27,1,0
"2011","IZ10 - 05","S01008222",287,129,53,76,0,139,132,7,14,11,3,5
"2011","IZ10 - 06","S01008223",280,135,59,76,0,131,63,68,12,9,3,2
"2011","IZ10 - 07","S01008224",406,356,143,213,0,15,11,4,34,29,5,1
"2011","IZ10 - 08","S01008225",290,201,94,107,0,77,77,0,8,7,1,4
"2011","IZ11 - 01","S01008226",379,146,53,93,5,204,185,19,20,19,1,4
"2011","IZ11 - 02","S01008227",389,167,69,98,4,192,184,8,22,21,1,4
"2011","IZ11 - 03","S01008228",279,216,102,114,0,46,21,25,16,16,0,1
"2011","IZ11 - 04","S01008229",300,154,63,91,1,137,92,45,6,4,2,2
"2011","IZ11 - 05","S01008230",305,255,38,217,0,22,20,2,28,25,3,0
"2011","IZ11 - 06","S01008231",243,226,21,205,0,6,5,1,11,10,1,0
"2011","IZ11 - 07","S01008232",259,171,19,152,7,56,15,41,22,21,1,3
"2011","IZ11 - 08","S01008233",178,119,25,94,0,41,13,28,15,15,0,3
"2011","IZ12 - 01","S01008234",187,107,57,50,0,75,69,6,2,2,0,3
"2011","IZ12 - 02","S01008235",368,215,107,108,1,134,112,22,10,8,2,8
"2011","IZ12 - 03","S01008236",386,248,122,126,2,101,67,34,29,22,7,6
"2011","IZ12 - 04","S01008237",376,209,92,117,1,127,87,40,31,29,2,8
"2011","IZ13 - 01","S01008238",341,188,95,93,0,139,126,13,14,14,0,0
"2011","IZ13 - 02","S01008239",331,219,84,135,0,81,78,3,24,22,2,7
"2011","IZ13 - 03","S01008240",358,322,190,132,0,7,4,3,24,21,3,5
"2011","IZ13 - 04","S01008241",271,258,163,95,0,4,3,1,8,7,1,1
"2011","IZ13 - 05","S01008242",430,254,146,108,0,110,90,20,58,51,7,8
"2011","IZ13 - 06","S01008243",361,240,89,151,0,63,59,4,44,41,3,14
"2011","IZ13 - 07","S01008244",255,179,100,79,0,37,36,1,35,33,2,4
"2011","IZ14 - 01","S01008245",410,318,144,174,1,64,59,5,19,17,2,8
"2011","IZ14 - 02","S01008246",353,263,124,139,10,33,21,12,39,38,1,8
"2011","IZ14 - 03","S01008247",319,224,112,112,0,48,36,12,38,31,7,9
"2011","IZ14 - 04","S01008248",397,227,134,93,0,109,48,61,38,37,1,23
"2011","IZ14 - 05","S01008249",401,277,157,120,0,40,30,10,63,62,1,21
"2011","IZ14 - 06","S01008250",447,308,180,128,0,16,3,13,107,99,8,16
"2011","IZ15 - 01","S01008251",255,236,91,145,0,6,3,3,12,11,1,1
"2011","IZ15 - 02","S01008252",338,292,168,124,0,17,5,12,25,18,7,4
"2011","IZ15 - 03","S01008253",370,212,101,111,0,133,93,40,18,16,2,7
"2011","IZ15 - 04","S01008254",428,255,126,129,2,130,125,5,40,33,7,1
"2011","IZ15 - 05","S01008255",292,216,85,131,1,58,46,12,15,9,6,2
"2011","IZ16 - 01","S01008256",361,162,73,89,7,147,113,34,41,37,4,4
"2011","IZ16 - 02","S01008257",357,196,119,77,1,110,59,51,44,38,6,6
"2011","IZ16 - 03","S01008258",401,306,129,177,12,10,5,5,72,67,5,1
"2011","IZ16 - 04","S01008259",376,219,102,117,0,70,44,26,79,71,8,8
"2011","IZ16 - 05","S01008260",355,167,68,99,0,144,140,4,38,32,6,6
"2011","IZ16 - 06","S01008261",368,194,74,120,1,152,136,16,19,16,3,2
"2011","IZ17 - 01","S01008262",252,157,84,73,0,43,29,14,33,28,5,19
"2011","IZ17 - 02","S01008263",284,189,96,93,0,36,30,6,56,52,4,3
"2011","IZ17 - 03","S01008264",330,182,80,102,3,125,76,49,17,13,4,3
"2011","IZ17 - 04","S01008265",332,294,192,102,1,7,5,2,29,26,3,1
"2011","IZ17 - 05","S01008266",319,278,191,87,0,19,15,4,17,14,3,5
"2011","IZ17 - 06","S01008267",350,215,110,105,0,69,59,10,55,52,3,11
"2011","IZ18 - 01","S01008268",355,314,195,119,1,5,4,1,34,33,1,1
"2011","IZ18 - 02","S01008269",400,327,216,111,5,48,3,45,16,13,3,4
"2011","IZ18 - 03","S01008270",394,326,222,104,1,19,8,11,39,35,4,9
"2011","IZ18 - 04","S01008271",386,191,111,80,12,68,28,40,104,95,9,11
"2011","IZ19 - 01","S01008272",414,305,162,143,0,51,50,1,46,42,4,12
"2011","IZ19 - 02","S01008273",346,291,171,120,0,27,26,1,23,21,2,5
"2011","IZ19 - 03","S01008274",322,193,111,82,0,107,105,2,21,16,5,1
"2011","IZ19 - 04","S01008275",258,188,109,79,0,51,50,1,18,17,1,1
"2011","IZ19 - 05","S01008276",199,169,73,96,0,17,15,2,12,11,1,1
"2011","IZ20 - 01","S01008277",213,138,77,61,0,7,6,1,63,60,3,5
"2011","IZ20 - 02","S01008278",334,265,149,116,0,6,6,0,53,52,1,10
"2011","IZ20 - 03","S01008279",331,228,119,109,0,88,80,8,15,10,5,0
"2011","IZ20 - 04","S01008280",425,260,125,135,0,85,52,33,67,57,10,13
"2011","IZ20 - 05","S01008281",316,180,91,89,0,35,16,19,85,70,15,16
"2011","IZ20 - 06","S01008282",299,224,115,109,0,35,25,10,39,38,1,1
"2011","IZ20 - 07","S01008283",184,151,60,91,0,11,9,2,19,16,3,3
"2011","IZ21 - 01","S01008284",348,238,84,154,1,75,73,2,28,25,3,6
"2011","IZ21 - 02","S01008285",355,158,80,78,1,164,162,2,30,25,5,2
"2011","IZ21 - 03","S01008286",303,169,69,100,0,115,86,29,16,14,2,3
"2011","IZ21 - 04","S01008287",311,188,82,106,1,98,97,1,19,18,1,5
"2011","IZ21 - 05","S01008288",413,272,150,122,2,90,46,44,41,37,4,8
"2011","IZ22 - 01","S01008289",319,169,80,89,0,88,40,48,59,58,1,3
"2011","IZ22 - 02","S01008290",397,238,115,123,11,79,23,56,66,62,4,3
"2011","IZ22 - 03","S01008291",369,313,210,103,2,14,14,0,33,27,6,7
"2011","IZ22 - 04","S01008292",310,165,54,111,0,131,110,21,13,11,2,1
"2011","IZ22 - 05","S01008293",199,186,55,131,0,3,2,1,8,6,2,2
"2011","IZ22 - 06","S01008294",326,262,78,184,0,40,36,4,19,17,2,5
"2011","West Neilston and Uplawmoor - 01","S01008295",380,335,130,205,0,20,7,13,22,20,2,3
"2011","West Neilston and Uplawmoor - 02","S01008296",320,186,78,108,0,117,114,3,14,12,2,3
"2011","West Neilston and Uplawmoor - 03","S01008297",295,244,88,156,0,39,38,1,12,10,2,0
"2011","West Neilston and Uplawmoor - 04","S01008298",303,270,111,159,0,6,4,2,26,20,6,1
"2011","West Neilston and Uplawmoor - 05","S01008299",370,156,79,77,1,182,170,12,30,28,2,1
"2011","West Neilston and Uplawmoor - 06","S01008300",377,226,109,117,0,127,100,27,23,19,4,1
"2011","West Neilston and Uplawmoor - 07","S01008301",316,300,115,185,1,3,1,2,11,10,1,1
"2011","West Neilston and Uplawmoor - 08","S01008302",300,262,150,112,3,14,13,1,18,12,6,3
"2011","Cross Stobbs - 01","S01008303",272,183,68,115,0,50,47,3,37,34,3,2
"2011","Cross Stobbs - 02","S01008304",212,157,85,72,0,37,32,5,17,14,3,1
"2011","Cross Stobbs - 03","S01008305",315,299,160,139,0,3,2,1,10,10,0,3
"2011","Cross Stobbs - 04","S01008306",239,226,96,130,1,5,4,1,5,4,1,2
"2011","Cross Stobbs - 05","S01008307",216,195,64,131,0,13,11,2,6,6,0,2
"2011","Cross Stobbs - 06","S01008308",238,226,130,96,1,3,0,3,7,7,0,1
"2011","Dunterlie, East Arthurlie and Dovecothall - 01","S01008309",372,162,70,92,0,161,116,45,47,44,3,2
"2011","Dunterlie, East Arthurlie and Dovecothall - 02","S01008310",467,300,132,168,1,124,92,32,40,33,7,2
"2011","Dunterlie, East Arthurlie and Dovecothall - 03","S01008311",172,108,28,80,0,54,54,0,10,8,2,0
"2011","Dunterlie, East Arthurlie and Dovecothall - 04","S01008312",171,117,33,84,1,41,22,19,8,5,3,4
"2011","Dunterlie, East Arthurlie and Dovecothall - 05","S01008313",403,209,90,119,0,166,144,22,27,24,3,1
"2011","Dunterlie, East Arthurlie and Dovecothall - 06","S01008314",311,76,27,49,14,192,13,179,29,23,6,0
"2011","Dunterlie, East Arthurlie and Dovecothall - 07","S01008315",450,134,51,83,3,246,51,195,63,54,9,4
"2011","Dunterlie, East Arthurlie and Dovecothall - 08","S01008316",265,61,13,48,1,187,88,99,15,13,2,1
"2011","Dunterlie, East Arthurlie and Dovecothall - 09","S01008317",316,180,44,136,0,109,59,50,26,26,0,1
"2011","West Arthurlie and North Neilston - 01","S01008318",368,323,129,194,2,17,12,5,20,18,2,6
"2011","West Arthurlie and North Neilston - 02","S01008319",373,252,123,129,0,96,93,3,21,20,1,4
"2011","West Arthurlie and North Neilston - 03","S01008320",308,238,153,85,1,58,56,2,10,10,0,1
"2011","West Arthurlie and North Neilston - 04","S01008321",195,187,66,121,0,4,1,3,4,4,0,0
"2011","West Arthurlie and North Neilston - 05","S01008322",501,311,133,178,0,143,139,4,45,43,2,2
"2011","Auchenback - 01","S01008323",324,153,43,110,0,141,138,3,25,23,2,5
"2011","Auchenback - 02","S01008324",254,163,57,106,0,65,48,17,24,21,3,2
"2011","Auchenback - 03","S01008325",291,161,48,113,3,106,68,38,19,17,2,2
"2011","Auchenback - 04","S01008326",455,221,73,148,2,192,150,42,40,40,0,0
"2011","Auchenback - 05","S01008327",386,262,110,152,0,101,82,19,20,18,2,3
"2011","Crookfur and Fruin - 01","S01008328",242,223,60,163,0,2,2,0,14,13,1,3
"2011","Crookfur and Fruin - 02","S01008329",291,275,103,172,0,3,2,1,13,10,3,0
"2011","Crookfur and Fruin - 03","S01008330",290,274,114,160,0,3,2,1,10,10,0,3
"2011","Crookfur and Fruin - 04","S01008331",246,210,65,145,0,3,1,2,29,27,2,4
"2011","Crookfur and Fruin - 05","S01008332",378,330,188,142,1,6,6,0,33,31,2,8
"2011","Crookfur and Fruin - 06","S01008333",454,349,202,147,0,34,3,31,64,44,20,7
"2011","Crookfur and Fruin - 07","S01008334",321,294,156,138,2,3,3,0,19,18,1,3
"2011","Mearns Village, Westacres and Greenfarm - 01","S01008335",330,229,100,129,1,80,80,0,17,14,3,3
"2011","Mearns Village, Westacres and Greenfarm - 02","S01008336",268,180,62,118,0,75,72,3,10,9,1,3
"2011","Mearns Village, Westacres and Greenfarm - 03","S01008337",365,286,77,209,0,61,59,2,15,12,3,3
"2011","Mearns Village, Westacres and Greenfarm - 04","S01008338",262,249,42,207,0,2,2,0,11,10,1,0
"2011","Mearns Village, Westacres and Greenfarm - 05","S01008339",227,211,70,141,0,2,2,0,13,11,2,1
"2011","Mearns Village, Westacres and Greenfarm - 06","S01008340",313,284,95,189,1,2,0,2,24,21,3,2
"2011","Mearns Village, Westacres and Greenfarm - 07","S01008341",204,200,62,138,0,1,1,0,3,2,1,0
"2011","Mearns Village, Westacres and Greenfarm - 08","S01008342",327,237,104,133,1,81,42,39,7,6,1,1
"2011","Whitecraigs and Broom - 01","S01008343",328,323,183,140,0,0,0,0,5,5,0,0
"2011","Whitecraigs and Broom - 02","S01008344",355,331,188,143,0,5,4,1,12,11,1,7
"2011","Whitecraigs and Broom - 03","S01008345",350,332,210,122,0,1,1,0,16,15,1,1
"2011","Whitecraigs and Broom - 04","S01008346",359,346,168,178,0,1,1,0,10,9,1,2
"2011","Mearnskirk and South Kirkhill - 01","S01008347",489,430,267,163,1,6,5,1,41,37,4,11
"2011","Mearnskirk and South Kirkhill - 02","S01008348",326,301,179,122,0,3,3,0,17,15,2,5
"2011","Mearnskirk and South Kirkhill - 03","S01008349",313,300,144,156,0,1,0,1,12,10,2,0
"2011","Mearnskirk and South Kirkhill - 04","S01008350",257,241,147,94,3,5,4,1,6,5,1,2
"2011","Mearnskirk and South Kirkhill - 05","S01008351",347,331,174,157,0,2,2,0,13,13,0,1
"2011","Mearnskirk and South Kirkhill - 06","S01008352",248,235,138,97,1,0,0,0,10,7,3,2
"2011","Mearnskirk and South Kirkhill - 07","S01008353",198,189,91,98,0,1,1,0,7,7,0,1
"2011","Mearnskirk and South Kirkhill - 08","S01008354",286,235,111,124,1,25,24,1,15,14,1,10
"2011","Eaglesham and Waterfoot - 01","S01008355",299,204,96,108,0,65,64,1,23,19,4,7
"2011","Eaglesham and Waterfoot - 02","S01008356",259,238,81,157,0,3,3,0,14,9,5,4
"2011","Eaglesham and Waterfoot - 03","S01008357",296,268,131,137,0,4,3,1,23,21,2,1
"2011","Eaglesham and Waterfoot - 04","S01008358",346,231,109,122,3,70,69,1,35,31,4,7
"2011","Eaglesham and Waterfoot - 05","S01008359",250,225,105,120,2,7,3,4,13,11,2,3
"2011","Eaglesham and Waterfoot - 06","S01008360",319,301,148,153,1,4,4,0,10,10,0,3
"2011","Eaglesham and Waterfoot - 07","S01008361",201,188,83,105,0,4,3,1,7,5,2,2
"2011","North Kirkhill - 01","S01008362",409,363,124,239,4,1,1,0,37,37,0,4
"2011","North Kirkhill - 02","S01008363",320,278,142,136,1,2,2,0,34,34,0,5
"2011","North Kirkhill - 03","S01008364",322,288,135,153,2,10,10,0,19,19,0,3
"2011","North Kirkhill - 04","S01008365",288,274,160,114,0,1,1,0,10,9,1,3
"2011","Busby - 01","S01008366",424,304,154,150,1,105,101,4,13,11,2,1
"2011","Busby - 02","S01008367",368,200,70,130,1,123,116,7,39,37,2,5
"2011","Busby - 03","S01008368",311,271,113,158,1,12,12,0,22,21,1,5
"2011","Busby - 04","S01008369",235,196,89,107,0,28,26,2,11,9,2,0
"2011","Busby - 05","S01008370",300,263,118,145,0,17,16,1,17,14,3,3
"2011","Clarkston and Sheddens - 01","S01008371",302,292,144,148,0,2,1,1,6,5,1,2
"2011","Clarkston and Sheddens - 02","S01008372",288,279,124,155,0,1,0,1,7,7,0,1
"2011","Clarkston and Sheddens - 03","S01008373",269,266,113,153,1,0,0,0,2,2,0,0
"2011","Clarkston and Sheddens - 04","S01008374",264,247,119,128,0,2,1,1,11,10,1,4
"2011","Clarkston and Sheddens - 05","S01008375",285,279,135,144,0,1,1,0,3,2,1,2
"2011","Clarkston and Sheddens - 06","S01008376",212,194,80,114,0,5,3,2,13,10,3,0
"2011","Clarkston and Sheddens - 07","S01008377",291,267,117,150,1,0,0,0,20,17,3,3
"2011","Clarkston and Sheddens - 08","S01008378",421,378,199,179,0,14,12,2,24,20,4,5
"2011","Williamwood - 01","S01008379",206,200,114,86,0,1,1,0,2,2,0,3
"2011","Williamwood - 02","S01008380",238,234,95,139,0,1,1,0,3,3,0,0
"2011","Williamwood - 03","S01008381",229,229,77,152,0,0,0,0,0,0,0,0
"2011","Williamwood - 04","S01008382",248,241,114,127,0,1,1,0,4,4,0,2
"2011","Williamwood - 05","S01008383",181,173,77,96,0,2,1,1,5,5,0,1
"2011","Stamperland - 01","S01008384",387,377,167,210,0,3,1,2,6,5,1,1
"2011","Stamperland - 02","S01008385",252,242,124,118,0,6,3,3,3,3,0,1
"2011","Stamperland - 03","S01008386",337,319,131,188,0,6,6,0,9,9,0,3
"2011","Stamperland - 04","S01008387",241,225,76,149,0,4,4,0,10,9,1,2
"2011","Stamperland - 05","S01008388",243,228,60,168,0,2,2,0,13,9,4,0
"2011","Netherlee - 01","S01008389",312,271,200,71,1,28,2,26,7,7,0,5
"2011","Netherlee - 02","S01008390",255,248,153,95,2,3,2,1,1,1,0,1
"2011","Netherlee - 03","S01008391",349,284,168,116,1,35,33,2,25,19,6,4
"2011","Netherlee - 04","S01008392",330,315,127,188,0,7,4,3,6,5,1,2
"2011","Netherlee - 05","S01008393",369,344,225,119,0,3,2,1,17,16,1,5
"2011","Netherlee - 06","S01008394",276,266,116,150,2,1,1,0,6,6,0,1
"2011","Merrylee and Braidbar - 01","S01008395",189,184,78,106,0,0,0,0,4,4,0,1
"2011","Merrylee and Braidbar - 02","S01008396",303,299,196,103,0,1,1,0,3,2,1,0
"2011","Merrylee and Braidbar - 03","S01008397",346,334,168,166,0,0,0,0,9,8,1,3
"2011","Merrylee and Braidbar - 04","S01008398",238,203,114,89,0,21,3,18,13,10,3,1
"2011","Merrylee and Braidbar - 05","S01008399",257,240,162,78,0,1,0,1,11,8,3,5
"2011","Merrylee and Braidbar - 06","S01008400",261,246,135,111,1,0,0,0,12,10,2,2
"2011","Merrylee and Braidbar - 07","S01008401",404,390,228,162,0,1,1,0,11,9,2,2
"2011","Lower Whitecraigs and South Giffnock - 01","S01008402",415,396,251,145,0,5,5,0,8,7,1,6
"2011","Lower Whitecraigs and South Giffnock - 02","S01008403",218,214,116,98,0,1,0,1,2,2,0,1
"2011","Lower Whitecraigs and South Giffnock - 03","S01008404",349,326,177,149,0,4,2,2,15,13,2,4
"2011","Lower Whitecraigs and South Giffnock - 04","S01008405",266,256,128,128,0,3,1,2,6,6,0,1
"2011","North Giffnock and North Thornliebank - 01","S01008406",451,277,144,133,15,101,60,41,55,50,5,3
"2011","North Giffnock and North Thornliebank - 02","S01008407",284,209,129,80,0,29,1,28,38,34,4,8
"2011","North Giffnock and North Thornliebank - 03","S01008408",265,237,102,135,1,9,6,3,18,13,5,0
"2011","North Giffnock and North Thornliebank - 04","S01008409",390,273,127,146,1,73,36,37,41,37,4,2
"2011","North Giffnock and North Thornliebank - 05","S01008410",269,244,146,98,0,3,1,2,15,12,3,7
"2011","South Thornliebank and Woodfarm - 01","S01008411",247,216,107,109,1,12,9,3,11,9,2,7
"2011","South Thornliebank and Woodfarm - 02","S01008412",274,226,112,114,0,31,16,15,11,8,3,6
"2011","South Thornliebank and Woodfarm - 03","S01008413",222,161,79,82,0,49,31,18,12,10,2,0
"2011","South Thornliebank and Woodfarm - 04","S01008414",152,146,78,68,1,1,1,0,4,4,0,0
"2011","South Thornliebank and Woodfarm - 05","S01008415",347,291,132,159,1,27,21,6,26,24,2,2
"2011","South Thornliebank and Woodfarm - 06","S01008416",437,265,100,165,1,134,113,21,35,31,4,2
"2011","Barra and South Uist - 01","S01009014",284,184,109,75,0,69,0,69,25,13,12,6
"2011","Barra and South Uist - 02","S01009015",303,224,161,63,0,48,0,48,25,19,6,6
"2011","Barra and South Uist - 03","S01009016",250,199,147,52,2,28,0,28,12,8,4,9
"2011","Barra and South Uist - 04","S01009017",278,165,93,72,0,83,0,83,24,18,6,6
"2011","Barra and South Uist - 05","S01009018",326,231,153,78,0,60,0,60,29,22,7,6
"2011","Benbecula and North Uist - 01","S01009019",221,165,105,60,0,40,0,40,13,12,1,3
"2011","Benbecula and North Uist - 02","S01009020",366,229,126,103,0,75,0,75,50,40,10,12
"2011","Benbecula and North Uist - 03","S01009021",344,274,186,88,0,37,0,37,27,22,5,6
"2011","Benbecula and North Uist - 04","S01009022",447,328,229,99,0,80,0,80,31,26,5,8
"2011","Harris - 01","S01009023",435,352,287,65,2,49,0,49,17,10,7,15
"2011","Harris - 02","S01009024",476,328,245,83,1,102,0,102,29,21,8,16
"2011","South Lewis - 01","S01009025",433,359,253,106,0,42,0,42,15,12,3,17
"2011","South Lewis - 02","S01009026",411,336,222,114,2,36,0,36,21,16,5,16
"2011","South Lewis - 03","S01009027",373,307,232,75,1,36,0,36,18,17,1,11
"2011","Northwest Lewis - 01","S01009028",232,191,132,59,1,28,0,28,4,2,2,8
"2011","Northwest Lewis - 02","S01009029",286,220,149,71,1,41,0,41,13,11,2,11
"2011","Northwest Lewis - 03","S01009030",321,251,177,74,0,52,0,52,11,8,3,7
"2011","Northwest Lewis - 04","S01009031",356,269,189,80,0,45,0,45,31,23,8,11
"2011","Northwest Lewis - 05","S01009032",299,252,179,73,0,19,0,19,16,15,1,12
"2011","Northwest Lewis - 06","S01009033",359,318,230,88,0,12,0,12,21,17,4,8
"2011","Broadbay - 01","S01009034",283,242,162,80,1,18,0,18,13,13,0,9
"2011","Broadbay - 02","S01009035",381,319,184,135,0,41,0,41,17,10,7,4
"2011","Broadbay - 03","S01009036",437,308,157,151,0,87,0,87,38,31,7,4
"2011","Broadbay - 04","S01009037",367,266,142,124,0,81,0,81,18,13,5,2
"2011","Stornoway West - 01","S01009038",440,319,172,147,0,80,0,80,30,22,8,11
"2011","Stornoway West - 02","S01009039",313,138,85,53,0,155,0,155,17,11,6,3
"2011","Stornoway West - 03","S01009040",338,182,103,79,5,105,0,105,39,28,11,7
"2011","Stornoway West - 04","S01009041",503,246,139,107,2,154,0,154,86,73,13,15
"2011","Stornoway East - 01","S01009042",401,253,132,121,2,108,0,108,30,25,5,8
"2011","Stornoway East - 02","S01009043",293,166,99,67,0,104,0,104,18,13,5,5
"2011","Stornoway East - 03","S01009044",412,259,167,92,0,117,0,117,28,26,2,8
"2011","Stornoway East - 04","S01009045",287,184,110,74,0,66,0,66,17,14,3,20
"2011","Point - 01","S01009046",363,292,160,132,0,33,0,33,31,25,6,7
"2011","Point - 02","S01009047",336,279,152,127,0,30,0,30,15,11,4,12
"2011","Point - 03","S01009048",348,308,190,118,0,25,0,25,15,10,5,0
"2011","Point - 04","S01009049",274,228,136,92,0,26,0,26,14,10,4,6
"2011","Dunipace - 01","S01009050",370,272,115,157,0,73,70,3,22,21,1,3
"2011","Dunipace - 02","S01009051",292,201,54,147,0,74,73,1,14,11,3,3
"2011","Dunipace - 03","S01009052",305,221,99,122,0,54,52,2,25,21,4,5
"2011","Dunipace - 04","S01009053",259,64,20,44,1,187,186,1,3,2,1,4
"2011","Dunipace - 05","S01009054",249,158,58,100,0,81,81,0,8,4,4,2
"2011","Fankerton, Stoneywood and Denny Town - 01","S01009055",361,284,119,165,0,57,56,1,15,13,2,5
"2011","Fankerton, Stoneywood and Denny Town - 02","S01009056",217,105,29,76,0,101,87,14,11,10,1,0
"2011","Fankerton, Stoneywood and Denny Town - 03","S01009057",282,117,40,77,0,137,135,2,23,21,2,5
"2011","Fankerton, Stoneywood and Denny Town - 04","S01009058",385,205,62,143,5,151,62,89,20,16,4,4
"2011","Fankerton, Stoneywood and Denny Town - 05","S01009059",347,254,62,192,0,69,56,13,22,19,3,2
"2011","Fankerton, Stoneywood and Denny Town - 06","S01009060",188,171,40,131,0,2,2,0,14,14,0,1
"2011","Denny - Nethermains - 01","S01009061",326,233,71,162,0,84,69,15,9,8,1,0
"2011","Denny - Nethermains - 02","S01009062",298,165,73,92,2,128,80,48,2,1,1,1
"2011","Denny - Nethermains - 03","S01009063",291,252,121,131,0,28,15,13,10,5,5,1
"2011","Denny - Nethermains - 04","S01009064",264,177,64,113,0,76,38,38,9,8,1,2
"2011","Denny - Nethermains - 05","S01009065",328,153,68,85,0,140,123,17,33,29,4,2
"2011","Denny - Nethermains - 06","S01009066",319,188,77,111,1,107,106,1,19,16,3,4
"2011","Head of Muir and Dennyloanhead - 01","S01009067",302,271,50,221,0,16,16,0,13,10,3,2
"2011","Head of Muir and Dennyloanhead - 02","S01009068",386,257,107,150,3,94,93,1,29,22,7,3
"2011","Head of Muir and Dennyloanhead - 03","S01009069",249,241,91,150,0,4,3,1,4,3,1,0
"2011","Head of Muir and Dennyloanhead - 04","S01009070",269,232,94,138,0,16,14,2,21,18,3,0
"2011","Banknock, Haggs and Longcroft - 01","S01009071",228,147,63,84,1,73,70,3,3,2,1,4
"2011","Banknock, Haggs and Longcroft - 02","S01009072",199,154,57,97,0,33,19,14,9,9,0,3
"2011","Banknock, Haggs and Longcroft - 03","S01009073",251,124,47,77,0,119,118,1,5,2,3,3
"2011","Banknock, Haggs and Longcroft - 04","S01009074",290,125,54,71,0,150,150,0,12,11,1,3
"2011","Banknock, Haggs and Longcroft - 05","S01009075",233,141,67,74,0,79,78,1,11,7,4,2
"2011","Banknock, Haggs and Longcroft - 06","S01009076",381,341,107,234,0,9,9,0,26,24,2,5
"2011","Bonnybridge - 01","S01009077",259,195,94,101,0,51,49,2,11,9,2,2
"2011","Bonnybridge - 02","S01009078",271,251,33,218,0,10,10,0,10,9,1,0
"2011","Bonnybridge - 03","S01009079",388,180,71,109,0,185,183,2,20,19,1,3
"2011","Bonnybridge - 04","S01009080",430,243,118,125,0,168,167,1,15,11,4,4
"2011","Bonnybridge - 05","S01009081",311,231,93,138,0,74,74,0,5,3,2,1
"2011","Bonnybridge - 06","S01009082",426,236,79,157,1,169,168,1,16,11,5,4
"2011","High Bonnybridge and Greenhill - 01","S01009083",349,206,72,134,1,106,90,16,31,26,5,5
"2011","High Bonnybridge and Greenhill - 02","S01009084",177,120,39,81,0,37,36,1,17,16,1,3
"2011","High Bonnybridge and Greenhill - 03","S01009085",280,251,31,220,0,9,8,1,16,13,3,4
"2011","High Bonnybridge and Greenhill - 04","S01009086",305,193,54,139,0,97,97,0,10,9,1,5
"2011","High Bonnybridge and Greenhill - 05","S01009087",247,121,49,72,1,109,107,2,16,13,3,0
"2011","Larbert - North Broomage and Inches - 01","S01009088",385,324,144,180,0,34,34,0,22,20,2,5
"2011","Larbert - North Broomage and Inches - 02","S01009089",325,300,71,229,0,4,4,0,16,14,2,5
"2011","Larbert - North Broomage and Inches - 03","S01009090",333,264,38,226,3,6,3,3,58,51,7,2
"2011","Larbert - North Broomage and Inches - 04","S01009091",223,209,33,176,0,3,2,1,10,10,0,1
"2011","Larbert - North Broomage and Inches - 05","S01009092",482,336,154,182,0,105,102,3,39,37,2,2
"2011","Larbert - North Broomage and Inches - 06","S01009093",343,175,56,119,0,116,61,55,50,44,6,2
"2011","Larbert - South Broomage and Village - 01","S01009094",290,271,174,97,0,11,10,1,7,5,2,1
"2011","Larbert - South Broomage and Village - 02","S01009095",360,230,100,130,1,80,63,17,45,37,8,4
"2011","Larbert - South Broomage and Village - 03","S01009096",384,271,68,203,1,64,49,15,47,46,1,1
"2011","Larbert - South Broomage and Village - 04","S01009097",347,311,96,215,0,9,7,2,26,24,2,1
"2011","Larbert - South Broomage and Village - 05","S01009098",190,177,89,88,0,6,4,2,7,6,1,0
"2011","Stenhousemuir West - 01","S01009099",384,240,105,135,0,100,52,48,42,36,6,2
"2011","Stenhousemuir West - 02","S01009100",397,159,62,97,0,194,153,41,35,28,7,9
"2011","Stenhousemuir West - 03","S01009101",369,180,69,111,0,180,176,4,9,6,3,0
"2011","Stenhousemuir West - 04","S01009102",317,106,35,71,0,205,202,3,6,6,0,0
"2011","Stenhousemuir East - 01","S01009103",246,220,116,104,0,21,19,2,5,5,0,0
"2011","Stenhousemuir East - 02","S01009104",352,206,95,111,0,118,103,15,26,17,9,2
"2011","Stenhousemuir East - 03","S01009105",337,236,88,148,0,74,71,3,26,21,5,1
"2011","Stenhousemuir East - 04","S01009106",264,177,66,111,0,56,54,2,28,23,5,3
"2011","Stenhousemuir East - 05","S01009107",333,272,100,172,2,36,36,0,20,20,0,3
"2011","Stenhousemuir - Antonshill - 01","S01009108",313,287,151,136,1,7,7,0,13,8,5,5
"2011","Stenhousemuir - Antonshill - 02","S01009109",263,249,112,137,0,3,3,0,7,5,2,4
"2011","Stenhousemuir - Antonshill - 03","S01009110",263,195,76,119,0,62,47,15,6,5,1,0
"2011","Stenhousemuir - Antonshill - 04","S01009111",372,298,104,194,0,32,31,1,40,36,4,2
"2011","Stenhousemuir - Antonshill - 05","S01009112",238,226,126,100,0,3,3,0,9,8,1,0
"2011","Carron - 01","S01009113",381,350,142,208,0,5,4,1,24,23,1,2
"2011","Carron - 02","S01009114",303,228,55,173,1,61,61,0,11,9,2,2
"2011","Carron - 03","S01009115",259,177,55,122,1,52,26,26,24,21,3,5
"2011","Carron - 04","S01009116",191,178,90,88,2,3,3,0,3,3,0,5
"2011","Carronshore - 01","S01009117",391,256,59,197,0,97,91,6,35,32,3,3
"2011","Carronshore - 02","S01009118",215,197,43,154,0,13,12,1,5,5,0,0
"2011","Carronshore - 03","S01009119",297,153,65,88,0,126,125,1,13,9,4,5
"2011","Carronshore - 04","S01009120",233,150,59,91,0,70,67,3,13,13,0,0
"2011","Carse and Grangemouth Old Town - 01","S01009121",380,260,107,153,1,89,88,1,29,26,3,1
"2011","Carse and Grangemouth Old Town - 02","S01009122",417,269,116,153,0,97,96,1,39,35,4,12
"2011","Carse and Grangemouth Old Town - 03","S01009123",215,178,45,133,0,25,24,1,10,9,1,2
"2011","Carse and Grangemouth Old Town - 04","S01009124",217,150,26,124,0,49,39,10,13,11,2,5
"2011","Carse and Grangemouth Old Town - 05","S01009125",301,205,89,116,0,83,83,0,11,10,1,2
"2011","Falkirk - Bainsford and Langlees - 01","S01009126",281,66,25,41,3,195,190,5,17,14,3,0
"2011","Falkirk - Bainsford and Langlees - 02","S01009127",269,62,26,36,13,190,132,58,4,3,1,0
"2011","Falkirk - Bainsford and Langlees - 03","S01009128",467,130,51,79,2,289,205,84,43,37,6,3
"2011","Falkirk - Bainsford and Langlees - 04","S01009129",205,83,33,50,0,111,109,2,7,7,0,4
"2011","Falkirk - Bainsford and Langlees - 05","S01009130",271,163,38,125,0,97,94,3,10,9,1,1
"2011","Falkirk - Bainsford and Langlees - 06","S01009131",260,142,71,71,1,82,79,3,35,32,3,0
"2011","Falkirk - Merchiston and New Carron Village - 01","S01009132",329,257,74,183,10,21,17,4,38,37,1,3
"2011","Falkirk - Merchiston and New Carron Village - 02","S01009133",301,142,51,91,2,118,115,3,38,37,1,1
"2011","Falkirk - Merchiston and New Carron Village - 03","S01009134",409,305,143,162,0,74,69,5,25,23,2,5
"2011","Falkirk - Merchiston and New Carron Village - 04","S01009135",264,184,39,145,0,10,8,2,69,68,1,1
"2011","Falkirk - Merchiston and New Carron Village - 05","S01009136",275,197,31,166,1,13,5,8,55,51,4,9
"2011","Falkirk - Merchiston and New Carron Village - 06","S01009137",203,191,24,167,0,4,3,1,7,5,2,1
"2011","Falkirk - Grahamston - 01","S01009138",395,321,125,196,2,11,10,1,61,56,5,0
"2011","Falkirk - Grahamston - 02","S01009139",239,73,28,45,4,115,20,95,47,45,2,0
"2011","Falkirk - Grahamston - 03","S01009140",381,172,65,107,1,155,31,124,51,49,2,2
"2011","Falkirk - Grahamston - 04","S01009141",473,143,40,103,9,250,36,214,68,63,5,3
"2011","Falkirk - Grahamston - 05","S01009142",393,201,105,96,3,72,26,46,114,109,5,3
"2011","Falkirk - Middlefield - 01","S01009143",312,108,36,72,0,175,127,48,24,20,4,5
"2011","Falkirk - Middlefield - 02","S01009144",306,224,37,187,0,5,5,0,77,73,4,0
"2011","Falkirk - Middlefield - 03","S01009145",497,320,146,174,1,145,132,13,24,19,5,7
"2011","Falkirk - Middlefield - 04","S01009146",417,203,80,123,0,116,110,6,95,92,3,3
"2011","Falkirk - Middlefield - 05","S01009147",353,163,79,84,0,161,159,2,22,13,9,7
"2011","Falkirk - Middlefield - 06","S01009148",260,153,69,84,0,98,97,1,8,6,2,1
"2011","Falkirk - Town Centre and Callendar Park - 01","S01009149",384,270,128,142,1,39,39,0,66,59,7,8
"2011","Falkirk - Town Centre and Callendar Park - 02","S01009150",574,99,91,8,0,464,463,1,6,5,1,5
"2011","Falkirk - Town Centre and Callendar Park - 03","S01009151",474,234,119,115,0,164,163,1,71,69,2,5
"2011","Falkirk - Town Centre and Callendar Park - 04","S01009152",462,145,66,79,0,161,160,1,153,139,14,3
"2011","Falkirk - Town Centre and Callendar Park - 05","S01009153",266,162,67,95,1,8,7,1,93,85,8,2
"2011","Falkirk - Bantaskin - 01","S01009154",438,333,189,144,1,12,11,1,81,75,6,11
"2011","Falkirk - Bantaskin - 02","S01009155",234,190,98,92,1,10,5,5,30,27,3,3
"2011","Falkirk - Bantaskin - 03","S01009156",247,214,119,95,0,12,12,0,17,15,2,4
"2011","Falkirk - Bantaskin - 04","S01009157",366,291,140,151,1,48,47,1,22,22,0,4
"2011","Falkirk - Bantaskin - 05","S01009158",277,187,78,109,0,65,65,0,20,15,5,5
"2011","Falkirk - Camelon East - 01","S01009159",250,76,28,48,0,161,158,3,13,11,2,0
"2011","Falkirk - Camelon East - 02","S01009160",327,143,56,87,0,147,60,87,33,29,4,4
"2011","Falkirk - Camelon East - 03","S01009161",349,113,48,65,1,181,174,7,47,43,4,7
"2011","Falkirk - Camelon East - 04","S01009162",436,184,69,115,1,159,87,72,83,77,6,9
"2011","Falkirk - Camelon East - 05","S01009163",233,166,95,71,0,31,30,1,33,28,5,3
"2011","Falkirk - Camelon West - 01","S01009164",307,196,83,113,0,96,34,62,12,10,2,3
"2011","Falkirk - Camelon West - 02","S01009165",324,134,63,71,0,148,146,2,35,30,5,7
"2011","Falkirk - Camelon West - 03","S01009166",399,150,53,97,1,227,223,4,18,18,0,3
"2011","Falkirk - Camelon West - 04","S01009167",198,100,30,70,0,94,94,0,4,4,0,0
"2011","Falkirk - Tamfourhill - 01","S01009168",297,268,162,106,0,2,2,0,25,24,1,2
"2011","Falkirk - Tamfourhill - 02","S01009169",420,175,93,82,1,231,230,1,12,10,2,1
"2011","Falkirk - Tamfourhill - 03","S01009170",282,164,56,108,1,88,86,2,28,26,2,1
"2011","Falkirk - Tamfourhill - 04","S01009171",297,177,51,126,2,99,95,4,19,17,2,0
"2011","Falkirk - Lochgreen and Lionthorn - 01","S01009172",288,254,123,131,0,3,3,0,27,25,2,4
"2011","Falkirk - Lochgreen and Lionthorn - 02","S01009173",309,278,128,150,0,13,5,8,16,13,3,2
"2011","Falkirk - Lochgreen and Lionthorn - 03","S01009174",162,150,21,129,1,4,3,1,7,6,1,0
"2011","Falkirk - Lochgreen and Lionthorn - 04","S01009175",300,285,67,218,0,6,4,2,8,8,0,1
"2011","Falkirk - Lochgreen and Lionthorn - 05","S01009176",400,375,207,168,0,5,5,0,18,16,2,2
"2011","Hallglen and Glen Village - 01","S01009177",367,198,72,126,0,145,131,14,19,16,3,5
"2011","Hallglen and Glen Village - 02","S01009178",320,150,43,107,0,156,155,1,13,12,1,1
"2011","Hallglen and Glen Village - 03","S01009179",273,181,56,125,2,72,35,37,14,13,1,4
"2011","Hallglen and Glen Village - 04","S01009180",437,262,111,151,1,148,146,2,22,17,5,4
"2011","Shieldhill - 01","S01009181",361,200,96,104,1,142,140,2,14,11,3,4
"2011","Shieldhill - 02","S01009182",419,345,122,223,1,52,50,2,13,12,1,8
"2011","Shieldhill - 03","S01009183",267,255,71,184,2,2,2,0,7,6,1,1
"2011","Braes Villages - 01","S01009184",376,179,76,103,1,176,157,19,12,11,1,8
"2011","Braes Villages - 02","S01009185",354,182,74,108,0,151,150,1,18,16,2,3
"2011","Braes Villages - 03","S01009186",312,198,74,124,0,99,97,2,12,11,1,3
"2011","Braes Villages - 04","S01009187",215,174,84,90,0,20,20,0,15,13,2,6
"2011","Braes Villages - 05","S01009188",383,217,86,131,0,151,151,0,12,12,0,3
"2011","Braes Villages - 06","S01009189",336,159,71,88,0,169,168,1,6,5,1,2
"2011","Reddingmuirhead and Overton - 01","S01009190",309,268,75,193,1,23,23,0,16,15,1,1
"2011","Reddingmuirhead and Overton - 02","S01009191",229,216,31,185,0,7,6,1,6,5,1,0
"2011","Reddingmuirhead and Overton - 03","S01009192",258,223,91,132,0,17,17,0,15,14,1,3
"2011","Reddingmuirhead and Overton - 04","S01009193",127,118,20,98,0,6,6,0,3,2,1,0
"2011","Brightons and Wallacestone - 01","S01009194",323,303,162,141,0,5,4,1,10,9,1,5
"2011","Brightons and Wallacestone - 02","S01009195",353,296,80,216,11,13,12,1,28,26,2,5
"2011","Brightons and Wallacestone - 03","S01009196",298,214,107,107,1,63,61,2,18,15,3,2
"2011","Brightons and Wallacestone - 04","S01009197",401,347,117,230,0,25,25,0,24,23,1,5
"2011","Brightons and Wallacestone - 05","S01009198",306,255,111,144,0,39,37,2,9,8,1,3
"2011","Maddiston and Rumford - 01","S01009199",248,196,59,137,0,40,40,0,7,4,3,5
"2011","Maddiston and Rumford - 02","S01009200",439,379,162,217,0,47,46,1,11,9,2,2
"2011","Maddiston and Rumford - 03","S01009201",268,166,54,112,2,76,56,20,23,22,1,1
"2011","Maddiston and Rumford - 04","S01009202",190,173,50,123,0,11,11,0,6,5,1,0
"2011","Maddiston and Rumford - 05","S01009203",269,117,53,64,0,141,140,1,10,8,2,1
"2011","Maddiston and Rumford - 06","S01009204",343,208,66,142,0,118,116,2,16,12,4,1
"2011","Polmont - 01","S01009205",307,280,97,183,0,2,2,0,21,19,2,4
"2011","Polmont - 02","S01009206",362,324,124,200,0,10,9,1,27,24,3,1
"2011","Polmont - 03","S01009207",375,344,178,166,1,3,3,0,24,21,3,3
"2011","Polmont - 04","S01009208",294,227,131,96,0,45,21,24,19,15,4,3
"2011","Polmont - 05","S01009209",304,258,145,113,1,13,12,1,29,28,1,3
"2011","Polmont - 06","S01009210",234,191,86,105,0,19,18,1,20,18,2,4
"2011","Redding - 01","S01009211",259,177,70,107,1,50,49,1,29,24,5,2
"2011","Redding - 02","S01009212",363,213,105,108,1,133,130,3,13,10,3,3
"2011","Redding - 03","S01009213",355,198,69,129,4,139,110,29,12,10,2,2
"2011","Redding - 04","S01009214",397,328,130,198,0,57,57,0,9,8,1,3
"2011","Laurieston and Westquarter - 01","S01009215",439,248,117,131,0,173,136,37,14,13,1,4
"2011","Laurieston and Westquarter - 02","S01009216",397,247,100,147,2,123,121,2,20,18,2,5
"2011","Laurieston and Westquarter - 03","S01009217",279,103,31,72,0,165,164,1,11,8,3,0
"2011","Laurieston and Westquarter - 04","S01009218",395,280,149,131,1,85,83,2,15,14,1,14
"2011","Grangemouth - Newlands - 01","S01009219",313,191,97,94,1,99,78,21,17,16,1,5
"2011","Grangemouth - Newlands - 02","S01009220",264,154,90,64,0,89,83,6,19,17,2,2
"2011","Grangemouth - Newlands - 03","S01009221",239,164,81,83,0,65,63,2,8,7,1,2
"2011","Grangemouth - Newlands - 04","S01009222",238,116,44,72,0,102,99,3,14,12,2,6
"2011","Grangemouth - Newlands - 05","S01009223",244,158,72,86,0,67,65,2,12,6,6,7
"2011","Grangemouth - Newlands - 06","S01009224",277,149,53,96,0,110,86,24,11,9,2,7
"2011","Grangemouth - Newlands - 07","S01009225",268,156,73,83,14,87,39,48,8,8,0,3
"2011","Grangemouth - Newlands - 08","S01009226",507,259,118,141,0,210,209,1,30,27,3,8
"2011","Grangemouth - Town Centre - 01","S01009227",355,189,85,104,1,125,84,41,32,28,4,8
"2011","Grangemouth - Town Centre - 02","S01009228",313,144,70,74,1,137,122,15,25,24,1,6
"2011","Grangemouth - Town Centre - 03","S01009229",293,177,97,80,0,84,63,21,27,25,2,5
"2011","Grangemouth - Town Centre - 04","S01009230",319,228,72,156,0,31,21,10,57,48,9,3
"2011","Grangemouth - Town Centre - 05","S01009231",437,354,164,190,2,44,32,12,29,26,3,8
"2011","Grangemouth - Kersiebank - 01","S01009232",309,90,46,44,1,206,201,5,9,6,3,3
"2011","Grangemouth - Kersiebank - 02","S01009233",267,180,91,89,0,71,68,3,10,9,1,6
"2011","Grangemouth - Kersiebank - 03","S01009234",476,147,63,84,2,287,74,213,37,35,2,3
"2011","Grangemouth - Kersiebank - 04","S01009235",457,227,106,121,1,205,21,184,22,19,3,2
"2011","Grangemouth - Kersiebank - 05","S01009236",224,184,117,67,0,33,7,26,5,5,0,2
"2011","Grangemouth - Kersiebank - 06","S01009237",378,335,171,164,0,10,5,5,23,20,3,10
"2011","Grangemouth - Bowhouse - 01","S01009238",335,242,118,124,0,76,73,3,14,12,2,3
"2011","Grangemouth - Bowhouse - 02","S01009239",420,201,75,126,1,193,118,75,24,18,6,1
"2011","Grangemouth - Bowhouse - 03","S01009240",387,93,38,55,0,278,275,3,13,11,2,3
"2011","Grangemouth - Bowhouse - 04","S01009241",453,178,84,94,1,263,171,92,10,9,1,1
"2011","Grangemouth - Bowhouse - 05","S01009242",321,257,141,116,0,56,52,4,7,5,2,1
"2011","Bo'ness - Douglas - 01","S01009243",398,280,93,187,1,80,15,65,35,32,3,2
"2011","Bo'ness - Douglas - 02","S01009244",337,309,173,136,0,5,3,2,16,14,2,7
"2011","Bo'ness - Douglas - 03","S01009245",361,297,135,162,1,41,21,20,19,18,1,3
"2011","Bo'ness - Douglas - 04","S01009246",383,228,101,127,0,127,87,40,20,16,4,8
"2011","Bo'ness - Douglas - 05","S01009247",429,264,91,173,0,135,21,114,25,20,5,5
"2011","Bo'ness - Newtown - 01","S01009248",300,239,125,114,0,51,50,1,9,7,2,1
"2011","Bo'ness - Newtown - 02","S01009249",375,183,68,115,1,158,131,27,29,27,2,4
"2011","Bo'ness - Newtown - 03","S01009250",278,184,80,104,0,82,62,20,12,10,2,0
"2011","Bo'ness - Newtown - 04","S01009251",221,162,78,84,0,52,49,3,5,5,0,2
"2011","Bo'ness - Newtown - 05","S01009252",163,157,41,116,0,3,3,0,3,3,0,0
"2011","Bo'ness - Kinneil - 01","S01009253",239,127,77,50,1,99,98,1,9,9,0,3
"2011","Bo'ness - Kinneil - 02","S01009254",371,143,56,87,0,211,198,13,12,12,0,5
"2011","Bo'ness - Kinneil - 03","S01009255",376,134,45,89,3,133,109,24,102,101,1,4
"2011","Bo'ness - Kinneil - 04","S01009256",222,172,98,74,0,37,37,0,12,11,1,1
"2011","Bo'ness - Kinneil - 05","S01009257",330,188,94,94,1,74,45,29,64,60,4,3
"2011","Blackness, Bo'ness - Carriden and Grahamsdyke - 01","S01009258",282,231,130,101,0,26,25,1,21,16,5,4
"2011","Blackness, Bo'ness - Carriden and Grahamsdyke - 02","S01009259",380,326,147,179,0,36,36,0,17,13,4,1
"2011","Blackness, Bo'ness - Carriden and Grahamsdyke - 03","S01009260",526,343,120,223,0,117,114,3,61,58,3,5
"2011","Blackness, Bo'ness - Carriden and Grahamsdyke - 04","S01009261",386,125,57,68,2,230,206,24,28,25,3,1
"2011","Blackness, Bo'ness - Carriden and Grahamsdyke - 05","S01009262",293,91,45,46,1,183,134,49,17,16,1,1
"2011","Blackness, Bo'ness - Carriden and Grahamsdyke - 06","S01009263",365,299,60,239,0,15,14,1,50,48,2,1
"2011","Kincardine North and Tulliallan","S01009264",231,202,114,88,0,2,1,1,22,18,4,5
"2011","Kincardine West","S01009265",376,242,115,127,1,103,68,35,27,22,5,3
"2011","Kincardine East","S01009266",374,274,149,125,0,71,58,13,26,24,2,3
"2011","Kincardine South","S01009267",377,278,133,145,1,35,31,4,57,50,7,6
"2011","Blairhall and Landward","S01009268",431,284,113,171,1,104,65,39,41,30,11,1
"2011","Oakley North","S01009269",351,146,56,90,0,192,172,20,12,12,0,1
"2011","Comrie East","S01009270",306,152,75,77,0,128,84,44,18,11,7,8
"2011","Comrie West","S01009271",349,331,126,205,1,4,3,1,13,12,1,0
"2011","Oakley East","S01009272",264,147,62,85,0,105,18,87,10,6,4,2
"2011","Saline North","S01009273",211,195,115,80,0,8,8,0,6,5,1,2
"2011","Saline South","S01009274",255,218,113,105,1,25,22,3,10,10,0,1
"2011","Knock Hill Landward","S01009275",244,191,78,113,0,2,2,0,41,35,6,10
"2011","Carnock","S01009276",373,310,159,151,0,48,26,22,13,10,3,2
"2011","Gowkhall and Landward","S01009277",218,198,111,87,0,2,2,0,16,15,1,2
"2011","Torryburn","S01009278",235,204,73,131,0,14,10,4,17,12,5,0
"2011","Newmills","S01009279",283,206,89,117,0,39,25,14,32,27,5,6
"2011","High Valleyfield East","S01009280",406,145,74,71,2,238,143,95,18,17,1,3
"2011","High Valleyfield West","S01009281",375,167,81,86,2,182,67,115,18,15,3,6
"2011","Culross and Low Valleyfield","S01009282",346,239,119,120,0,52,23,29,48,42,6,7
"2011","Crombie","S01009283",180,143,42,101,0,21,2,19,14,12,2,2
"2011","Cairneyhill East","S01009284",311,285,111,174,0,12,10,2,11,7,4,3
"2011","Cairneyhill North","S01009285",350,309,110,199,4,14,2,12,23,21,2,0
"2011","Cairneyhill West","S01009286",351,310,162,148,1,6,4,2,28,23,5,6
"2011","Limekilns","S01009287",339,300,192,108,1,12,8,4,24,24,0,2
"2011","Charlestown and Bellknowes","S01009288",392,291,160,131,0,10,7,3,78,73,5,13
"2011","Crossford East and Berrylaw","S01009289",409,363,190,173,0,19,16,3,22,20,2,5
"2011","Crossford West","S01009290",288,281,180,101,1,1,1,0,3,3,0,2
"2011","Crossford South","S01009291",394,361,183,178,0,9,8,1,23,20,3,1
"2011","Wellwood","S01009292",228,141,52,89,1,69,65,4,15,11,4,2
"2011","Milesmark East","S01009293",297,228,85,143,1,47,46,1,21,18,3,0
"2011","Milesmark West","S01009294",192,180,81,99,0,1,1,0,10,10,0,1
"2011","Beveridgewell West","S01009295",264,250,112,138,0,3,3,0,9,8,1,2
"2011","Beveridgewell Western and Parkneuk","S01009296",187,167,45,122,0,14,12,2,5,5,0,1
"2011","Beveridgewell East","S01009297",328,297,115,182,0,5,4,1,26,22,4,0
"2011","Balbridgeburn North","S01009298",553,242,99,143,0,235,175,60,72,68,4,4
"2011","Pittencrieff","S01009299",484,297,117,180,0,98,84,14,86,78,8,3
"2011","Balbridgeburn South","S01009300",287,157,54,103,4,80,58,22,46,43,3,0
"2011","Broomhead","S01009301",551,207,69,138,10,256,193,63,74,65,9,4
"2011","Headwell East","S01009302",450,160,43,117,0,216,207,9,73,66,7,1
"2011","Bellyeoman South West","S01009303",322,267,136,131,1,24,23,1,25,23,2,5
"2011","Headwell North","S01009304",395,296,125,171,1,80,77,3,17,12,5,1
"2011","Headwell Central","S01009305",412,254,106,148,15,95,72,23,42,37,5,6
"2011","Headwell South West","S01009306",565,312,99,213,1,114,67,47,134,123,11,4
"2011","Carnegie Drive","S01009307",544,311,123,188,0,60,32,28,171,161,10,2
"2011","Abbey Parks North","S01009308",304,160,80,80,0,52,3,49,89,84,5,3
"2011","Abbey Parks South and Brucefield North West","S01009309",400,225,93,132,0,42,40,2,132,121,11,1
"2011","Ladys Mill","S01009310",399,335,175,160,8,11,8,3,41,38,3,4
"2011","Pitbauchlie West","S01009311",274,148,59,89,1,107,90,17,15,15,0,3
"2011","Brucefield West","S01009312",366,223,77,146,1,35,32,3,104,101,3,3
"2011","Brucefield South West","S01009313",285,135,58,77,0,114,62,52,32,32,0,4
"2011","Brucefield North","S01009314",258,229,105,124,0,13,12,1,14,13,1,2
"2011","Brucefield South","S01009315",270,164,65,99,2,85,64,21,15,10,5,4
"2011","Transy","S01009316",326,265,114,151,0,17,3,14,37,33,4,7
"2011","Garvock Hill South","S01009317",358,341,164,177,0,3,1,2,12,9,3,2
"2011","Garvock Hill West","S01009318",236,223,108,115,0,3,1,2,8,8,0,2
"2011","Garvock Hill North East","S01009319",416,369,218,151,16,14,0,14,13,12,1,4
"2011","Bellyeoman South","S01009320",352,224,83,141,2,110,75,35,13,11,2,3
"2011","Queen Margaret Fauld","S01009321",295,278,150,128,0,3,2,1,9,6,3,5
"2011","Kingseat","S01009322",355,287,130,157,0,42,40,2,24,23,1,2
"2011","Townhill East","S01009323",327,236,117,119,1,63,62,1,25,23,2,2
"2011","Townhill West","S01009324",256,179,66,113,0,48,47,1,21,18,3,8
"2011","Bellyeoman North and Townhill Landward","S01009325",308,264,80,184,3,10,5,5,30,27,3,1
"2011","Queen Margaret Hospital","S01009326",210,142,27,115,16,46,8,38,6,4,2,0
"2011","Kingseathill","S01009327",258,221,127,94,0,28,11,17,7,7,0,2
"2011","Duloch North East","S01009328",237,196,17,179,1,0,0,0,40,37,3,0
"2011","Duloch North North West","S01009329",203,157,18,139,3,17,7,10,26,24,2,0
"2011","Duloch North West","S01009330",183,100,19,81,0,64,38,26,18,15,3,1
"2011","South Fod and Calais Muir","S01009331",180,172,27,145,0,0,0,0,8,8,0,0
"2011","Lynebank","S01009332",333,313,122,191,2,7,6,1,10,9,1,1
"2011","Woodmill South","S01009333",355,222,74,148,1,72,34,38,59,51,8,1
"2011","Woodmill North","S01009334",310,138,58,80,0,146,143,3,25,19,6,1
"2011","Woodmill West","S01009335",337,196,84,112,2,113,58,55,25,21,4,1
"2011","Touch","S01009336",318,107,51,56,1,179,174,5,30,22,8,1
"2011","Pitcorthie North West","S01009337",318,159,50,109,1,138,117,21,16,14,2,4
"2011","Abbeyview East","S01009338",401,154,60,94,4,222,183,39,17,13,4,4
"2011","Abbeyview North","S01009339",391,144,51,93,2,216,150,66,28,27,1,1
"2011","Abbeyview Central","S01009340",283,151,66,85,3,107,52,55,21,19,2,1
"2011","Abbeyview West","S01009341",270,169,70,99,0,78,75,3,19,15,4,4
"2011","Pitcorthie North","S01009342",333,223,84,139,0,82,43,39,27,24,3,1
"2011","Pitcorthie North East","S01009343",242,193,65,128,0,27,7,20,22,21,1,0
"2011","Abbeyview South East","S01009344",288,162,78,84,0,109,83,26,15,15,0,2
"2011","Abbeyview Linburn","S01009345",379,281,96,185,0,47,14,33,46,44,2,5
"2011","Duloch East","S01009346",228,218,26,192,0,2,2,0,7,7,0,1
"2011","Duloch South East","S01009347",216,211,47,164,0,0,0,0,5,5,0,0
"2011","Duloch Central","S01009348",161,152,15,137,0,0,0,0,9,8,1,0
"2011","Duloch South","S01009349",288,254,35,219,0,3,3,0,30,28,2,1
"2011","Duloch South West","S01009350",240,132,21,111,29,44,3,41,35,32,3,0
"2011","Duloch West","S01009351",213,149,26,123,3,2,0,2,59,55,4,0
"2011","Masterton South","S01009352",290,260,31,229,1,1,1,0,26,25,1,2
"2011","Middlebank","S01009353",147,133,27,106,1,1,1,0,8,7,1,4
"2011","Masterton Central","S01009354",297,272,31,241,1,1,1,0,21,19,2,2
"2011","Pitcorthie Central","S01009355",367,330,163,167,1,8,5,3,24,19,5,4
"2011","Pitcorthie East","S01009356",411,387,185,202,3,3,1,2,17,15,2,1
"2011","Pitreavie Castle West","S01009357",179,131,31,100,0,2,1,1,45,42,3,1
"2011","Pitreavie Castle East and Heathery","S01009358",256,252,84,168,0,0,0,0,4,3,1,0
"2011","Masterton North","S01009359",277,232,41,191,15,7,5,2,22,20,2,1
"2011","Pitbauchlie and Pitcorthie North West","S01009360",376,309,154,155,0,21,19,2,43,37,6,3
"2011","Pitreavie","S01009361",342,281,131,150,1,30,23,7,26,24,2,4
"2011","Pitcorthie West","S01009362",417,389,190,199,0,4,3,1,23,23,0,1
"2011","Rosyth Camdean","S01009363",373,259,117,142,2,79,46,33,31,19,12,2
"2011","Dunfermline Business Park","S01009364",325,257,69,188,3,34,6,28,30,27,3,1
"2011","Pettiesmuir","S01009365",277,209,93,116,0,36,8,28,30,26,4,2
"2011","Rosyth Kings North","S01009366",351,244,112,132,0,72,48,24,29,26,3,6
"2011","Admiralty North","S01009367",296,179,69,110,1,80,9,71,33,28,5,3
"2011","Rosyth Wilderness East","S01009368",211,119,42,77,0,80,69,11,11,8,3,1
"2011","Rosyth Kings East","S01009369",255,180,74,106,0,47,8,39,26,21,5,2
"2011","Rosyth Wilderness North","S01009370",381,285,135,150,1,68,48,20,20,17,3,7
"2011","Admiralty North East","S01009371",242,170,67,103,1,43,5,38,24,17,7,4
"2011","Admiralty Central","S01009372",219,149,55,94,0,51,6,45,19,15,4,0
"2011","Rosyth Kings South","S01009373",398,207,72,135,1,145,37,108,41,33,8,4
"2011","Admiralty South West","S01009374",432,235,107,128,1,168,104,64,25,21,4,3
"2011","Admiralty South East","S01009375",337,203,83,120,0,107,21,86,25,24,1,2
"2011","Admiralty South","S01009376",271,152,58,94,0,102,94,8,17,16,1,0
"2011","Rosyth Dockyard and Castle","S01009377",373,244,38,206,0,34,7,27,95,75,20,0
"2011","Rosyth Pease Hill East","S01009378",388,204,50,154,1,146,9,137,36,34,2,1
"2011","Rosyth Pease Hill North","S01009379",337,245,31,214,0,66,5,61,26,23,3,0
"2011","Rosyth Pease Hill South","S01009380",200,146,30,116,0,9,4,5,43,23,20,2
"2011","Inverkeithing Belleknowes","S01009381",284,209,73,136,0,22,13,9,51,46,5,2
"2011","Inverkeithing West","S01009382",377,206,84,122,0,131,129,2,31,28,3,9
"2011","Inverkeithing Jamestown","S01009383",439,233,83,150,1,105,88,17,98,89,9,2
"2011","North Queensferry","S01009384",248,206,106,100,0,15,14,1,26,24,2,1
"2011","North Queensferry Ferryhills","S01009385",220,173,79,94,1,25,24,1,20,14,6,1
"2011","Inverkeithing Spencerfield North","S01009386",279,205,95,110,0,61,33,28,11,8,3,2
"2011","Inverkeithing Spencerfield South","S01009387",260,141,57,84,2,94,58,36,20,17,3,3
"2011","Inverkeithing Spittalfield","S01009388",423,124,45,79,1,243,240,3,54,50,4,1
"2011","Inverkeithing North East","S01009389",460,296,153,143,0,70,34,36,91,86,5,3
"2011","Dalgety Letham Hill South","S01009390",270,250,59,191,0,1,1,0,17,14,3,2
"2011","Dalgety Letham Hill","S01009391",259,232,41,191,2,0,0,0,25,25,0,0
"2011","Dalgety Letham Farm","S01009392",193,179,34,145,0,0,0,0,14,14,0,0
"2011","Hillend","S01009393",265,245,106,139,0,4,4,0,14,12,2,2
"2011","Dalgety Steeple Clump","S01009394",451,309,140,169,7,5,3,2,126,111,15,4
"2011","Dalgety Bay East","S01009395",305,293,175,118,0,1,1,0,9,7,2,2
"2011","Dalgety Bay South East","S01009396",301,281,170,111,0,3,1,2,15,14,1,2
"2011","Dalgety St Davids Clump","S01009397",330,284,126,158,0,2,2,0,41,37,4,3
"2011","Dalgety Bogend Wood","S01009398",308,251,84,167,0,4,0,4,49,42,7,4
"2011","Dalgety Longhill Park","S01009399",311,269,133,136,1,11,4,7,29,24,5,1
"2011","Dalgety Donibristle South","S01009400",221,182,79,103,2,22,21,1,12,11,1,3
"2011","Dalgety Ross Plantation","S01009401",284,262,158,104,1,8,8,0,11,10,1,2
"2011","Dalgety Crow Hill","S01009402",397,376,194,182,0,2,1,1,16,15,1,3
"2011","Dalgety Donibristle and Hillend","S01009403",206,176,57,119,0,18,15,3,10,8,2,2
"2011","Halbeath","S01009404",232,123,47,76,1,78,77,1,29,26,3,1
"2011","Crossgates South Knowe and Annfield","S01009405",157,136,79,57,2,6,4,2,9,8,1,4
"2011","Crossgates North","S01009406",429,296,127,169,0,80,79,1,51,41,10,2
"2011","Crossgates North East","S01009407",227,175,73,102,0,36,34,2,13,12,1,3
"2011","Crossgates North Knowe","S01009408",307,241,81,160,1,27,25,2,33,29,4,5
"2011","Hill of Beath and Landward","S01009409",308,206,96,110,0,78,78,0,19,15,4,5
"2011","Beath Woodend","S01009410",351,159,60,99,0,165,106,59,24,24,0,3
"2011","Hill of Beath","S01009411",364,200,82,118,1,136,129,7,26,25,1,1
"2011","Beath South West","S01009412",407,203,87,116,0,186,151,35,15,15,0,3
"2011","Cowdenbeath North West","S01009413",456,311,130,181,0,108,103,5,37,29,8,0
"2011","Cowdenbeath Foulford","S01009414",292,216,86,130,1,63,52,11,11,5,6,1
"2011","Cowdenbeath North","S01009415",386,214,86,128,2,95,72,23,70,65,5,5
"2011","Cowdenbeath Glenfield","S01009416",201,180,80,100,0,15,12,3,4,4,0,2
"2011","Leuchatsbeath","S01009417",114,86,21,65,0,13,2,11,11,9,2,4
"2011","Cowdenbeath North East","S01009418",517,283,120,163,1,161,158,3,66,60,6,6
"2011","Kelty Elmwood","S01009419",245,137,49,88,1,94,93,1,11,10,1,2
"2011","Kelty West","S01009420",253,88,37,51,0,153,151,2,11,9,2,1
"2011","Kelty South West","S01009421",295,140,69,71,2,143,143,0,10,10,0,0
"2011","Kelty Blairadam Park","S01009422",369,251,115,136,0,92,91,1,20,17,3,6
"2011","Kelty Seafar","S01009423",336,298,56,242,4,10,9,1,24,21,3,0
"2011","Kelty East","S01009424",250,177,70,107,3,50,22,28,19,17,2,1
"2011","Kelty Oakfield","S01009425",372,247,134,113,3,84,81,3,35,32,3,3
"2011","Kelty Central","S01009426",415,172,72,100,0,199,178,21,40,32,8,4
"2011","Kelty North East","S01009427",326,148,65,83,2,148,135,13,19,15,4,9
"2011","Lochore North","S01009428",235,143,56,87,0,79,39,40,12,11,1,1
"2011","Lochore Central","S01009429",341,142,74,68,0,174,142,32,21,16,5,4
"2011","Crosshill and Lochore South","S01009430",338,168,82,86,0,133,122,11,31,25,6,6
"2011","Glencraig Landward","S01009431",330,179,100,79,0,106,105,1,35,31,4,10
"2011","Ballingry East","S01009432",321,123,49,74,2,179,174,5,16,14,2,1
"2011","Ballingry Central","S01009433",330,140,44,96,3,168,159,9,17,14,3,2
"2011","Ballingry South","S01009434",248,122,61,61,0,112,108,4,10,8,2,4
"2011","Ballingry West","S01009435",347,97,42,55,0,236,232,4,12,10,2,2
"2011","Dundonald","S01009436",298,157,63,94,3,116,80,36,19,14,5,3
"2011","Bowhill and Dundonald","S01009437",318,184,64,120,2,108,102,6,20,15,5,4
"2011","Cardenden East","S01009438",410,187,86,101,0,206,173,33,15,13,2,2
"2011","Cardenden West","S01009439",386,166,66,100,2,203,198,5,14,11,3,1
"2011","Bowhill West","S01009440",328,145,67,78,0,158,71,87,21,20,1,4
"2011","Bowhill East","S01009441",370,109,49,60,0,237,20,217,22,20,2,2
"2011","Jamphlars and Lochgelly Landward","S01009442",216,162,61,101,0,10,6,4,40,36,4,4
"2011","Auchterderran Landward and Cluny","S01009443",288,202,86,116,1,49,47,2,31,29,2,5
"2011","Lochgelly St Patricks and The Beeches","S01009444",305,270,105,165,1,18,16,2,14,12,2,2
"2011","Lochgelly North","S01009445",320,209,90,119,3,94,94,0,12,9,3,2
"2011","Lochgelly East","S01009446",471,179,79,100,0,239,169,70,46,37,9,7
"2011","Lochgelly Central and Eastern","S01009447",238,135,62,73,0,78,63,15,23,17,6,2
"2011","Lochgelly Albion Park and New Farm Vale","S01009448",343,247,92,155,0,71,58,13,21,16,5,4
"2011","Lochgelly Central and Western","S01009449",231,149,80,69,1,60,58,2,17,15,2,4
"2011","Lumphinnans","S01009450",307,102,43,59,1,169,75,94,35,33,2,0
"2011","Lochgelly South West","S01009451",427,202,99,103,0,190,188,2,32,30,2,3
"2011","Lochgelly West and Lumphinnans Central","S01009452",269,121,56,65,1,114,94,20,30,28,2,3
"2011","Lochgelly West","S01009453",493,269,111,158,0,175,123,52,42,38,4,7
"2011","Aberdour","S01009454",397,310,156,154,0,24,23,1,54,49,5,9
"2011","St Colme and Aberdour West","S01009455",386,319,207,112,0,12,12,0,50,42,8,5
"2011","Mossbank and Donibristle","S01009456",358,203,87,116,1,109,108,1,38,30,8,7
"2011","Auchtertool","S01009457",254,185,100,85,1,17,17,0,44,35,9,7
"2011","Burntisland Central","S01009458",332,221,110,111,1,65,64,1,44,40,4,1
"2011","Burntisland Links","S01009459",457,247,112,135,1,132,112,20,76,66,10,1
"2011","Burntisland Docks","S01009460",399,117,40,77,1,237,211,26,40,32,8,4
"2011","Burntisland Kirkton","S01009461",201,189,46,143,0,6,6,0,6,6,0,0
"2011","Burntisland Grange and Orrock","S01009462",292,210,110,100,1,63,61,2,13,10,3,5
"2011","Burntisland Nether Grange","S01009463",306,226,118,108,1,63,63,0,11,9,2,5
"2011","Burntisland East Toll","S01009464",378,316,150,166,1,29,16,13,25,21,4,7
"2011","Burntisland Meadowfield","S01009465",269,196,94,102,0,58,50,8,14,12,2,1
"2011","Burntisland East","S01009466",256,241,136,105,0,3,0,3,8,5,3,4
"2011","Kinghorn South","S01009467",330,284,151,133,0,18,15,3,26,25,1,2
"2011","Kinghorn Central","S01009468",385,215,97,118,0,129,108,21,33,31,2,8
"2011","Kinghorn North","S01009469",393,312,167,145,1,44,35,9,33,28,5,3
"2011","Kinghorn North West","S01009470",232,180,98,82,0,34,33,1,14,13,1,4
"2011","Linktown East","S01009471",414,108,61,47,5,261,193,68,38,34,4,2
"2011","Linktown North","S01009472",435,191,104,87,0,193,173,20,48,43,5,3
"2011","Linktown Central","S01009473",464,152,70,82,0,143,116,27,167,167,0,2
"2011","Linktown South and Seafield North","S01009474",403,178,65,113,0,185,182,3,40,39,1,0
"2011","Seafield Central","S01009475",222,195,67,128,0,3,3,0,21,21,0,3
"2011","Seafield South and Landward","S01009476",169,133,40,93,0,2,2,0,25,24,1,9
"2011","Kirkcaldy Central North","S01009477",358,260,131,129,2,45,34,11,44,43,1,7
"2011","Kirkcaldy Central and East","S01009478",480,244,93,151,2,102,63,39,121,115,6,11
"2011","Kirkcaldy Central","S01009479",420,224,114,110,6,85,12,73,100,87,13,5
"2011","Kirkcaldy Central South","S01009480",420,328,180,148,0,50,50,0,36,32,4,6
"2011","Bennochy North","S01009481",489,317,129,188,0,36,35,1,131,121,10,5
"2011","Bennochy Balfour","S01009482",332,196,77,119,0,17,16,1,116,108,8,3
"2011","Bennochy East","S01009483",403,279,108,171,1,6,6,0,115,110,5,2
"2011","Oriel and Forth","S01009484",427,260,159,101,1,97,94,3,64,55,9,5
"2011","Bennochy South West","S01009485",362,204,114,90,0,116,115,1,38,35,3,4
"2011","Forth Park","S01009486",313,232,137,95,1,51,51,0,21,19,2,8
"2011","Forth Park North","S01009487",385,228,109,119,0,120,107,13,32,24,8,5
"2011","Bennochy West","S01009488",267,196,88,108,1,58,13,45,10,8,2,2
"2011","Cowdenbeath South East","S01009489",389,193,88,105,2,147,124,23,44,35,9,3
"2011","Cowdenbeath South","S01009490",394,147,59,88,1,222,221,1,23,17,6,1
"2011","Cowdenbeath Central","S01009491",332,196,101,95,0,119,81,38,10,8,2,7
"2011","Cowdenbeath South West","S01009492",310,185,74,111,0,103,102,1,19,14,5,3
"2011","Raith Estate and Southerton","S01009493",366,347,238,109,0,8,7,1,7,5,2,4
"2011","Raith","S01009494",387,318,118,200,0,6,4,2,54,53,1,9
"2011","Raith and Long Braes","S01009495",375,337,119,218,1,5,5,0,29,23,6,3
"2011","Blackcraigs and West Torbain","S01009496",371,224,101,123,0,112,110,2,29,24,5,6
"2011","Redcraigs","S01009497",426,316,121,195,0,74,54,20,35,24,11,1
"2011","Newliston","S01009498",276,261,157,104,1,6,6,0,7,7,0,1
"2011","Kirkcaldy Long Braes","S01009499",357,262,146,116,0,79,69,10,14,12,2,2
"2011","Fair Isle","S01009500",382,169,70,99,0,192,188,4,18,18,0,3
"2011","Dunearn","S01009501",315,158,70,88,1,137,124,13,17,14,3,2
"2011","Templehall West","S01009502",374,176,78,98,1,176,172,4,19,17,2,2
"2011","Craigmount and Greenloanings","S01009503",338,201,69,132,1,113,110,3,22,20,2,1
"2011","Kirkcaldy Valley West","S01009504",314,125,50,75,0,171,115,56,15,15,0,3
"2011","Templehall","S01009505",355,113,53,60,0,219,111,108,22,18,4,1
"2011","Templehall North Eastern","S01009506",348,140,46,94,0,187,184,3,21,20,1,0
"2011","Templehall East","S01009507",346,224,79,145,3,103,70,33,15,10,5,1
"2011","Templehall North","S01009508",397,144,60,84,0,224,221,3,27,24,3,2
"2011","Kirkcaldy Valley East","S01009509",421,207,82,125,2,176,175,1,32,26,6,4
"2011","Dunnikier South","S01009510",301,289,162,127,0,6,4,2,4,4,0,2
"2011","Dunnikier East","S01009511",257,237,141,96,0,6,6,0,10,8,2,4
"2011","Dunnikier Central","S01009512",313,291,143,148,0,5,4,1,15,11,4,2
"2011","Dunnikier North","S01009513",245,229,121,108,2,4,2,2,8,8,0,2
"2011","Dunnikier North West","S01009514",282,266,125,141,0,4,4,0,11,10,1,1
"2011","Fair Isle North","S01009515",362,203,102,101,0,143,141,2,9,7,2,7
"2011","Chapelhill and Torbain","S01009516",399,255,123,132,1,112,110,2,26,16,10,5
"2011","Chapelwood","S01009517",347,288,51,237,0,14,10,4,44,44,0,1
"2011","Chapel Moss","S01009518",319,276,32,244,0,12,10,2,29,25,4,2
"2011","Capshard","S01009519",195,144,66,78,0,42,40,2,8,5,3,1
"2011","Chapel","S01009520",328,255,80,175,0,46,17,29,24,21,3,3
"2011","Smeaton North","S01009521",363,198,130,68,0,144,139,5,20,16,4,1
"2011","Smeaton South","S01009522",376,192,59,133,2,119,82,37,60,56,4,3
"2011","Hayfield North","S01009523",263,119,55,64,0,123,121,2,17,15,2,4
"2011","Pathhead North West","S01009524",341,131,54,77,7,144,113,31,57,52,5,2
"2011","Hayfield South","S01009525",254,132,60,72,0,71,70,1,49,43,6,2
"2011","Braehead and the Path","S01009526",365,180,77,103,3,18,7,11,162,157,5,2
"2011","Pathhead Central","S01009527",384,168,80,88,1,95,84,11,115,111,4,5
"2011","Pathhead South and Sands","S01009528",355,173,107,66,2,133,113,20,40,36,4,7
"2011","Kirkcaldy Viewforth","S01009529",247,195,104,91,0,30,30,0,21,20,1,1
"2011","Ravenscraig","S01009530",255,241,130,111,0,5,4,1,7,6,1,2
"2011","Mitchelston and Randolph","S01009531",432,191,87,104,2,187,186,1,48,47,1,4
"2011","Overton","S01009532",437,191,101,90,1,206,201,5,33,31,2,6
"2011","Sinclairtown West","S01009533",440,192,66,126,0,162,142,20,78,74,4,8
"2011","Sinclairtown Central","S01009534",427,107,46,61,3,267,247,20,49,48,1,1
"2011","Gallatown West","S01009535",297,76,25,51,2,199,170,29,20,19,1,0
"2011","Dysart North East","S01009536",228,113,37,76,1,91,91,0,22,15,7,1
"2011","Dysart North","S01009537",280,162,78,84,0,87,84,3,27,26,1,4
"2011","Dysart Central","S01009538",401,150,59,91,1,179,123,56,67,60,7,4
"2011","Sinclairtown East","S01009539",389,266,118,148,4,97,68,29,21,18,3,1
"2011","Sinclairtown North","S01009540",459,206,85,121,0,213,202,11,36,31,5,4
"2011","East Wemyss and Standingstane","S01009541",321,224,86,138,0,25,23,2,64,60,4,8
"2011","East Wemyss McDuff","S01009542",380,123,50,73,1,226,210,16,24,20,4,6
"2011","East Wemyss Shore","S01009543",279,170,96,74,0,78,61,17,29,25,4,2
"2011","Wemyss Villages","S01009544",432,196,78,118,1,135,43,92,96,89,7,4
"2011","Kinglassie West","S01009545",344,207,109,98,1,96,93,3,35,29,6,5
"2011","Kinglassie East","S01009546",414,277,77,200,1,121,119,2,12,10,2,3
"2011","Strathore","S01009547",337,174,93,81,0,114,90,24,43,31,12,6
"2011","Thornton South","S01009548",317,195,92,103,2,80,66,14,34,29,5,6
"2011","Thornton North","S01009549",348,256,118,138,0,52,50,2,36,25,11,4
"2011","Newcastle West","S01009550",208,173,76,97,0,22,20,2,12,11,1,1
"2011","Newcastle East","S01009551",229,159,61,98,0,29,27,2,41,37,4,0
"2011","Leslie South West and Auchmuir","S01009552",398,268,127,141,0,99,99,0,26,19,7,5
"2011","Leslie West","S01009553",421,182,75,107,1,201,197,4,30,25,5,7
"2011","Leslie Landward","S01009554",311,163,83,80,0,109,94,15,36,28,8,3
"2011","Leslie East","S01009555",364,245,115,130,0,59,58,1,52,44,8,8
"2011","Tanshall West","S01009556",338,173,62,111,0,134,83,51,31,25,6,0
"2011","Macedonia North","S01009557",300,145,62,83,0,112,109,3,40,36,4,3
"2011","Macedonia East","S01009558",291,142,59,83,0,108,105,3,40,33,7,1
"2011","Macedonia West","S01009559",374,198,82,116,0,131,129,2,45,39,6,0
"2011","Tanshall Central","S01009560",351,178,79,99,0,100,79,21,73,67,6,0
"2011","Tanshall East","S01009561",258,127,53,74,0,84,66,18,44,38,6,3
"2011","South Parks West","S01009562",316,228,111,117,0,52,50,2,33,32,1,3
"2011","South Parks East","S01009563",373,250,136,114,0,62,61,1,54,47,7,7
"2011","South Parks North","S01009564",315,220,120,100,0,71,71,0,22,19,3,2
"2011","Viewfield North and Rimbleton South","S01009565",246,154,74,80,0,61,45,16,30,25,5,1
"2011","Caskieberran East","S01009566",431,320,113,207,0,64,51,13,44,38,6,3
"2011","Caskieberran West","S01009567",414,266,117,149,1,77,74,3,63,59,4,7
"2011","Rimbleton West","S01009568",333,216,85,131,2,85,83,2,30,26,4,0
"2011","Rimbleton North","S01009569",363,253,125,128,0,68,67,1,39,37,2,3
"2011","Rimbleton East","S01009570",240,148,62,86,0,65,65,0,27,23,4,0
"2011","Auchmuty North West","S01009571",297,121,48,73,0,116,110,6,59,58,1,1
"2011","Auchmuty West","S01009572",499,225,92,133,0,206,203,3,66,59,7,2
"2011","Auchmuty East","S01009573",329,156,74,82,2,125,121,4,44,43,1,2
"2011","Auchmuty Dovecot and Town Centre","S01009574",447,273,134,139,0,117,114,3,52,49,3,5
"2011","Stenton North","S01009575",232,144,53,91,2,68,68,0,17,15,2,1
"2011","Finglassie North and Southfield","S01009576",223,202,104,98,0,3,3,0,16,14,2,2
"2011","Finglassie South","S01009577",253,218,91,127,0,23,5,18,9,9,0,3
"2011","Stenton Central","S01009578",312,220,73,147,0,50,48,2,42,42,0,0
"2011","Lochty View","S01009579",443,221,72,149,1,197,11,186,24,19,5,0
"2011","Pitteuchar Woods","S01009580",355,325,101,224,0,10,7,3,19,17,2,1
"2011","Pitteuchar South East","S01009581",258,183,86,97,0,44,43,1,30,27,3,1
"2011","Pitteuchar North East","S01009582",240,160,65,95,0,48,43,5,29,24,5,3
"2011","Pitteuchar Central","S01009583",336,204,68,136,0,91,89,2,38,36,2,3
"2011","Warout","S01009584",219,182,93,89,0,9,6,3,25,22,3,3
"2011","Pitteuchar West","S01009585",408,272,102,170,0,91,88,3,44,42,2,1
"2011","Pitteuchar South","S01009586",313,204,106,98,0,85,49,36,20,15,5,4
"2011","Woodside West","S01009587",370,254,136,118,1,79,78,1,30,27,3,6
"2011","Woodside North","S01009588",436,306,141,165,0,97,92,5,28,24,4,5
"2011","Woodside South","S01009589",356,255,96,159,0,79,77,2,20,19,1,2
"2011","Foresters Lodge","S01009590",267,257,102,155,0,4,4,0,6,5,1,0
"2011","Balgeddie South","S01009591",307,268,123,145,0,5,5,0,33,32,1,1
"2011","Whinnyknowe and Leslie Mains","S01009592",246,225,131,94,0,8,7,1,9,6,3,4
"2011","Balgeddie North","S01009593",223,204,81,123,0,5,5,0,9,7,2,5
"2011","Formonthills","S01009594",263,249,87,162,1,2,1,1,9,9,0,2
"2011","Beechwood","S01009595",174,154,40,114,0,11,9,2,9,8,1,0
"2011","Collydean West","S01009596",355,187,58,129,1,131,122,9,34,32,2,2
"2011","Collydean South","S01009597",361,128,29,99,1,192,188,4,38,35,3,2
"2011","Collydean North","S01009598",303,56,20,36,0,237,67,170,10,10,0,0
"2011","Pitcoudie","S01009599",403,236,73,163,0,126,123,3,37,32,5,4
"2011","Cadham","S01009600",330,95,20,75,0,199,152,47,35,32,3,1
"2011","Cadham South","S01009601",296,163,49,114,0,87,83,4,43,37,6,3
"2011","Coul","S01009602",291,271,71,200,0,8,5,3,10,7,3,2
"2011","Pitcairn","S01009603",234,178,70,108,0,44,14,30,10,6,4,2
"2011","Balfarg South","S01009604",377,238,62,176,1,107,103,4,30,27,3,1
"2011","Balfarg","S01009605",348,119,47,72,12,201,53,148,15,15,0,1
"2011","Tofthill and Balbirnie Park","S01009606",218,194,49,145,0,11,1,10,13,10,3,0
"2011","Prestonhall","S01009607",208,189,94,95,0,9,3,6,8,8,0,2
"2011","Markinch North","S01009608",287,183,76,107,1,75,51,24,26,26,0,2
"2011","Markinch East","S01009609",358,283,121,162,1,30,22,8,42,38,4,2
"2011","Markinch West","S01009610",500,351,177,174,1,88,79,9,51,42,9,9
"2011","Star and Kirkforthar","S01009611",218,171,98,73,0,7,5,2,34,32,2,6
"2011","Coaltown of Balgonie East","S01009612",272,182,81,101,1,71,68,3,16,11,5,2
"2011","Coaltown of Balgonie West","S01009613",181,162,76,86,0,2,2,0,14,12,2,3
"2011","Milton of Balgonie","S01009614",223,167,93,74,0,11,11,0,37,36,1,8
"2011","Windygates West","S01009615",174,146,84,62,0,22,22,0,4,4,0,2
"2011","Windygates East","S01009616",324,226,98,128,0,62,37,25,33,31,2,3
"2011","Windygates Kennoway and Leven Roads","S01009617",297,265,103,162,0,6,5,1,23,23,0,3
"2011","Denbeath North","S01009618",333,198,82,116,1,76,57,19,57,55,2,1
"2011","Denbeath South","S01009619",302,159,79,80,0,113,54,59,30,27,3,0
"2011","Buckhaven North","S01009620",391,180,92,88,0,175,123,52,32,27,5,4
"2011","Buckhaven Central","S01009621",394,221,110,111,0,105,73,32,60,55,5,8
"2011","Buckhaven South","S01009622",394,128,66,62,2,218,181,37,40,39,1,6
"2011","Buckhaven North West and Muiredge","S01009623",243,133,71,62,0,89,70,19,16,12,4,5
"2011","Buckhaven Birds","S01009624",408,242,122,120,1,142,101,41,18,17,1,5
"2011","Methil Methilmill","S01009625",378,210,85,125,0,134,82,52,28,25,3,6
"2011","Methil Trees East","S01009626",231,100,63,37,0,123,28,95,6,5,1,2
"2011","Methil Trees West","S01009627",342,195,94,101,0,124,119,5,18,10,8,5
"2011","Methilhill Toll Bar","S01009628",265,120,69,51,1,133,100,33,9,5,4,2
"2011","Methilhill South West","S01009629",435,264,112,152,0,124,101,23,44,41,3,3
"2011","Methilhill North","S01009630",343,145,63,82,0,173,165,8,22,17,5,3
"2011","Lower Methil","S01009631",406,103,54,49,0,224,199,25,76,72,4,3
"2011","Methil Memorial Park","S01009632",306,95,47,48,1,159,130,29,50,46,4,1
"2011","Methil Savoy","S01009633",297,108,51,57,2,159,156,3,26,22,4,2
"2011","Methil Sea Road","S01009634",253,125,75,50,1,112,89,23,15,14,1,0
"2011","Methil New Bayview","S01009635",414,249,117,132,1,119,93,26,42,36,6,3
"2011","Aberhill","S01009636",521,214,98,116,3,173,170,3,125,120,5,6
"2011","Methil Old Bayview","S01009637",340,203,82,121,0,98,46,52,37,35,2,2
"2011","Methil Kirkland","S01009638",292,117,55,62,4,148,137,11,21,20,1,2
"2011","Leven Links","S01009639",325,298,180,118,0,9,7,2,15,13,2,3
"2011","Scoonie South","S01009640",363,148,82,66,0,165,138,27,43,40,3,7
"2011","Leven South West","S01009641",479,229,128,101,4,155,53,102,82,70,12,9
"2011","Leven South","S01009642",482,289,132,157,0,96,66,30,88,77,11,9
"2011","Leven Castlefleurie","S01009643",218,185,35,150,0,25,3,22,8,5,3,0
"2011","Leven Mountfleurie West","S01009644",339,228,97,131,1,93,85,8,15,12,3,2
"2011","Leven Montrave","S01009645",301,179,85,94,1,91,89,2,22,18,4,8
"2011","Leven Mountfleurie East","S01009646",244,159,73,86,0,74,40,34,9,8,1,2
"2011","Leven North","S01009647",318,153,93,60,0,134,131,3,24,22,2,7
"2011","Broom South","S01009648",394,254,121,133,2,114,79,35,22,21,1,2
"2011","Broom North","S01009649",451,292,120,172,0,142,77,65,14,14,0,3
"2011","Leven Letham Glen","S01009650",343,325,213,112,0,8,7,1,6,5,1,4
"2011","New Gilston and Upper Largo","S01009651",427,291,184,107,3,57,34,23,65,59,6,11
"2011","Lundin Links","S01009652",399,345,239,106,1,9,9,0,35,31,4,9
"2011","Lower Largo Northern","S01009653",229,212,114,98,0,5,3,2,11,10,1,1
"2011","Lower Largo","S01009654",274,207,132,75,1,37,36,1,28,21,7,1
"2011","Kennoway South East","S01009655",351,194,87,107,0,139,127,12,12,11,1,6
"2011","Kennoway East","S01009656",387,168,93,75,0,191,142,49,23,16,7,5
"2011","Kennoway Sandy Brae","S01009657",332,234,110,124,2,79,54,25,12,12,0,5
"2011","Kennoway North West","S01009658",286,173,67,106,0,98,95,3,15,13,2,0
"2011","Kennoway Central","S01009659",230,139,60,79,0,79,55,24,8,6,2,4
"2011","Kennoway North East","S01009660",430,257,99,158,6,152,125,27,14,11,3,1
"2011","Bonnybank and Montrave","S01009661",331,275,157,118,0,2,1,1,39,37,2,15
"2011","Kettlebridge and Rameldry","S01009662",292,232,111,121,0,36,36,0,20,16,4,4
"2011","Kingskettle and Balmalcolm","S01009663",281,201,103,98,1,45,39,6,30,29,1,4
"2011","Monimal Pitlessie and Cults","S01009664",377,280,144,136,1,25,24,1,54,52,2,17
"2011","Ladybank Woods","S01009665",293,206,109,97,0,62,61,1,19,16,3,6
"2011","Ladybank","S01009666",342,228,111,117,1,58,29,29,50,46,4,5
"2011","Giffordtown to Lathrisk","S01009667",223,192,107,85,0,15,2,13,9,7,2,7
"2011","Freuchie North and New Inn","S01009668",243,211,89,122,0,7,7,0,23,20,3,2
"2011","Freuchie South and Muirhead","S01009669",240,195,121,74,0,19,17,2,22,20,2,4
"2011","Falkland East and East Lomond","S01009670",340,241,116,125,0,66,58,8,29,21,8,4
"2011","Falkland West and Craigmead","S01009671",262,182,77,105,0,18,18,0,53,46,7,9
"2011","Auchtermuchty West","S01009672",355,196,83,113,4,126,103,23,24,23,1,5
"2011","Auchtermuchty East","S01009673",351,262,120,142,2,48,44,4,37,32,5,2
"2011","Collessie and Pitmedden Landward","S01009674",392,292,161,131,3,37,35,2,53,45,8,7
"2011","Strathmiglo South and Dunshalt","S01009675",379,300,151,149,0,35,33,2,37,32,5,7
"2011","Gateside Landward","S01009676",356,241,118,123,1,55,55,0,40,36,4,19
"2011","Flisk Lindores and Luthrie","S01009677",268,195,107,88,0,19,14,5,48,45,3,6
"2011","Newburgh North East and Braeside of Lindores","S01009678",273,197,114,83,0,46,44,2,26,25,1,4
"2011","Newburgh East","S01009679",434,243,121,122,2,120,91,29,62,60,2,7
"2011","Newburgh West and Lochmill","S01009680",356,228,104,124,1,78,72,6,44,38,6,5
"2011","Springfield East","S01009681",245,177,60,117,0,45,42,3,18,13,5,5
"2011","Cupar Westfield South","S01009682",278,219,108,111,1,17,15,2,37,34,3,4
"2011","Cupar Westfield","S01009683",364,284,162,122,0,40,39,1,35,30,5,5
"2011","Bow of Fife Tarvit and Balgarvie","S01009684",395,303,135,168,1,20,20,0,63,57,6,8
"2011","Springfield West and Rankeilour","S01009685",264,149,63,86,0,79,52,27,30,28,2,6
"2011","Cupar South West","S01009686",544,255,96,159,0,160,122,38,124,113,11,5
"2011","Cupar Northern","S01009687",299,201,84,117,1,44,42,2,49,22,27,4
"2011","Cupar North West","S01009688",456,134,60,74,2,275,268,7,43,36,7,2
"2011","Cupar West","S01009689",333,155,73,82,3,80,53,27,89,86,3,6
"2011","Cupar North","S01009690",347,213,83,130,0,72,41,31,60,56,4,2
"2011","Cupar Station and Meadowside","S01009691",260,219,139,80,16,4,2,2,18,13,5,3
"2011","Cupar East","S01009692",484,411,264,147,0,21,20,1,46,38,8,6
"2011","Cupar Tarvit","S01009693",252,221,129,92,0,9,7,2,16,13,3,6
"2011","Cupar South South East","S01009694",453,392,243,149,2,18,6,12,28,25,3,13
"2011","Ceres East and Pitscottie","S01009695",278,217,128,89,1,20,17,3,30,27,3,10
"2011","Craigrothie and Ceres West","S01009696",443,336,185,151,0,42,36,6,52,39,13,13
"2011","Dairsie and Kemback","S01009697",314,238,126,112,1,33,32,1,38,33,5,4
"2011","Peat Inn and Dunino","S01009698",232,159,95,64,0,3,0,3,63,58,5,7
"2011","Elie","S01009699",236,175,133,42,0,26,26,0,25,25,0,10
"2011","Colinsburgh Kilconquhar and Balcormo","S01009700",297,183,102,81,1,42,41,1,64,54,10,7
"2011","Earlsferry","S01009701",229,165,127,38,1,45,13,32,12,9,3,6
"2011","Largoward Landward","S01009702",265,171,100,71,2,31,15,16,45,43,2,16
"2011","Pittenweem East","S01009703",285,182,107,75,0,83,82,1,13,12,1,7
"2011","Pittenweem West","S01009704",440,327,216,111,3,56,34,22,48,45,3,6
"2011","St Monans West","S01009705",363,216,125,91,1,113,94,19,28,24,4,5
"2011","St Monans East and Abercrombie","S01009706",295,186,108,78,1,55,44,11,47,42,5,6
"2011","Anstruther","S01009707",218,164,83,81,0,1,1,0,49,38,11,4
"2011","Anstruther East and Cellardyke","S01009708",258,188,106,82,4,42,14,28,23,20,3,1
"2011","Anstruther South West","S01009709",394,280,160,120,0,59,55,4,50,47,3,5
"2011","Anstruther Waid","S01009710",246,169,72,97,0,45,6,39,30,28,2,2
"2011","Anstruther West","S01009711",341,190,97,93,1,109,102,7,36,29,7,5
"2011","Kilrenny","S01009712",277,193,118,75,2,29,24,5,42,36,6,11
"2011","Crail South and Fife Ness","S01009713",444,295,195,100,0,70,56,14,69,65,4,10
"2011","Crail North","S01009714",453,344,235,109,4,47,13,34,53,46,7,5
"2011","Boarhills and Kingsbarns","S01009715",334,189,131,58,3,33,27,6,88,79,9,21
"2011","Kilrymont and Langlands","S01009716",329,243,164,79,1,25,24,1,55,48,7,5
"2011","East Sands","S01009717",327,122,69,53,1,115,65,50,87,78,9,2
"2011","Langlands West","S01009718",327,161,99,62,3,106,104,2,53,49,4,4
"2011","Kilrymont East","S01009719",342,182,107,75,3,113,111,2,42,35,7,2
"2011","Kilrymont West","S01009720",379,179,101,78,0,118,117,1,76,71,5,6
"2011","St  Andrews Town Centre","S01009721",221,43,25,18,3,1,1,0,172,160,12,2
"2011","Madras and St Leonards","S01009722",387,126,98,28,2,39,34,5,214,203,11,6
"2011","St Andrews Abbey","S01009723",302,66,44,22,1,55,38,17,178,155,23,2
"2011","Kinness Burn East","S01009724",495,119,65,54,2,184,181,3,183,179,4,7
"2011","Kinness Burn","S01009725",251,81,60,21,2,14,12,2,153,146,7,1
"2011","The Scores","S01009726",209,62,42,20,4,10,7,3,128,120,8,5
"2011","Feddinch and The Grange","S01009727",331,200,120,80,7,47,10,37,65,53,12,12
"2011","Hallow Hill South","S01009728",333,292,179,113,2,7,5,2,29,27,2,3
"2011","Hallow Hill","S01009729",282,252,179,73,0,3,3,0,23,20,3,4
"2011","Cairnsmill","S01009730",241,142,89,53,19,33,3,30,45,41,4,2
"2011","Canongate","S01009731",274,232,180,52,1,2,2,0,33,30,3,6
"2011","Kinness Burn West","S01009732",344,174,140,34,6,24,9,15,136,126,10,4
"2011","Clayton and Clatto","S01009733",227,189,127,62,2,6,5,1,28,24,4,2
"2011","Strathkinness and Craigton","S01009734",385,273,157,116,2,20,18,2,78,72,6,12
"2011","Lawhead and Northbank","S01009735",327,288,205,83,0,3,3,0,35,31,4,1
"2011","North Haugh","S01009736",332,122,106,16,2,31,5,26,170,162,8,7
"2011","Leuchars West","S01009737",323,123,69,54,0,72,59,13,126,13,113,2
"2011","Guardbridge","S01009738",214,122,36,86,1,25,11,14,63,58,5,3
"2011","Leuchars North East and St Michaels","S01009739",275,109,30,79,6,40,4,36,114,28,86,6
"2011","Leuchars North","S01009740",243,136,68,68,0,69,40,29,35,24,11,3
"2011","Leuchars East","S01009741",164,25,12,13,0,23,1,22,115,14,101,1
"2011","St Fort and Pickletillem","S01009742",206,136,85,51,1,6,5,1,51,49,2,12
"2011","Gauldry and Balmerino","S01009743",425,333,187,146,12,26,10,16,44,39,5,10
"2011","Balmullo North","S01009744",306,258,133,125,1,6,6,0,34,27,7,7
"2011","Balmullo South","S01009745",455,375,185,190,1,29,24,5,42,35,7,8
"2011","Kilmany Rathillet and Logie","S01009746",237,155,84,71,1,4,4,0,61,58,3,16
"2011","Tayport North","S01009747",344,207,93,114,6,63,51,12,62,55,7,6
"2011","Tayport West","S01009748",299,243,112,131,1,28,28,0,25,23,2,2
"2011","Tayport Central","S01009749",425,335,176,159,0,54,39,15,30,28,2,6
"2011","Tayport South","S01009750",311,194,85,109,1,70,48,22,37,29,8,9
"2011","Tayport South East","S01009751",355,214,88,126,1,97,92,5,39,33,6,4
"2011","Newport West","S01009752",260,231,134,97,0,5,5,0,23,21,2,1
"2011","Newport Central","S01009753",333,240,129,111,1,61,35,26,28,25,3,3
"2011","Newport East","S01009754",383,276,147,129,9,59,55,4,35,30,5,4
"2011","Newport North East","S01009755",281,234,115,119,1,14,13,1,28,28,0,4
"2011","Wormit East","S01009756",320,265,134,131,0,28,26,2,26,22,4,1
"2011","Wormit West","S01009757",271,236,131,105,1,19,4,15,14,12,2,1
"2011","Lochaber West - 01","S01010504",247,160,122,38,3,26,13,13,50,36,14,8
"2011","Lochaber West - 02","S01010505",244,159,110,49,0,34,10,24,38,36,2,13
"2011","Lochaber West - 03","S01010506",380,265,164,101,1,65,20,45,37,30,7,12
"2011","Lochaber West - 04","S01010507",345,211,114,97,0,80,49,31,46,38,8,8
"2011","Lochaber West - 05","S01010508",449,278,187,91,2,84,49,35,53,40,13,32
"2011","Lochaber West - 06","S01010509",393,271,161,110,4,32,13,19,61,39,22,25
"2011","Fort William North - 01","S01010510",340,250,131,119,1,67,23,44,16,10,6,6
"2011","Fort William North - 02","S01010511",369,150,57,93,21,181,108,73,15,10,5,2
"2011","Fort William North - 03","S01010512",281,169,83,86,1,90,65,25,16,13,3,5
"2011","Fort William North - 04","S01010513",300,241,125,116,0,23,18,5,30,24,6,6
"2011","Fort William North - 05","S01010514",287,187,81,106,1,77,69,8,17,12,5,5
"2011","Fort William North - 06","S01010515",350,202,93,109,2,116,106,10,20,15,5,10
"2011","Fort William South - 01","S01010516",270,161,91,70,11,55,21,34,30,25,5,13
"2011","Fort William South - 02","S01010517",362,199,96,103,11,113,72,41,36,32,4,3
"2011","Fort William South - 03","S01010518",293,186,92,94,1,52,42,10,52,43,9,2
"2011","Fort William South - 04","S01010519",282,153,70,83,0,103,95,8,24,15,9,2
"2011","Fort William South - 05","S01010520",410,284,141,143,22,56,21,35,35,29,6,13
"2011","Fort William South - 06","S01010521",339,180,95,85,0,116,90,26,32,23,9,11
"2011","Fort William South - 07","S01010522",283,90,34,56,24,122,28,94,40,35,5,7
"2011","Fort William South - 08","S01010523",258,70,39,31,1,170,65,105,15,12,3,2
"2011","Lochaber East and North - 01","S01010524",234,181,110,71,0,20,9,11,24,18,6,9
"2011","Lochaber East and North - 02","S01010525",259,203,124,79,1,16,9,7,27,24,3,12
"2011","Lochaber East and North - 03","S01010526",364,222,114,108,4,82,68,14,42,30,12,14
"2011","Lochaber East and North - 04","S01010527",455,234,131,103,0,176,147,29,35,27,8,10
"2011","Lochaber East and North - 05","S01010528",265,168,97,71,0,36,25,11,41,30,11,20
"2011","Lochaber East and North - 06","S01010529",283,211,110,101,0,47,26,21,21,14,7,4
"2011","Lochaber East and North - 07","S01010530",278,210,126,84,0,20,13,7,35,28,7,13
"2011","Badenoch and Strathspey South - 01","S01010531",496,352,214,138,2,74,38,36,52,47,5,16
"2011","Badenoch and Strathspey South - 02","S01010532",245,147,107,40,0,12,2,10,44,37,7,42
"2011","Badenoch and Strathspey South - 03","S01010533",272,188,124,64,0,49,22,27,31,24,7,4
"2011","Badenoch and Strathspey South - 04","S01010534",374,247,138,109,2,90,63,27,29,27,2,6
"2011","Badenoch and Strathspey South - 05","S01010535",305,185,112,73,1,28,11,17,69,61,8,22
"2011","Badenoch and Strathspey Central - 01","S01010536",397,205,103,102,8,139,94,45,43,33,10,2
"2011","Badenoch and Strathspey Central - 02","S01010537",330,187,92,95,1,73,48,25,53,46,7,16
"2011","Badenoch and Strathspey Central - 03","S01010538",337,155,58,97,8,112,9,103,60,58,2,2
"2011","Badenoch and Strathspey Central - 04","S01010539",496,295,153,142,10,59,32,27,116,104,12,16
"2011","Badenoch and Strathspey Central - 05","S01010540",298,205,131,74,7,22,11,11,60,50,10,4
"2011","Badenoch and Strathspey Central - 06","S01010541",362,254,146,108,1,37,23,14,55,48,7,15
"2011","Badenoch and Strathspey North - 01","S01010542",388,266,164,102,3,53,30,23,42,33,9,24
"2011","Badenoch and Strathspey North - 02","S01010543",255,183,104,79,0,12,12,0,49,40,9,11
"2011","Badenoch and Strathspey North - 03","S01010544",370,250,136,114,0,76,70,6,37,31,6,7
"2011","Badenoch and Strathspey North - 04","S01010545",344,225,126,99,4,68,37,31,46,35,11,1
"2011","Badenoch and Strathspey North - 05","S01010546",369,228,144,84,3,62,20,42,65,58,7,11
"2011","Badenoch and Strathspey North - 06","S01010547",313,214,143,71,0,21,20,1,47,41,6,31
"2011","Nairn Rural - 01","S01010548",299,228,160,68,0,5,4,1,60,58,2,6
"2011","Nairn Rural - 02","S01010549",366,288,118,170,2,19,4,15,52,47,5,5
"2011","Nairn Rural - 03","S01010550",236,163,87,76,0,48,37,11,23,21,2,2
"2011","Nairn Rural - 04","S01010551",267,189,87,102,3,27,10,17,45,41,4,3
"2011","Nairn Rural - 05","S01010552",334,216,114,102,2,28,26,2,77,68,9,11
"2011","Nairn Rural - 06","S01010553",261,153,88,65,1,5,3,2,90,89,1,12
"2011","Nairn East - 01","S01010554",396,256,133,123,12,29,24,5,86,80,6,13
"2011","Nairn East - 02","S01010555",450,268,124,144,11,55,33,22,108,95,13,8
"2011","Nairn East - 03","S01010556",410,182,71,111,0,204,169,35,22,17,5,2
"2011","Nairn East - 04","S01010557",278,175,93,82,1,85,84,1,15,9,6,2
"2011","Nairn East - 05","S01010558",385,269,170,99,4,83,59,24,22,20,2,7
"2011","Nairn West - 01","S01010559",351,276,188,88,1,43,41,2,27,25,2,4
"2011","Nairn West - 02","S01010560",291,255,151,104,0,8,6,2,22,20,2,6
"2011","Nairn West - 03","S01010561",301,259,173,86,6,7,5,2,25,22,3,4
"2011","Nairn West - 04","S01010562",314,273,154,119,1,16,12,4,20,15,5,4
"2011","Nairn West - 05","S01010563",211,131,58,73,0,63,30,33,15,10,5,2
"2011","Nairn West - 06","S01010564",269,95,48,47,0,160,75,85,11,9,2,3
"2011","Nairn West - 07","S01010565",276,193,99,94,0,65,63,2,16,14,2,2
"2011","Inverness East Rural - 01","S01010566",453,294,155,139,0,35,22,13,77,54,23,47
"2011","Inverness East Rural - 02","S01010567",379,329,154,175,1,2,0,2,43,42,1,4
"2011","Inverness East Rural - 03","S01010568",391,285,117,168,3,58,48,10,40,40,0,5
"2011","Inverness East Rural - 04","S01010569",295,211,113,98,0,7,4,3,73,72,1,4
"2011","Inverness East Rural - 05","S01010570",467,261,125,136,0,169,133,36,30,26,4,7
"2011","Inverness Culloden and Balloch - 01","S01010571",398,319,113,206,1,8,5,3,67,64,3,3
"2011","Inverness Culloden and Balloch - 02","S01010572",336,180,51,129,3,79,75,4,74,68,6,0
"2011","Inverness Culloden and Balloch - 03","S01010573",222,158,49,109,0,50,50,0,10,8,2,4
"2011","Inverness Culloden and Balloch - 04","S01010574",236,216,86,130,0,4,1,3,14,14,0,2
"2011","Inverness Culloden and Balloch - 05","S01010575",284,259,152,107,0,8,7,1,16,13,3,1
"2011","Inverness Culloden and Balloch - 06","S01010576",326,300,169,131,0,9,6,3,13,13,0,4
"2011","Inverness Smithton - 01","S01010577",354,181,66,115,0,157,140,17,14,13,1,2
"2011","Inverness Smithton - 02","S01010578",203,138,30,108,2,49,37,12,13,12,1,1
"2011","Inverness Smithton - 03","S01010579",325,289,129,160,1,7,6,1,25,21,4,3
"2011","Inverness Smithton - 04","S01010580",305,141,46,95,2,33,26,7,120,113,7,9
"2011","Inverness Smithton - 05","S01010581",243,181,43,138,0,11,9,2,46,42,4,5
"2011","Inverness Westhill - 01","S01010582",185,146,63,83,0,4,2,2,32,31,1,3
"2011","Inverness Westhill - 02","S01010583",440,363,149,214,4,4,2,2,65,62,3,4
"2011","Inverness Westhill - 03","S01010584",312,210,64,146,19,55,7,48,26,23,3,2
"2011","Inverness Westhill - 04","S01010585",304,231,27,204,4,19,1,18,50,46,4,0
"2011","Inverness Westhill - 05","S01010586",305,279,115,164,0,4,1,3,20,18,2,2
"2011","Inverness Westhill - 06","S01010587",293,259,134,125,3,7,4,3,22,18,4,2
"2011","Inverness Westhill - 07","S01010588",268,220,105,115,2,21,2,19,25,23,2,0
"2011","Inverness Westhill - 08","S01010589",299,149,39,110,23,80,31,49,43,39,4,4
"2011","Inverness Inshes - 01","S01010590",293,266,89,177,1,3,3,0,17,14,3,6
"2011","Inverness Inshes - 02","S01010591",303,195,27,168,24,39,5,34,44,40,4,1
"2011","Inverness Inshes - 03","S01010592",273,172,69,103,11,8,1,7,82,75,7,0
"2011","Inverness Inshes - 04","S01010593",259,228,99,129,0,5,2,3,24,21,3,2
"2011","Inverness Inshes - 05","S01010594",281,175,57,118,7,17,3,14,80,76,4,2
"2011","Inverness Inshes - 06","S01010595",310,198,31,167,5,29,2,27,74,68,6,4
"2011","Inverness Slackbuie - 01","S01010596",310,231,85,146,0,6,1,5,60,52,8,13
"2011","Inverness Slackbuie - 02","S01010597",274,189,27,162,8,37,6,31,37,36,1,3
"2011","Inverness Slackbuie - 03","S01010598",404,262,47,215,8,35,5,30,94,87,7,5
"2011","Inverness Lochardil and Holm Mains - 01","S01010599",248,199,81,118,0,2,2,0,41,38,3,6
"2011","Inverness Lochardil and Holm Mains - 02","S01010600",427,347,183,164,4,29,8,21,44,41,3,3
"2011","Inverness Lochardil and Holm Mains - 03","S01010601",302,247,171,76,7,19,1,18,22,21,1,7
"2011","Inverness Lochardil and Holm Mains - 04","S01010602",260,213,89,124,1,3,3,0,41,34,7,2
"2011","Inverness Lochardil and Holm Mains - 05","S01010603",369,313,190,123,3,9,5,4,43,40,3,1
"2011","Inverness Lochardil and Holm Mains - 06","S01010604",193,181,85,96,0,2,1,1,9,7,2,1
"2011","Inverness Lochardil and Holm Mains - 07","S01010605",387,343,212,131,2,7,5,2,30,24,6,5
"2011","Inverness Drummond - 01","S01010606",371,224,114,110,3,98,12,86,37,28,9,9
"2011","Inverness Drummond - 02","S01010607",346,300,155,145,1,4,1,3,32,28,4,9
"2011","Inverness Drummond - 03","S01010608",306,116,50,66,2,156,112,44,27,24,3,5
"2011","Inverness Drummond - 04","S01010609",242,138,53,85,0,83,68,15,20,17,3,1
"2011","Inverness Drummond - 05","S01010610",318,260,175,85,1,15,12,3,40,36,4,2
"2011","Inverness Hilton - 01","S01010611",496,307,109,198,3,107,82,25,78,71,7,1
"2011","Inverness Hilton - 02","S01010612",316,239,100,139,1,45,24,21,30,24,6,1
"2011","Inverness Hilton - 03","S01010613",341,180,106,74,1,120,50,70,38,35,3,2
"2011","Inverness Hilton - 04","S01010614",264,121,44,77,1,117,112,5,23,23,0,2
"2011","Inverness Hilton - 05","S01010615",383,242,70,172,2,36,32,4,101,96,5,2
"2011","Inverness Drakies - 01","S01010616",359,316,177,139,0,6,3,3,30,27,3,7
"2011","Inverness Drakies - 02","S01010617",360,319,160,159,0,6,4,2,32,27,5,3
"2011","Inverness Drakies - 03","S01010618",307,274,113,161,2,6,4,2,24,15,9,1
"2011","Inverness Central, Raigmore and Longman - 01","S01010619",318,125,43,82,6,81,40,41,100,90,10,6
"2011","Inverness Central, Raigmore and Longman - 02","S01010620",369,76,34,42,6,125,113,12,155,140,15,7
"2011","Inverness Central, Raigmore and Longman - 03","S01010621",432,245,121,124,11,51,25,26,113,104,9,12
"2011","Inverness Central, Raigmore and Longman - 04","S01010622",333,144,67,77,1,135,135,0,47,43,4,6
"2011","Inverness Central, Raigmore and Longman - 05","S01010623",278,67,36,31,3,54,11,43,149,33,116,5
"2011","Inverness Central, Raigmore and Longman - 06","S01010624",244,149,62,87,0,53,49,4,41,28,13,1
"2011","Inverness Crown and Haugh - 01","S01010625",333,292,194,98,0,6,4,2,30,25,5,5
"2011","Inverness Crown and Haugh - 02","S01010626",368,317,212,105,1,19,7,12,26,24,2,5
"2011","Inverness Crown and Haugh - 03","S01010627",401,234,128,106,1,40,32,8,123,115,8,3
"2011","Inverness Crown and Haugh - 04","S01010628",472,317,159,158,0,16,11,5,127,114,13,12
"2011","Inverness Crown and Haugh - 05","S01010629",445,278,155,123,0,80,43,37,83,75,8,4
"2011","Inverness Ballifeary and Dalneigh - 01","S01010630",252,127,56,71,2,94,90,4,27,25,2,2
"2011","Inverness Ballifeary and Dalneigh - 02","S01010631",326,163,90,73,1,56,55,1,102,88,14,4
"2011","Inverness Ballifeary and Dalneigh - 03","S01010632",486,277,145,132,2,140,137,3,57,54,3,10
"2011","Inverness Ballifeary and Dalneigh - 04","S01010633",476,212,106,106,5,221,189,32,29,24,5,9
"2011","Inverness Ballifeary and Dalneigh - 05","S01010634",264,159,83,76,1,80,29,51,21,18,3,3
"2011","Inverness Ballifeary and Dalneigh - 06","S01010635",351,177,88,89,2,140,134,6,27,21,6,5
"2011","Inverness Muirtown - 01","S01010636",386,291,137,154,1,29,27,2,57,48,9,8
"2011","Inverness Muirtown - 02","S01010637",352,117,53,64,2,127,53,74,104,95,9,2
"2011","Inverness Muirtown - 03","S01010638",417,239,137,102,1,111,103,8,60,55,5,6
"2011","Inverness Muirtown - 04","S01010639",555,237,111,126,14,194,139,55,106,93,13,4
"2011","Inverness Muirtown - 05","S01010640",411,186,73,113,6,44,22,22,165,154,11,10
"2011","Inverness Merkinch - 01","S01010641",531,117,45,72,20,323,208,115,71,58,13,0
"2011","Inverness Merkinch - 02","S01010642",451,148,61,87,8,268,242,26,22,18,4,5
"2011","Inverness Merkinch - 03","S01010643",287,66,26,40,1,214,203,11,6,4,2,0
"2011","Inverness Merkinch - 04","S01010644",346,60,26,34,2,272,237,35,12,10,2,0
"2011","Inverness Scorguie - 01","S01010645",278,199,83,116,8,5,4,1,62,61,1,4
"2011","Inverness Scorguie - 02","S01010646",287,244,130,114,1,8,7,1,32,30,2,2
"2011","Inverness Scorguie - 03","S01010647",306,252,120,132,3,9,8,1,37,30,7,5
"2011","Inverness Scorguie - 04","S01010648",306,215,97,118,1,55,20,35,32,28,4,3
"2011","Inverness Scorguie - 05","S01010649",280,235,142,93,0,8,5,3,36,27,9,1
"2011","Inverness Kinmylies and South West - 01","S01010650",196,93,30,63,16,41,12,29,42,37,5,4
"2011","Inverness Kinmylies and South West - 02","S01010651",295,180,65,115,0,89,81,8,21,18,3,5
"2011","Inverness Kinmylies and South West - 03","S01010652",309,227,89,138,3,36,8,28,42,32,10,1
"2011","Inverness Kinmylies and South West - 04","S01010653",300,253,120,133,1,10,6,4,33,27,6,3
"2011","Inverness Kinmylies and South West - 05","S01010654",348,226,75,151,3,91,61,30,27,22,5,1
"2011","Inverness West Rural - 01","S01010655",380,283,154,129,1,17,14,3,64,50,14,15
"2011","Inverness West Rural - 02","S01010656",182,128,64,64,7,37,31,6,8,8,0,2
"2011","Inverness West Rural - 03","S01010657",248,217,127,90,1,6,4,2,19,17,2,5
"2011","Inverness West Rural - 04","S01010658",296,245,156,89,3,7,6,1,34,32,2,7
"2011","Inverness West Rural - 05","S01010659",276,213,131,82,1,3,2,1,52,51,1,7
"2011","Inverness West Rural - 06","S01010660",285,200,108,92,0,49,47,2,32,27,5,4
"2011","Inverness West Rural - 07","S01010661",307,178,99,79,0,79,69,10,42,37,5,8
"2011","Inverness West Rural - 08","S01010662",310,258,107,151,1,30,18,12,16,14,2,5
"2011","Inverness West Rural - 09","S01010663",381,317,177,140,1,13,1,12,42,35,7,8
"2011","Loch Ness - 01","S01010664",337,291,176,115,3,6,4,2,28,22,6,9
"2011","Loch Ness - 02","S01010665",430,330,201,129,1,25,6,19,60,50,10,14
"2011","Loch Ness - 03","S01010666",416,275,145,130,1,78,45,33,50,45,5,12
"2011","Loch Ness - 04","S01010667",288,219,129,90,0,16,13,3,45,41,4,8
"2011","Loch Ness - 05","S01010668",503,353,209,144,2,72,56,16,55,46,9,21
"2011","Lochlash - 01","S01010669",266,199,128,71,1,24,10,14,28,24,4,14
"2011","Lochlash - 02","S01010670",296,222,129,93,4,35,21,14,23,18,5,12
"2011","Lochlash - 03","S01010671",329,244,159,85,7,43,25,18,25,20,5,10
"2011","Lochlash - 04","S01010672",321,161,92,69,0,123,61,62,25,16,9,12
"2011","Skye South - 01","S01010673",419,253,154,99,1,110,62,48,44,42,2,11
"2011","Skye South - 02","S01010674",419,294,163,131,4,69,29,40,44,36,8,8
"2011","Skye South - 03","S01010675",273,222,143,79,0,25,9,16,19,12,7,7
"2011","Skye South - 04","S01010676",392,276,179,97,3,53,18,35,50,36,14,10
"2011","Skye North East - 01","S01010677",224,182,129,53,0,14,7,7,24,12,12,4
"2011","Skye North East - 02","S01010678",273,217,124,93,0,25,10,15,24,18,6,7
"2011","Skye North East - 03","S01010679",282,170,109,61,5,77,45,32,26,22,4,4
"2011","Skye North East - 04","S01010680",315,151,79,72,0,138,71,67,16,12,4,10
"2011","Skye North East - 05","S01010681",461,212,93,119,29,188,43,145,29,27,2,3
"2011","Skye North West - 01","S01010682",398,318,181,137,1,27,8,19,41,31,10,11
"2011","Skye North West - 02","S01010683",423,342,225,117,0,48,28,20,23,21,2,10
"2011","Skye North West - 03","S01010684",361,288,200,88,2,25,20,5,38,32,6,8
"2011","Skye North West - 04","S01010685",294,235,171,64,3,28,13,15,19,16,3,9
"2011","Ross and Cromarty South West - 01","S01010686",309,228,148,80,1,33,14,19,29,24,5,18
"2011","Ross and Cromarty South West - 02","S01010687",379,282,185,97,5,58,47,11,23,18,5,11
"2011","Ross and Cromarty South West - 03","S01010688",335,245,181,64,1,47,20,27,34,29,5,8
"2011","Ross and Cromarty South West - 04","S01010689",378,278,215,63,0,41,28,13,44,35,9,15
"2011","Ross and Cromarty North West - 01","S01010690",330,200,124,76,0,76,63,13,39,27,12,15
"2011","Ross and Cromarty North West - 02","S01010691",325,233,165,68,3,6,5,1,57,51,6,26
"2011","Ross and Cromarty North West - 03","S01010692",307,192,87,105,4,79,28,51,27,23,4,5
"2011","Ross and Cromarty North West - 04","S01010693",216,172,121,51,0,18,16,2,13,8,5,13
"2011","Ross and Cromarty North West - 05","S01010694",270,209,148,61,0,34,19,15,19,14,5,8
"2011","Ross and Cromarty Central - 01","S01010695",304,236,150,86,0,5,3,2,54,53,1,9
"2011","Ross and Cromarty Central - 02","S01010696",402,291,138,153,2,68,61,7,35,31,4,6
"2011","Ross and Cromarty Central - 03","S01010697",458,346,200,146,0,33,30,3,68,57,11,11
"2011","Ross and Cromarty Central - 04","S01010698",338,209,132,77,2,41,19,22,56,50,6,30
"2011","Ross and Cromarty East - 01","S01010699",250,179,92,87,0,12,10,2,46,42,4,13
"2011","Ross and Cromarty East - 02","S01010700",258,197,108,89,0,21,19,2,30,25,5,10
"2011","Ross and Cromarty East - 03","S01010701",432,296,136,160,1,88,46,42,44,38,6,3
"2011","Ross and Cromarty East - 04","S01010702",417,350,204,146,2,8,4,4,36,33,3,21
"2011","Muir of Ord - 01","S01010703",341,280,177,103,1,5,2,3,52,52,0,3
"2011","Muir of Ord - 02","S01010704",300,191,84,107,1,87,82,5,14,13,1,7
"2011","Muir of Ord - 03","S01010705",463,336,152,184,11,81,41,40,29,24,5,6
"2011","Muir of Ord - 04","S01010706",293,165,66,99,3,95,47,48,26,24,2,4
"2011","Conon - 01","S01010707",265,213,141,72,0,2,2,0,40,33,7,10
"2011","Conon - 02","S01010708",252,190,92,98,1,37,31,6,12,9,3,12
"2011","Conon - 03","S01010709",299,250,112,138,1,28,15,13,16,15,1,4
"2011","Conon - 04","S01010710",316,158,86,72,0,152,134,18,5,4,1,1
"2011","Conon - 05","S01010711",319,269,150,119,1,32,17,15,14,11,3,3
"2011","Dingwall - 01","S01010712",269,141,65,76,2,107,98,9,18,12,6,1
"2011","Dingwall - 02","S01010713",322,209,88,121,1,81,79,2,24,19,5,7
"2011","Dingwall - 03","S01010714",380,164,92,72,0,173,167,6,38,33,5,5
"2011","Dingwall - 04","S01010715",340,208,99,109,2,93,86,7,26,20,6,11
"2011","Dingwall - 05","S01010716",444,235,107,128,12,85,38,47,95,83,12,17
"2011","Dingwall - 06","S01010717",272,252,151,101,0,3,3,0,13,10,3,4
"2011","Dingwall - 07","S01010718",393,281,142,139,11,62,30,32,35,29,6,4
"2011","Black Isle South - 01","S01010719",282,199,111,88,4,44,41,3,27,25,2,8
"2011","Black Isle South - 02","S01010720",336,262,170,92,2,46,41,5,13,10,3,13
"2011","Black Isle South - 03","S01010721",296,249,160,89,4,4,3,1,36,34,2,3
"2011","Black Isle South - 04","S01010722",394,277,152,125,1,78,65,13,31,29,2,7
"2011","Black Isle South - 05","S01010723",329,261,143,118,1,10,7,3,51,47,4,6
"2011","Black Isle South - 06","S01010724",354,251,136,115,2,41,32,9,50,43,7,10
"2011","Black Isle South - 07","S01010725",287,241,147,94,0,1,1,0,38,36,2,7
"2011","Black Isle South - 08","S01010726",415,321,205,116,2,58,38,20,26,22,4,8
"2011","Black Isle North - 01","S01010727",243,206,122,84,0,8,7,1,20,19,1,9
"2011","Black Isle North - 02","S01010728",204,177,96,81,0,4,4,0,22,22,0,1
"2011","Black Isle North - 03","S01010729",269,227,134,93,0,8,6,2,25,21,4,9
"2011","Black Isle North - 04","S01010730",343,296,174,122,0,8,7,1,31,28,3,8
"2011","Black Isle North - 05","S01010731",399,262,151,111,1,79,77,2,49,44,5,8
"2011","Alness - 01","S01010732",334,163,71,92,1,153,152,1,14,12,2,3
"2011","Alness - 02","S01010733",246,84,32,52,0,149,144,5,7,4,3,6
"2011","Alness - 03","S01010734",362,137,53,84,2,205,201,4,11,8,3,7
"2011","Alness - 04","S01010735",244,61,21,40,0,177,176,1,5,5,0,1
"2011","Alness - 05","S01010736",218,196,108,88,0,7,6,1,13,13,0,2
"2011","Alness - 06","S01010737",487,290,154,136,7,130,96,34,43,35,8,17
"2011","Alness - 07","S01010738",235,148,86,62,1,73,71,2,8,6,2,5
"2011","Alness - 08","S01010739",388,224,91,133,9,114,84,30,35,32,3,6
"2011","Invergordon - 01","S01010740",260,53,29,24,2,192,13,179,10,9,1,3
"2011","Invergordon - 02","S01010741",249,184,114,70,3,45,27,18,14,12,2,3
"2011","Invergordon - 03","S01010742",308,192,91,101,2,87,69,18,24,20,4,3
"2011","Invergordon - 04","S01010743",273,106,45,61,1,156,92,64,10,8,2,0
"2011","Invergordon - 05","S01010744",459,335,193,142,0,85,58,27,31,21,10,8
"2011","Invergordon - 06","S01010745",327,192,105,87,0,80,51,29,48,43,5,7
"2011","Seaboard - 01","S01010746",441,299,157,142,1,48,40,8,81,77,4,12
"2011","Seaboard - 02","S01010747",357,200,103,97,4,120,53,67,29,26,3,4
"2011","Seaboard - 03","S01010748",280,214,127,87,0,22,13,9,26,22,4,18
"2011","Seaboard - 04","S01010749",261,194,120,74,1,13,13,0,43,35,8,10
"2011","Seaboard - 05","S01010750",287,230,164,66,0,8,8,0,35,29,6,14
"2011","Seaboard - 06","S01010751",333,132,82,50,1,166,164,2,32,23,9,2
"2011","Tain - 01","S01010752",332,168,75,93,0,107,22,85,45,36,9,12
"2011","Tain - 02","S01010753",434,240,121,119,7,167,144,23,19,16,3,1
"2011","Tain - 03","S01010754",357,205,120,85,1,107,60,47,36,33,3,8
"2011","Tain - 04","S01010755",298,171,90,81,3,82,70,12,32,26,6,10
"2011","Tain - 05","S01010756",286,240,142,98,0,17,11,6,23,20,3,6
"2011","Sutherland South - 01","S01010757",365,257,179,78,0,41,36,5,37,32,5,30
"2011","Sutherland South - 02","S01010758",305,229,164,65,0,28,24,4,43,35,8,5
"2011","Sutherland South - 03","S01010759",279,168,83,85,3,76,37,39,31,29,2,1
"2011","Sutherland South - 04","S01010760",306,216,155,61,0,61,50,11,24,20,4,5
"2011","Sutherland South - 05","S01010761",222,165,105,60,0,2,1,1,39,27,12,16
"2011","Sutherland South - 06","S01010762",263,194,122,72,0,31,28,3,28,23,5,10
"2011","Sutherland South - 07","S01010763",316,196,135,61,2,85,81,4,26,23,3,7
"2011","Sutherland South - 08","S01010764",289,211,147,64,1,27,26,1,34,28,6,16
"2011","Sutherland South - 09","S01010765",471,323,225,98,1,85,79,6,44,34,10,18
"2011","Sutherland East - 01","S01010766",359,238,157,81,0,74,64,10,36,28,8,11
"2011","Sutherland East - 02","S01010767",347,198,131,67,1,122,97,25,19,16,3,7
"2011","Sutherland East - 03","S01010768",284,182,127,55,0,78,73,5,19,14,5,5
"2011","Sutherland East - 04","S01010769",217,176,131,45,0,4,4,0,22,21,1,15
"2011","Sutherland East - 05","S01010770",385,230,118,112,1,100,62,38,40,35,5,14
"2011","Sutherland East - 06","S01010771",445,285,214,71,1,101,83,18,35,29,6,23
"2011","Caithness South - 01","S01010772",376,261,197,64,1,48,40,8,43,37,6,23
"2011","Caithness South - 02","S01010773",336,265,166,99,1,35,33,2,22,19,3,13
"2011","Caithness South - 03","S01010774",325,216,131,85,1,76,74,2,20,16,4,12
"2011","Caithness South - 04","S01010775",266,229,126,103,0,15,15,0,13,9,4,9
"2011","Wick South - 01","S01010776",266,170,91,79,0,65,63,2,26,23,3,5
"2011","Wick South - 02","S01010777",270,126,71,55,0,122,91,31,18,14,4,4
"2011","Wick South - 03","S01010778",239,71,33,38,0,155,119,36,11,9,2,2
"2011","Wick South - 04","S01010779",355,169,96,73,2,154,139,15,23,21,2,7
"2011","Wick South - 05","S01010780",261,189,114,75,1,54,53,1,10,9,1,7
"2011","Wick South - 06","S01010781",350,261,136,125,1,49,16,33,33,23,10,6
"2011","Wick North - 01","S01010782",293,179,99,80,1,73,59,14,32,30,2,8
"2011","Wick North - 02","S01010783",275,150,82,68,2,89,88,1,21,21,0,13
"2011","Wick North - 03","S01010784",345,168,71,97,0,154,151,3,22,20,2,1
"2011","Wick North - 04","S01010785",301,252,147,105,0,33,32,1,13,11,2,3
"2011","Wick North - 05","S01010786",255,210,89,121,1,28,27,1,13,8,5,3
"2011","Caithness North East - 01","S01010787",384,273,167,106,0,64,62,2,37,33,4,10
"2011","Caithness North East - 02","S01010788",274,208,120,88,0,30,28,2,30,27,3,6
"2011","Caithness North East - 03","S01010789",292,206,118,88,1,62,62,0,18,15,3,5
"2011","Caithness North East - 04","S01010790",282,234,159,75,0,22,21,1,18,16,2,8
"2011","Caithness North East - 05","S01010791",369,308,204,104,1,26,24,2,27,22,5,7
"2011","Caithness North West - 01","S01010792",287,153,78,75,0,115,109,6,14,14,0,5
"2011","Caithness North West - 02","S01010793",275,223,129,94,2,20,17,3,22,21,1,8
"2011","Caithness North West - 03","S01010794",234,167,80,87,5,21,12,9,36,29,7,5
"2011","Caithness North West - 04","S01010795",445,339,202,137,0,59,58,1,44,37,7,3
"2011","Caithness North West - 05","S01010796",341,279,177,102,1,15,14,1,41,29,12,5
"2011","Caithness North West - 06","S01010797",329,267,146,121,2,22,18,4,29,28,1,9
"2011","Caithness North West - 07","S01010798",293,234,155,79,0,27,26,1,23,22,1,9
"2011","Thurso East - 01","S01010799",530,300,186,114,5,135,87,48,72,67,5,18
"2011","Thurso East - 02","S01010800",360,206,110,96,2,129,52,77,18,15,3,5
"2011","Thurso East - 03","S01010801",354,213,119,94,1,120,115,5,18,15,3,2
"2011","Thurso East - 04","S01010802",263,174,84,90,0,69,57,12,14,9,5,6
"2011","Thurso West - 01","S01010803",280,140,79,61,0,107,63,44,28,23,5,5
"2011","Thurso West - 02","S01010804",283,192,124,68,0,58,11,47,24,20,4,9
"2011","Thurso West - 03","S01010805",377,273,159,114,0,74,16,58,29,25,4,1
"2011","Thurso West - 04","S01010806",458,215,112,103,2,211,128,83,28,23,5,2
"2011","Thurso West - 05","S01010807",244,147,85,62,2,77,9,68,16,14,2,2
"2011","Thurso West - 06","S01010808",230,154,86,68,2,59,1,58,10,6,4,5
"2011","Thurso West - 07","S01010809",328,259,141,118,0,36,29,7,29,24,5,4
"2011","Sutherland North and West - 01","S01010810",249,173,130,43,0,46,43,3,18,10,8,12
"2011","Sutherland North and West - 02","S01010811",414,277,197,80,1,50,43,7,53,41,12,33
"2011","Sutherland North and West - 03","S01010812",238,176,130,46,0,35,22,13,12,9,3,15
"2011","Sutherland North and West - 04","S01010813",249,153,93,60,0,63,28,35,21,17,4,12
"2011","Sutherland North and West - 05","S01010814",307,235,170,65,0,29,21,8,32,19,13,11
"2011","Sutherland North and West - 06","S01010815",208,120,90,30,0,42,26,16,28,26,2,18
"2011","Kilmacolm Central - 01","S01010816",293,237,143,94,0,26,0,26,24,19,5,6
"2011","Kilmacolm Central - 02","S01010817",376,326,168,158,0,6,0,6,38,33,5,6
"2011","Kilmacolm Central - 03","S01010818",507,410,213,197,0,20,0,20,65,59,6,12
"2011","Kilmacolm, Quarriers, Greenock Upper East/Central - 01","S01010819",374,292,145,147,1,44,0,44,34,27,7,3
"2011","Kilmacolm, Quarriers, Greenock Upper East/Central - 02","S01010820",217,191,104,87,0,1,0,1,23,19,4,2
"2011","Kilmacolm, Quarriers, Greenock Upper East/Central - 03","S01010821",245,211,128,83,0,10,0,10,20,20,0,4
"2011","Kilmacolm, Quarriers, Greenock Upper East/Central - 04","S01010822",280,220,93,127,0,7,0,7,48,42,6,5
"2011","Kilmacolm, Quarriers, Greenock Upper East/Central - 05","S01010823",147,91,19,72,24,17,0,17,15,14,1,0
"2011","Inverkip and Wemyss Bay - 01","S01010824",250,225,45,180,3,11,0,11,11,9,2,0
"2011","Inverkip and Wemyss Bay - 02","S01010825",125,113,27,86,0,1,0,1,10,7,3,1
"2011","Inverkip and Wemyss Bay - 03","S01010826",315,260,129,131,0,5,0,5,49,45,4,1
"2011","Inverkip and Wemyss Bay - 04","S01010827",221,211,78,133,0,3,0,3,2,2,0,5
"2011","Inverkip and Wemyss Bay - 05","S01010828",441,405,123,282,0,22,0,22,12,9,3,2
"2011","Inverkip and Wemyss Bay - 06","S01010829",464,353,168,185,0,31,0,31,75,67,8,5
"2011","Inverkip and Wemyss Bay - 07","S01010830",231,186,70,116,0,17,0,17,28,25,3,0
"2011","Inverkip and Wemyss Bay - 08","S01010831",197,182,25,157,0,8,0,8,5,4,1,2
"2011","West Braeside, East Inverkip and West Gourock - 01","S01010832",284,239,66,173,1,8,0,8,33,30,3,3
"2011","West Braeside, East Inverkip and West Gourock - 02","S01010833",348,333,137,196,3,1,0,1,10,9,1,1
"2011","West Braeside, East Inverkip and West Gourock - 03","S01010834",422,381,223,158,1,4,0,4,33,26,7,3
"2011","West Braeside, East Inverkip and West Gourock - 04","S01010835",270,263,162,101,0,0,0,0,7,6,1,0
"2011","Gourock Upper and West Central and Upper Larkfield - 01","S01010836",384,322,165,157,1,5,0,5,54,46,8,2
"2011","Gourock Upper and West Central and Upper Larkfield - 02","S01010837",289,253,133,120,2,22,0,22,12,9,3,0
"2011","Gourock Upper and West Central and Upper Larkfield - 03","S01010838",330,266,111,155,1,47,0,47,16,16,0,0
"2011","Gourock Upper and West Central and Upper Larkfield - 04","S01010839",339,281,144,137,0,36,0,36,21,15,6,1
"2011","Gourock Upper and West Central and Upper Larkfield - 05","S01010840",300,221,114,107,1,13,0,13,64,60,4,1
"2011","Gourock Upper and West Central and Upper Larkfield - 06","S01010841",390,296,135,161,1,13,0,13,78,73,5,2
"2011","Gourock Central, Upper East and IRH - 01","S01010842",613,269,134,135,1,178,0,178,163,156,7,2
"2011","Gourock Central, Upper East and IRH - 02","S01010843",407,213,101,112,9,90,0,90,92,82,10,3
"2011","Gourock Central, Upper East and IRH - 03","S01010844",289,268,148,120,0,10,0,10,11,9,2,0
"2011","Gourock Central, Upper East and IRH - 04","S01010845",259,220,114,106,0,24,0,24,14,12,2,1
"2011","Gourock Central, Upper East and IRH - 05","S01010846",296,216,76,140,1,61,0,61,18,17,1,0
"2011","Gourock Central, Upper East and IRH - 06","S01010847",259,239,70,169,1,6,0,6,13,11,2,0
"2011","Braeside, Branchton, Lower Larkfield and Ravenscraig - 01","S01010848",260,130,50,80,0,113,0,113,17,16,1,0
"2011","Braeside, Branchton, Lower Larkfield and Ravenscraig - 02","S01010849",364,197,77,120,1,148,0,148,15,15,0,3
"2011","Braeside, Branchton, Lower Larkfield and Ravenscraig - 03","S01010850",373,176,64,112,0,178,0,178,17,15,2,2
"2011","Braeside, Branchton, Lower Larkfield and Ravenscraig - 04","S01010851",347,179,59,120,0,136,0,136,31,29,2,1
"2011","Braeside, Branchton, Lower Larkfield and Ravenscraig - 05","S01010852",306,233,81,152,0,62,0,62,10,9,1,1
"2011","Braeside, Branchton, Lower Larkfield and Ravenscraig - 06","S01010853",358,275,102,173,0,66,0,66,16,13,3,1
"2011","Braeside, Branchton, Lower Larkfield and Ravenscraig - 07","S01010854",384,182,58,124,2,181,0,181,15,13,2,4
"2011","Braeside, Branchton, Lower Larkfield and Ravenscraig - 08","S01010855",223,144,56,88,1,57,0,57,20,15,5,1
"2011","Lower Bow and Larkfield, Fancy Farm, Mallard Bowl - 01","S01010856",455,261,119,142,1,165,0,165,28,23,5,0
"2011","Lower Bow and Larkfield, Fancy Farm, Mallard Bowl - 02","S01010857",324,216,53,163,12,77,0,77,17,12,5,2
"2011","Lower Bow and Larkfield, Fancy Farm, Mallard Bowl - 03","S01010858",330,200,81,119,11,98,0,98,20,18,2,1
"2011","Lower Bow and Larkfield, Fancy Farm, Mallard Bowl - 04","S01010859",304,162,47,115,10,117,0,117,14,11,3,1
"2011","Lower Bow and Larkfield, Fancy Farm, Mallard Bowl - 05","S01010860",279,194,73,121,0,69,0,69,15,13,2,1
"2011","Lower Bow and Larkfield, Fancy Farm, Mallard Bowl - 06","S01010861",332,164,68,96,0,125,0,125,38,34,4,5
"2011","Lower Bow and Larkfield, Fancy Farm, Mallard Bowl - 07","S01010862",266,46,14,32,3,202,0,202,15,12,3,0
"2011","Gourock East, Greenock West and Lyle Road - 01","S01010863",317,260,134,126,2,21,0,21,28,23,5,6
"2011","Gourock East, Greenock West and Lyle Road - 02","S01010864",250,228,133,95,1,2,0,2,18,18,0,1
"2011","Gourock East, Greenock West and Lyle Road - 03","S01010865",345,313,207,106,0,10,0,10,20,17,3,2
"2011","Gourock East, Greenock West and Lyle Road - 04","S01010866",312,246,143,103,0,30,0,30,33,26,7,3
"2011","Gourock East, Greenock West and Lyle Road - 05","S01010867",285,222,122,100,0,35,0,35,23,20,3,5
"2011","Gourock East, Greenock West and Lyle Road - 06","S01010868",306,250,139,111,0,40,0,40,13,12,1,3
"2011","Gourock East, Greenock West and Lyle Road - 07","S01010869",290,265,154,111,0,6,0,6,13,12,1,6
"2011","Greenock West and Central - 01","S01010870",407,285,155,130,1,33,0,33,86,71,15,2
"2011","Greenock West and Central - 02","S01010871",408,290,130,160,4,15,0,15,93,81,12,6
"2011","Greenock West and Central - 03","S01010872",403,241,84,157,15,53,0,53,90,86,4,4
"2011","Greenock West and Central - 04","S01010873",400,82,38,44,0,247,0,247,69,64,5,2
"2011","Greenock West and Central - 05","S01010874",307,250,101,149,4,9,0,9,37,34,3,7
"2011","Greenock West and Central - 06","S01010875",257,160,61,99,0,32,0,32,61,55,6,4
"2011","Greenock West and Central - 07","S01010876",393,145,67,78,1,160,0,160,85,83,2,2
"2011","Greenock West and Central - 08","S01010877",467,257,114,143,0,132,0,132,75,69,6,3
"2011","Bow Farm, Barrs Cottage, Cowdenknowes and Overton - 01","S01010878",512,332,174,158,0,96,0,96,76,72,4,8
"2011","Bow Farm, Barrs Cottage, Cowdenknowes and Overton - 02","S01010879",387,279,113,166,11,69,0,69,26,24,2,2
"2011","Bow Farm, Barrs Cottage, Cowdenknowes and Overton - 03","S01010880",268,136,71,65,5,113,0,113,12,9,3,2
"2011","Bow Farm, Barrs Cottage, Cowdenknowes and Overton - 04","S01010881",285,240,117,123,0,33,0,33,11,8,3,1
"2011","Bow Farm, Barrs Cottage, Cowdenknowes and Overton - 05","S01010882",203,157,51,106,0,39,0,39,5,4,1,2
"2011","Bow Farm, Barrs Cottage, Cowdenknowes and Overton - 06","S01010883",336,261,88,173,0,66,0,66,8,7,1,1
"2011","Greenock Upper Central - 01","S01010884",408,141,74,67,1,232,0,232,32,27,5,2
"2011","Greenock Upper Central - 02","S01010885",541,161,56,105,0,303,0,303,73,68,5,4
"2011","Greenock Upper Central - 03","S01010886",250,116,42,74,1,75,0,75,58,54,4,0
"2011","Greenock Upper Central - 04","S01010887",458,136,63,73,0,291,0,291,30,26,4,1
"2011","Greenock Upper Central - 05","S01010888",437,216,104,112,5,140,0,140,74,66,8,2
"2011","Greenock Upper Central - 06","S01010889",344,96,27,69,3,184,0,184,61,55,6,0
"2011","Greenock Town Centre and East Central - 01","S01010890",507,209,103,106,0,234,0,234,63,56,7,1
"2011","Greenock Town Centre and East Central - 02","S01010891",280,49,19,30,1,152,0,152,74,71,3,4
"2011","Greenock Town Centre and East Central - 03","S01010892",531,196,85,111,2,259,0,259,72,68,4,2
"2011","Greenock Town Centre and East Central - 04","S01010893",327,82,34,48,0,202,0,202,43,39,4,0
"2011","Greenock Town Centre and East Central - 05","S01010894",312,142,29,113,6,108,0,108,53,52,1,3
"2011","Greenock Town Centre and East Central - 06","S01010895",256,103,56,47,0,136,0,136,15,14,1,2
"2011","Greenock Town Centre and East Central - 07","S01010896",339,156,76,80,0,151,0,151,29,25,4,3
"2011","Greenock Town Centre and East Central - 08","S01010897",380,118,54,64,0,253,0,253,7,6,1,2
"2011","Greenock East - 01","S01010898",253,108,37,71,2,134,0,134,9,9,0,0
"2011","Greenock East - 02","S01010899",221,174,48,126,0,30,0,30,17,15,2,0
"2011","Greenock East - 03","S01010900",298,154,45,109,0,74,0,74,70,63,7,0
"2011","Greenock East - 04","S01010901",205,64,33,31,1,132,0,132,8,4,4,0
"2011","Greenock East - 05","S01010902",453,278,121,157,1,154,0,154,18,11,7,2
"2011","Greenock East - 06","S01010903",427,105,41,64,9,292,0,292,20,18,2,1
"2011","Greenock East - 07","S01010904",271,94,12,82,0,162,0,162,15,13,2,0
"2011","Greenock East - 08","S01010905",290,110,27,83,11,117,0,117,51,49,2,1
"2011","Greenock East - 09","S01010906",383,189,37,152,0,166,0,166,27,23,4,1
"2011","Port Glasgow Upper, West and Central - 01","S01010907",199,177,23,154,0,6,0,6,16,14,2,0
"2011","Port Glasgow Upper, West and Central - 02","S01010908",274,149,63,86,1,101,0,101,23,19,4,0
"2011","Port Glasgow Upper, West and Central - 03","S01010909",284,250,114,136,0,14,0,14,20,16,4,0
"2011","Port Glasgow Upper, West and Central - 04","S01010910",273,94,36,58,0,105,0,105,72,66,6,2
"2011","Port Glasgow Upper, West and Central - 05","S01010911",360,135,61,74,0,163,0,163,60,51,9,2
"2011","Port Glasgow Upper, West and Central - 06","S01010912",392,106,47,59,0,228,0,228,57,46,11,1
"2011","Port Glasgow Upper, West and Central - 07","S01010913",293,218,91,127,0,19,0,19,51,50,1,5
"2011","Port Glasgow Upper, West and Central - 08","S01010914",255,223,74,149,0,15,0,15,16,15,1,1
"2011","Port Glasgow Upper, West and Central - 09","S01010915",271,214,72,142,0,26,0,26,27,21,6,4
"2011","Port Glasgow Mid, East and Central - 01","S01010916",333,118,58,60,0,92,0,92,121,116,5,2
"2011","Port Glasgow Mid, East and Central - 02","S01010917",369,245,110,135,0,68,0,68,54,50,4,2
"2011","Port Glasgow Mid, East and Central - 03","S01010918",334,212,88,124,0,103,0,103,18,13,5,1
"2011","Port Glasgow Mid, East and Central - 04","S01010919",335,210,88,122,0,107,0,107,18,14,4,0
"2011","Port Glasgow Mid, East and Central - 05","S01010920",254,56,16,40,0,172,0,172,23,18,5,3
"2011","Port Glasgow Mid, East and Central - 06","S01010921",257,143,47,96,0,94,0,94,18,17,1,2
"2011","Port Glasgow Mid, East and Central - 07","S01010922",346,167,72,95,0,163,0,163,14,14,0,2
"2011","Port Glasgow Upper East - 01","S01010923",398,238,86,152,2,136,0,136,22,19,3,0
"2011","Port Glasgow Upper East - 02","S01010924",260,167,56,111,1,76,0,76,16,16,0,0
"2011","Port Glasgow Upper East - 03","S01010925",386,185,81,104,0,180,0,180,20,17,3,1
"2011","Port Glasgow Upper East - 04","S01010926",352,182,81,101,0,145,0,145,24,22,2,1
"2011","Port Glasgow Upper East - 05","S01010927",251,160,64,96,0,72,0,72,16,15,1,3
"2011","Port Glasgow Upper East - 06","S01010928",311,157,63,94,0,120,0,120,32,29,3,2
"2011","Port Glasgow Upper East - 07","S01010929",271,127,53,74,0,125,0,125,17,16,1,2
"2011","Rural South Midlothian - 01","S01010930",357,268,101,167,0,12,10,2,69,64,5,8
"2011","Rural South Midlothian - 02","S01010931",203,104,60,44,0,21,18,3,65,57,8,13
"2011","Rural South Midlothian - 03","S01010932",277,126,52,74,0,130,70,60,17,17,0,4
"2011","Rural South Midlothian - 04","S01010933",276,231,89,142,3,21,7,14,20,17,3,1
"2011","Penicuik Southeast - 01","S01010934",424,358,160,198,0,12,11,1,51,43,8,3
"2011","Penicuik Southeast - 02","S01010935",323,247,159,88,0,53,21,32,19,15,4,4
"2011","Penicuik Southeast - 03","S01010936",404,208,97,111,12,138,35,103,42,36,6,4
"2011","Penicuik Southeast - 04","S01010937",323,252,112,140,0,53,51,2,17,12,5,1
"2011","Penicuik Southeast - 05","S01010938",369,148,64,84,1,186,184,2,31,25,6,3
"2011","Penicuik Southwest - 01","S01010939",199,161,70,91,1,27,22,5,10,8,2,0
"2011","Penicuik Southwest - 02","S01010940",268,261,143,118,0,1,0,1,4,4,0,2
"2011","Penicuik Southwest - 03","S01010941",323,310,152,158,1,4,1,3,6,4,2,2
"2011","Penicuik Southwest - 04","S01010942",268,261,141,120,0,1,1,0,4,2,2,2
"2011","Penicuik Southwest - 05","S01010943",244,145,51,94,0,85,54,31,13,11,2,1
"2011","Penicuik Southwest - 06","S01010944",295,127,54,73,0,138,128,10,28,26,2,2
"2011","Penicuik East - 01","S01010945",222,141,57,84,1,69,68,1,11,9,2,0
"2011","Penicuik East - 02","S01010946",344,195,68,127,0,128,126,2,18,15,3,3
"2011","Penicuik East - 03","S01010947",242,133,58,75,0,88,81,7,19,17,2,2
"2011","Penicuik East - 04","S01010948",288,171,61,110,1,107,107,0,8,8,0,1
"2011","Penicuik North - 01","S01010949",344,327,155,172,1,7,6,1,8,6,2,1
"2011","Penicuik North - 02","S01010950",380,269,141,128,2,88,38,50,19,16,3,2
"2011","Penicuik North - 03","S01010951",258,198,77,121,0,44,5,39,14,14,0,2
"2011","Penicuik North - 04","S01010952",199,153,35,118,0,34,23,11,12,9,3,0
"2011","Penicuik North - 05","S01010953",225,172,70,102,0,42,6,36,11,8,3,0
"2011","Pentland - 01","S01010954",206,182,89,93,1,11,9,2,10,6,4,2
"2011","Pentland - 02","S01010955",345,184,88,96,0,44,11,33,112,17,95,5
"2011","Pentland - 03","S01010956",304,201,89,112,1,28,24,4,54,41,13,20
"2011","Roslin and Bilston - 01","S01010957",231,212,116,96,0,10,9,1,9,6,3,0
"2011","Roslin and Bilston - 02","S01010958",224,164,93,71,0,42,42,0,12,9,3,6
"2011","Roslin and Bilston - 03","S01010959",290,184,84,100,0,66,11,55,35,30,5,5
"2011","Roslin and Bilston - 04","S01010960",441,266,106,160,1,116,73,43,47,38,9,11
"2011","Roslin and Bilston - 05","S01010961",246,144,66,78,0,86,67,19,14,12,2,2
"2011","Straiton - 01","S01010962",314,288,251,37,10,3,3,0,10,7,3,3
"2011","Straiton - 02","S01010963",395,303,118,185,3,56,35,21,32,26,6,1
"2011","Straiton - 03","S01010964",216,175,91,84,2,31,30,1,7,5,2,1
"2011","Straiton - 04","S01010965",230,93,41,52,0,116,116,0,19,17,2,2
"2011","Loanhead - 01","S01010966",309,198,81,117,4,79,49,30,23,22,1,5
"2011","Loanhead - 02","S01010967",309,158,71,87,1,125,118,7,20,17,3,5
"2011","Loanhead - 03","S01010968",316,249,141,108,0,31,29,2,29,26,3,7
"2011","Loanhead - 04","S01010969",264,213,120,93,0,37,7,30,14,13,1,0
"2011","Loanhead - 05","S01010970",428,296,139,157,1,89,87,2,32,29,3,10
"2011","Bonnyrigg South - 01","S01010971",401,327,132,195,1,38,20,18,34,32,2,1
"2011","Bonnyrigg South - 02","S01010972",333,144,64,80,3,166,162,4,17,12,5,3
"2011","Bonnyrigg South - 03","S01010973",205,167,92,75,0,27,5,22,9,5,4,2
"2011","Bonnyrigg South - 04","S01010974",298,157,66,91,2,131,127,4,6,5,1,2
"2011","Bonnyrigg South - 05","S01010975",195,80,29,51,0,101,99,2,13,10,3,1
"2011","Bonnyrigg South - 06","S01010976",211,124,42,82,5,71,68,3,9,7,2,2
"2011","Bonnyrigg South - 07","S01010977",312,212,72,140,2,75,59,16,19,15,4,4
"2011","Bonnyrigg North - 01","S01010978",354,166,62,104,0,141,115,26,39,36,3,8
"2011","Bonnyrigg North - 02","S01010979",324,186,70,116,1,117,52,65,18,12,6,2
"2011","Bonnyrigg North - 03","S01010980",348,197,85,112,0,113,110,3,34,29,5,4
"2011","Bonnyrigg North - 04","S01010981",330,177,86,91,0,120,82,38,30,26,4,3
"2011","Bonnyrigg North - 05","S01010982",447,368,185,183,0,33,29,4,41,35,6,5
"2011","Bonnyrigg North - 06","S01010983",388,263,133,130,1,79,76,3,39,33,6,6
"2011","Bonnyrigg North - 07","S01010984",300,258,162,96,0,33,31,2,4,4,0,5
"2011","Newbattle and Dalhousie - 01","S01010985",244,158,65,93,1,60,57,3,22,17,5,3
"2011","Newbattle and Dalhousie - 02","S01010986",179,171,38,133,0,3,3,0,5,4,1,0
"2011","Newbattle and Dalhousie - 03","S01010987",219,207,56,151,1,3,2,1,6,4,2,2
"2011","Newbattle and Dalhousie - 04","S01010988",205,197,44,153,0,4,4,0,4,3,1,0
"2011","Newbattle and Dalhousie - 05","S01010989",357,323,31,292,3,5,3,2,25,20,5,1
"2011","Newbattle and Dalhousie - 06","S01010990",319,215,92,123,0,73,57,16,28,26,2,3
"2011","Newbattle and Dalhousie - 07","S01010991",198,157,63,94,0,23,23,0,15,13,2,3
"2011","Newbattle and Dalhousie - 08","S01010992",184,166,25,141,0,6,5,1,10,10,0,2
"2011","Newbattle and Dalhousie - 09","S01010993",252,208,70,138,0,34,9,25,7,7,0,3
"2011","Eskbank - 01","S01010994",390,350,148,202,0,9,5,4,29,23,6,2
"2011","Eskbank - 02","S01010995",290,271,136,135,0,7,4,3,10,9,1,2
"2011","Eskbank - 03","S01010996",235,212,87,125,0,6,5,1,14,12,2,3
"2011","Eskbank - 04","S01010997",290,271,174,97,0,7,3,4,12,11,1,0
"2011","Eskbank - 05","S01010998",216,201,100,101,0,2,1,1,11,11,0,2
"2011","Eskbank - 06","S01010999",412,297,168,129,0,72,24,48,40,37,3,3
"2011","Shawfair - 01","S01011000",345,246,119,127,1,56,12,44,37,32,5,5
"2011","Shawfair - 02","S01011001",273,174,70,104,1,81,79,2,14,13,1,3
"2011","Shawfair - 03","S01011002",314,178,75,103,0,116,98,18,17,15,2,3
"2011","Shawfair - 04","S01011003",280,172,73,99,1,90,52,38,13,9,4,4
"2011","Shawfair - 05","S01011004",249,201,56,145,0,37,36,1,10,10,0,1
"2011","Thornybank - 01","S01011005",337,173,76,97,1,125,120,5,33,33,0,5
"2011","Thornybank - 02","S01011006",422,277,84,193,3,99,95,4,35,28,7,8
"2011","Thornybank - 03","S01011007",280,128,51,77,2,130,127,3,15,12,3,5
"2011","Thornybank - 04","S01011008",332,199,90,109,0,119,85,34,11,10,1,3
"2011","Thornybank - 05","S01011009",222,106,28,78,1,107,104,3,8,6,2,0
"2011","Dalkeith - 01","S01011010",335,146,75,71,5,102,44,58,78,75,3,4
"2011","Dalkeith - 02","S01011011",435,133,53,80,0,244,188,56,51,47,4,7
"2011","Dalkeith - 03","S01011012",313,79,32,47,1,217,215,2,14,13,1,2
"2011","Dalkeith - 04","S01011013",375,221,103,118,0,135,134,1,15,14,1,4
"2011","Pathhead and Rural East Midlothian - 01","S01011014",364,241,104,137,1,93,87,6,26,23,3,3
"2011","Pathhead and Rural East Midlothian - 02","S01011015",200,117,54,63,0,76,53,23,7,6,1,0
"2011","Pathhead and Rural East Midlothian - 03","S01011016",311,238,28,210,1,56,24,32,16,15,1,0
"2011","Pathhead and Rural East Midlothian - 04","S01011017",352,256,147,109,1,23,21,2,62,59,3,10
"2011","Pathhead and Rural East Midlothian - 05","S01011018",366,200,87,113,1,132,115,17,30,26,4,3
"2011","Pathhead and Rural East Midlothian - 06","S01011019",408,226,108,118,2,93,57,36,73,70,3,14
"2011","Pathhead and Rural East Midlothian - 07","S01011020",202,166,59,107,0,13,12,1,13,10,3,10
"2011","Easthouses - 01","S01011021",351,222,95,127,1,108,46,62,20,12,8,0
"2011","Easthouses - 02","S01011022",233,115,46,69,3,105,24,81,8,6,2,2
"2011","Easthouses - 03","S01011023",350,233,83,150,0,93,28,65,20,17,3,4
"2011","Easthouses - 04","S01011024",302,128,48,80,1,154,20,134,15,10,5,4
"2011","Mayfield - 01","S01011025",276,104,27,77,1,155,121,34,14,14,0,2
"2011","Mayfield - 02","S01011026",235,91,27,64,0,137,129,8,7,7,0,0
"2011","Mayfield - 03","S01011027",418,138,45,93,1,259,66,193,19,13,6,1
"2011","Mayfield - 04","S01011028",425,176,87,89,1,230,218,12,14,11,3,4
"2011","Mayfield - 05","S01011029",264,150,56,94,1,98,57,41,14,10,4,1
"2011","Mayfield - 06","S01011030",369,305,107,198,1,45,14,31,17,11,6,1
"2011","Newtongrange - 01","S01011031",320,144,69,75,1,157,137,20,14,8,6,4
"2011","Newtongrange - 02","S01011032",353,198,91,107,0,114,89,25,34,29,5,7
"2011","Newtongrange - 03","S01011033",275,197,69,128,2,57,13,44,15,14,1,4
"2011","Newtongrange - 04","S01011034",331,165,59,106,1,136,22,114,26,24,2,3
"2011","Newtongrange - 05","S01011035",252,117,24,93,0,121,11,110,13,12,1,1
"2011","Newtongrange - 06","S01011036",285,189,71,118,1,64,5,59,28,24,4,3
"2011","North Gorebridge - 01","S01011037",409,190,61,129,2,173,169,4,39,35,4,5
"2011","North Gorebridge - 02","S01011038",337,103,44,59,2,218,120,98,10,8,2,4
"2011","North Gorebridge - 03","S01011039",392,202,54,148,1,142,70,72,46,44,2,1
"2011","Gorebridge and Middleton - 01","S01011040",285,153,71,82,0,115,14,101,16,16,0,1
"2011","Gorebridge and Middleton - 02","S01011041",292,109,47,62,0,175,108,67,7,7,0,1
"2011","Gorebridge and Middleton - 03","S01011042",333,252,66,186,0,48,39,9,29,25,4,4
"2011","Gorebridge and Middleton - 04","S01011043",310,180,77,103,0,117,93,24,8,8,0,5
"2011","Gorebridge and Middleton - 05","S01011044",307,149,49,100,0,134,126,8,22,21,1,2
"2011","South Speyside and the Cabrach - 01","S01011045",369,203,128,75,0,58,31,27,82,66,16,26
"2011","South Speyside and the Cabrach - 02","S01011046",362,246,148,98,0,19,16,3,52,45,7,45
"2011","South Speyside and the Cabrach - 03","S01011047",396,296,187,109,1,25,17,8,46,36,10,28
"2011","South Speyside and the Cabrach - 04","S01011048",440,289,161,128,1,109,74,35,29,25,4,12
"2011","South Speyside and the Cabrach - 05","S01011049",322,226,119,107,0,62,61,1,25,19,6,9
"2011","North Speyside - 01","S01011050",323,234,123,111,1,18,17,1,44,34,10,26
"2011","North Speyside - 02","S01011051",428,285,169,116,1,81,65,16,37,32,5,24
"2011","North Speyside - 03","S01011052",366,255,175,80,1,55,36,19,44,38,6,11
"2011","North Speyside - 04","S01011053",295,174,90,84,3,91,89,2,24,22,2,3
"2011","North Speyside - 05","S01011054",244,168,88,80,0,49,47,2,18,14,4,9
"2011","Rural Keith and Strathisla - 01","S01011055",228,134,78,56,0,19,19,0,58,52,6,17
"2011","Rural Keith and Strathisla - 02","S01011056",271,228,150,78,0,13,12,1,22,19,3,8
"2011","Rural Keith and Strathisla - 03","S01011057",238,188,121,67,0,23,22,1,20,13,7,7
"2011","Rural Keith and Strathisla - 04","S01011058",251,215,133,82,0,5,5,0,26,24,2,5
"2011","Rural Keith and Strathisla - 05","S01011059",248,187,118,69,1,16,15,1,33,29,4,11
"2011","Keith and Fife Keith - 01","S01011060",402,286,189,97,7,75,39,36,21,15,6,13
"2011","Keith and Fife Keith - 02","S01011061",404,202,106,96,0,155,146,9,42,36,6,5
"2011","Keith and Fife Keith - 03","S01011062",423,283,164,119,0,76,43,33,61,56,5,3
"2011","Keith and Fife Keith - 04","S01011063",472,256,157,99,0,191,158,33,11,9,2,14
"2011","Keith and Fife Keith - 05","S01011064",480,343,211,132,0,85,80,5,37,31,6,15
"2011","Cullen, Portknockie, Findochty, Drybridge and Berryhillock - 01","S01011065",289,186,102,84,0,53,52,1,44,40,4,6
"2011","Cullen, Portknockie, Findochty, Drybridge and Berryhillock - 02","S01011066",231,163,111,52,1,45,44,1,20,19,1,2
"2011","Cullen, Portknockie, Findochty, Drybridge and Berryhillock - 03","S01011067",284,207,128,79,0,50,32,18,22,19,3,5
"2011","Cullen, Portknockie, Findochty, Drybridge and Berryhillock - 04","S01011068",238,165,84,81,0,54,53,1,13,11,2,6
"2011","Cullen, Portknockie, Findochty, Drybridge and Berryhillock - 05","S01011069",251,168,102,66,1,60,36,24,12,9,3,10
"2011","Cullen, Portknockie, Findochty, Drybridge and Berryhillock - 06","S01011070",274,207,111,96,1,41,40,1,14,11,3,11
"2011","Cullen, Portknockie, Findochty, Drybridge and Berryhillock - 07","S01011071",357,293,181,112,1,37,22,15,24,16,8,2
"2011","Cullen, Portknockie, Findochty, Drybridge and Berryhillock - 08","S01011072",407,315,162,153,0,63,18,45,21,19,2,8
"2011","Buckie Central East - 01","S01011073",286,245,136,109,0,14,12,2,23,20,3,4
"2011","Buckie Central East - 02","S01011074",280,220,111,109,1,41,40,1,15,13,2,3
"2011","Buckie Central East - 03","S01011075",322,162,84,78,0,140,138,2,13,11,2,7
"2011","Buckie Central East - 04","S01011076",348,202,116,86,0,125,93,32,18,12,6,3
"2011","Buckie Central East - 05","S01011077",337,110,63,47,1,220,217,3,6,5,1,0
"2011","Buckie West and Mains of Buckie - 01","S01011078",466,379,221,158,0,52,27,25,31,27,4,4
"2011","Buckie West and Mains of Buckie - 02","S01011079",488,390,200,190,1,24,16,8,64,60,4,9
"2011","Buckie West and Mains of Buckie - 03","S01011080",461,325,189,136,0,90,45,45,28,22,6,18
"2011","Buckie West and Mains of Buckie - 04","S01011081",352,238,131,107,0,101,87,14,9,7,2,4
"2011","Buckie West and Mains of Buckie - 05","S01011082",269,114,55,59,0,142,106,36,8,8,0,5
"2011","Mosstodloch, Portgordon and seaward - 01","S01011083",347,256,128,128,1,64,63,1,18,15,3,8
"2011","Mosstodloch, Portgordon and seaward - 02","S01011084",330,269,156,113,0,22,9,13,33,26,7,6
"2011","Mosstodloch, Portgordon and seaward - 03","S01011085",383,310,186,124,0,35,24,11,29,28,1,9
"2011","Mosstodloch, Portgordon and seaward - 04","S01011086",273,212,141,71,0,27,25,2,30,19,11,4
"2011","Mosstodloch, Portgordon and seaward - 05","S01011087",262,182,87,95,3,61,59,2,14,12,2,2
"2011","Fochabers, Aultmore, Clochan and Ordiquish - 01","S01011088",453,323,178,145,0,68,30,38,56,45,11,6
"2011","Fochabers, Aultmore, Clochan and Ordiquish - 02","S01011089",310,164,96,68,0,126,93,33,16,13,3,4
"2011","Fochabers, Aultmore, Clochan and Ordiquish - 03","S01011090",304,241,145,96,1,4,2,2,50,33,17,8
"2011","Heldon West, Fogwatt to Inchberry - 01","S01011091",260,202,108,94,0,4,4,0,42,40,2,12
"2011","Heldon West, Fogwatt to Inchberry - 02","S01011092",181,47,15,32,10,106,9,97,16,15,1,2
"2011","Heldon West, Fogwatt to Inchberry - 03","S01011093",239,212,92,120,1,5,5,0,19,15,4,2
"2011","Heldon West, Fogwatt to Inchberry - 04","S01011094",196,150,70,80,0,4,0,4,26,21,5,16
"2011","Heldon West, Fogwatt to Inchberry - 05","S01011095",318,250,147,103,1,8,8,0,52,46,6,7
"2011","Lhanbryde, Urquhart, Pitgavney and seaward - 01","S01011096",223,146,54,92,3,7,4,3,59,53,6,8
"2011","Lhanbryde, Urquhart, Pitgavney and seaward - 02","S01011097",284,211,108,103,2,10,9,1,51,49,2,10
"2011","Lhanbryde, Urquhart, Pitgavney and seaward - 03","S01011098",346,253,119,134,0,48,42,6,44,43,1,1
"2011","Lhanbryde, Urquhart, Pitgavney and seaward - 04","S01011099",358,149,61,88,0,186,181,5,22,20,2,1
"2011","Lhanbryde, Urquhart, Pitgavney and seaward - 05","S01011100",210,153,93,60,0,45,45,0,8,8,0,4
"2011","Elgin Cathedral to Ashgrove and Pinefield - 01","S01011101",247,114,51,63,0,120,112,8,12,8,4,1
"2011","Elgin Cathedral to Ashgrove and Pinefield - 02","S01011102",330,120,60,60,1,156,150,6,53,49,4,0
"2011","Elgin Cathedral to Ashgrove and Pinefield - 03","S01011103",312,120,60,60,0,112,90,22,75,69,6,5
"2011","Elgin Cathedral to Ashgrove and Pinefield - 04","S01011104",294,184,100,84,2,66,55,11,36,33,3,6
"2011","Elgin Cathedral to Ashgrove and Pinefield - 05","S01011105",405,228,126,102,0,98,54,44,77,73,4,2
"2011","Elgin Cathedral to Ashgrove and Pinefield - 06","S01011106",352,95,33,62,0,133,14,119,124,25,99,0
"2011","New Elgin East - 01","S01011107",324,168,23,145,2,82,30,52,70,68,2,2
"2011","New Elgin East - 02","S01011108",216,131,38,93,1,69,58,11,12,10,2,3
"2011","New Elgin East - 03","S01011109",389,304,147,157,1,41,25,16,37,33,4,6
"2011","New Elgin East - 04","S01011110",314,184,74,110,0,107,60,47,20,18,2,3
"2011","New Elgin East - 05","S01011111",407,205,88,117,1,172,156,16,27,20,7,2
"2011","New Elgin West - 01","S01011112",328,261,68,193,0,25,8,17,41,37,4,1
"2011","New Elgin West - 02","S01011113",446,319,180,139,0,93,88,5,23,15,8,11
"2011","New Elgin West - 03","S01011114",296,253,125,128,1,30,16,14,12,11,1,0
"2011","New Elgin West - 04","S01011115",411,218,94,124,1,166,158,8,24,21,3,2
"2011","New Elgin West - 05","S01011116",269,204,104,100,0,31,15,16,30,15,15,4
"2011","Elgin Central West - 01","S01011117",359,259,157,102,6,11,7,4,74,66,8,9
"2011","Elgin Central West - 02","S01011118",399,291,164,127,2,38,4,34,58,48,10,10
"2011","Elgin Central West - 03","S01011119",422,327,188,139,0,38,37,1,49,41,8,8
"2011","Elgin Central West - 04","S01011120",293,279,192,87,1,3,2,1,7,7,0,3
"2011","Elgin Bishopmill East and Ladyhill - 01","S01011121",313,112,46,66,0,102,65,37,97,93,4,2
"2011","Elgin Bishopmill East and Ladyhill - 02","S01011122",302,201,93,108,2,51,49,2,45,42,3,3
"2011","Elgin Bishopmill East and Ladyhill - 03","S01011123",490,337,164,173,1,118,112,6,29,23,6,5
"2011","Elgin Bishopmill East and Ladyhill - 04","S01011124",277,182,66,116,0,53,41,12,35,33,2,7
"2011","Elgin Bishopmill East and Ladyhill - 05","S01011125",220,69,21,48,4,125,10,115,20,17,3,2
"2011","Elgin Bishopmill West and Newfield - 01","S01011126",184,78,36,42,0,64,59,5,42,4,38,0
"2011","Elgin Bishopmill West and Newfield - 02","S01011127",153,12,1,11,0,17,3,14,123,14,109,1
"2011","Elgin Bishopmill West and Newfield - 03","S01011128",341,205,94,111,3,83,80,3,46,25,21,4
"2011","Elgin Bishopmill West and Newfield - 04","S01011129",356,252,123,129,0,14,7,7,88,16,72,2
"2011","Elgin Bishopmill West and Newfield - 05","S01011130",296,171,84,87,1,88,84,4,35,29,6,1
"2011","Lossiemouth East and Seatown - 01","S01011131",318,219,103,116,0,13,10,3,82,76,6,4
"2011","Lossiemouth East and Seatown - 02","S01011132",374,311,160,151,0,11,10,1,43,38,5,9
"2011","Lossiemouth East and Seatown - 03","S01011133",190,134,65,69,0,39,36,3,15,10,5,2
"2011","Lossiemouth East and Seatown - 04","S01011134",401,250,142,108,3,62,40,22,80,68,12,6
"2011","Lossiemouth East and Seatown - 05","S01011135",337,215,112,103,0,89,66,23,28,26,2,5
"2011","Lossiemouth West - 01","S01011136",284,200,109,91,0,45,42,3,36,28,8,3
"2011","Lossiemouth West - 02","S01011137",186,112,53,59,0,52,7,45,21,13,8,1
"2011","Lossiemouth West - 03","S01011138",254,98,34,64,0,104,51,53,50,8,42,2
"2011","Lossiemouth West - 04","S01011139",281,152,56,96,0,9,4,5,118,41,77,2
"2011","Lossiemouth West - 05","S01011140",232,118,33,85,1,89,67,22,23,18,5,1
"2011","Lossiemouth West - 06","S01011141",230,108,38,70,0,110,80,30,12,9,3,0
"2011","Burghead, Roseisle and Laich - 01","S01011142",334,236,115,121,1,6,5,1,54,45,9,37
"2011","Burghead, Roseisle and Laich - 02","S01011143",398,348,183,165,1,10,5,5,36,33,3,3
"2011","Burghead, Roseisle and Laich - 03","S01011144",303,226,104,122,0,41,30,11,32,25,7,4
"2011","Burghead, Roseisle and Laich - 04","S01011145",267,215,130,85,1,7,5,2,41,36,5,3
"2011","Burghead, Roseisle and Laich - 05","S01011146",306,199,101,98,1,88,33,55,16,15,1,2
"2011","Burghead, Roseisle and Laich - 06","S01011147",450,340,174,166,1,50,50,0,47,42,5,12
"2011","Findhorn, Kinloss and Pluscarden Valley - 01","S01011148",329,212,124,88,0,24,22,2,81,76,5,12
"2011","Findhorn, Kinloss and Pluscarden Valley - 02","S01011149",265,132,80,52,0,9,3,6,106,35,71,18
"2011","Findhorn, Kinloss and Pluscarden Valley - 03","S01011150",175,119,13,106,1,25,5,20,29,6,23,1
"2011","Findhorn, Kinloss and Pluscarden Valley - 04","S01011151",218,87,33,54,0,23,16,7,104,35,69,4
"2011","Findhorn, Kinloss and Pluscarden Valley - 05","S01011152",341,226,162,64,1,32,13,19,74,52,22,8
"2011","Forres Central East and seaward - 01","S01011153",455,265,166,99,4,86,35,51,94,88,6,6
"2011","Forres Central East and seaward - 02","S01011154",348,164,92,72,1,121,79,42,59,56,3,3
"2011","Forres Central East and seaward - 03","S01011155",348,188,107,81,0,112,94,18,41,34,7,7
"2011","Forres Central East and seaward - 04","S01011156",249,223,100,123,1,3,1,2,18,16,2,4
"2011","Forres Central East and seaward - 05","S01011157",284,255,149,106,0,13,7,6,14,9,5,2
"2011","Forres Central East and seaward - 06","S01011158",233,214,160,54,0,3,1,2,13,12,1,3
"2011","Forres South West and Mannachie - 01","S01011159",300,154,94,60,0,114,107,7,25,20,5,7
"2011","Forres South West and Mannachie - 02","S01011160",393,237,127,110,0,82,61,21,70,57,13,4
"2011","Forres South West and Mannachie - 03","S01011161",269,159,71,88,0,67,53,14,41,32,9,2
"2011","Forres South West and Mannachie - 04","S01011162",187,104,49,55,0,54,17,37,29,26,3,0
"2011","Forres South West and Mannachie - 05","S01011163",352,183,75,108,0,140,139,1,26,21,5,3
"2011","Forres South West and Mannachie - 06","S01011164",282,195,86,109,1,59,2,57,26,20,6,1
"2011","Forres South West and Mannachie - 07","S01011165",356,159,71,88,2,166,95,71,24,20,4,5
"2011","Forres South West and Mannachie - 08","S01011166",229,196,125,71,0,16,14,2,17,14,3,0
"2011","Rafford, Dallas, Dyke to Dava - 01","S01011167",279,230,146,84,0,8,7,1,39,36,3,2
"2011","Rafford, Dallas, Dyke to Dava - 02","S01011168",355,194,107,87,0,9,6,3,133,117,16,19
"2011","Rafford, Dallas, Dyke to Dava - 03","S01011169",346,262,71,191,0,26,1,25,53,45,8,5
"2011","Rafford, Dallas, Dyke to Dava - 04","S01011170",400,275,164,111,0,23,12,11,83,77,6,19
"2011","Arran - 01","S01011171",409,316,231,85,1,40,4,36,45,38,7,7
"2011","Arran - 02","S01011172",339,257,183,74,0,40,7,33,35,27,8,7
"2011","Arran - 03","S01011173",224,177,119,58,1,18,2,16,20,18,2,8
"2011","Arran - 04","S01011174",219,154,120,34,0,17,4,13,31,26,5,17
"2011","Arran - 05","S01011175",259,160,96,64,4,72,8,64,21,17,4,2
"2011","Arran - 06","S01011176",274,228,175,53,0,8,0,8,29,25,4,9
"2011","Arran - 07","S01011177",402,270,190,80,3,68,8,60,46,36,10,15
"2011","Springside and Rural - 01","S01011178",206,141,61,80,0,17,16,1,48,31,17,0
"2011","Springside and Rural - 02","S01011179",272,153,66,87,0,98,93,5,20,18,2,1
"2011","Springside and Rural - 03","S01011180",301,118,47,71,4,166,142,24,13,12,1,0
"2011","Springside and Rural - 04","S01011181",198,170,100,70,0,6,3,3,20,18,2,2
"2011","Springside and Rural - 05","S01011182",166,151,82,69,0,3,3,0,8,6,2,4
"2011","Irvine Tarryholme - 01","S01011183",226,170,74,96,0,44,42,2,11,9,2,1
"2011","Irvine Tarryholme - 02","S01011184",307,300,120,180,0,3,2,1,3,3,0,1
"2011","Irvine Tarryholme - 03","S01011185",296,264,137,127,0,17,12,5,9,7,2,6
"2011","Irvine Tarryholme - 04","S01011186",456,286,136,150,0,134,127,7,33,29,4,3
"2011","Dreghorn - 01","S01011187",287,251,135,116,0,22,19,3,12,10,2,2
"2011","Dreghorn - 02","S01011188",442,284,116,168,1,112,96,16,33,29,4,12
"2011","Dreghorn - 03","S01011189",356,256,96,160,0,48,25,23,45,38,7,7
"2011","Dreghorn - 04","S01011190",288,149,47,102,3,112,110,2,23,18,5,1
"2011","Dreghorn - 05","S01011191",241,146,53,93,0,77,67,10,16,15,1,2
"2011","Irvine Broomlands - 01","S01011192",290,174,48,126,0,84,60,24,32,28,4,0
"2011","Irvine Broomlands - 02","S01011193",286,136,33,103,1,110,94,16,38,38,0,1
"2011","Irvine Broomlands - 03","S01011194",302,132,36,96,0,137,111,26,30,27,3,3
"2011","Irvine Broomlands - 04","S01011195",318,181,46,135,0,102,76,26,30,26,4,5
"2011","Irvine Bourtreehill - 01","S01011196",409,178,54,124,0,207,156,51,23,23,0,1
"2011","Irvine Bourtreehill - 02","S01011197",348,167,55,112,0,138,99,39,42,34,8,1
"2011","Irvine Bourtreehill - 03","S01011198",241,125,42,83,0,92,65,27,23,23,0,1
"2011","Irvine Girdle Toll and Staneca - 01","S01011199",342,185,50,135,1,121,62,59,34,27,7,1
"2011","Irvine Girdle Toll and Staneca - 02","S01011200",356,252,92,160,1,71,56,15,32,30,2,0
"2011","Irvine Girdle Toll and Staneca - 03","S01011201",267,196,77,119,1,63,57,6,5,4,1,2
"2011","Irvine Girdle Toll and Staneca - 04","S01011202",390,228,65,163,2,127,120,7,32,32,0,1
"2011","Irvine Girdle Toll and Staneca - 05","S01011203",364,251,86,165,0,89,72,17,22,19,3,2
"2011","Irvine Girdle Toll and Staneca - 06","S01011204",235,202,92,110,1,14,11,3,16,14,2,2
"2011","Irvine Perceton and Lawthorn - 01","S01011205",237,187,28,159,0,39,4,35,11,10,1,0
"2011","Irvine Perceton and Lawthorn - 02","S01011206",264,218,55,163,4,25,13,12,17,15,2,0
"2011","Irvine Perceton and Lawthorn - 03","S01011207",326,182,51,131,0,133,98,35,10,8,2,1
"2011","Irvine Perceton and Lawthorn - 04","S01011208",345,312,71,241,0,19,12,7,13,9,4,1
"2011","Irvine Perceton and Lawthorn - 05","S01011209",283,138,48,90,0,131,65,66,14,14,0,0
"2011","Irvine Perceton and Lawthorn - 06","S01011210",272,204,77,127,0,64,3,61,4,4,0,0
"2011","Irvine Perceton and Lawthorn - 07","S01011211",252,192,38,154,14,33,7,26,11,10,1,2
"2011","Irvine Castlepark North - 01","S01011212",213,118,36,82,0,72,66,6,23,22,1,0
"2011","Irvine Castlepark North - 02","S01011213",421,225,87,138,8,130,110,20,56,54,2,2
"2011","Irvine Castlepark North - 03","S01011214",349,195,92,103,0,107,21,86,46,42,4,1
"2011","Irvine Castlepark North - 04","S01011215",260,86,35,51,0,154,120,34,17,16,1,3
"2011","Irvine Castlepark North - 05","S01011216",240,111,52,59,0,100,20,80,26,23,3,3
"2011","Irvine Castlepark South - 01","S01011217",380,165,79,86,0,170,123,47,43,39,4,2
"2011","Irvine Castlepark South - 02","S01011218",282,80,24,56,0,166,153,13,31,27,4,5
"2011","Irvine Castlepark South - 03","S01011219",352,170,64,106,0,154,132,22,28,27,1,0
"2011","Irvine Castlepark South - 04","S01011220",425,237,93,144,0,150,121,29,36,32,4,2
"2011","Irvine East - 01","S01011221",449,272,110,162,0,128,93,35,45,35,10,4
"2011","Irvine East - 02","S01011222",312,178,75,103,0,115,99,16,19,19,0,0
"2011","Irvine East - 03","S01011223",361,230,84,146,0,99,43,56,29,26,3,3
"2011","Irvine East - 04","S01011224",350,175,87,88,1,144,140,4,25,22,3,5
"2011","Irvine Central - 01","S01011225",327,117,57,60,0,163,103,60,46,44,2,1
"2011","Irvine Central - 02","S01011226",455,361,199,162,0,66,52,14,26,24,2,2
"2011","Irvine Central - 03","S01011227",397,218,91,127,0,99,86,13,73,67,6,7
"2011","Irvine Central - 04","S01011228",450,207,98,109,2,156,122,34,79,72,7,6
"2011","Irvine Fullarton - 01","S01011229",286,117,58,59,0,129,124,5,32,28,4,8
"2011","Irvine Fullarton - 02","S01011230",500,81,37,44,0,401,393,8,17,17,0,1
"2011","Irvine Fullarton - 03","S01011231",298,113,58,55,3,159,116,43,22,22,0,1
"2011","Irvine Fullarton - 04","S01011232",513,162,65,97,3,280,103,177,68,63,5,0
"2011","Stevenston Ardeer - 01","S01011233",158,93,47,46,0,43,40,3,19,16,3,3
"2011","Stevenston Ardeer - 02","S01011234",456,195,70,125,0,230,214,16,31,31,0,0
"2011","Stevenston Ardeer - 03","S01011235",195,75,32,43,1,95,64,31,24,24,0,0
"2011","Stevenston Ardeer - 04","S01011236",284,160,75,85,1,89,65,24,30,29,1,4
"2011","Saltcoats Central - 01","S01011237",331,158,60,98,0,148,80,68,25,23,2,0
"2011","Saltcoats Central - 02","S01011238",334,107,47,60,1,187,131,56,38,38,0,1
"2011","Saltcoats Central - 03","S01011239",427,177,96,81,1,165,120,45,84,79,5,0
"2011","Saltcoats Central - 04","S01011240",481,166,70,96,0,190,143,47,122,115,7,3
"2011","Saltcoats Central - 05","S01011241",540,313,151,162,0,107,58,49,114,109,5,6
"2011","Ardrossan Central - 01","S01011242",383,224,108,116,0,115,110,5,38,34,4,6
"2011","Ardrossan Central - 02","S01011243",545,131,50,81,2,305,165,140,106,101,5,1
"2011","Ardrossan Central - 03","S01011244",409,117,48,69,2,203,55,148,81,79,2,6
"2011","Ardrossan Central - 04","S01011245",446,176,84,92,0,243,202,41,22,21,1,5
"2011","Ardrossan North West - 01","S01011246",439,309,156,153,1,50,38,12,76,69,7,3
"2011","Ardrossan North West - 02","S01011247",357,309,169,140,2,20,16,4,22,18,4,4
"2011","Ardrossan North West - 03","S01011248",317,250,104,146,0,43,42,1,22,14,8,2
"2011","Ardrossan North West - 04","S01011249",308,278,118,160,0,12,11,1,15,13,2,3
"2011","Ardrossan North East - 01","S01011250",446,206,58,148,7,204,184,20,27,24,3,2
"2011","Ardrossan North East - 02","S01011251",385,202,81,121,0,143,106,37,35,31,4,5
"2011","Ardrossan North East - 03","S01011252",344,129,38,91,0,186,112,74,23,20,3,6
"2011","Ardrossan North East - 04","S01011253",391,133,44,89,0,233,225,8,25,24,1,0
"2011","Ardrossan North East - 05","S01011254",359,339,134,205,0,6,4,2,13,7,6,1
"2011","Saltcoats North West - 01","S01011255",267,256,56,200,0,6,5,1,4,3,1,1
"2011","Saltcoats North West - 02","S01011256",169,150,30,120,0,7,6,1,12,9,3,0
"2011","Saltcoats North West - 03","S01011257",188,179,130,49,0,5,4,1,3,3,0,1
"2011","Saltcoats North West - 04","S01011258",229,190,78,112,1,28,25,3,9,7,2,1
"2011","Saltcoats North West - 05","S01011259",383,235,125,110,0,106,75,31,40,34,6,2
"2011","Saltcoats North West - 06","S01011260",336,279,166,113,0,35,22,13,21,17,4,1
"2011","Saltcoats North East - 01","S01011261",310,144,55,89,0,148,145,3,18,16,2,0
"2011","Saltcoats North East - 02","S01011262",223,139,71,68,0,63,45,18,18,14,4,3
"2011","Saltcoats North East - 03","S01011263",431,277,70,207,3,104,104,0,43,40,3,4
"2011","Saltcoats North East - 04","S01011264",259,124,39,85,0,106,102,4,29,27,2,0
"2011","Saltcoats North East - 05","S01011265",468,150,45,105,0,277,189,88,35,33,2,6
"2011","Saltcoats North East - 06","S01011266",383,262,107,155,3,95,92,3,23,18,5,0
"2011","Stevenston North West - 01","S01011267",266,200,121,79,0,48,46,2,16,15,1,2
"2011","Stevenston North West - 02","S01011268",186,121,73,48,0,37,34,3,27,23,4,1
"2011","Stevenston North West - 03","S01011269",279,142,70,72,1,112,88,24,21,20,1,3
"2011","Stevenston North West - 04","S01011270",349,147,67,80,0,138,113,25,62,56,6,2
"2011","Stevenston North West - 05","S01011271",357,206,108,98,0,113,110,3,37,32,5,1
"2011","Stevenston Hayocks - 01","S01011272",380,172,71,101,1,159,157,2,44,38,6,4
"2011","Stevenston Hayocks - 02","S01011273",339,179,63,116,1,140,140,0,19,19,0,0
"2011","Stevenston Hayocks - 03","S01011274",395,185,59,126,2,135,118,17,72,67,5,1
"2011","Stevenston Hayocks - 04","S01011275",277,90,34,56,0,172,172,0,15,15,0,0
"2011","Stevenston Hayocks - 05","S01011276",405,237,96,141,0,143,138,5,24,23,1,1
"2011","Kilwinning Whitehirst Park and Woodside - 01","S01011277",284,255,101,154,0,7,2,5,21,20,1,1
"2011","Kilwinning Whitehirst Park and Woodside - 02","S01011278",230,194,59,135,0,6,4,2,28,23,5,2
"2011","Kilwinning Whitehirst Park and Woodside - 03","S01011279",302,245,106,139,0,24,4,20,33,31,2,0
"2011","Kilwinning Whitehirst Park and Woodside - 04","S01011280",231,215,125,90,0,11,9,2,4,3,1,1
"2011","Kilwinning Whitehirst Park and Woodside - 05","S01011281",238,211,62,149,0,8,5,3,17,16,1,2
"2011","Kilwinning Whitehirst Park and Woodside - 06","S01011282",341,268,63,205,0,56,12,44,15,15,0,2
"2011","Kilwinning Whitehirst Park and Woodside - 07","S01011283",251,237,37,200,1,4,4,0,7,5,2,2
"2011","Kilwinning Whitehirst Park and Woodside - 08","S01011284",192,179,20,159,0,4,2,2,7,7,0,2
"2011","Kilwinning Pennyburn - 01","S01011285",297,138,50,88,0,136,32,104,22,18,4,1
"2011","Kilwinning Pennyburn - 02","S01011286",298,139,49,90,0,141,16,125,18,18,0,0
"2011","Kilwinning Pennyburn - 03","S01011287",337,170,69,101,1,145,40,105,21,20,1,0
"2011","Kilwinning Pennyburn - 04","S01011288",318,184,63,121,0,108,19,89,25,21,4,1
"2011","Kilwinning West and Blacklands - 01","S01011289",431,237,105,132,0,166,124,42,25,21,4,3
"2011","Kilwinning West and Blacklands - 02","S01011290",503,258,124,134,0,210,175,35,30,23,7,5
"2011","Kilwinning West and Blacklands - 03","S01011291",407,233,110,123,1,147,143,4,25,23,2,1
"2011","Kilwinning West and Blacklands - 04","S01011292",332,111,36,75,0,208,188,20,12,11,1,1
"2011","Kilwinning West and Blacklands - 05","S01011293",341,162,64,98,1,161,154,7,14,13,1,3
"2011","Kilwinning Central and North - 01","S01011294",487,193,94,99,1,232,178,54,56,49,7,5
"2011","Kilwinning Central and North - 02","S01011295",448,340,178,162,2,70,69,1,31,27,4,5
"2011","Kilwinning Central and North - 03","S01011296",280,172,93,79,0,92,75,17,12,10,2,4
"2011","Kilwinning Central and North - 04","S01011297",311,152,56,96,0,143,137,6,15,11,4,1
"2011","Kilwinning Central and North - 05","S01011298",230,98,31,67,0,115,77,38,14,12,2,3
"2011","Dalry East and Rural - 01","S01011299",197,162,96,66,0,3,2,1,27,22,5,5
"2011","Dalry East and Rural - 02","S01011300",423,193,87,106,0,213,212,1,16,15,1,1
"2011","Dalry East and Rural - 03","S01011301",309,267,130,137,0,8,6,2,31,24,7,3
"2011","Dalry East and Rural - 04","S01011302",522,242,126,116,0,232,205,27,43,41,2,5
"2011","Dalry West - 01","S01011303",427,361,157,204,0,11,8,3,50,42,8,5
"2011","Dalry West - 02","S01011304",282,137,56,81,0,131,68,63,13,13,0,1
"2011","Dalry West - 03","S01011305",342,187,50,137,0,135,134,1,17,14,3,3
"2011","Dalry West - 04","S01011306",282,159,99,60,2,94,93,1,23,19,4,4
"2011","Fairlie and Rural - 01","S01011307",188,151,95,56,0,4,3,1,22,19,3,11
"2011","Fairlie and Rural - 02","S01011308",186,145,90,55,1,4,3,1,29,28,1,7
"2011","Fairlie and Rural - 03","S01011309",333,313,184,129,1,4,4,0,11,9,2,4
"2011","Fairlie and Rural - 04","S01011310",341,247,140,107,0,44,42,2,42,37,5,8
"2011","West Kilbride and Seamill - 01","S01011311",305,279,178,101,1,6,5,1,17,15,2,2
"2011","West Kilbride and Seamill - 02","S01011312",493,456,295,161,1,7,7,0,22,21,1,7
"2011","West Kilbride and Seamill - 03","S01011313",368,274,132,142,0,45,38,7,45,38,7,4
"2011","West Kilbride and Seamill - 04","S01011314",487,368,166,202,3,43,33,10,68,63,5,5
"2011","West Kilbride and Seamill - 05","S01011315",168,94,34,60,1,55,54,1,15,13,2,3
"2011","West Kilbride and Seamill - 06","S01011316",311,177,85,92,0,112,108,4,20,18,2,2
"2011","Largs South - 01","S01011317",392,359,237,122,1,1,1,0,26,24,2,5
"2011","Largs South - 02","S01011318",520,422,279,143,2,6,5,1,78,69,9,12
"2011","Largs South - 03","S01011319",398,369,248,121,0,2,2,0,24,19,5,3
"2011","Largs South - 04","S01011320",303,216,125,91,0,48,42,6,35,33,2,4
"2011","Largs South - 05","S01011321",252,203,73,130,0,27,25,2,20,15,5,2
"2011","Largs Central and Cumbrae - 01","S01011322",251,197,77,120,0,40,39,1,14,14,0,0
"2011","Largs Central and Cumbrae - 02","S01011323",374,232,82,150,1,102,87,15,34,32,2,5
"2011","Largs Central and Cumbrae - 03","S01011324",202,153,75,78,1,31,18,13,13,9,4,4
"2011","Largs Central and Cumbrae - 04","S01011325",472,260,131,129,2,77,75,2,128,120,8,5
"2011","Largs Central and Cumbrae - 05","S01011326",521,280,171,109,6,60,37,23,167,151,16,8
"2011","Largs Central and Cumbrae - 06","S01011327",400,261,184,77,1,60,14,46,71,67,4,7
"2011","Largs Central and Cumbrae - 07","S01011328",355,262,176,86,0,45,16,29,41,38,3,7
"2011","Largs North - 01","S01011329",484,359,212,147,1,45,43,2,72,67,5,7
"2011","Largs North - 02","S01011330",324,293,171,122,1,13,12,1,13,11,2,4
"2011","Largs North - 03","S01011331",336,319,195,124,3,3,1,2,7,7,0,4
"2011","Largs North - 04","S01011332",385,361,212,149,0,2,0,2,16,14,2,6
"2011","Largs North - 05","S01011333",386,341,251,90,0,3,3,0,36,32,4,6
"2011","Skelmorlie and Rural - 01","S01011334",297,225,130,95,0,29,28,1,39,33,6,4
"2011","Skelmorlie and Rural - 02","S01011335",438,376,236,140,1,5,4,1,47,44,3,9
"2011","Skelmorlie and Rural - 03","S01011336",266,182,71,111,0,52,51,1,31,28,3,1
"2011","Skelmorlie and Rural - 04","S01011337",287,260,142,118,0,6,5,1,16,15,1,5
"2011","Kilbirnie North - 01","S01011338",270,174,60,114,0,79,77,2,16,15,1,1
"2011","Kilbirnie North - 02","S01011339",219,121,52,69,0,91,87,4,7,7,0,0
"2011","Kilbirnie North - 03","S01011340",290,128,67,61,0,150,150,0,10,8,2,2
"2011","Kilbirnie North - 04","S01011341",346,169,73,96,4,129,52,77,44,40,4,0
"2011","Kilbirnie North - 05","S01011342",325,239,96,143,0,36,26,10,49,45,4,1
"2011","Kilbirnie South and Longbar - 01","S01011343",434,209,82,127,0,191,163,28,33,32,1,1
"2011","Kilbirnie South and Longbar - 02","S01011344",401,166,66,100,0,223,213,10,11,9,2,1
"2011","Kilbirnie South and Longbar - 03","S01011345",357,115,39,76,0,228,201,27,13,13,0,1
"2011","Kilbirnie South and Longbar - 04","S01011346",325,198,81,117,2,100,99,1,24,20,4,1
"2011","Kilbirnie South and Longbar - 05","S01011347",547,348,183,165,0,149,137,12,45,39,6,5
"2011","Beith West - 01","S01011348",424,200,76,124,0,208,207,1,16,13,3,0
"2011","Beith West - 02","S01011349",367,335,104,231,0,10,9,1,22,19,3,0
"2011","Beith West - 03","S01011350",275,251,140,111,0,14,13,1,6,3,3,4
"2011","Beith West - 04","S01011351",353,148,57,91,0,178,154,24,22,20,2,5
"2011","Beith East and Rural - 01","S01011352",328,193,78,115,0,83,64,19,47,41,6,5
"2011","Beith East and Rural - 02","S01011353",274,171,74,97,0,89,89,0,12,10,2,2
"2011","Beith East and Rural - 03","S01011354",313,255,124,131,0,46,43,3,12,7,5,0
"2011","Beith East and Rural - 04","S01011355",433,276,129,147,1,134,130,4,15,10,5,7
"2011","Beith East and Rural - 05","S01011356",392,337,159,178,2,26,24,2,26,20,6,1
"2011","Stromness, Sandwick and Stenness - 01","S01011804",379,202,120,82,13,117,89,28,44,37,7,3
"2011","Stromness, Sandwick and Stenness - 02","S01011805",279,171,120,51,1,36,31,5,61,47,14,10
"2011","Stromness, Sandwick and Stenness - 03","S01011806",362,250,164,86,3,61,13,48,39,35,4,9
"2011","Stromness, Sandwick and Stenness - 04","S01011807",444,360,241,119,3,17,6,11,45,37,8,19
"2011","West Mainland - 01","S01011808",287,187,117,70,13,50,16,34,30,25,5,7
"2011","West Mainland - 02","S01011809",302,243,163,80,3,13,5,8,35,29,6,8
"2011","West Mainland - 03","S01011810",413,334,220,114,2,33,10,23,30,23,7,14
"2011","West Mainland - 04","S01011811",436,369,246,123,0,9,1,8,37,28,9,21
"2011","West Mainland - 05","S01011812",275,230,138,92,2,7,7,0,20,14,6,16
"2011","East Mainland - 01","S01011813",306,241,146,95,5,25,6,19,29,27,2,6
"2011","East Mainland - 02","S01011814",297,251,156,95,2,13,5,8,13,9,4,18
"2011","East Mainland - 03","S01011815",313,226,124,102,24,30,4,26,27,23,4,6
"2011","East Mainland - 04","S01011816",257,219,131,88,0,5,2,3,24,20,4,9
"2011","East Mainland - 05","S01011817",294,243,149,94,1,5,4,1,30,27,3,15
"2011","West Kirkwall - 01","S01011818",486,331,187,144,29,81,15,66,29,29,0,16
"2011","West Kirkwall - 02","S01011819",438,274,131,143,1,90,81,9,53,32,21,20
"2011","West Kirkwall - 03","S01011820",319,195,100,95,19,63,19,44,28,21,7,14
"2011","West Kirkwall - 04","S01011821",223,70,31,39,16,93,5,88,39,36,3,5
"2011","West Kirkwall - 05","S01011822",410,161,96,65,3,107,86,21,123,114,9,16
"2011","East Kirkwall - 01","S01011823",290,184,99,85,0,70,66,4,23,19,4,13
"2011","East Kirkwall - 02","S01011824",316,167,79,88,0,111,110,1,36,29,7,2
"2011","East Kirkwall - 03","S01011825",275,170,93,77,1,41,40,1,55,43,12,8
"2011","East Kirkwall - 04","S01011826",320,183,107,76,7,64,6,58,59,49,10,7
"2011","Isles - 01","S01011827",289,193,165,28,1,54,41,13,30,23,7,11
"2011","Isles - 02","S01011828",411,333,231,102,1,23,14,9,35,28,7,19
"2011","Isles - 03","S01011829",195,151,89,62,2,16,11,5,17,16,1,9
"2011","Isles - 04","S01011830",279,210,155,55,1,34,16,18,22,18,4,12
"2011","Isles - 05","S01011831",425,333,272,61,0,25,18,7,39,34,5,28
"2011","Isles - 06","S01011832",405,277,222,55,2,52,30,22,43,30,13,31
"2011","Powmill, Cleish and Scotlandwell - 01","S01011833",360,317,155,162,0,13,12,1,24,22,2,6
"2011","Powmill, Cleish and Scotlandwell - 02","S01011834",180,151,66,85,6,8,1,7,11,9,2,4
"2011","Powmill, Cleish and Scotlandwell - 03","S01011835",278,240,116,124,0,6,6,0,29,27,2,3
"2011","Powmill, Cleish and Scotlandwell - 04","S01011836",332,301,180,121,1,13,10,3,13,11,2,4
"2011","Powmill, Cleish and Scotlandwell - 05","S01011837",255,214,107,107,0,7,6,1,19,15,4,15
"2011","Kinross - 01","S01011838",327,300,164,136,1,6,5,1,14,12,2,6
"2011","Kinross - 02","S01011839",444,380,202,178,0,8,6,2,50,48,2,6
"2011","Kinross - 03","S01011840",406,319,148,171,0,51,34,17,33,23,10,3
"2011","Kinross - 04","S01011841",415,266,119,147,5,95,53,42,49,43,6,0
"2011","Kinross - 05","S01011842",462,283,126,157,0,142,134,8,30,27,3,7
"2011","Milnathort and Crook of Devon - 01","S01011843",415,348,216,132,0,21,10,11,33,28,5,13
"2011","Milnathort and Crook of Devon - 02","S01011844",295,248,133,115,0,13,10,3,24,21,3,10
"2011","Milnathort and Crook of Devon - 03","S01011845",382,251,118,133,4,80,58,22,40,34,6,7
"2011","Milnathort and Crook of Devon - 04","S01011846",385,284,159,125,1,41,31,10,43,34,9,16
"2011","Muthill, Greenloaning and Gleneagles - 01","S01011847",178,156,77,79,0,2,2,0,14,13,1,6
"2011","Muthill, Greenloaning and Gleneagles - 02","S01011848",305,225,134,91,0,30,23,7,35,31,4,15
"2011","Muthill, Greenloaning and Gleneagles - 03","S01011849",352,250,106,144,3,45,29,16,46,42,4,8
"2011","Muthill, Greenloaning and Gleneagles - 04","S01011850",314,223,128,95,0,6,3,3,72,62,10,13
"2011","Muthill, Greenloaning and Gleneagles - 05","S01011851",368,211,107,104,0,68,59,9,78,74,4,11
"2011","Auchterarder - 01","S01011852",460,259,116,143,0,132,50,82,64,59,5,5
"2011","Auchterarder - 02","S01011853",304,215,103,112,4,23,11,12,59,51,8,3
"2011","Auchterarder - 03","S01011854",356,263,176,87,0,39,11,28,42,35,7,12
"2011","Auchterarder - 04","S01011855",364,210,92,118,3,125,123,2,23,23,0,3
"2011","Auchterarder - 05","S01011856",309,290,182,108,0,2,1,1,11,10,1,6
"2011","Comrie, Gilmerton and St Fillans - 01","S01011857",301,174,107,67,1,36,36,0,71,70,1,19
"2011","Comrie, Gilmerton and St Fillans - 02","S01011858",403,329,237,92,0,31,8,23,26,25,1,17
"2011","Comrie, Gilmerton and St Fillans - 03","S01011859",446,279,193,86,0,129,71,58,30,26,4,8
"2011","Comrie, Gilmerton and St Fillans - 04","S01011860",206,100,64,36,0,3,1,2,83,75,8,20
"2011","Comrie, Gilmerton and St Fillans - 05","S01011861",343,230,155,75,1,8,5,3,90,85,5,14
"2011","Crieff North - 01","S01011862",425,369,243,126,1,25,4,21,22,18,4,8
"2011","Crieff North - 02","S01011863",328,235,139,96,2,44,19,25,41,31,10,6
"2011","Crieff North - 03","S01011864",315,295,183,112,0,2,1,1,16,13,3,2
"2011","Crieff North - 04","S01011865",291,206,123,83,1,48,28,20,30,27,3,6
"2011","Crieff South - 01","S01011866",341,248,142,106,1,68,65,3,22,20,2,2
"2011","Crieff South - 02","S01011867",444,199,74,125,15,195,156,39,28,25,3,7
"2011","Crieff South - 03","S01011868",416,271,159,112,5,69,39,30,65,60,5,6
"2011","Crieff South - 04","S01011869",409,237,130,107,8,30,10,20,123,107,16,11
"2011","Crieff South - 05","S01011870",315,182,102,80,1,86,12,74,43,35,8,3
"2011","Aberuthven and Almondbank - 01","S01011871",438,254,131,123,7,55,19,36,96,86,10,26
"2011","Aberuthven and Almondbank - 02","S01011872",365,276,146,130,1,9,9,0,66,58,8,13
"2011","Aberuthven and Almondbank - 03","S01011873",339,221,103,118,0,4,4,0,106,100,6,8
"2011","Aberuthven and Almondbank - 04","S01011874",285,209,89,120,20,31,28,3,21,20,1,4
"2011","Aberuthven and Almondbank - 05","S01011875",322,217,113,104,1,63,49,14,37,33,4,4
"2011","Glenfarg, Dunning and Rhynd - 01","S01011876",398,247,140,107,1,35,22,13,99,96,3,16
"2011","Glenfarg, Dunning and Rhynd - 02","S01011877",262,181,105,76,0,25,23,2,47,44,3,9
"2011","Glenfarg, Dunning and Rhynd - 03","S01011878",379,242,141,101,2,21,16,5,76,70,6,38
"2011","Glenfarg, Dunning and Rhynd - 04","S01011879",218,197,102,95,1,3,3,0,14,12,2,3
"2011","Glenfarg, Dunning and Rhynd - 05","S01011880",241,187,104,83,0,22,21,1,14,11,3,18
"2011","Bridge of Earn and Abernethy - 01","S01011881",371,239,120,119,19,52,20,32,56,50,6,5
"2011","Bridge of Earn and Abernethy - 02","S01011882",450,299,151,148,1,124,68,56,19,17,2,7
"2011","Bridge of Earn and Abernethy - 03","S01011883",439,350,168,182,4,32,19,13,38,33,5,15
"2011","Bridge of Earn and Abernethy - 04","S01011884",169,133,72,61,0,2,2,0,25,21,4,9
"2011","Bridge of Earn and Abernethy - 05","S01011885",270,234,91,143,2,10,0,10,22,19,3,2
"2011","Bridge of Earn and Abernethy - 06","S01011886",368,290,139,151,0,50,37,13,16,15,1,12
"2011","Moncrieffe and Friarton - 01","S01011887",230,170,81,89,0,44,40,4,12,7,5,4
"2011","Moncrieffe and Friarton - 02","S01011888",369,212,89,123,1,129,93,36,21,16,5,6
"2011","Moncrieffe and Friarton - 03","S01011889",430,337,194,143,0,50,48,2,37,36,1,6
"2011","Moncrieffe and Friarton - 04","S01011890",300,228,101,127,0,26,22,4,44,41,3,2
"2011","Moncrieffe and Friarton - 05","S01011891",378,139,61,78,13,156,64,92,65,52,13,5
"2011","Viewlands, Craigie and Wellshill - 01","S01011892",503,343,117,226,0,6,6,0,147,129,18,7
"2011","Viewlands, Craigie and Wellshill - 02","S01011893",500,273,141,132,14,87,53,34,114,106,8,12
"2011","Viewlands, Craigie and Wellshill - 03","S01011894",291,186,99,87,2,43,42,1,57,55,2,3
"2011","Viewlands, Craigie and Wellshill - 04","S01011895",305,266,169,97,0,3,1,2,29,25,4,7
"2011","Viewlands, Craigie and Wellshill - 05","S01011896",421,329,175,154,0,35,32,3,49,45,4,8
"2011","Viewlands, Craigie and Wellshill - 06","S01011897",436,366,201,165,0,38,37,1,28,26,2,4
"2011","Viewlands, Craigie and Wellshill - 07","S01011898",246,221,98,123,0,0,0,0,23,23,0,2
"2011","Burghmuir and Oakbank - 01","S01011899",352,326,197,129,0,2,1,1,19,16,3,5
"2011","Burghmuir and Oakbank - 02","S01011900",293,280,144,136,2,1,1,0,6,5,1,4
"2011","Burghmuir and Oakbank - 03","S01011901",397,311,167,144,1,15,5,10,65,64,1,5
"2011","Burghmuir and Oakbank - 04","S01011902",465,423,249,174,0,14,7,7,24,20,4,4
"2011","Burghmuir and Oakbank - 05","S01011903",352,331,207,124,0,2,2,0,14,13,1,5
"2011","Western Edge - 01","S01011904",324,294,157,137,10,4,2,2,13,11,2,3
"2011","Western Edge - 02","S01011905",280,259,118,141,1,5,4,1,14,12,2,1
"2011","Western Edge - 03","S01011906",201,185,92,93,0,2,2,0,13,12,1,1
"2011","Western Edge - 04","S01011907",338,279,116,163,0,17,5,12,40,37,3,2
"2011","Western Edge - 05","S01011908",147,121,37,84,1,6,6,0,18,17,1,1
"2011","Western Edge - 06","S01011909",404,300,38,262,44,13,12,1,45,42,3,2
"2011","Letham - 01","S01011910",464,158,62,96,1,271,185,86,32,28,4,2
"2011","Letham - 02","S01011911",285,172,72,100,0,97,93,4,9,8,1,7
"2011","Letham - 03","S01011912",327,169,62,107,0,129,127,2,24,18,6,5
"2011","Letham - 04","S01011913",365,142,44,98,2,200,190,10,18,16,2,3
"2011","Letham - 05","S01011914",360,131,37,94,1,193,181,12,29,26,3,6
"2011","Letham - 06","S01011915",337,183,72,111,0,134,91,43,20,18,2,0
"2011","Letham - 07","S01011916",232,105,44,61,2,106,92,14,18,11,7,1
"2011","Letham - 08","S01011917",232,150,67,83,0,61,57,4,17,14,3,4
"2011","Hillyland, Tulloch and Inveralmond - 01","S01011918",368,72,23,49,0,266,43,223,27,21,6,3
"2011","Hillyland, Tulloch and Inveralmond - 02","S01011919",390,139,63,76,43,149,68,81,57,51,6,2
"2011","Hillyland, Tulloch and Inveralmond - 03","S01011920",291,158,63,95,3,106,84,22,21,18,3,3
"2011","Hillyland, Tulloch and Inveralmond - 04","S01011921",285,124,44,80,0,141,136,5,17,15,2,3
"2011","Hillyland, Tulloch and Inveralmond - 05","S01011922",356,158,54,104,1,170,166,4,25,23,2,2
"2011","Hillyland, Tulloch and Inveralmond - 06","S01011923",383,136,44,92,12,208,67,141,22,17,5,5
"2011","Hillyland, Tulloch and Inveralmond - 07","S01011924",206,106,44,62,0,83,83,0,15,15,0,2
"2011","Hillyland, Tulloch and Inveralmond - 08","S01011925",264,221,32,189,10,20,18,2,10,8,2,3
"2011","North Muirton and Old Scone - 01","S01011926",298,173,61,112,0,95,92,3,28,25,3,2
"2011","North Muirton and Old Scone - 02","S01011927",285,153,55,98,1,114,113,1,16,15,1,1
"2011","North Muirton and Old Scone - 03","S01011928",338,187,85,102,0,106,106,0,38,30,8,7
"2011","North Muirton and Old Scone - 04","S01011929",319,181,70,111,1,118,115,3,18,17,1,1
"2011","North Muirton and Old Scone - 05","S01011930",294,150,62,88,0,109,108,1,32,28,4,3
"2011","Muirton - 01","S01011931",250,60,16,44,1,161,33,128,28,23,5,0
"2011","Muirton - 02","S01011932",300,152,32,120,9,70,24,46,66,57,9,3
"2011","Muirton - 03","S01011933",344,141,58,83,2,101,49,52,96,89,7,4
"2011","Muirton - 04","S01011934",520,314,163,151,0,50,29,21,143,139,4,13
"2011","North Inch - 01","S01011935",459,168,89,79,5,86,51,35,197,191,6,3
"2011","North Inch - 02","S01011936",380,186,87,99,1,67,23,44,119,112,7,7
"2011","North Inch - 03","S01011937",408,111,35,76,13,140,46,94,139,131,8,5
"2011","Central and South Inch - 01","S01011938",400,191,98,93,1,71,66,5,129,116,13,8
"2011","Central and South Inch - 02","S01011939",446,143,55,88,3,145,69,76,153,138,15,2
"2011","Central and South Inch - 03","S01011940",266,58,20,38,1,90,27,63,114,109,5,3
"2011","Central and South Inch - 04","S01011941",441,114,40,74,0,50,37,13,273,256,17,4
"2011","Central and South Inch - 05","S01011942",573,181,103,78,2,158,77,81,228,214,14,4
"2011","Central and South Inch - 06","S01011943",715,173,71,102,15,265,143,122,256,245,11,6
"2011","Gannochy and Walnut Grove - 01","S01011944",188,157,105,52,0,3,1,2,22,21,1,6
"2011","Gannochy and Walnut Grove - 02","S01011945",313,291,198,93,0,5,2,3,12,11,1,5
"2011","Gannochy and Walnut Grove - 03","S01011946",377,215,126,89,0,125,85,40,36,35,1,1
"2011","Gannochy and Walnut Grove - 04","S01011947",214,28,12,16,0,41,0,41,142,123,19,3
"2011","Gannochy and Walnut Grove - 05","S01011948",527,326,195,131,1,133,76,57,63,59,4,4
"2011","Scone - 01","S01011949",392,366,276,90,0,7,5,2,13,11,2,6
"2011","Scone - 02","S01011950",348,239,153,86,0,84,60,24,21,17,4,4
"2011","Scone - 03","S01011951",306,221,124,97,5,34,33,1,41,38,3,5
"2011","Scone - 04","S01011952",200,185,88,97,0,1,1,0,12,10,2,2
"2011","Scone - 05","S01011953",325,281,156,125,0,6,3,3,30,27,3,8
"2011","Scone - 06","S01011954",230,133,57,76,0,79,69,10,14,13,1,4
"2011","Scone - 07","S01011955",467,303,161,142,1,94,66,28,63,57,6,6
"2011","Guildtown, Balbeggie and St Madoes - 01","S01011956",392,334,142,192,1,23,20,3,29,27,2,5
"2011","Guildtown, Balbeggie and St Madoes - 02","S01011957",325,187,101,86,0,28,8,20,95,85,10,15
"2011","Guildtown, Balbeggie and St Madoes - 03","S01011958",481,299,186,113,0,41,38,3,122,111,11,19
"2011","Guildtown, Balbeggie and St Madoes - 04","S01011959",365,259,144,115,1,27,27,0,64,56,8,14
"2011","Errol and Inchture - 01","S01011960",325,254,100,154,0,3,0,3,52,51,1,16
"2011","Errol and Inchture - 02","S01011961",311,238,87,151,2,39,17,22,28,24,4,4
"2011","Errol and Inchture - 03","S01011962",264,225,95,130,1,2,1,1,29,26,3,7
"2011","Errol and Inchture - 04","S01011963",231,163,52,111,0,61,36,25,4,4,0,3
"2011","Errol and Inchture - 05","S01011964",453,316,152,164,10,27,27,0,88,79,9,12
"2011","Invergowrie, Longforgan and Abernyte - 01","S01011965",381,304,181,123,0,54,48,6,18,14,4,5
"2011","Invergowrie, Longforgan and Abernyte - 02","S01011966",351,291,148,143,1,23,19,4,32,30,2,4
"2011","Invergowrie, Longforgan and Abernyte - 03","S01011967",420,308,165,143,0,31,6,25,73,66,7,8
"2011","Invergowrie, Longforgan and Abernyte - 04","S01011968",478,334,159,175,0,47,44,3,95,87,8,2
"2011","Coupar Angus and Meigle - 01","S01011969",480,305,158,147,4,114,76,38,48,44,4,9
"2011","Coupar Angus and Meigle - 02","S01011970",432,207,88,119,2,162,137,25,59,51,8,2
"2011","Coupar Angus and Meigle - 03","S01011971",243,200,107,93,0,14,11,3,21,21,0,8
"2011","Coupar Angus and Meigle - 04","S01011972",512,319,192,127,1,24,22,2,141,135,6,27
"2011","Coupar Angus and Meigle - 05","S01011973",272,199,103,96,0,34,30,4,26,20,6,13
"2011","Coupar Angus and Meigle - 06","S01011974",320,258,133,125,5,12,7,5,29,28,1,16
"2011","Alyth - 01","S01011975",199,140,78,62,0,19,18,1,31,26,5,9
"2011","Alyth - 02","S01011976",353,256,142,114,0,39,38,1,51,48,3,7
"2011","Alyth - 03","S01011977",508,288,159,129,4,130,70,60,73,63,10,13
"2011","Alyth - 04","S01011978",351,216,137,79,1,93,74,19,38,35,3,3
"2011","Blair Atholl, Strathardle and Glenshee - 01","S01011979",397,305,152,153,1,26,25,1,49,45,4,16
"2011","Blair Atholl, Strathardle and Glenshee - 02","S01011980",182,127,87,40,0,5,4,1,38,34,4,12
"2011","Blair Atholl, Strathardle and Glenshee - 03","S01011981",396,188,122,66,8,32,14,18,131,102,29,37
"2011","Blair Atholl, Strathardle and Glenshee - 04","S01011982",414,219,131,88,0,11,7,4,140,129,11,44
"2011","Blair Atholl, Strathardle and Glenshee - 05","S01011983",351,207,150,57,1,46,24,22,85,75,10,12
"2011","Blairgowrie East (Rattray) - 01","S01011984",315,120,61,59,0,172,115,57,21,16,5,2
"2011","Blairgowrie East (Rattray) - 02","S01011985",293,228,124,104,2,13,12,1,44,38,6,6
"2011","Blairgowrie East (Rattray) - 03","S01011986",320,111,51,60,3,178,157,21,23,18,5,5
"2011","Blairgowrie East (Rattray) - 04","S01011987",403,253,128,125,4,108,85,23,33,29,4,5
"2011","Blairgowrie West - 01","S01011988",297,262,161,101,6,11,11,0,18,16,2,0
"2011","Blairgowrie West - 02","S01011989",379,275,157,118,32,36,31,5,26,24,2,10
"2011","Blairgowrie West - 03","S01011990",364,312,216,96,1,14,6,8,27,25,2,10
"2011","Blairgowrie West - 04","S01011991",298,220,117,103,0,55,54,1,20,16,4,3
"2011","Blairgowrie West - 05","S01011992",472,375,246,129,2,11,9,2,69,63,6,15
"2011","Blairgowrie West - 06","S01011993",460,173,85,88,3,150,101,49,127,116,11,7
"2011","Blairgowrie West - 07","S01011994",305,286,212,74,0,4,3,1,11,8,3,4
"2011","Stanley and Murthly - 01","S01011995",324,235,120,115,0,8,6,2,58,51,7,23
"2011","Stanley and Murthly - 02","S01011996",254,153,81,72,0,73,57,16,22,21,1,6
"2011","Stanley and Murthly - 03","S01011997",422,260,121,139,0,102,59,43,56,53,3,4
"2011","Stanley and Murthly - 04","S01011998",220,189,100,89,1,9,9,0,19,16,3,2
"2011","Stanley and Murthly - 05","S01011999",291,151,74,77,2,22,18,4,99,92,7,17
"2011","Stanley and Murthly - 06","S01012000",198,163,78,85,0,9,6,3,25,22,3,1
"2011","Stanley and Murthly - 07","S01012001",296,204,90,114,2,61,45,16,27,19,8,2
"2011","Luncarty and Dunkeld - 01","S01012002",243,177,94,83,0,50,50,0,10,9,1,6
"2011","Luncarty and Dunkeld - 02","S01012003",241,157,83,74,0,35,35,0,46,44,2,3
"2011","Luncarty and Dunkeld - 03","S01012004",398,302,174,128,1,63,60,3,24,20,4,8
"2011","Luncarty and Dunkeld - 04","S01012005",334,295,120,175,0,26,14,12,12,11,1,1
"2011","Luncarty and Dunkeld - 05","S01012006",280,150,83,67,0,9,9,0,80,74,6,41
"2011","Luncarty and Dunkeld - 06","S01012007",374,232,142,90,1,71,39,32,54,47,7,16
"2011","Luncarty and Dunkeld - 07","S01012008",421,244,146,98,4,74,37,37,90,80,10,9
"2011","Pitlochry - 01","S01012009",300,154,91,63,0,56,35,21,79,73,6,11
"2011","Pitlochry - 02","S01012010",524,391,259,132,0,46,17,29,72,57,15,15
"2011","Pitlochry - 03","S01012011",537,294,195,99,4,158,73,85,74,67,7,7
"2011","Pitlochry - 04","S01012012",320,191,125,66,15,66,13,53,43,41,2,5
"2011","Rannoch and Aberfeldy - 01","S01012013",357,214,140,74,1,38,22,16,80,77,3,24
"2011","Rannoch and Aberfeldy - 02","S01012014",402,205,108,97,6,118,85,33,64,55,9,9
"2011","Rannoch and Aberfeldy - 03","S01012015",420,270,162,108,0,90,38,52,49,44,5,11
"2011","Rannoch and Aberfeldy - 04","S01012016",360,215,137,78,1,45,25,20,75,58,17,24
"2011","Rannoch and Aberfeldy - 05","S01012017",221,148,100,48,0,10,4,6,34,30,4,29
"2011","Rannoch and Aberfeldy - 06","S01012018",374,238,145,93,0,34,27,7,76,58,18,26
"2011","Carlops Romannobridge","S01012244",347,272,124,148,3,7,0,7,45,35,10,20
"2011","West Linton - Lower","S01012245",335,236,137,99,0,68,0,68,27,20,7,4
"2011","West Linton - Upper","S01012246",301,253,122,131,7,18,0,18,22,18,4,1
"2011","Eddleston and Area","S01012247",303,240,123,117,2,16,0,16,29,28,1,16
"2011","Stobo - Blyth Bridge - Skirling","S01012248",332,220,115,105,0,26,0,26,68,66,2,18
"2011","Broughton and Upper Tweed","S01012249",365,235,121,114,5,41,0,41,60,49,11,24
"2011","Glentress and Manor Valley","S01012250",301,204,131,73,2,9,0,9,62,54,8,24
"2011","Peebles - N - Connor St","S01012251",457,258,130,128,7,137,0,137,42,39,3,13
"2011","Peebles North - Dalatho","S01012252",333,182,82,100,7,113,0,113,28,24,4,3
"2011","Peebles - N - Cuddyside","S01012253",508,259,155,104,1,151,0,151,90,72,18,7
"2011","Peebles - N - March St","S01012254",399,277,137,140,0,49,0,49,70,59,11,3
"2011","Peebles - N - Eastgate","S01012255",475,322,212,110,3,55,0,55,83,74,9,12
"2011","Peebles - S - Calvalry Park","S01012256",327,267,120,147,1,45,0,45,14,13,1,0
"2011","Peebles - S - Gallow Hill","S01012257",412,285,158,127,1,99,0,99,22,15,7,5
"2011","Peebles - S - Edderston Rd","S01012258",297,275,149,126,0,6,0,6,14,14,0,2
"2011","Peebles - S - Caledonian-Springhill","S01012259",277,254,175,79,0,4,0,4,17,9,8,2
"2011","Peebles - S - Victoria Park","S01012260",368,254,117,137,0,95,0,95,17,16,1,2
"2011","Cardrona","S01012261",322,263,90,173,0,37,0,37,20,18,2,2
"2011","Tweeddale East Landward","S01012262",343,196,102,94,1,11,0,11,105,103,2,30
"2011","Walkerburn","S01012263",366,213,108,105,0,97,0,97,46,35,11,10
"2011","Innerleithen - North","S01012264",222,149,70,79,0,48,0,48,21,20,1,4
"2011","Innerleithen - East","S01012265",340,190,91,99,0,132,0,132,14,11,3,4
"2011","Innerleithen - South","S01012266",536,355,166,189,1,137,0,137,38,33,5,5
"2011","Innerleithen - West","S01012267",318,269,139,130,0,10,0,10,36,30,6,3
"2011","Earlston and Melrose Landward","S01012268",265,128,65,63,0,5,0,5,100,91,9,32
"2011","Earlston - West","S01012269",461,340,178,162,5,74,0,74,32,28,4,10
"2011","Earlston - East","S01012270",348,217,94,123,1,90,0,90,32,26,6,8
"2011","Heriot - Fountainhall - Stow Landward","S01012271",421,282,146,136,0,25,0,25,77,68,9,37
"2011","Stow","S01012272",305,226,99,127,0,49,0,49,27,26,1,3
"2011","Clovenfords and Area","S01012273",297,226,125,101,0,21,0,21,34,33,1,16
"2011","Galashiels - N - Halliburton","S01012274",432,294,116,178,0,86,0,86,49,42,7,3
"2011","Galashiels - N - Town Centre","S01012275",450,166,69,97,4,110,0,110,166,155,11,4
"2011","Galashiels - N - Windyknowe","S01012276",463,269,103,166,2,120,0,120,69,60,9,3
"2011","Galashiels - N - Wood St","S01012277",482,286,113,173,0,110,0,110,84,73,11,2
"2011","Galashiels - W - Old Town","S01012278",401,168,81,87,1,99,0,99,127,113,14,6
"2011","Galashiels - W - Thistle St","S01012279",407,178,81,97,0,127,0,127,99,93,6,3
"2011","Galashiels - W - Balmoral Rd","S01012280",409,244,95,149,0,140,0,140,18,16,2,7
"2011","Galashiels - W - Balmoral Pl","S01012281",371,231,110,121,1,40,0,40,91,86,5,8
"2011","Galashiels - S - Netherdale","S01012282",466,293,174,119,0,106,0,106,56,50,6,11
"2011","Galashiels - S - St Peters Sch","S01012283",369,244,132,112,0,90,0,90,32,28,4,3
"2011","Galashiels - S - Huddersfield","S01012284",436,190,103,87,2,160,0,160,76,62,14,8
"2011","Galashiels - S - Glenfield","S01012285",266,192,118,74,0,57,0,57,13,13,0,4
"2011","Gala - Langlee - East","S01012286",493,252,136,116,0,184,0,184,53,28,25,4
"2011","Gala - Langlee - Central","S01012287",479,114,59,55,0,344,0,344,15,12,3,6
"2011","Gala - Langlee - West","S01012288",377,126,77,49,0,229,0,229,17,14,3,5
"2011","Gattonside - Darnick - Chiefswood","S01012289",411,342,245,97,1,27,0,27,37,34,3,4
"2011","Melrose - Newstead","S01012290",292,169,89,80,0,84,0,84,31,25,6,8
"2011","Melrose - Dingleton Hill","S01012291",421,282,121,161,0,66,0,66,62,60,2,11
"2011","Melrose - High Street","S01012292",341,254,165,89,1,21,0,21,46,45,1,19
"2011","Tweedbank - West","S01012293",212,156,85,71,0,39,0,39,15,15,0,2
"2011","Tweedbank - North","S01012294",371,252,104,148,8,81,0,81,26,21,5,4
"2011","Tweedbank - East","S01012295",280,159,34,125,12,69,0,69,39,36,3,1
"2011","Lauder - South","S01012296",330,237,68,169,0,42,0,42,44,41,3,7
"2011","Blainslie and Legerwood","S01012297",253,193,111,82,0,3,0,3,41,36,5,16
"2011","Lauder - North","S01012298",374,267,122,145,7,62,0,62,30,26,4,8
"2011","Oxton and Area","S01012299",257,175,84,91,2,6,0,6,52,45,7,22
"2011","Greenlaw","S01012300",294,178,92,86,1,87,0,87,24,20,4,4
"2011","Swinton Leithholm and Fogo Area","S01012301",407,212,129,83,0,48,0,48,111,105,6,36
"2011","Cranshaws - Abbey St Bathans Area","S01012302",240,122,72,50,0,9,0,9,78,73,5,31
"2011","Westruther and Polwarth Area","S01012303",378,265,161,104,1,19,0,19,62,53,9,31
"2011","Gordon and Hume Area","S01012304",424,300,176,124,1,45,0,45,59,51,8,19
"2011","Duns - South","S01012305",333,205,133,72,3,86,0,86,36,30,6,3
"2011","Duns - West","S01012306",308,119,71,48,0,149,0,149,36,29,7,4
"2011","Duns - North","S01012307",323,159,98,61,3,127,0,127,32,31,1,2
"2011","Duns - East","S01012308",334,236,117,119,0,74,0,74,21,19,2,3
"2011","Ayton","S01012309",245,163,96,67,1,57,0,57,18,15,3,6
"2011","St Abbs and Eyemouth Landward","S01012310",427,284,193,91,1,52,0,52,77,70,7,13
"2011","Coldingham","S01012311",263,213,138,75,0,34,0,34,9,6,3,7
"2011","Reston and Coldingham Moor Area","S01012312",439,297,169,128,3,58,0,58,62,58,4,19
"2011","Cockburnspath and Area","S01012313",345,226,125,101,1,56,0,56,48,43,5,14
"2011","Eyemouth - Gunsgreen","S01012314",365,194,97,97,5,148,0,148,12,7,5,6
"2011","Eyemouth - Seafront Harbour","S01012315",400,218,144,74,1,132,0,132,42,36,6,7
"2011","Eyemouth - Central","S01012316",315,149,86,63,0,144,0,144,18,15,3,4
"2011","Eyemouth - South","S01012317",209,144,64,80,0,44,0,44,19,19,0,2
"2011","Eyemouth - North","S01012318",329,180,87,93,1,131,0,131,12,11,1,5
"2011","Preston and Manderston Area","S01012319",343,173,113,60,0,13,0,13,130,126,4,27
"2011","Chirnside - West","S01012320",276,148,74,74,0,106,0,106,15,13,2,7
"2011","Chirnside - East","S01012321",339,228,120,108,1,73,0,73,32,30,2,5
"2011","Whitsome Allanton and Hutton Area","S01012322",453,291,185,106,1,22,0,22,114,104,10,25
"2011","Foulden and Area","S01012323",403,302,196,106,1,16,0,16,68,65,3,16
"2011","Birgham and Ladykirk Area","S01012324",365,183,130,53,0,8,0,8,149,147,2,25
"2011","Coldstream - West","S01012325",301,201,147,54,0,72,0,72,18,14,4,10
"2011","Coldstream - South","S01012326",310,140,81,59,3,117,0,117,44,39,5,6
"2011","Coldstream - East","S01012327",366,215,127,88,0,113,0,113,33,25,8,5
"2011","Town Yetholm","S01012328",293,193,135,58,1,72,0,72,18,16,2,9
"2011","Morebattle Hownam and Area","S01012329",381,172,114,58,3,27,0,27,138,130,8,41
"2011","Kelso S - Pinnaclehill","S01012330",280,204,127,77,0,41,0,41,26,21,5,9
"2011","Kelso S - Maxwellheugh","S01012331",265,216,80,136,2,20,0,20,21,20,1,6
"2011","Smailholm Stitchill and Ednam Area","S01012332",435,243,158,85,0,20,0,20,134,130,4,38
"2011","Sprouston and Area","S01012333",452,255,168,87,4,10,0,10,157,153,4,26
"2011","Kelso N - High Croft Orchard Park","S01012334",365,226,133,93,0,111,0,111,21,16,5,7
"2011","Kelso N - Hendersyde Oakfield","S01012335",414,300,120,180,5,72,0,72,31,26,5,6
"2011","Kelso N - Abbotseat","S01012336",275,191,103,88,0,61,0,61,13,11,2,10
"2011","Kelso N - Poynder Park","S01012337",453,190,116,74,0,210,0,210,38,33,5,15
"2011","Kelso S - Bowmont and Edenside","S01012338",384,211,132,79,0,82,0,82,76,70,6,15
"2011","Kelso S - Abbey","S01012339",366,151,93,58,7,102,0,102,98,88,10,8
"2011","Kelso S - Broomlands","S01012340",477,287,181,106,4,156,0,156,25,20,5,5
"2011","Oxnam and Camptown Area","S01012341",404,263,148,115,2,14,0,14,98,87,11,27
"2011","Ancrum and Lanton Area","S01012342",403,232,135,97,1,55,0,55,89,84,5,26
"2011","Roxburgh Heiton Eckford Area","S01012343",448,217,134,83,1,33,0,33,169,157,12,28
"2011","Newtown St Boswells - South","S01012344",296,155,71,84,0,113,0,113,21,21,0,7
"2011","Newtown St Boswells - North","S01012345",321,227,105,122,1,70,0,70,18,14,4,5
"2011","Dryburgh Charlesfield Maxton Area","S01012346",361,177,110,67,2,14,0,14,122,113,9,46
"2011","St Boswells - East","S01012347",364,240,121,119,0,96,0,96,25,20,5,3
"2011","St Boswells - West","S01012348",325,234,126,108,5,49,0,49,33,32,1,4
"2011","Jedburgh - Howden","S01012349",402,229,105,124,1,136,0,136,25,20,5,11
"2011","Jedburgh - Doom Hill","S01012350",337,212,126,86,0,101,0,101,17,17,0,7
"2011","Jedburgh - East Central","S01012351",373,224,85,139,1,116,0,116,26,23,3,6
"2011","Jedburgh - West Central","S01012352",350,223,107,116,0,74,0,74,48,35,13,5
"2011","Jedburgh - Abbey","S01012353",453,183,98,85,3,170,0,170,82,71,11,15
"2011","Newcastleton","S01012354",385,251,175,76,2,70,0,70,47,37,10,15
"2011","Teviothead and Hermitage Area","S01012355",377,230,150,80,1,10,0,10,98,85,13,38
"2011","Denholm","S01012356",320,244,146,98,2,51,0,51,18,16,2,5
"2011","Minto Cauldmill and Boonraw Area","S01012357",355,275,177,98,0,3,0,3,60,56,4,17
"2011","Bonchester Bridge and Chesters Area","S01012358",343,246,170,76,0,22,0,22,57,54,3,18
"2011","Hawick - Burnfoot - South East","S01012359",367,143,79,64,4,190,0,190,25,23,2,5
"2011","Hawick - Burnfoot - Central","S01012360",324,110,53,57,1,180,0,180,33,30,3,0
"2011","Hawick - Burnfoot - West","S01012361",275,90,37,53,1,174,0,174,8,6,2,2
"2011","Hawick - Burnfoot - North","S01012362",306,58,25,33,0,233,0,233,12,12,0,3
"2011","Hawick Central - Wellogate","S01012363",575,256,144,112,1,186,0,186,123,104,19,9
"2011","Hawick Central - Trinity","S01012364",375,222,124,98,1,47,0,47,98,91,7,7
"2011","Hawick Central - Millers Knowes","S01012365",443,360,200,160,0,32,0,32,42,35,7,9
"2011","Hawick Central - Town Centre","S01012366",513,327,187,140,1,49,0,49,124,112,12,12
"2011","Hawick Central - Weensland","S01012367",420,309,179,130,0,72,0,72,30,25,5,9
"2011","Hawick West End - Wilton Dean","S01012368",261,221,138,83,0,33,0,33,7,6,1,0
"2011","Hawick West End - Crumhaughill and Parkdaill","S01012369",375,285,154,131,0,49,0,49,30,27,3,11
"2011","Hawick Central - Drumlanrig","S01012370",516,255,126,129,0,215,0,215,35,30,5,11
"2011","Hawick West End - Crumhaugh","S01012371",486,268,136,132,1,142,0,142,63,61,2,12
"2011","Hawick North - Commercial Road","S01012372",450,213,117,96,0,161,0,161,69,64,5,7
"2011","Hawick North - Wilton Hill","S01012373",479,322,183,139,0,113,0,113,35,28,7,9
"2011","Hawick North - Stirtches","S01012374",402,286,128,158,0,100,0,100,11,8,3,5
"2011","Hawick North - Silverbuthall","S01012375",429,223,101,122,0,180,0,180,23,20,3,3
"2011","Ashkirk Lilliesleaf and Midlem Area","S01012376",407,301,176,125,0,18,0,18,73,67,6,15
"2011","Bowden and Lindean Area","S01012377",324,213,142,71,0,40,0,40,66,55,11,5
"2011","Ettrick Water and Bowhill Area","S01012378",250,132,86,46,0,15,0,15,70,66,4,33
"2011","Yarrow Water and Sunderland Area","S01012379",227,127,84,43,0,19,0,19,59,54,5,22
"2011","Selkirk - Shawburn","S01012380",423,247,119,128,0,151,0,151,22,13,9,3
"2011","Selkirk - Town Centre","S01012381",456,228,126,102,2,173,0,173,48,40,8,5
"2011","Selkirk - Hillside Terrace","S01012382",437,358,210,148,1,54,0,54,20,18,2,4
"2011","Selkirk - Shawpark","S01012383",424,279,165,114,2,89,0,89,49,38,11,5
"2011","Selkirk - Dunsdale","S01012384",267,171,87,84,0,48,0,48,46,36,10,2
"2011","Selkirk - Heatherlie","S01012385",332,236,116,120,0,41,0,41,50,43,7,5
"2011","Selkirk - Bannerfield","S01012386",440,155,79,76,1,248,0,248,33,29,4,3
"2011","Shetland South - 01","S01012387",407,272,166,106,1,75,41,34,51,43,8,8
"2011","Shetland South - 02","S01012388",306,270,156,114,3,13,12,1,12,9,3,8
"2011","Shetland South - 03","S01012389",339,243,114,129,0,67,50,17,26,19,7,3
"2011","Shetland South - 04","S01012390",307,232,135,97,0,48,45,3,17,15,2,10
"2011","Lerwick South - 01","S01012391",412,310,148,162,10,50,18,32,34,27,7,8
"2011","Lerwick South - 02","S01012392",327,174,97,77,11,127,31,96,12,11,1,3
"2011","Lerwick South - 03","S01012393",377,265,146,119,0,81,74,7,25,18,7,6
"2011","Lerwick South - 04","S01012394",276,109,53,56,0,155,152,3,11,9,2,1
"2011","Lerwick North - 01","S01012395",279,169,103,66,12,74,67,7,21,17,4,3
"2011","Lerwick North - 02","S01012396",312,181,107,74,0,73,66,7,48,41,7,10
"2011","Lerwick North - 03","S01012397",418,242,152,90,4,126,116,10,38,31,7,8
"2011","Lerwick North - 04","S01012398",432,212,109,103,1,125,119,6,73,61,12,21
"2011","Lerwick North - 05","S01012399",287,145,82,63,0,118,109,9,23,13,10,1
"2011","Lerwick North - 06","S01012400",274,115,61,54,2,105,78,27,46,35,11,6
"2011","Lerwick North - 07","S01012401",408,170,102,68,14,203,117,86,18,17,1,3
"2011","Central Shetland - 01","S01012402",184,150,77,73,3,10,9,1,17,13,4,4
"2011","Central Shetland - 02","S01012403",437,334,195,139,0,49,38,11,39,33,6,15
"2011","Central Shetland - 03","S01012404",448,258,146,112,0,124,80,44,57,49,8,9
"2011","Central Shetland - 04","S01012405",274,240,115,125,1,7,7,0,24,21,3,2
"2011","East and West Mainland - 01","S01012406",260,201,113,88,0,36,35,1,18,11,7,5
"2011","East and West Mainland - 02","S01012407",335,218,117,101,0,90,79,11,18,15,3,9
"2011","East and West Mainland - 03","S01012408",250,194,117,77,0,16,14,2,34,32,2,6
"2011","East and West Mainland - 04","S01012409",311,203,133,70,2,60,44,16,35,31,4,11
"2011","North Mainland - 01","S01012410",420,268,141,127,0,108,88,20,28,23,5,16
"2011","North Mainland - 02","S01012411",410,228,122,106,1,151,149,2,18,10,8,12
"2011","North Mainland - 03","S01012412",281,177,123,54,0,68,52,16,25,17,8,11
"2011","North and East Isles - 01","S01012413",419,303,203,100,3,50,49,1,48,46,2,15
"2011","North and East Isles - 02","S01012414",341,218,154,64,0,89,73,16,23,19,4,11
"2011","North and East Isles - 03","S01012415",203,162,120,42,2,30,19,11,5,2,3,4
"2011","North and East Isles - 04","S01012416",216,173,120,53,0,28,27,1,10,10,0,5
"2011","Carrick South - 01","S01012417",299,165,113,52,0,68,44,24,48,43,5,18
"2011","Carrick South - 02","S01012418",343,232,163,69,0,39,38,1,54,45,9,18
"2011","Carrick South - 03","S01012419",313,232,167,65,0,31,20,11,36,30,6,14
"2011","Carrick South - 04","S01012420",362,194,107,87,1,117,84,33,38,33,5,12
"2011","Carrick South - 05","S01012421",325,183,103,80,0,73,65,8,61,57,4,8
"2011","Carrick South - 06","S01012422",402,256,160,96,0,46,42,4,82,75,7,18
"2011","Carrick South - 07","S01012423",346,265,140,125,0,38,29,9,35,31,4,8
"2011","Girvan Glendoune - 01","S01012424",414,260,117,143,0,130,123,7,16,15,1,8
"2011","Girvan Glendoune - 02","S01012425",307,122,67,55,0,163,163,0,21,19,2,1
"2011","Girvan Glendoune - 03","S01012426",237,101,50,51,1,118,116,2,16,14,2,1
"2011","Girvan Glendoune - 04","S01012427",300,136,61,75,1,145,126,19,16,15,1,2
"2011","Girvan Glendoune - 05","S01012428",286,206,115,91,0,58,57,1,20,15,5,2
"2011","Girvan Ailsa - 01","S01012429",286,206,122,84,1,36,24,12,40,36,4,3
"2011","Girvan Ailsa - 02","S01012430",277,218,122,96,1,14,8,6,41,37,4,3
"2011","Girvan Ailsa - 03","S01012431",432,293,182,111,1,73,44,29,53,50,3,12
"2011","Girvan Ailsa - 04","S01012432",352,235,142,93,0,103,72,31,11,9,2,3
"2011","Girvan Ailsa - 05","S01012433",265,165,88,77,0,63,50,13,33,28,5,4
"2011","Maybole - 01","S01012434",334,178,78,100,1,100,96,4,51,46,5,4
"2011","Maybole - 02","S01012435",311,154,69,85,1,121,100,21,31,30,1,4
"2011","Maybole - 03","S01012436",345,167,89,78,0,132,127,5,46,40,6,0
"2011","Maybole - 04","S01012437",336,210,109,101,0,106,67,39,15,13,2,5
"2011","Maybole - 05","S01012438",260,177,65,112,0,68,68,0,14,12,2,1
"2011","Maybole - 06","S01012439",355,209,106,103,0,97,97,0,45,43,2,4
"2011","Maybole - 07","S01012440",221,196,98,98,0,10,9,1,13,12,1,2
"2011","Carrick North - 01","S01012441",387,287,164,123,0,59,33,26,28,25,3,13
"2011","Carrick North - 02","S01012442",423,310,141,169,1,52,37,15,51,49,2,9
"2011","Carrick North - 03","S01012443",313,220,96,124,0,41,41,0,41,32,9,11
"2011","Carrick North - 04","S01012444",292,245,148,97,1,22,9,13,23,23,0,1
"2011","Carrick North - 05","S01012445",183,151,52,99,1,21,4,17,10,8,2,0
"2011","Coylton - 01","S01012446",252,150,65,85,0,75,57,18,27,20,7,0
"2011","Coylton - 02","S01012447",354,324,154,170,0,7,4,3,19,13,6,4
"2011","Coylton - 03","S01012448",361,295,115,180,1,40,8,32,20,16,4,5
"2011","Coylton - 04","S01012449",252,206,87,119,0,20,17,3,23,21,2,3
"2011","Coylton - 05","S01012450",322,273,151,122,3,12,12,0,30,27,3,4
"2011","Alloway and Doonfoot - 01","S01012451",397,369,254,115,1,5,5,0,17,14,3,5
"2011","Alloway and Doonfoot - 02","S01012452",301,276,145,131,0,6,4,2,17,16,1,2
"2011","Alloway and Doonfoot - 03","S01012453",322,305,179,126,0,3,3,0,12,4,8,2
"2011","Alloway and Doonfoot - 04","S01012454",301,290,189,101,0,3,2,1,6,5,1,2
"2011","Alloway and Doonfoot - 05","S01012455",246,228,154,74,0,0,0,0,16,13,3,2
"2011","Alloway and Doonfoot - 06","S01012456",300,277,183,94,0,4,4,0,16,15,1,3
"2011","Alloway and Doonfoot - 07","S01012457",380,364,253,111,0,6,6,0,8,7,1,2
"2011","Alloway and Doonfoot - 08","S01012458",330,299,189,110,1,7,5,2,19,17,2,4
"2011","Castlehill and Kincaidston - 01","S01012459",271,245,113,132,0,7,6,1,19,15,4,0
"2011","Castlehill and Kincaidston - 02","S01012460",242,227,149,78,1,2,2,0,9,7,2,3
"2011","Castlehill and Kincaidston - 03","S01012461",250,166,67,99,0,57,55,2,24,24,0,3
"2011","Castlehill and Kincaidston - 04","S01012462",386,215,89,126,1,113,83,30,50,46,4,7
"2011","Castlehill and Kincaidston - 05","S01012463",256,151,50,101,1,75,71,4,29,25,4,0
"2011","Castlehill and Kincaidston - 06","S01012464",255,141,28,113,0,98,94,4,16,16,0,0
"2011","Castlehill and Kincaidston - 07","S01012465",286,182,58,124,2,70,69,1,29,26,3,3
"2011","Belmont - 01","S01012466",349,256,146,110,0,41,12,29,44,40,4,8
"2011","Belmont - 02","S01012467",307,221,111,110,1,42,14,28,37,33,4,6
"2011","Belmont - 03","S01012468",316,256,120,136,0,37,16,21,19,18,1,4
"2011","Belmont - 04","S01012469",333,318,188,130,0,1,1,0,12,11,1,2
"2011","Belmont - 05","S01012470",492,331,182,149,0,103,94,9,51,40,11,7
"2011","Belmont - 06","S01012471",352,327,204,123,0,3,3,0,16,15,1,6
"2011","Belmont - 07","S01012472",317,299,193,106,0,4,3,1,13,12,1,1
"2011","Holmston and Forehill - 01","S01012473",218,196,104,92,0,4,3,1,14,13,1,4
"2011","Holmston and Forehill - 02","S01012474",371,234,132,102,3,105,24,81,27,25,2,2
"2011","Holmston and Forehill - 03","S01012475",300,245,160,85,0,14,12,2,35,32,3,6
"2011","Holmston and Forehill - 04","S01012476",422,302,145,157,0,72,52,20,44,37,7,4
"2011","Holmston and Forehill - 05","S01012477",283,264,132,132,0,6,5,1,9,8,1,4
"2011","Holmston and Forehill - 06","S01012478",368,265,117,148,1,63,49,14,32,29,3,7
"2011","Holmston and Forehill - 07","S01012479",261,246,101,145,0,5,5,0,9,7,2,1
"2011","Ayr South Harbour and Town Centre - 01","S01012480",339,130,50,80,0,81,13,68,124,117,7,4
"2011","Ayr South Harbour and Town Centre - 02","S01012481",419,228,101,127,1,29,13,16,157,146,11,4
"2011","Ayr South Harbour and Town Centre - 03","S01012482",439,339,231,108,2,8,5,3,73,61,12,17
"2011","Ayr South Harbour and Town Centre - 04","S01012483",570,224,134,90,1,162,88,74,175,168,7,8
"2011","Ayr South Harbour and Town Centre - 05","S01012484",366,283,141,142,0,32,3,29,47,44,3,4
"2011","Ayr South Harbour and Town Centre - 06","S01012485",384,304,184,120,1,2,0,2,72,67,5,5
"2011","Ayr South Harbour and Town Centre - 07","S01012486",268,246,172,74,0,2,2,0,12,10,2,8
"2011","Ayr North Harbour, Wallacetown and Newton South - 01","S01012487",306,191,83,108,0,67,66,1,44,41,3,4
"2011","Ayr North Harbour, Wallacetown and Newton South - 02","S01012488",483,305,149,156,0,105,103,2,63,59,4,10
"2011","Ayr North Harbour, Wallacetown and Newton South - 03","S01012489",553,164,55,109,4,267,232,35,113,103,10,5
"2011","Ayr North Harbour, Wallacetown and Newton South - 04","S01012490",606,166,63,103,0,245,213,32,193,181,12,2
"2011","Ayr North Harbour, Wallacetown and Newton South - 05","S01012491",245,69,23,46,0,138,134,4,38,33,5,0
"2011","Ayr North Harbour, Wallacetown and Newton South - 06","S01012492",490,136,61,75,1,248,212,36,104,103,1,1
"2011","Craigie - 01","S01012493",409,145,76,69,0,246,246,0,15,13,2,3
"2011","Craigie - 02","S01012494",383,269,104,165,1,73,72,1,37,31,6,3
"2011","Craigie - 03","S01012495",496,252,108,144,0,177,175,2,62,59,3,5
"2011","Dalmilling - 01","S01012496",314,182,88,94,0,115,86,29,14,14,0,3
"2011","Dalmilling - 02","S01012497",231,115,56,59,0,102,102,0,10,10,0,4
"2011","Dalmilling - 03","S01012498",343,105,39,66,0,227,220,7,10,10,0,1
"2011","Dalmilling - 04","S01012499",277,122,34,88,0,119,57,62,30,28,2,6
"2011","Lochside, Braehead and Whitletts - 01","S01012500",217,90,40,50,1,99,96,3,24,22,2,3
"2011","Lochside, Braehead and Whitletts - 02","S01012501",260,63,23,40,0,171,167,4,25,24,1,1
"2011","Lochside, Braehead and Whitletts - 03","S01012502",360,101,42,59,2,238,214,24,16,15,1,3
"2011","Lochside, Braehead and Whitletts - 04","S01012503",308,130,59,71,0,155,151,4,21,20,1,2
"2011","Lochside, Braehead and Whitletts - 05","S01012504",282,137,63,74,1,121,70,51,20,18,2,3
"2011","Lochside, Braehead and Whitletts - 06","S01012505",515,273,134,139,0,202,169,33,37,34,3,3
"2011","Newton North - 01","S01012506",241,170,92,78,0,44,34,10,23,20,3,4
"2011","Newton North - 02","S01012507",482,322,137,185,0,97,95,2,58,54,4,5
"2011","Newton North - 03","S01012508",399,271,111,160,1,81,76,5,42,32,10,4
"2011","Newton North - 04","S01012509",256,216,115,101,1,16,16,0,19,16,3,4
"2011","Newton North - 05","S01012510",381,322,135,187,0,34,28,6,22,21,1,3
"2011","Newton North - 06","S01012511",316,228,107,121,6,47,21,26,34,31,3,1
"2011","Heathfield - 01","S01012512",286,173,84,89,2,94,76,18,13,11,2,4
"2011","Heathfield - 02","S01012513",234,207,74,133,0,7,5,2,15,12,3,5
"2011","Heathfield - 03","S01012514",392,321,57,264,10,16,4,12,44,43,1,1
"2011","Heathfield - 04","S01012515",319,149,68,81,6,141,100,41,21,20,1,2
"2011","Heathfield - 05","S01012516",301,194,90,104,8,76,35,41,22,21,1,1
"2011","Heathfield - 06","S01012517",410,252,99,153,0,97,66,31,61,53,8,0
"2011","Prestwick West - 01","S01012518",277,214,110,104,0,24,24,0,38,37,1,1
"2011","Prestwick West - 02","S01012519",279,201,113,88,0,12,10,2,61,53,8,5
"2011","Prestwick West - 03","S01012520",345,313,198,115,1,8,6,2,18,17,1,5
"2011","Prestwick West - 04","S01012521",270,206,106,100,0,5,5,0,56,52,4,3
"2011","Prestwick West - 05","S01012522",360,325,193,132,0,4,3,1,27,25,2,4
"2011","Prestwick West - 06","S01012523",385,333,182,151,1,21,19,2,24,20,4,6
"2011","Prestwick East - 01","S01012524",467,397,246,151,0,21,2,19,41,38,3,8
"2011","Prestwick East - 02","S01012525",341,304,152,152,1,6,6,0,29,24,5,1
"2011","Prestwick East - 03","S01012526",334,313,179,134,0,3,2,1,14,14,0,4
"2011","Prestwick East - 04","S01012527",285,239,140,99,1,31,29,2,12,9,3,2
"2011","Prestwick East - 05","S01012528",337,226,77,149,0,82,80,2,25,18,7,4
"2011","Prestwick East - 06","S01012529",342,237,124,113,0,56,55,1,46,41,5,3
"2011","Prestwick East - 07","S01012530",400,371,228,143,1,8,7,1,14,13,1,6
"2011","Prestwick Airport and Monkton - 01","S01012531",332,247,105,142,1,30,23,7,47,39,8,7
"2011","Prestwick Airport and Monkton - 02","S01012532",348,251,114,137,0,43,37,6,42,37,5,12
"2011","Prestwick Airport and Monkton - 03","S01012533",274,186,98,88,0,23,22,1,59,52,7,6
"2011","Prestwick Airport and Monkton - 04","S01012534",288,189,83,106,1,68,66,2,28,24,4,2
"2011","Annbank, Mossblown and Tarbolton - the Coalfields - 01","S01012535",361,265,110,155,0,75,72,3,19,14,5,2
"2011","Annbank, Mossblown and Tarbolton - the Coalfields - 02","S01012536",312,210,95,115,0,78,65,13,22,20,2,2
"2011","Annbank, Mossblown and Tarbolton - the Coalfields - 03","S01012537",334,207,94,113,1,88,87,1,33,20,13,5
"2011","Annbank, Mossblown and Tarbolton - the Coalfields - 04","S01012538",476,317,147,170,4,120,93,27,31,27,4,4
"2011","Annbank, Mossblown and Tarbolton - the Coalfields - 05","S01012539",315,217,118,99,0,62,58,4,29,24,5,7
"2011","Annbank, Mossblown and Tarbolton - the Coalfields - 06","S01012540",299,160,66,94,0,125,124,1,9,8,1,5
"2011","Annbank, Mossblown and Tarbolton - the Coalfields - 07","S01012541",442,282,151,131,2,87,61,26,63,59,4,8
"2011","Dundonald, Loans and Symington - 01","S01012542",380,301,156,145,1,48,46,2,21,18,3,9
"2011","Dundonald, Loans and Symington - 02","S01012543",276,228,91,137,0,22,20,2,20,19,1,6
"2011","Dundonald, Loans and Symington - 03","S01012544",341,245,106,139,0,70,41,29,24,23,1,2
"2011","Dundonald, Loans and Symington - 04","S01012545",214,109,43,66,1,97,94,3,6,5,1,1
"2011","Dundonald, Loans and Symington - 05","S01012546",322,234,97,137,0,54,33,21,30,21,9,4
"2011","Dundonald, Loans and Symington - 06","S01012547",312,252,152,100,1,46,44,2,10,8,2,3
"2011","Dundonald, Loans and Symington - 07","S01012548",394,335,183,152,0,25,21,4,30,24,6,4
"2011","Muirhead - 01","S01012549",251,132,44,88,0,88,84,4,26,24,2,5
"2011","Muirhead - 02","S01012550",345,242,108,134,2,70,55,15,27,24,3,4
"2011","Muirhead - 03","S01012551",319,305,158,147,0,4,3,1,9,8,1,1
"2011","Muirhead - 04","S01012552",352,324,152,172,2,6,5,1,16,14,2,4
"2011","Muirhead - 05","S01012553",347,315,88,227,0,7,4,3,24,22,2,1
"2011","Muirhead - 06","S01012554",190,173,87,86,0,1,1,0,14,12,2,2
"2011","Muirhead - 07","S01012555",211,190,86,104,0,3,1,2,16,14,2,2
"2011","Muirhead - 08","S01012556",221,207,108,99,0,6,4,2,6,4,2,2
"2011","Barassie - 01","S01012557",249,224,146,78,0,6,6,0,15,11,4,4
"2011","Barassie - 02","S01012558",279,164,66,98,0,80,79,1,34,26,8,1
"2011","Barassie - 03","S01012559",457,206,111,95,0,166,120,46,75,71,4,10
"2011","Barassie - 04","S01012560",264,171,89,82,0,70,69,1,19,18,1,4
"2011","Barassie - 05","S01012561",365,231,97,134,3,93,83,10,31,30,1,7
"2011","Barassie - 06","S01012562",434,236,94,142,2,93,77,16,99,90,9,4
"2011","Troon - 01","S01012563",271,260,179,81,0,2,2,0,8,6,2,1
"2011","Troon - 02","S01012564",373,342,205,137,0,11,4,7,16,14,2,4
"2011","Troon - 03","S01012565",379,273,145,128,0,67,32,35,33,31,2,6
"2011","Troon - 04","S01012566",445,253,125,128,0,57,30,27,126,116,10,9
"2011","Troon - 05","S01012567",557,317,160,157,2,108,105,3,127,117,10,3
"2011","Troon - 06","S01012568",281,237,133,104,0,15,11,4,25,23,2,4
"2011","Troon - 07","S01012569",315,286,180,106,0,5,4,1,21,18,3,3
"2011","Clydesdale South - 01","S01012570",197,134,66,68,0,32,31,1,23,17,6,8
"2011","Clydesdale South - 02","S01012571",362,222,121,101,0,58,48,10,65,60,5,17
"2011","Clydesdale South - 03","S01012572",224,150,76,74,0,38,24,14,25,19,6,11
"2011","Clydesdale South - 04","S01012573",325,264,131,133,1,9,9,0,35,30,5,16
"2011","Biggar, Symington, Thankerton and Dolphinton - 01","S01012574",359,293,148,145,4,34,17,17,23,21,2,5
"2011","Biggar, Symington, Thankerton and Dolphinton - 02","S01012575",289,201,107,94,1,35,34,1,44,39,5,8
"2011","Biggar, Symington, Thankerton and Dolphinton - 03","S01012576",370,285,162,123,0,23,23,0,54,51,3,8
"2011","Biggar, Symington, Thankerton and Dolphinton - 04","S01012577",336,249,122,127,0,41,40,1,33,29,4,13
"2011","Biggar, Symington, Thankerton and Dolphinton - 05","S01012578",463,297,163,134,0,120,80,40,38,33,5,8
"2011","Biggar, Symington, Thankerton and Dolphinton - 06","S01012579",287,177,72,105,2,79,58,21,24,19,5,5
"2011","Biggar, Symington, Thankerton and Dolphinton - 07","S01012580",325,250,127,123,1,26,23,3,40,34,6,8
"2011","Carstairs, Carstairs Junction and Carnwath - 01","S01012581",331,154,69,85,1,157,156,1,19,15,4,0
"2011","Carstairs, Carstairs Junction and Carnwath - 02","S01012582",365,280,121,159,2,46,26,20,32,30,2,5
"2011","Carstairs, Carstairs Junction and Carnwath - 03","S01012583",326,194,93,101,0,112,109,3,15,14,1,5
"2011","Carstairs, Carstairs Junction and Carnwath - 04","S01012584",331,249,122,127,5,60,43,17,15,12,3,2
"2011","Carstairs, Carstairs Junction and Carnwath - 05","S01012585",404,203,92,111,1,165,151,14,30,24,6,5
"2011","Carstairs, Carstairs Junction and Carnwath - 06","S01012586",313,270,93,177,0,10,10,0,26,24,2,7
"2011","Forth, Braehead and Auchengray - 01","S01012587",327,283,133,150,0,9,9,0,22,18,4,13
"2011","Forth, Braehead and Auchengray - 02","S01012588",256,218,99,119,1,16,10,6,13,12,1,8
"2011","Forth, Braehead and Auchengray - 03","S01012589",284,152,68,84,0,118,105,13,10,9,1,4
"2011","Forth, Braehead and Auchengray - 04","S01012590",371,191,66,125,0,158,127,31,18,16,2,4
"2011","Forth, Braehead and Auchengray - 05","S01012591",385,183,103,80,0,189,186,3,10,7,3,3
"2011","Law - 01","S01012592",215,201,77,124,0,4,4,0,9,7,2,1
"2011","Law - 02","S01012593",333,302,114,188,0,14,14,0,13,13,0,4
"2011","Law - 03","S01012594",212,174,80,94,0,31,23,8,6,5,1,1
"2011","Law - 04","S01012595",288,214,96,118,1,53,38,15,15,13,2,5
"2011","Law - 05","S01012596",347,191,59,132,1,133,131,2,20,19,1,2
"2011","Law - 06","S01012597",177,150,35,115,0,22,22,0,5,5,0,0
"2011","Carluke West - 01","S01012598",302,251,119,132,0,20,18,2,25,23,2,6
"2011","Carluke West - 02","S01012599",330,256,131,125,0,32,10,22,34,32,2,8
"2011","Carluke West - 03","S01012600",308,278,128,150,0,2,2,0,25,24,1,3
"2011","Carluke West - 04","S01012601",357,325,124,201,0,18,17,1,13,11,2,1
"2011","Carluke North - 01","S01012602",329,138,55,83,1,152,103,49,33,31,2,5
"2011","Carluke North - 02","S01012603",337,180,75,105,0,131,126,5,20,16,4,6
"2011","Carluke North - 03","S01012604",275,191,89,102,0,72,69,3,11,8,3,1
"2011","Carluke North - 04","S01012605",240,161,98,63,2,67,65,2,8,7,1,2
"2011","Carluke East - 01","S01012606",249,243,29,214,0,3,2,1,1,1,0,2
"2011","Carluke East - 02","S01012607",312,243,93,150,0,53,51,2,15,14,1,1
"2011","Carluke East - 03","S01012608",358,220,84,136,0,124,124,0,10,9,1,4
"2011","Carluke East - 04","S01012609",383,185,69,116,2,182,138,44,12,11,1,2
"2011","Carluke East - 05","S01012610",425,175,55,120,0,225,133,92,23,20,3,2
"2011","Carluke South - 01","S01012611",352,285,137,148,0,54,53,1,13,11,2,0
"2011","Carluke South - 02","S01012612",294,199,82,117,0,76,73,3,16,15,1,3
"2011","Carluke South - 03","S01012613",287,192,83,109,0,83,80,3,10,10,0,2
"2011","Carluke South - 04","S01012614",455,326,147,179,7,92,41,51,26,26,0,4
"2011","Crossford, Braidwood and Yieldshields - 01","S01012615",306,231,111,120,0,56,56,0,14,13,1,5
"2011","Crossford, Braidwood and Yieldshields - 02","S01012616",384,290,145,145,0,74,50,24,13,9,4,7
"2011","Crossford, Braidwood and Yieldshields - 03","S01012617",151,133,58,75,0,4,3,1,10,9,1,4
"2011","Crossford, Braidwood and Yieldshields - 04","S01012618",209,150,62,88,0,40,19,21,14,11,3,5
"2011","Lanark North West - 01","S01012619",295,139,71,68,0,119,88,31,34,30,4,3
"2011","Lanark North West - 02","S01012620",325,294,160,134,1,12,12,0,14,13,1,4
"2011","Lanark North West - 03","S01012621",277,221,129,92,1,35,32,3,16,13,3,4
"2011","Lanark North West - 04","S01012622",341,239,115,124,0,81,80,1,16,11,5,5
"2011","Lanark North East - 01","S01012623",320,177,88,89,1,114,111,3,26,23,3,2
"2011","Lanark North East - 02","S01012624",334,204,86,118,1,81,72,9,39,36,3,9
"2011","Lanark North East - 03","S01012625",263,150,63,87,1,100,76,24,11,9,2,1
"2011","Lanark North East - 04","S01012626",216,189,100,89,0,12,10,2,11,11,0,4
"2011","Lanark South - 01","S01012627",241,117,63,54,0,106,70,36,17,16,1,1
"2011","Lanark South - 02","S01012628",334,299,108,191,0,7,6,1,23,19,4,5
"2011","Lanark South - 03","S01012629",197,166,79,87,0,4,4,0,22,18,4,5
"2011","Lanark South - 04","S01012630",508,270,155,115,3,136,92,44,90,85,5,9
"2011","Lanark South - 05","S01012631",423,193,72,121,0,205,156,49,22,17,5,3
"2011","Hazelbank and Kirkfieldbank - 01","S01012632",304,252,130,122,0,9,8,1,38,37,1,5
"2011","Hazelbank and Kirkfieldbank - 02","S01012633",283,217,124,93,0,42,38,4,19,19,0,5
"2011","Hazelbank and Kirkfieldbank - 03","S01012634",339,212,116,96,4,100,58,42,18,15,3,5
"2011","Hazelbank and Kirkfieldbank - 04","S01012635",430,330,151,179,0,71,70,1,19,14,5,10
"2011","Hazelbank and Kirkfieldbank - 05","S01012636",250,199,80,119,0,27,26,1,19,14,5,5
"2011","Douglas, Coalburn and Rigside - 01","S01012637",365,148,65,83,0,193,57,136,21,19,2,3
"2011","Douglas, Coalburn and Rigside - 02","S01012638",406,231,112,119,0,118,106,12,47,46,1,10
"2011","Douglas, Coalburn and Rigside - 03","S01012639",360,215,84,131,0,128,125,3,15,13,2,2
"2011","Douglas, Coalburn and Rigside - 04","S01012640",439,162,79,83,0,252,220,32,23,21,2,2
"2011","Douglas, Coalburn and Rigside - 05","S01012641",484,268,153,115,5,129,75,54,77,69,8,5
"2011","Lesmahagow - 01","S01012642",380,142,66,76,0,216,144,72,21,18,3,1
"2011","Lesmahagow - 02","S01012643",199,122,52,70,0,59,43,16,16,13,3,2
"2011","Lesmahagow - 03","S01012644",301,174,75,99,0,105,71,34,22,21,1,0
"2011","Lesmahagow - 04","S01012645",368,226,107,119,0,95,52,43,39,37,2,8
"2011","Lesmahagow - 05","S01012646",405,324,120,204,0,45,44,1,31,27,4,5
"2011","Kirkmuirhill and Blackwood - 01","S01012647",269,236,27,209,0,3,3,0,28,25,3,2
"2011","Kirkmuirhill and Blackwood - 02","S01012648",229,120,47,73,0,94,91,3,13,12,1,2
"2011","Kirkmuirhill and Blackwood - 03","S01012649",267,181,94,87,1,75,64,11,8,7,1,2
"2011","Kirkmuirhill and Blackwood - 04","S01012650",266,208,87,121,0,32,23,9,24,20,4,2
"2011","Kirkmuirhill and Blackwood - 05","S01012651",327,135,52,83,3,174,136,38,14,12,2,1
"2011","Kirkmuirhill and Blackwood - 06","S01012652",431,394,174,220,0,14,12,2,21,17,4,2
"2011","Ashgill and Netherburn - 01","S01012653",363,201,80,121,1,137,136,1,22,22,0,2
"2011","Ashgill and Netherburn - 02","S01012654",326,256,99,157,0,16,15,1,50,43,7,4
"2011","Ashgill and Netherburn - 03","S01012655",454,298,121,177,1,131,130,1,21,18,3,3
"2011","Merryton and Meadowhill - 01","S01012656",405,240,89,151,0,141,141,0,22,19,3,2
"2011","Merryton and Meadowhill - 02","S01012657",272,166,70,96,0,67,65,2,35,32,3,4
"2011","Merryton and Meadowhill - 03","S01012658",424,383,205,178,0,16,16,0,21,18,3,4
"2011","Merryton and Meadowhill - 04","S01012659",366,342,76,266,1,6,5,1,13,9,4,4
"2011","Larkhall Central, Raploch, Millheugh and Burnhead - 01","S01012660",326,186,66,120,0,128,126,2,9,7,2,3
"2011","Larkhall Central, Raploch, Millheugh and Burnhead - 02","S01012661",324,259,108,151,0,22,20,2,38,36,2,5
"2011","Larkhall Central, Raploch, Millheugh and Burnhead - 03","S01012662",370,215,107,108,2,118,116,2,30,27,3,5
"2011","Larkhall Central, Raploch, Millheugh and Burnhead - 04","S01012663",301,267,150,117,0,4,4,0,28,25,3,2
"2011","Larkhall Central, Raploch, Millheugh and Burnhead - 05","S01012664",462,322,142,180,0,61,53,8,72,65,7,7
"2011","Hareleeshill - 01","S01012665",346,158,63,95,0,162,158,4,22,15,7,4
"2011","Hareleeshill - 02","S01012666",337,172,73,99,0,138,138,0,22,21,1,5
"2011","Hareleeshill - 03","S01012667",279,128,70,58,0,139,135,4,9,8,1,3
"2011","Hareleeshill - 04","S01012668",347,212,93,119,0,96,95,1,37,30,7,2
"2011","Hareleeshill - 05","S01012669",296,287,142,145,0,3,3,0,5,2,3,1
"2011","Hareleeshill - 06","S01012670",295,280,155,125,0,4,4,0,10,7,3,1
"2011","Strutherhill - 01","S01012671",388,257,103,154,0,111,99,12,18,17,1,2
"2011","Strutherhill - 02","S01012672",361,120,42,78,3,224,75,149,14,14,0,0
"2011","Strutherhill - 03","S01012673",252,101,36,65,0,128,125,3,21,17,4,2
"2011","Strutherhill - 04","S01012674",240,100,29,71,1,124,123,1,12,12,0,3
"2011","Strutherhill - 05","S01012675",361,165,50,115,0,170,167,3,26,24,2,0
"2011","Stonehouse - 01","S01012676",307,216,78,138,0,57,56,1,33,29,4,1
"2011","Stonehouse - 02","S01012677",256,139,59,80,0,92,92,0,21,17,4,4
"2011","Stonehouse - 03","S01012678",268,250,88,162,0,3,2,1,14,12,2,1
"2011","Stonehouse - 04","S01012679",372,230,88,142,0,126,99,27,15,13,2,1
"2011","Stonehouse - 05","S01012680",210,190,63,127,1,5,5,0,11,10,1,3
"2011","Stonehouse - 06","S01012681",311,242,123,119,0,22,21,1,40,37,3,7
"2011","Stonehouse - 07","S01012682",315,247,125,122,2,39,38,1,21,19,2,6
"2011","Stonehouse - 08","S01012683",326,202,82,120,0,103,102,1,18,15,3,3
"2011","Strathaven South - 01","S01012684",219,183,60,123,0,9,9,0,25,23,2,2
"2011","Strathaven South - 02","S01012685",334,218,67,151,1,104,104,0,9,9,0,2
"2011","Strathaven South - 03","S01012686",434,346,162,184,1,13,12,1,69,59,10,5
"2011","Strathaven South - 04","S01012687",235,231,153,78,0,1,1,0,3,3,0,0
"2011","Strathaven South - 05","S01012688",449,289,155,134,2,41,25,16,108,103,5,9
"2011","Strathaven South - 06","S01012689",185,165,84,81,0,9,9,0,9,8,1,2
"2011","Strathaven South - 07","S01012690",202,178,74,104,0,14,13,1,8,8,0,2
"2011","Strathaven North - 01","S01012691",296,273,123,150,0,2,2,0,21,19,2,0
"2011","Strathaven North - 02","S01012692",334,232,104,128,0,82,81,1,18,16,2,2
"2011","Strathaven North - 03","S01012693",321,307,132,175,0,7,5,2,6,6,0,1
"2011","Strathaven North - 04","S01012694",200,146,49,97,1,38,38,0,12,11,1,3
"2011","Chapelton, Glengavel and Sandford - 01","S01012695",306,246,113,133,0,29,14,15,27,23,4,4
"2011","Chapelton, Glengavel and Sandford - 02","S01012696",272,241,130,111,1,4,4,0,17,14,3,9
"2011","Chapelton, Glengavel and Sandford - 03","S01012697",197,164,82,82,0,9,9,0,18,16,2,6
"2011","Chapelton, Glengavel and Sandford - 04","S01012698",339,288,134,154,0,28,26,2,13,10,3,10
"2011","Glassford, Quarter and Allanton - 01","S01012699",429,340,148,192,0,55,52,3,27,25,2,7
"2011","Glassford, Quarter and Allanton - 02","S01012700",320,261,134,127,0,33,31,2,24,18,6,2
"2011","Glassford, Quarter and Allanton - 03","S01012701",221,202,124,78,1,5,5,0,12,10,2,1
"2011","Glassford, Quarter and Allanton - 04","S01012702",254,188,68,120,0,23,21,2,42,38,4,1
"2011","Eddlewood - 01","S01012703",205,171,28,143,0,25,25,0,7,5,2,2
"2011","Eddlewood - 02","S01012704",329,192,53,139,0,121,120,1,14,13,1,2
"2011","Eddlewood - 03","S01012705",257,247,59,188,0,3,3,0,5,3,2,2
"2011","Eddlewood - 04","S01012706",297,185,51,134,0,96,95,1,15,12,3,1
"2011","Eddlewood - 05","S01012707",322,305,134,171,0,4,4,0,12,9,3,1
"2011","Low Waters - 01","S01012708",332,193,67,126,6,111,110,1,21,20,1,1
"2011","Low Waters - 02","S01012709",253,149,72,77,0,92,91,1,8,7,1,4
"2011","Low Waters - 03","S01012710",356,183,69,114,3,137,112,25,33,33,0,0
"2011","Low Waters - 04","S01012711",435,188,76,112,0,194,194,0,46,46,0,7
"2011","Silvertonhill - 01","S01012712",335,316,179,137,0,6,6,0,13,8,5,0
"2011","Silvertonhill - 02","S01012713",329,282,168,114,0,22,13,9,22,21,1,3
"2011","Silvertonhill - 03","S01012714",264,249,155,94,0,3,3,0,11,11,0,1
"2011","Silvertonhill - 04","S01012715",411,227,99,128,0,109,84,25,68,59,9,7
"2011","Hamilton Centre and Low Parks - 01","S01012716",369,303,187,116,0,27,26,1,33,31,2,6
"2011","Hamilton Centre and Low Parks - 02","S01012717",581,292,164,128,0,158,131,27,119,112,7,12
"2011","Hamilton Centre and Low Parks - 03","S01012718",489,348,170,178,2,36,25,11,97,94,3,6
"2011","Hamilton Centre and Low Parks - 04","S01012719",438,225,91,134,3,63,51,12,138,133,5,9
"2011","Hamilton Centre and Low Parks - 05","S01012720",318,163,49,114,0,22,14,8,127,114,13,6
"2011","Laighstonehall - 01","S01012721",288,224,99,125,1,36,34,2,23,20,3,4
"2011","Laighstonehall - 02","S01012722",413,198,73,125,2,170,168,2,42,37,5,1
"2011","Laighstonehall - 03","S01012723",358,168,71,97,0,157,156,1,29,23,6,4
"2011","Laighstonehall - 04","S01012724",412,266,126,140,2,74,71,3,64,57,7,6
"2011","Laighstonehall - 05","S01012725",494,306,124,182,3,75,46,29,105,100,5,5
"2011","Fairhill - 01","S01012726",283,207,100,107,4,55,49,6,12,10,2,5
"2011","Fairhill - 02","S01012727",294,129,44,85,0,154,139,15,9,7,2,2
"2011","Fairhill - 03","S01012728",339,88,28,60,3,225,206,19,22,21,1,1
"2011","Woodhead and Meikle Earnock - 01","S01012729",346,267,86,181,0,58,54,4,20,17,3,1
"2011","Woodhead and Meikle Earnock - 02","S01012730",266,150,44,106,0,103,86,17,13,13,0,0
"2011","Woodhead and Meikle Earnock - 03","S01012731",335,218,82,136,1,99,61,38,13,12,1,4
"2011","Woodhead and Meikle Earnock - 04","S01012732",292,200,67,133,0,71,62,9,20,15,5,1
"2011","Little Earnock - 01","S01012733",364,325,41,284,0,11,9,2,25,24,1,3
"2011","Little Earnock - 02","S01012734",198,188,20,168,0,4,2,2,6,5,1,0
"2011","Little Earnock - 03","S01012735",213,148,63,85,0,45,44,1,20,17,3,0
"2011","Little Earnock - 04","S01012736",376,280,80,200,0,71,15,56,24,19,5,1
"2011","Little Earnock - 05","S01012737",329,272,62,210,1,26,14,12,28,26,2,2
"2011","Little Earnock - 06","S01012738",255,172,66,106,0,71,12,59,8,6,2,4
"2011","Little Earnock - 07","S01012739",289,266,31,235,0,4,3,1,18,18,0,1
"2011","Little Earnock - 08","S01012740",308,243,36,207,4,52,7,45,9,8,1,0
"2011","Earnock - 01","S01012741",272,248,78,170,0,7,4,3,17,16,1,0
"2011","Earnock - 02","S01012742",276,256,124,132,0,10,6,4,8,7,1,2
"2011","Earnock - 03","S01012743",237,228,128,100,0,1,1,0,7,7,0,1
"2011","Earnock - 04","S01012744",277,258,74,184,0,3,2,1,15,14,1,1
"2011","Earnock - 05","S01012745",302,287,147,140,0,6,5,1,8,7,1,1
"2011","Earnock - 06","S01012746",311,257,74,183,2,26,25,1,24,21,3,2
"2011","Hillhouse - 01","S01012747",348,252,110,142,0,82,81,1,11,10,1,3
"2011","Hillhouse - 02","S01012748",369,122,45,77,1,228,224,4,16,14,2,2
"2011","Hillhouse - 03","S01012749",387,138,41,97,0,212,87,125,35,31,4,2
"2011","Hillhouse - 04","S01012750",336,151,46,105,0,140,88,52,44,43,1,1
"2011","Hillhouse - 05","S01012751",423,261,129,132,0,140,135,5,22,17,5,0
"2011","High Blantyre - 01","S01012752",375,214,66,148,2,135,132,3,22,19,3,2
"2011","High Blantyre - 02","S01012753",235,96,31,65,0,121,117,4,18,16,2,0
"2011","High Blantyre - 03","S01012754",255,149,65,84,0,95,88,7,9,7,2,2
"2011","High Blantyre - 04","S01012755",280,101,40,61,0,162,158,4,17,17,0,0
"2011","High Blantyre - 05","S01012756",271,158,85,73,1,96,49,47,14,10,4,2
"2011","High Blantyre - 06","S01012757",236,136,55,81,0,85,85,0,14,12,2,1
"2011","High Blantyre - 07","S01012758",274,175,64,111,0,79,65,14,19,19,0,1
"2011","Blantyre South and Wheatlands - 01","S01012759",342,180,68,112,0,144,118,26,16,15,1,2
"2011","Blantyre South and Wheatlands - 02","S01012760",424,203,67,136,0,170,141,29,47,45,2,4
"2011","Blantyre South and Wheatlands - 03","S01012761",369,226,78,148,1,113,109,4,27,24,3,2
"2011","Blantyre South and Wheatlands - 04","S01012762",315,249,120,129,2,40,18,22,23,16,7,1
"2011","Blantyre South and Wheatlands - 05","S01012763",178,113,40,73,0,57,56,1,8,5,3,0
"2011","Blantyre South and Wheatlands - 06","S01012764",348,193,78,115,0,126,104,22,21,14,7,8
"2011","Low Blantyre and Bardykes - 01","S01012765",296,194,77,117,1,95,94,1,5,5,0,1
"2011","Low Blantyre and Bardykes - 02","S01012766",358,200,42,158,0,133,104,29,22,21,1,3
"2011","Low Blantyre and Bardykes - 03","S01012767",228,217,103,114,0,6,6,0,5,4,1,0
"2011","Low Blantyre and Bardykes - 04","S01012768",291,279,133,146,0,5,5,0,7,6,1,0
"2011","Low Blantyre and Bardykes - 05","S01012769",152,142,45,97,0,1,1,0,9,8,1,0
"2011","Blantytre North and Coatshill - 01","S01012770",408,265,93,172,0,90,80,10,50,45,5,3
"2011","Blantytre North and Coatshill - 02","S01012771",357,248,96,152,1,81,81,0,18,14,4,9
"2011","Blantytre North and Coatshill - 03","S01012772",285,158,54,104,0,114,111,3,13,11,2,0
"2011","Blantytre North and Coatshill - 04","S01012773",391,277,105,172,0,89,83,6,25,23,2,0
"2011","Burnbank North - 01","S01012774",408,251,88,163,0,117,102,15,39,35,4,1
"2011","Burnbank North - 02","S01012775",211,132,61,71,5,48,23,25,25,24,1,1
"2011","Burnbank North - 03","S01012776",359,209,62,147,2,124,120,4,20,18,2,4
"2011","Burnbank North - 04","S01012777",365,296,40,256,1,40,13,27,27,23,4,1
"2011","Burnbank North - 05","S01012778",295,152,22,130,1,128,62,66,13,12,1,1
"2011","Burnbank North - 06","S01012779",200,102,12,90,0,82,79,3,15,11,4,1
"2011","Burnbank North - 07","S01012780",346,136,43,93,0,184,175,9,24,23,1,2
"2011","Burnbank Central and Udston - 01","S01012781",300,237,90,147,0,35,35,0,25,24,1,3
"2011","Burnbank Central and Udston - 02","S01012782",313,133,63,70,0,150,144,6,29,27,2,1
"2011","Burnbank Central and Udston - 03","S01012783",322,159,47,112,0,137,130,7,23,21,2,3
"2011","Burnbank Central and Udston - 04","S01012784",391,197,69,128,0,163,144,19,30,27,3,1
"2011","Burnbank Central and Udston - 05","S01012785",388,142,57,85,1,214,206,8,31,29,2,0
"2011","Burnbank Central and Udston - 06","S01012786",423,108,31,77,1,239,199,40,74,72,2,1
"2011","Burnbank Central and Udston - 07","S01012787",250,173,26,147,0,47,27,20,30,26,4,0
"2011","Burnbank South and Chantinghall - 01","S01012788",259,132,35,97,0,111,18,93,15,12,3,1
"2011","Burnbank South and Chantinghall - 02","S01012789",325,240,92,148,1,68,66,2,15,12,3,1
"2011","Burnbank South and Chantinghall - 03","S01012790",289,195,44,151,0,40,4,36,51,46,5,3
"2011","Burnbank South and Chantinghall - 04","S01012791",324,283,170,113,0,17,16,1,17,14,3,7
"2011","Burnbank South and Chantinghall - 05","S01012792",496,306,118,188,0,116,102,14,68,61,7,6
"2011","Whitehill - 01","S01012793",363,141,59,82,1,162,159,3,59,56,3,0
"2011","Whitehill - 02","S01012794",378,234,105,129,0,30,27,3,108,98,10,6
"2011","Whitehill - 03","S01012795",439,186,58,128,3,232,200,32,17,15,2,1
"2011","Whitehill - 04","S01012796",347,203,42,161,3,109,94,15,30,29,1,2
"2011","Whitehill - 05","S01012797",276,150,40,110,0,106,99,7,15,12,3,5
"2011","Bothwell South - 01","S01012798",329,273,138,135,4,24,23,1,25,20,5,3
"2011","Bothwell South - 02","S01012799",393,309,166,143,0,35,10,25,45,44,1,4
"2011","Bothwell South - 03","S01012800",398,340,154,186,0,6,5,1,46,44,2,6
"2011","Bothwell South - 04","S01012801",252,193,135,58,0,5,5,0,41,38,3,13
"2011","Bothwell South - 05","S01012802",207,191,95,96,0,3,3,0,12,8,4,1
"2011","Bothwell North - 01","S01012803",262,247,116,131,0,5,5,0,8,4,4,2
"2011","Bothwell North - 02","S01012804",351,189,71,118,2,126,123,3,31,30,1,3
"2011","Bothwell North - 03","S01012805",383,263,101,162,0,94,89,5,22,22,0,4
"2011","Bothwell North - 04","S01012806",299,213,73,140,0,67,67,0,19,18,1,0
"2011","Uddingston and Gardenside - 01","S01012807",218,196,96,100,1,1,1,0,19,19,0,1
"2011","Uddingston and Gardenside - 02","S01012808",475,360,170,190,2,56,29,27,47,42,5,10
"2011","Uddingston and Gardenside - 03","S01012809",337,202,86,116,0,21,3,18,113,101,12,1
"2011","Uddingston and Gardenside - 04","S01012810",481,185,79,106,2,251,79,172,41,39,2,2
"2011","Uddingston and Gardenside - 05","S01012811",348,266,134,132,0,62,60,2,18,16,2,2
"2011","Uddingston and Gardenside - 06","S01012812",285,226,76,150,2,34,29,5,20,17,3,3
"2011","Uddingston and Gardenside - 07","S01012813",372,353,188,165,0,4,3,1,10,10,0,5
"2011","Halfway, Hallside and Drumsagard - 01","S01012814",333,305,65,240,0,6,6,0,21,16,5,1
"2011","Halfway, Hallside and Drumsagard - 02","S01012815",320,249,33,216,0,13,6,7,56,49,7,2
"2011","Halfway, Hallside and Drumsagard - 03","S01012816",229,178,30,148,1,13,2,11,30,29,1,7
"2011","Halfway, Hallside and Drumsagard - 04","S01012817",175,163,18,145,0,6,4,2,6,4,2,0
"2011","Halfway, Hallside and Drumsagard - 05","S01012818",271,246,57,189,1,8,2,6,16,11,5,0
"2011","Halfway, Hallside and Drumsagard - 06","S01012819",365,191,73,118,1,146,121,25,26,23,3,1
"2011","Halfway, Hallside and Drumsagard - 07","S01012820",370,323,58,265,1,26,8,18,16,12,4,4
"2011","Westburn and Newton - 01","S01012821",263,225,18,207,0,10,3,7,25,24,1,3
"2011","Westburn and Newton - 02","S01012822",256,79,28,51,0,133,130,3,43,42,1,1
"2011","Westburn and Newton - 03","S01012823",285,265,37,228,0,3,2,1,16,15,1,1
"2011","Westburn and Newton - 04","S01012824",273,219,50,169,1,34,13,21,17,11,6,2
"2011","Westburn and Newton - 05","S01012825",269,120,45,75,2,112,88,24,34,34,0,1
"2011","Westburn and Newton - 06","S01012826",231,51,6,45,4,163,25,138,13,13,0,0
"2011","Westburn and Newton - 07","S01012827",233,200,20,180,2,12,3,9,18,17,1,1
"2011","Westburn and Newton - 08","S01012828",254,228,38,190,0,2,2,0,23,20,3,1
"2011","Westburn and Newton - 09","S01012829",362,175,53,122,0,161,100,61,26,23,3,0
"2011","Vicarland and Cairns - 01","S01012830",313,188,70,118,0,105,77,28,17,16,1,3
"2011","Vicarland and Cairns - 02","S01012831",333,180,85,95,2,133,125,8,16,11,5,2
"2011","Vicarland and Cairns - 03","S01012832",215,137,47,90,1,68,62,6,5,4,1,4
"2011","Vicarland and Cairns - 04","S01012833",319,137,62,75,9,159,106,53,11,9,2,3
"2011","Vicarland and Cairns - 05","S01012834",289,175,74,101,0,97,93,4,15,13,2,2
"2011","Vicarland and Cairns - 06","S01012835",403,271,105,166,0,91,74,17,38,32,6,3
"2011","Whitlawburn and Greenlees - 01","S01012836",220,203,26,177,0,10,5,5,6,5,1,1
"2011","Whitlawburn and Greenlees - 02","S01012837",414,48,14,34,0,355,157,198,10,8,2,1
"2011","Whitlawburn and Greenlees - 03","S01012838",528,37,9,28,5,466,94,372,20,14,6,0
"2011","Whitlawburn and Greenlees - 04","S01012839",300,283,97,186,0,9,5,4,8,7,1,0
"2011","Whitlawburn and Greenlees - 05","S01012840",285,251,51,200,0,10,9,1,21,18,3,3
"2011","Whitlawburn and Greenlees - 06","S01012841",253,225,95,130,0,16,3,13,12,8,4,0
"2011","Whitlawburn and Greenlees - 07","S01012842",198,180,66,114,0,7,3,4,9,7,2,2
"2011","Cambuslang Central - 01","S01012843",381,359,172,187,0,9,4,5,9,8,1,4
"2011","Cambuslang Central - 02","S01012844",249,233,104,129,2,7,3,4,7,6,1,0
"2011","Cambuslang Central - 03","S01012845",281,234,107,127,1,21,7,14,12,11,1,13
"2011","Cambuslang Central - 04","S01012846",543,218,99,119,0,243,238,5,77,69,8,5
"2011","Cambuslang Central - 05","S01012847",249,171,62,109,0,62,31,31,15,11,4,1
"2011","Burgh, Eastfield and Silverbank - 01","S01012848",283,237,81,156,1,14,10,4,30,26,4,1
"2011","Burgh, Eastfield and Silverbank - 02","S01012849",345,157,62,95,0,76,67,9,111,105,6,1
"2011","Burgh, Eastfield and Silverbank - 03","S01012850",339,239,103,136,1,90,83,7,7,6,1,2
"2011","Burgh, Eastfield and Silverbank - 04","S01012851",374,300,142,158,1,64,57,7,7,7,0,2
"2011","Burgh, Eastfield and Silverbank - 05","S01012852",298,276,153,123,0,7,6,1,11,9,2,4
"2011","Burgh, Eastfield and Silverbank - 06","S01012853",338,321,195,126,0,3,0,3,12,9,3,2
"2011","Burgh, Eastfield and Silverbank - 07","S01012854",374,340,123,217,1,2,2,0,26,21,5,5
"2011","Burgh, Eastfield and Silverbank - 08","S01012855",284,223,66,157,0,7,1,6,52,41,11,2
"2011","Farme Cross and Gallowflat North - 01","S01012856",414,230,96,134,0,124,96,28,53,51,2,7
"2011","Farme Cross and Gallowflat North - 02","S01012857",472,253,134,119,1,174,124,50,39,34,5,5
"2011","Farme Cross and Gallowflat North - 03","S01012858",422,176,44,132,1,201,87,114,39,33,6,5
"2011","Farme Cross and Gallowflat North - 04","S01012859",530,328,85,243,10,95,79,16,96,88,8,1
"2011","Shawfield and Clincarthill - 01","S01012860",382,320,165,155,0,20,18,2,38,37,1,4
"2011","Shawfield and Clincarthill - 02","S01012861",322,281,127,154,0,13,10,3,26,23,3,2
"2011","Shawfield and Clincarthill - 03","S01012862",369,130,45,85,4,187,161,26,43,39,4,5
"2011","Shawfield and Clincarthill - 04","S01012863",424,121,35,86,0,232,132,100,70,65,5,1
"2011","Shawfield and Clincarthill - 05","S01012864",469,162,54,108,11,222,143,79,73,72,1,1
"2011","Burnhill and Bankhead North - 01","S01012865",390,250,112,138,2,113,108,5,20,14,6,5
"2011","Burnhill and Bankhead North - 02","S01012866",374,250,77,173,9,81,77,4,32,30,2,2
"2011","Burnhill and Bankhead North - 03","S01012867",396,185,80,105,1,186,181,5,20,14,6,4
"2011","Burnhill and Bankhead North - 04","S01012868",321,174,77,97,0,96,94,2,46,41,5,5
"2011","Burnhill and Bankhead North - 05","S01012869",257,63,25,38,1,177,170,7,16,13,3,0
"2011","Bankhead South - 01","S01012870",450,353,162,191,0,74,72,2,20,18,2,3
"2011","Bankhead South - 02","S01012871",384,326,156,170,0,13,10,3,40,35,5,5
"2011","Bankhead South - 03","S01012872",318,242,91,151,0,7,5,2,64,58,6,5
"2011","Bankhead South - 04","S01012873",338,264,84,180,2,15,14,1,57,54,3,0
"2011","Spittal - 01","S01012874",383,206,81,125,0,146,135,11,30,24,6,1
"2011","Spittal - 02","S01012875",277,153,57,96,0,93,90,3,25,24,1,6
"2011","Spittal - 03","S01012876",371,213,76,137,0,141,136,5,16,14,2,1
"2011","Spittal - 04","S01012877",331,250,102,148,1,73,67,6,7,6,1,0
"2011","High Crosshill - 01","S01012878",373,338,136,202,0,8,5,3,23,22,1,4
"2011","High Crosshill - 02","S01012879",323,273,133,140,1,12,7,5,34,30,4,3
"2011","High Crosshill - 03","S01012880",374,344,184,160,5,9,5,4,11,10,1,5
"2011","High Crosshill - 04","S01012881",406,356,220,136,0,30,6,24,17,12,5,3
"2011","Burnside and Springhall - 01","S01012882",287,137,68,69,0,133,43,90,17,17,0,0
"2011","Burnside and Springhall - 02","S01012883",378,125,57,68,0,244,236,8,8,8,0,1
"2011","Burnside and Springhall - 03","S01012884",285,112,43,69,1,153,64,89,19,17,2,0
"2011","Burnside and Springhall - 04","S01012885",270,96,45,51,3,132,129,3,34,32,2,5
"2011","Burnside and Springhall - 05","S01012886",315,279,121,158,0,14,8,6,18,15,3,4
"2011","Burnside and Springhall - 06","S01012887",352,329,170,159,2,10,8,2,10,10,0,1
"2011","Burnside and Springhall - 07","S01012888",333,302,163,139,0,19,18,1,6,4,2,6
"2011","Fernhill and Cathkin - 01","S01012889",342,275,51,224,2,43,40,3,20,20,0,2
"2011","Fernhill and Cathkin - 02","S01012890",300,143,42,101,1,139,75,64,17,14,3,0
"2011","Fernhill and Cathkin - 03","S01012891",255,168,65,103,0,79,69,10,8,7,1,0
"2011","Fernhill and Cathkin - 04","S01012892",566,263,117,146,4,269,210,59,28,25,3,2
"2011","Fernhill and Cathkin - 05","S01012893",369,187,91,96,1,169,161,8,11,9,2,1
"2011","Nerston and EK Landward Area - 01","S01012894",311,208,50,158,2,85,2,83,15,9,6,1
"2011","Nerston and EK Landward Area - 02","S01012895",197,166,50,116,0,19,8,11,4,4,0,8
"2011","Nerston and EK Landward Area - 03","S01012896",482,194,95,99,0,272,271,1,15,14,1,1
"2011","Nerston and EK Landward Area - 04","S01012897",248,217,82,135,0,6,6,0,22,17,5,3
"2011","Nerston and EK Landward Area - 05","S01012898",177,161,18,143,0,4,3,1,12,11,1,0
"2011","Nerston and EK Landward Area - 06","S01012899",317,99,41,58,0,201,201,0,14,13,1,3
"2011","Nerston and EK Landward Area - 07","S01012900",226,181,89,92,0,10,8,2,30,21,9,5
"2011","Calderwood East - 01","S01012901",336,246,95,151,0,39,36,3,47,43,4,4
"2011","Calderwood East - 02","S01012902",359,250,91,159,0,69,44,25,40,37,3,0
"2011","Calderwood East - 03","S01012903",400,282,109,173,0,70,64,6,47,43,4,1
"2011","Calderwood East - 04","S01012904",371,251,92,159,1,70,63,7,45,41,4,4
"2011","Calderwood East - 05","S01012905",272,120,50,70,0,119,39,80,33,31,2,0
"2011","Calderwood Central - 01","S01012906",482,346,107,239,1,73,69,4,60,50,10,2
"2011","Calderwood Central - 02","S01012907",449,304,131,173,0,97,88,9,46,41,5,2
"2011","Calderwood Central - 03","S01012908",355,241,109,132,0,83,73,10,29,26,3,2
"2011","Calderwood Central - 04","S01012909",331,198,72,126,1,84,81,3,43,41,2,5
"2011","Calderwood Central - 05","S01012910",485,208,95,113,1,245,240,5,29,26,3,2
"2011","Calderwood West and Nerston - 01","S01012911",340,269,136,133,1,37,36,1,31,27,4,2
"2011","Calderwood West and Nerston - 02","S01012912",339,229,120,109,0,77,75,2,31,30,1,2
"2011","Calderwood West and Nerston - 03","S01012913",417,309,148,161,2,67,63,4,31,25,6,8
"2011","Calderwood West and Nerston - 04","S01012914",410,262,97,165,1,68,65,3,71,65,6,8
"2011","Calderwood West and Nerston - 05","S01012915",447,307,75,232,1,86,83,3,53,47,6,0
"2011","St Leonards North - 01","S01012916",331,224,109,115,0,76,56,20,29,27,2,2
"2011","St Leonards North - 02","S01012917",270,247,120,127,0,10,10,0,13,11,2,0
"2011","St Leonards North - 03","S01012918",255,169,79,90,1,35,34,1,45,40,5,5
"2011","St Leonards North - 04","S01012919",229,178,99,79,0,33,29,4,17,17,0,1
"2011","St Leonards North - 05","S01012920",258,248,141,107,0,2,1,1,5,4,1,3
"2011","St Leonards North - 06","S01012921",338,253,96,157,0,43,39,4,41,35,6,1
"2011","St Leonards North - 07","S01012922",437,328,107,221,0,60,35,25,46,40,6,3
"2011","St Leonards South - 01","S01012923",306,238,96,142,1,31,25,6,34,33,1,2
"2011","St Leonards South - 02","S01012924",243,169,55,114,0,31,28,3,43,38,5,0
"2011","St Leonards South - 03","S01012925",194,169,76,93,0,8,6,2,17,15,2,0
"2011","St Leonards South - 04","S01012926",333,247,113,134,0,37,34,3,47,43,4,2
"2011","St Leonards South - 05","S01012927",339,251,103,148,0,44,41,3,43,41,2,1
"2011","St Leonards South - 06","S01012928",353,301,143,158,0,22,22,0,29,23,6,1
"2011","St Leonards South - 07","S01012929",340,286,141,145,1,27,25,2,21,20,1,5
"2011","East Mains - 01","S01012930",512,281,146,135,1,125,119,6,94,88,6,11
"2011","East Mains - 02","S01012931",435,277,112,165,0,95,91,4,60,54,6,3
"2011","East Mains - 03","S01012932",211,174,78,96,0,24,23,1,11,9,2,2
"2011","East Mains - 04","S01012933",352,265,110,155,0,61,50,11,23,20,3,3
"2011","West Mains - 01","S01012934",360,235,110,125,0,75,74,1,48,45,3,2
"2011","West Mains - 02","S01012935",363,280,130,150,0,57,49,8,24,24,0,2
"2011","West Mains - 03","S01012936",351,238,98,140,2,66,43,23,41,36,5,4
"2011","West Mains - 04","S01012937",314,226,83,143,0,49,48,1,29,26,3,10
"2011","Stewartfield East - 01","S01012938",307,253,121,132,1,40,39,1,10,9,1,3
"2011","Stewartfield East - 02","S01012939",216,205,73,132,0,3,3,0,8,8,0,0
"2011","Stewartfield East - 03","S01012940",268,252,87,165,0,2,2,0,11,11,0,3
"2011","Stewartfield East - 04","S01012941",257,249,92,157,0,3,3,0,5,4,1,0
"2011","Stewartfield West - 01","S01012942",364,203,67,136,1,111,104,7,47,43,4,2
"2011","Stewartfield West - 02","S01012943",291,253,81,172,0,18,17,1,17,17,0,3
"2011","Stewartfield West - 03","S01012944",207,198,73,125,0,1,1,0,6,6,0,2
"2011","Stewartfield West - 04","S01012945",241,232,62,170,0,4,4,0,4,4,0,1
"2011","Stewartfield West - 05","S01012946",338,282,88,194,0,3,3,0,50,49,1,3
"2011","Stewartfield West - 06","S01012947",151,147,51,96,0,2,2,0,2,2,0,0
"2011","Thorntonhall, Jackton and Gardenhall - 01","S01012948",249,240,94,146,0,6,5,1,3,3,0,0
"2011","Thorntonhall, Jackton and Gardenhall - 02","S01012949",282,257,109,148,0,5,4,1,16,13,3,4
"2011","Thorntonhall, Jackton and Gardenhall - 03","S01012950",273,255,55,200,0,4,2,2,13,12,1,1
"2011","Thorntonhall, Jackton and Gardenhall - 04","S01012951",294,280,46,234,0,2,1,1,12,12,0,0
"2011","Thorntonhall, Jackton and Gardenhall - 05","S01012952",247,234,135,99,0,4,4,0,8,8,0,1
"2011","Hairmyres and Westwood West - 01","S01012953",292,266,100,166,0,3,2,1,23,18,5,0
"2011","Hairmyres and Westwood West - 02","S01012954",173,162,52,110,0,2,1,1,7,6,1,2
"2011","Hairmyres and Westwood West - 03","S01012955",356,278,92,186,0,12,6,6,62,57,5,4
"2011","Hairmyres and Westwood West - 04","S01012956",458,303,133,170,0,115,89,26,35,31,4,5
"2011","Hairmyres and Westwood West - 05","S01012957",304,199,86,113,1,79,74,5,23,22,1,2
"2011","Mossneuk and Newlandsmuir - 01","S01012958",206,161,44,117,0,31,30,1,13,9,4,1
"2011","Mossneuk and Newlandsmuir - 02","S01012959",228,201,36,165,1,12,12,0,14,12,2,0
"2011","Mossneuk and Newlandsmuir - 03","S01012960",229,161,51,110,0,66,30,36,2,2,0,0
"2011","Mossneuk and Newlandsmuir - 04","S01012961",200,188,63,125,0,3,3,0,8,8,0,1
"2011","Mossneuk and Newlandsmuir - 05","S01012962",236,223,97,126,0,2,2,0,9,7,2,2
"2011","Crosshouse and Lindsayfield - 01","S01012963",275,259,53,206,0,5,2,3,7,6,1,4
"2011","Crosshouse and Lindsayfield - 02","S01012964",200,186,24,162,0,1,1,0,12,11,1,1
"2011","Crosshouse and Lindsayfield - 03","S01012965",229,162,36,126,0,60,39,21,6,6,0,1
"2011","Crosshouse and Lindsayfield - 04","S01012966",262,215,52,163,0,31,29,2,15,14,1,1
"2011","Crosshouse and Lindsayfield - 05","S01012967",183,140,47,93,0,31,29,2,11,7,4,1
"2011","Crosshouse and Lindsayfield - 06","S01012968",271,177,54,123,0,52,44,8,41,39,2,1
"2011","Crosshouse and Lindsayfield - 07","S01012969",306,190,66,124,1,87,69,18,28,25,3,0
"2011","Whitehills West - 01","S01012970",236,158,47,111,0,70,66,4,7,6,1,1
"2011","Whitehills West - 02","S01012971",299,156,47,109,0,118,43,75,25,24,1,0
"2011","Whitehills West - 03","S01012972",329,172,46,126,9,121,80,41,27,23,4,0
"2011","Whitehills West - 04","S01012973",335,249,88,161,1,60,36,24,24,19,5,1
"2011","Whitehills West - 05","S01012974",446,291,112,179,0,120,107,13,35,31,4,0
"2011","Greenhills - 01","S01012975",266,146,41,105,0,102,96,6,17,13,4,1
"2011","Greenhills - 02","S01012976",229,148,55,93,0,57,55,2,22,21,1,2
"2011","Greenhills - 03","S01012977",287,189,58,131,0,70,67,3,28,22,6,0
"2011","Greenhills - 04","S01012978",334,206,58,148,0,108,70,38,20,17,3,0
"2011","Greenhills - 05","S01012979",224,176,45,131,0,37,33,4,9,9,0,2
"2011","Westwood South - 01","S01012980",311,200,57,143,1,75,67,8,35,31,4,0
"2011","Westwood South - 02","S01012981",347,243,68,175,0,67,62,5,35,32,3,2
"2011","Westwood South - 03","S01012982",383,271,92,179,0,60,56,4,49,45,4,3
"2011","Westwood South - 04","S01012983",326,291,133,158,0,9,8,1,23,17,6,3
"2011","Westwood South - 05","S01012984",279,225,78,147,0,34,29,5,19,16,3,1
"2011","Westwood South - 06","S01012985",330,281,117,164,2,29,28,1,16,15,1,2
"2011","Westwood East - 01","S01012986",394,252,95,157,1,93,87,6,46,41,5,2
"2011","Westwood East - 02","S01012987",356,238,98,140,0,85,85,0,30,21,9,3
"2011","Westwood East - 03","S01012988",463,314,155,159,1,95,94,1,47,40,7,6
"2011","Westwood East - 04","S01012989",409,322,134,188,0,53,50,3,32,31,1,2
"2011","The Murray - 01","S01012990",303,175,73,102,0,101,82,19,26,25,1,1
"2011","The Murray - 02","S01012991",351,259,101,158,0,46,44,2,43,39,4,3
"2011","The Murray - 03","S01012992",380,265,108,157,3,69,64,5,39,36,3,4
"2011","The Murray - 04","S01012993",376,245,120,125,0,79,73,6,51,46,5,1
"2011","The Murray - 05","S01012994",502,266,129,137,0,158,157,1,72,66,6,6
"2011","Birniehill, Kelvin and Whitehills East - 01","S01012995",331,264,68,196,1,45,44,1,20,18,2,1
"2011","Birniehill, Kelvin and Whitehills East - 02","S01012996",246,173,44,129,0,56,56,0,14,13,1,3
"2011","Birniehill, Kelvin and Whitehills East - 03","S01012997",210,146,46,100,0,49,48,1,14,14,0,1
"2011","Birniehill, Kelvin and Whitehills East - 04","S01012998",414,305,83,222,2,58,55,3,43,38,5,6
"2011","Birniehill, Kelvin and Whitehills East - 05","S01012999",220,145,40,105,0,58,58,0,17,16,1,0
"2011","Birniehill, Kelvin and Whitehills East - 06","S01013000",322,217,86,131,0,70,70,0,32,28,4,3
"2011","Blane Valley - 01","S01013001",156,111,66,45,0,10,10,0,31,26,5,4
"2011","Blane Valley - 02","S01013002",205,149,82,67,0,14,13,1,30,28,2,12
"2011","Blane Valley - 03","S01013003",246,241,133,108,0,2,2,0,2,2,0,1
"2011","Blane Valley - 04","S01013004",264,228,112,116,0,21,20,1,14,12,2,1
"2011","Blane Valley - 05","S01013005",300,248,152,96,1,14,14,0,33,26,7,4
"2011","Blane Valley - 06","S01013006",240,184,103,81,1,10,10,0,39,37,2,6
"2011","Blane Valley - 07","S01013007",397,354,205,149,0,11,9,2,28,26,2,4
"2011","Blane Valley - 08","S01013008",330,248,132,116,0,48,46,2,33,31,2,1
"2011","Balfron and Drymen - 01","S01013009",293,195,116,79,2,64,33,31,27,23,4,5
"2011","Balfron and Drymen - 02","S01013010",246,205,123,82,2,4,4,0,30,28,2,5
"2011","Balfron and Drymen - 03","S01013011",261,192,69,123,5,47,21,26,16,9,7,1
"2011","Balfron and Drymen - 04","S01013012",292,181,86,95,0,70,61,9,32,28,4,9
"2011","Balfron and Drymen - 05","S01013013",297,229,118,111,3,28,25,3,30,27,3,7
"2011","Balfron and Drymen - 06","S01013014",336,221,132,89,2,59,25,34,39,33,6,15
"2011","Kippen and Fintry - 01","S01013015",309,266,152,114,0,10,10,0,24,21,3,9
"2011","Kippen and Fintry - 02","S01013016",244,188,115,73,2,11,5,6,32,30,2,11
"2011","Kippen and Fintry - 03","S01013017",359,238,105,133,1,103,53,50,14,12,2,3
"2011","Kippen and Fintry - 04","S01013018",387,306,146,160,6,46,34,12,24,17,7,5
"2011","Cambusbarron - 01","S01013019",355,275,111,164,0,8,4,4,64,62,2,8
"2011","Cambusbarron - 02","S01013020",226,133,61,72,1,68,66,2,16,14,2,8
"2011","Cambusbarron - 03","S01013021",187,130,48,82,1,42,41,1,13,9,4,1
"2011","Cambusbarron - 04","S01013022",186,94,33,61,3,72,15,57,13,13,0,4
"2011","Cambusbarron - 05","S01013023",337,314,187,127,0,5,4,1,13,13,0,5
"2011","Cambusbarron - 06","S01013024",227,193,107,86,1,8,7,1,21,15,6,4
"2011","Plean and Rural SE - 01","S01013025",211,166,94,72,0,8,6,2,21,20,1,16
"2011","Plean and Rural SE - 02","S01013026",410,269,74,195,3,116,75,41,18,15,3,4
"2011","Plean and Rural SE - 03","S01013027",422,170,73,97,1,225,193,32,26,22,4,0
"2011","Plean and Rural SE - 04","S01013028",191,137,58,79,0,30,30,0,19,17,2,5
"2011","Cowie - 01","S01013029",269,135,64,71,0,122,122,0,11,8,3,1
"2011","Cowie - 02","S01013030",225,109,50,59,0,104,102,2,12,10,2,0
"2011","Cowie - 03","S01013031",291,143,53,90,0,131,128,3,16,13,3,1
"2011","Cowie - 04","S01013032",309,242,34,208,2,38,8,30,26,21,5,1
"2011","Fallin - 01","S01013033",276,191,32,159,3,50,19,31,30,28,2,2
"2011","Fallin - 02","S01013034",296,184,74,110,0,99,92,7,9,9,0,4
"2011","Fallin - 03","S01013035",300,134,49,85,1,154,151,3,7,5,2,4
"2011","Fallin - 04","S01013036",280,126,42,84,0,146,142,4,7,4,3,1
"2011","Bannockburn - 01","S01013037",283,234,98,136,1,20,19,1,28,27,1,0
"2011","Bannockburn - 02","S01013038",434,250,112,138,0,138,132,6,36,32,4,10
"2011","Bannockburn - 03","S01013039",178,167,48,119,0,4,3,1,7,7,0,0
"2011","Bannockburn - 04","S01013040",324,202,102,100,0,82,42,40,31,28,3,9
"2011","Bannockburn - 05","S01013041",257,170,56,114,1,54,53,1,29,27,2,3
"2011","Hillpark - 01","S01013042",318,220,59,161,0,70,58,12,20,13,7,8
"2011","Hillpark - 02","S01013043",278,133,63,70,1,128,125,3,14,10,4,2
"2011","Hillpark - 03","S01013044",323,184,75,109,0,113,111,2,18,14,4,8
"2011","Hillpark - 04","S01013045",277,185,56,129,0,65,58,7,24,18,6,3
"2011","Hillpark - 05","S01013046",214,120,45,75,0,78,77,1,12,8,4,4
"2011","Broomridge - 01","S01013047",350,326,85,241,0,7,5,2,15,13,2,2
"2011","Broomridge - 02","S01013048",401,302,98,204,0,5,5,0,86,80,6,8
"2011","Broomridge - 03","S01013049",354,315,144,171,2,8,7,1,24,21,3,5
"2011","Broomridge - 04","S01013050",351,195,90,105,2,120,46,74,33,29,4,1
"2011","Broomridge - 05","S01013051",422,255,101,154,0,135,132,3,29,21,8,3
"2011","Broomridge - 06","S01013052",391,244,119,125,0,113,65,48,31,25,6,3
"2011","Broomridge - 07","S01013053",337,130,59,71,0,162,154,8,38,31,7,7
"2011","Borestone - 01","S01013054",305,218,107,111,12,54,16,38,19,17,2,2
"2011","Borestone - 02","S01013055",336,192,89,103,0,98,91,7,36,28,8,10
"2011","Borestone - 03","S01013056",431,243,113,130,8,150,100,50,26,21,5,4
"2011","Borestone - 04","S01013057",369,127,51,76,1,223,148,75,17,13,4,1
"2011","Borestone - 05","S01013058",213,174,32,142,0,22,8,14,16,13,3,1
"2011","King's Park and Torbrex - 01","S01013059",406,332,225,107,0,13,7,6,54,47,7,7
"2011","King's Park and Torbrex - 02","S01013060",227,188,100,88,1,8,8,0,26,24,2,4
"2011","King's Park and Torbrex - 03","S01013061",362,340,222,118,0,0,0,0,19,17,2,3
"2011","King's Park and Torbrex - 04","S01013062",403,323,211,112,0,3,2,1,67,55,12,10
"2011","King's Park and Torbrex - 05","S01013063",371,273,160,113,2,43,1,42,49,41,8,4
"2011","Braehead - 01","S01013064",386,246,112,134,1,109,102,7,26,25,1,4
"2011","Braehead - 02","S01013065",415,206,90,116,0,133,124,9,70,61,9,6
"2011","Braehead - 03","S01013066",347,194,74,120,1,92,65,27,57,52,5,3
"2011","City Centre - 01","S01013067",396,75,24,51,7,61,42,19,249,239,10,4
"2011","City Centre - 02","S01013068",406,82,36,46,1,188,160,28,127,115,12,8
"2011","City Centre - 03","S01013069",350,97,49,48,2,76,36,40,167,159,8,8
"2011","City Centre - 04","S01013070",301,69,23,46,0,107,70,37,125,119,6,0
"2011","City Centre - 05","S01013071",359,87,30,57,3,35,27,8,230,214,16,4
"2011","Raploch - 01","S01013072",227,50,25,25,0,172,126,46,5,2,3,0
"2011","Raploch - 02","S01013073",352,116,23,93,2,193,133,60,35,28,7,6
"2011","Raploch - 03","S01013074",302,64,35,29,0,219,204,15,18,18,0,1
"2011","Raploch - 04","S01013075",481,125,63,62,0,309,291,18,42,36,6,5
"2011","Cornton - 01","S01013076",172,112,38,74,0,17,9,8,42,36,6,1
"2011","Cornton - 02","S01013077",297,137,67,70,0,140,107,33,19,17,2,1
"2011","Cornton - 03","S01013078",252,66,26,40,1,173,87,86,11,10,1,1
"2011","Cornton - 04","S01013079",376,297,76,221,0,45,6,39,32,28,4,2
"2011","Causewayhead - 01","S01013080",374,229,112,117,1,64,32,32,71,67,4,9
"2011","Causewayhead - 02","S01013081",280,256,152,104,0,5,3,2,18,16,2,1
"2011","Causewayhead - 03","S01013082",395,362,208,154,1,5,3,2,22,18,4,5
"2011","Bridge of Allan and University - 01","S01013083",187,163,84,79,0,4,3,1,17,11,6,3
"2011","Bridge of Allan and University - 02","S01013084",307,288,172,116,1,2,1,1,14,14,0,2
"2011","Bridge of Allan and University - 03","S01013085",259,132,64,68,1,98,33,65,20,17,3,8
"2011","Bridge of Allan and University - 04","S01013086",448,252,154,98,1,42,35,7,136,120,16,17
"2011","Bridge of Allan and University - 05","S01013087",327,255,165,90,0,5,3,2,65,65,0,2
"2011","Bridge of Allan and University - 06","S01013088",388,342,212,130,0,7,5,2,32,27,5,7
"2011","Bridge of Allan and University - 07","S01013089",359,234,131,103,1,64,62,2,52,49,3,8
"2011","Forth - 01","S01013090",349,181,91,90,4,27,7,20,135,130,5,2
"2011","Forth - 02","S01013091",254,99,42,57,1,23,9,14,126,112,14,5
"2011","Forth - 03","S01013092",440,238,109,129,3,77,30,47,120,110,10,2
"2011","Forth - 04","S01013093",223,177,123,54,1,8,6,2,33,29,4,4
"2011","Dunblane East - 01","S01013094",230,225,126,99,0,0,0,0,4,4,0,1
"2011","Dunblane East - 02","S01013095",282,269,114,155,0,1,1,0,10,9,1,2
"2011","Dunblane East - 03","S01013096",213,120,43,77,0,44,44,0,40,19,21,9
"2011","Dunblane East - 04","S01013097",248,200,93,107,0,6,6,0,35,28,7,7
"2011","Dunblane East - 05","S01013098",189,183,43,140,0,1,0,1,4,4,0,1
"2011","Dunblane East - 06","S01013099",439,316,175,141,2,22,18,4,92,82,10,7
"2011","Dunblane East - 07","S01013100",265,247,168,79,0,1,1,0,15,14,1,2
"2011","Dunblane West - 01","S01013101",502,294,131,163,0,153,124,29,46,39,7,9
"2011","Dunblane West - 02","S01013102",291,241,159,82,16,13,12,1,16,12,4,5
"2011","Dunblane West - 03","S01013103",289,278,97,181,0,4,4,0,6,5,1,1
"2011","Dunblane West - 04","S01013104",404,376,202,174,1,8,8,0,17,16,1,2
"2011","Dunblane West - 05","S01013105",387,330,182,148,0,15,14,1,34,32,2,8
"2011","Carse of Stirling - 01","S01013106",350,254,116,138,0,43,42,1,46,39,7,7
"2011","Carse of Stirling - 02","S01013107",275,207,126,81,1,5,5,0,51,48,3,11
"2011","Carse of Stirling - 03","S01013108",255,163,96,67,0,71,62,9,18,16,2,3
"2011","Carse of Stirling - 04","S01013109",412,325,178,147,1,20,18,2,45,34,11,21
"2011","Carse of Stirling - 05","S01013110",245,171,100,71,0,26,25,1,39,32,7,9
"2011","Carse of Stirling - 06","S01013111",192,158,98,60,0,17,8,9,15,12,3,2
"2011","Callander and Trossachs - 01","S01013112",265,173,69,104,6,58,3,55,28,27,1,0
"2011","Callander and Trossachs - 02","S01013113",372,229,110,119,1,128,120,8,9,8,1,5
"2011","Callander and Trossachs - 03","S01013114",337,213,134,79,0,46,21,25,64,56,8,14
"2011","Callander and Trossachs - 04","S01013115",320,181,103,78,5,75,15,60,51,46,5,8
"2011","Callander and Trossachs - 05","S01013116",331,311,200,111,0,4,3,1,12,10,2,4
"2011","Highland - 01","S01013117",271,164,66,98,1,78,26,52,22,21,1,6
"2011","Highland - 02","S01013118",195,156,85,71,0,15,6,9,20,14,6,4
"2011","Highland - 03","S01013119",337,228,138,90,4,56,20,36,31,29,2,18
"2011","Highland - 04","S01013120",440,248,159,89,0,96,41,55,67,52,15,29
"2011","Highland - 05","S01013121",146,72,44,28,1,49,18,31,14,14,0,10
"2011","Culter - 01","S01006506",424,296,129,167,1,42,35,7,80,60,20,5
"2011","Culter - 02","S01006507",364,255,134,121,0,90,87,3,14,12,2,5
"2011","Culter - 03","S01006508",340,274,84,190,6,19,19,0,38,36,2,3
"2011","Culter - 04","S01006509",274,183,63,120,9,62,61,1,18,17,1,2
"2011","Culter - 05","S01006510",256,169,91,78,1,58,57,1,24,20,4,4
"2011","Culter - 06","S01006511",315,262,152,110,0,35,19,16,15,14,1,3
"2011","Culter - 07","S01006512",170,143,69,74,0,4,3,1,19,16,3,4
"2011","Cults, Bieldside and Milltimber West - 01","S01006513",230,208,120,88,1,2,2,0,17,13,4,2
"2011","Cults, Bieldside and Milltimber West - 02","S01006514",339,285,147,138,1,7,7,0,41,37,4,5
"2011","Cults, Bieldside and Milltimber West - 03","S01006515",271,232,129,103,1,7,6,1,30,30,0,1
"2011","Cults, Bieldside and Milltimber West - 04","S01006516",185,153,102,51,0,4,3,1,15,8,7,13
"2011","Cults, Bieldside and Milltimber West - 05","S01006517",403,344,204,140,0,27,27,0,27,27,0,5
"2011","Cults, Bieldside and Milltimber East - 01","S01006518",247,226,154,72,0,1,1,0,18,17,1,2
"2011","Cults, Bieldside and Milltimber East - 02","S01006519",281,261,151,110,0,2,2,0,11,10,1,7
"2011","Cults, Bieldside and Milltimber East - 03","S01006520",222,174,84,90,0,1,1,0,47,45,2,0
"2011","Cults, Bieldside and Milltimber East - 04","S01006521",243,197,99,98,0,3,3,0,42,41,1,1
"2011","Cults, Bieldside and Milltimber East - 05","S01006522",218,200,105,95,0,2,2,0,14,13,1,2
"2011","Cults, Bieldside and Milltimber East - 06","S01006523",427,360,215,145,0,9,9,0,54,48,6,4
"2011","Cults, Bieldside and Milltimber East - 07","S01006524",314,247,162,85,0,11,9,2,45,39,6,11
"2011","Cults, Bieldside and Milltimber East - 08","S01006525",339,283,168,115,0,24,22,2,28,21,7,4
"2011","Garthdee - 01","S01006526",439,174,70,104,5,195,150,45,62,45,17,3
"2011","Garthdee - 02","S01006527",286,120,62,58,0,122,49,73,37,31,6,7
"2011","Garthdee - 03","S01006528",433,225,116,109,0,120,67,53,86,79,7,2
"2011","Garthdee - 04","S01006529",496,199,85,114,11,112,51,61,161,152,9,13
"2011","Garthdee - 05","S01006530",356,161,77,84,1,134,56,78,55,44,11,5
"2011","Garthdee - 06","S01006531",429,155,72,83,0,202,165,37,68,60,8,4
"2011","Braeside, Mannofield, Broomhill and Seafield East - 01","S01006532",337,250,138,112,1,10,6,4,72,35,37,4
"2011","Braeside, Mannofield, Broomhill and Seafield East - 02","S01006533",305,276,138,138,1,2,1,1,23,20,3,3
"2011","Braeside, Mannofield, Broomhill and Seafield East - 03","S01006534",398,327,163,164,0,6,5,1,58,52,6,7
"2011","Braeside, Mannofield, Broomhill and Seafield East - 04","S01006535",564,375,130,245,0,15,12,3,170,157,13,4
"2011","Braeside, Mannofield, Broomhill and Seafield East - 05","S01006536",589,350,126,224,0,25,21,4,204,183,21,10
"2011","Braeside, Mannofield, Broomhill and Seafield South - 01","S01006537",341,313,199,114,0,7,7,0,14,13,1,7
"2011","Braeside, Mannofield, Broomhill and Seafield South - 02","S01006538",240,230,132,98,0,3,3,0,6,6,0,1
"2011","Braeside, Mannofield, Broomhill and Seafield South - 03","S01006539",330,294,172,122,0,7,4,3,26,23,3,3
"2011","Braeside, Mannofield, Broomhill and Seafield South - 04","S01006540",451,358,177,181,0,7,5,2,74,67,7,12
"2011","Braeside, Mannofield, Broomhill and Seafield South - 05","S01006541",392,300,163,137,0,72,30,42,19,17,2,1
"2011","Braeside, Mannofield, Broomhill and Seafield North - 01","S01006542",496,416,274,142,1,7,5,2,63,59,4,9
"2011","Braeside, Mannofield, Broomhill and Seafield North - 02","S01006543",363,344,211,133,1,4,4,0,12,8,4,2
"2011","Braeside, Mannofield, Broomhill and Seafield North - 03","S01006544",507,347,161,186,1,10,4,6,140,128,12,9
"2011","Braeside, Mannofield, Broomhill and Seafield North - 04","S01006545",586,451,271,180,3,39,36,3,84,78,6,9
"2011","Braeside, Mannofield, Broomhill and Seafield North - 05","S01006546",262,244,149,95,1,0,0,0,14,14,0,3
"2011","Hazlehead - 01","S01006547",442,274,156,118,1,131,130,1,33,27,6,3
"2011","Hazlehead - 02","S01006548",312,295,193,102,0,2,2,0,11,10,1,4
"2011","Hazlehead - 03","S01006549",366,306,198,108,0,8,6,2,46,42,4,6
"2011","Hazlehead - 04","S01006550",389,358,235,123,0,1,1,0,21,20,1,9
"2011","Hazlehead - 05","S01006551",392,167,94,73,0,192,189,3,26,21,5,7
"2011","Hazlehead - 06","S01006552",417,353,177,176,0,9,7,2,49,46,3,6
"2011","Summerhill - 01","S01006553",407,267,159,108,0,116,34,82,16,12,4,8
"2011","Summerhill - 02","S01006554",330,228,108,120,2,70,64,6,27,20,7,3
"2011","Summerhill - 03","S01006555",374,179,56,123,1,143,115,28,49,42,7,2
"2011","Summerhill - 04","S01006556",399,186,80,106,0,183,176,7,26,22,4,4
"2011","Summerhill - 05","S01006557",338,136,48,88,0,180,128,52,20,19,1,2
"2011","Midstocket - 01","S01006558",354,247,123,124,0,2,2,0,100,92,8,5
"2011","Midstocket - 02","S01006559",272,194,97,97,0,16,4,12,60,59,1,2
"2011","Midstocket - 03","S01006560",432,326,163,163,3,40,3,37,57,50,7,6
"2011","Midstocket - 04","S01006561",323,283,157,126,0,5,4,1,34,31,3,1
"2011","Midstocket - 05","S01006562",334,228,130,98,0,77,38,39,27,18,9,2
"2011","Midstocket - 06","S01006563",366,267,146,121,0,25,23,2,65,37,28,9
"2011","Rosemount - 01","S01006564",578,244,93,151,7,165,110,55,157,142,15,5
"2011","Rosemount - 02","S01006565",565,228,69,159,11,115,66,49,206,191,15,5
"2011","Rosemount - 03","S01006566",437,253,110,143,0,18,14,4,150,132,18,16
"2011","Rosemount - 04","S01006567",552,188,53,135,7,161,145,16,191,171,20,5
"2011","Rosemount - 05","S01006568",575,275,81,194,3,17,15,2,272,256,16,8
"2011","Rosemount - 06","S01006569",311,162,73,89,0,36,19,17,110,107,3,3
"2011","Rosemount - 07","S01006570",371,246,115,131,1,8,8,0,108,101,7,8
"2011","West End North - 01","S01006571",427,288,126,162,1,18,9,9,108,96,12,12
"2011","West End North - 02","S01006572",374,318,180,138,0,4,4,0,51,48,3,1
"2011","West End North - 03","S01006573",290,230,115,115,0,4,4,0,53,50,3,3
"2011","West End North - 04","S01006574",427,315,165,150,1,8,6,2,87,85,2,16
"2011","West End South - 01","S01006575",399,295,138,157,1,4,2,2,90,85,5,9
"2011","West End South - 02","S01006576",325,225,90,135,1,4,2,2,84,73,11,11
"2011","West End South - 03","S01006577",430,257,108,149,1,12,10,2,149,144,5,11
"2011","West End South - 04","S01006578",633,315,102,213,6,49,41,8,244,227,17,19
"2011","West End South - 05","S01006579",640,282,86,196,4,17,15,2,327,298,29,10
"2011","West End South - 06","S01006580",422,248,95,153,2,11,11,0,149,137,12,12
"2011","West End South - 07","S01006581",402,346,194,152,0,4,4,0,45,40,5,7
"2011","City Centre West - 01","S01006582",466,166,54,112,6,55,6,49,230,222,8,9
"2011","City Centre West - 02","S01006583",404,171,34,137,7,14,13,1,203,184,19,9
"2011","City Centre West - 03","S01006584",354,167,50,117,1,15,14,1,166,143,23,5
"2011","City Centre West - 04","S01006585",465,148,77,71,1,159,156,3,146,135,11,11
"2011","City Centre West - 05","S01006586",650,202,81,121,0,200,104,96,241,225,16,7
"2011","City Centre East - 01","S01006587",318,64,14,50,2,90,7,83,161,151,10,1
"2011","City Centre East - 02","S01006588",338,93,24,69,0,44,4,40,199,186,13,2
"2011","City Centre East - 03","S01006589",367,90,19,71,2,104,92,12,169,151,18,2
"2011","City Centre East - 04","S01006590",379,163,45,118,4,29,9,20,179,166,13,4
"2011","Ferryhill North - 01","S01006591",367,164,44,120,45,20,1,19,132,121,11,6
"2011","Ferryhill North - 02","S01006592",374,224,61,163,0,4,2,2,144,136,8,2
"2011","Ferryhill North - 03","S01006593",411,239,80,159,3,5,4,1,158,151,7,6
"2011","Ferryhill North - 04","S01006594",345,154,70,84,21,58,5,53,104,101,3,8
"2011","Ferryhill North - 05","S01006595",555,263,93,170,12,32,10,22,233,198,35,15
"2011","Ferryhill North - 06","S01006596",359,202,77,125,0,20,16,4,134,131,3,3
"2011","Ferryhill North - 07","S01006597",352,171,47,124,0,19,15,4,155,146,9,7
"2011","Ferryhill South - 01","S01006598",435,321,154,167,2,3,2,1,99,96,3,10
"2011","Ferryhill South - 02","S01006599",499,234,101,133,7,130,126,4,119,104,15,9
"2011","Ferryhill South - 03","S01006600",587,321,136,185,0,122,112,10,136,121,15,8
"2011","Ferryhill South - 04","S01006601",572,357,154,203,0,93,16,77,114,103,11,8
"2011","Ferryhill South - 05","S01006602",414,326,180,146,1,4,4,0,74,64,10,9
"2011","Kincorth, Leggart and Nigg North - 01","S01006603",385,192,87,105,2,166,165,1,21,18,3,4
"2011","Kincorth, Leggart and Nigg North - 02","S01006604",291,210,100,110,2,64,64,0,12,8,4,3
"2011","Kincorth, Leggart and Nigg North - 03","S01006605",409,187,69,118,5,196,195,1,17,12,5,4
"2011","Kincorth, Leggart and Nigg North - 04","S01006606",390,290,165,125,0,70,70,0,22,15,7,8
"2011","Kincorth, Leggart and Nigg North - 05","S01006607",385,260,115,145,0,108,105,3,12,10,2,5
"2011","Kincorth, Leggart and Nigg South - 01","S01006608",284,247,134,113,0,14,3,11,18,13,5,5
"2011","Kincorth, Leggart and Nigg South - 02","S01006609",490,293,141,152,1,163,160,3,21,14,7,12
"2011","Kincorth, Leggart and Nigg South - 03","S01006610",212,123,71,52,1,79,78,1,9,6,3,0
"2011","Kincorth, Leggart and Nigg South - 04","S01006611",425,243,108,135,0,159,159,0,19,16,3,4
"2011","Kincorth, Leggart and Nigg South - 05","S01006612",373,295,116,179,1,61,59,2,13,10,3,3
"2011","Cove South - 01","S01006613",259,234,63,171,1,2,2,0,20,20,0,2
"2011","Cove South - 02","S01006614",265,246,41,205,0,4,3,1,13,12,1,2
"2011","Cove South - 03","S01006615",270,246,47,199,0,7,5,2,14,14,0,3
"2011","Cove South - 04","S01006616",337,297,71,226,2,8,7,1,27,26,1,3
"2011","Cove South - 05","S01006617",297,249,109,140,6,34,31,3,8,7,1,0
"2011","Cove South - 06","S01006618",246,231,105,126,0,2,2,0,8,7,1,5
"2011","Cove North - 01","S01006619",372,324,130,194,1,29,28,1,11,11,0,7
"2011","Cove North - 02","S01006620",390,309,117,192,2,50,47,3,23,20,3,6
"2011","Cove North - 03","S01006621",235,211,70,141,1,18,17,1,5,5,0,0
"2011","Cove North - 04","S01006622",292,251,48,203,11,5,1,4,24,21,3,1
"2011","Cove North - 05","S01006623",359,211,88,123,2,102,48,54,41,37,4,3
"2011","Torry West - 01","S01006624",481,222,86,136,1,109,75,34,145,138,7,4
"2011","Torry West - 02","S01006625",288,166,71,95,0,72,65,7,43,36,7,7
"2011","Torry West - 03","S01006626",377,137,63,74,0,201,198,3,33,31,2,6
"2011","Torry West - 04","S01006627",511,200,65,135,0,163,52,111,138,127,11,10
"2011","Torry West - 05","S01006628",635,210,50,160,2,153,110,43,268,259,9,2
"2011","Torry West - 06","S01006629",315,100,46,54,4,196,178,18,14,12,2,1
"2011","Torry West - 07","S01006630",256,110,46,64,0,133,129,4,7,4,3,6
"2011","Torry East - 01","S01006631",493,191,79,112,2,242,230,12,52,51,1,6
"2011","Torry East - 02","S01006632",423,109,45,64,0,272,254,18,36,32,4,6
"2011","Torry East - 03","S01006633",288,80,33,47,2,187,173,14,18,14,4,1
"2011","Torry East - 04","S01006634",291,40,10,30,2,239,221,18,10,9,1,0
"2011","Torry East - 05","S01006635",289,128,63,65,0,139,136,3,20,17,3,2
"2011","Torry East - 06","S01006636",386,43,20,23,3,324,322,2,16,14,2,0
"2011","Hanover South - 01","S01006637",413,155,68,87,1,129,82,47,119,104,15,9
"2011","Hanover South - 02","S01006638",504,178,60,118,4,136,113,23,179,156,23,7
"2011","Hanover South - 03","S01006639",592,150,46,104,2,247,185,62,181,162,19,12
"2011","Hanover South - 04","S01006640",376,141,22,119,4,31,29,2,193,173,20,7
"2011","Hanover North - 01","S01006641",602,198,53,145,23,127,98,29,243,206,37,11
"2011","Hanover North - 02","S01006642",492,167,49,118,9,98,68,30,199,177,22,19
"2011","Hanover North - 03","S01006643",419,157,47,110,2,31,12,19,222,195,27,7
"2011","Hanover North - 04","S01006644",553,162,34,128,10,137,105,32,221,198,23,23
"2011","George Street - 01","S01006645",393,65,39,26,2,272,253,19,51,46,5,3
"2011","George Street - 02","S01006646",340,73,27,46,14,84,73,11,162,148,14,7
"2011","George Street - 03","S01006647",341,81,54,27,6,161,144,17,88,83,5,5
"2011","George Street - 04","S01006648",651,165,47,118,12,185,79,106,273,244,29,16
"2011","George Street - 05","S01006649",583,146,35,111,4,204,18,186,218,186,32,11
"2011","George Street - 06","S01006650",481,192,66,126,3,78,32,46,202,186,16,6
"2011","George Street - 07","S01006651",382,96,34,62,4,129,95,34,151,145,6,2
"2011","George Street - 08","S01006652",308,109,19,90,2,51,38,13,136,118,18,10
"2011","Ashgrove - 01","S01006653",296,155,67,88,7,21,5,16,106,95,11,7
"2011","Ashgrove - 02","S01006654",504,176,83,93,1,240,184,56,75,63,12,12
"2011","Ashgrove - 03","S01006655",334,183,70,113,2,45,9,36,99,86,13,5
"2011","Ashgrove - 04","S01006656",524,194,51,143,5,116,29,87,204,185,19,5
"2011","Ashgrove - 05","S01006657",286,90,30,60,22,87,17,70,85,70,15,2
"2011","Froghall, Powis and Sunnybank - 01","S01006658",525,118,36,82,3,204,183,21,189,170,19,11
"2011","Froghall, Powis and Sunnybank - 02","S01006659",287,153,72,81,6,11,10,1,109,88,21,8
"2011","Froghall, Powis and Sunnybank - 03","S01006660",247,65,17,48,0,81,80,1,99,91,8,2
"2011","Froghall, Powis and Sunnybank - 04","S01006661",301,153,83,70,0,22,20,2,119,101,18,7
"2011","Froghall, Powis and Sunnybank - 05","S01006662",285,54,18,36,1,153,139,14,74,72,2,3
"2011","Froghall, Powis and Sunnybank - 06","S01006663",245,82,43,39,4,14,10,4,135,111,24,10
"2011","Froghall, Powis and Sunnybank - 07","S01006664",237,95,42,53,0,25,24,1,110,93,17,7
"2011","Froghall, Powis and Sunnybank - 08","S01006665",316,118,49,69,3,36,34,2,150,124,26,9
"2011","Seaton - 01","S01006666",499,47,24,23,1,426,408,18,21,18,3,4
"2011","Seaton - 02","S01006667",447,41,23,18,16,340,323,17,45,43,2,5
"2011","Seaton - 03","S01006668",413,167,61,106,7,75,46,29,154,136,18,10
"2011","Seaton - 04","S01006669",444,101,53,48,2,215,191,24,122,75,47,4
"2011","Seaton - 05","S01006670",347,116,44,72,31,97,77,20,95,85,10,8
"2011","Old Aberdeen - 01","S01006671",233,75,40,35,22,62,57,5,65,56,9,9
"2011","Old Aberdeen - 02","S01006672",366,87,38,49,3,206,201,5,67,57,10,3
"2011","Old Aberdeen - 03","S01006673",367,88,37,51,1,209,137,72,60,47,13,9
"2011","Old Aberdeen - 04","S01006674",544,62,56,6,5,445,399,46,26,23,3,6
"2011","Tillydrone - 01","S01006675",315,18,2,16,1,284,276,8,12,9,3,0
"2011","Tillydrone - 02","S01006676",358,69,36,33,2,252,250,2,33,14,19,2
"2011","Tillydrone - 03","S01006677",398,111,51,60,2,237,229,8,48,42,6,0
"2011","Tillydrone - 04","S01006678",525,127,55,72,2,366,331,35,29,28,1,1
"2011","Tillydrone - 05","S01006679",315,240,131,109,1,40,22,18,30,23,7,4
"2011","Tillydrone - 06","S01006680",416,54,29,25,8,345,342,3,9,6,3,0
"2011","Woodside - 01","S01006681",464,177,49,128,7,222,215,7,55,45,10,3
"2011","Woodside - 02","S01006682",384,55,20,35,1,299,290,9,27,25,2,2
"2011","Woodside - 03","S01006683",370,88,28,60,1,217,212,5,64,55,9,0
"2011","Woodside - 04","S01006684",401,95,36,59,2,247,165,82,53,47,6,4
"2011","Woodside - 05","S01006685",427,143,39,104,4,223,207,16,54,50,4,3
"2011","Hilton - 01","S01006686",305,157,63,94,3,111,110,1,32,26,6,2
"2011","Hilton - 02","S01006687",419,220,95,125,1,134,134,0,57,51,6,7
"2011","Hilton - 03","S01006688",510,290,173,117,6,173,172,1,31,25,6,10
"2011","Hilton - 04","S01006689",288,219,81,138,3,6,6,0,55,51,4,5
"2011","Hilton - 05","S01006690",308,196,91,105,0,40,39,1,64,56,8,8
"2011","Hilton - 06","S01006691",271,178,65,113,1,21,12,9,68,59,9,3
"2011","Hilton - 07","S01006692",361,267,140,127,1,37,36,1,53,44,9,3
"2011","Hilton - 08","S01006693",497,254,91,163,3,119,61,58,114,97,17,7
"2011","Stockethill - 01","S01006694",480,120,54,66,2,343,324,19,11,10,1,4
"2011","Stockethill - 02","S01006695",346,217,116,101,1,105,101,4,20,19,1,3
"2011","Stockethill - 03","S01006696",390,156,66,90,2,187,185,2,41,33,8,4
"2011","Stockethill - 04","S01006697",435,205,100,105,0,192,186,6,31,28,3,7
"2011","Stockethill - 05","S01006698",409,110,48,62,0,251,249,2,46,45,1,2
"2011","Stockethill - 06","S01006699",209,147,76,71,0,28,28,0,30,25,5,4
"2011","Stockethill - 07","S01006700",431,218,121,97,1,150,147,3,57,52,5,5
"2011","Mastrick - 01","S01006701",321,140,54,86,0,168,165,3,10,8,2,3
"2011","Mastrick - 02","S01006702",332,231,107,124,0,90,85,5,10,5,5,1
"2011","Mastrick - 03","S01006703",301,151,57,94,1,134,73,61,14,11,3,1
"2011","Mastrick - 04","S01006704",301,105,42,63,0,186,183,3,9,6,3,1
"2011","Mastrick - 05","S01006705",364,182,93,89,2,164,155,9,10,7,3,6
"2011","Mastrick - 06","S01006706",272,140,48,92,0,117,85,32,10,8,2,5
"2011","Mastrick - 07","S01006707",311,122,57,65,0,171,168,3,16,14,2,2
"2011","Sheddocksley - 01","S01006708",364,200,84,116,0,144,139,5,15,13,2,5
"2011","Sheddocksley - 02","S01006709",376,166,70,96,2,186,98,88,20,18,2,2
"2011","Sheddocksley - 03","S01006710",415,237,97,140,1,166,97,69,7,5,2,4
"2011","Sheddocksley - 04","S01006711",511,244,82,162,0,245,233,12,20,14,6,2
"2011","Sheddocksley - 05","S01006712",250,169,76,93,1,70,69,1,6,5,1,4
"2011","Sheddocksley - 06","S01006713",420,211,93,118,4,187,163,24,9,7,2,9
"2011","Cummings Park - 01","S01006714",304,181,83,98,1,104,85,19,16,8,8,2
"2011","Cummings Park - 02","S01006715",218,87,31,56,0,122,117,5,9,8,1,0
"2011","Cummings Park - 03","S01006716",242,122,45,77,0,113,90,23,4,3,1,3
"2011","Cummings Park - 04","S01006717",445,222,94,128,1,210,204,6,10,9,1,2
"2011","Cummings Park - 05","S01006718",248,131,58,73,0,101,98,3,11,10,1,5
"2011","Northfield - 01","S01006719",350,204,61,143,0,131,124,7,13,11,2,2
"2011","Northfield - 02","S01006720",242,137,40,97,0,91,88,3,13,11,2,1
"2011","Northfield - 03","S01006721",386,207,85,122,0,166,142,24,7,6,1,6
"2011","Northfield - 04","S01006722",312,184,76,108,3,112,101,11,12,11,1,1
"2011","Northfield - 05","S01006723",283,168,71,97,4,93,46,47,13,9,4,5
"2011","Northfield - 06","S01006724",343,65,15,50,3,263,226,37,11,9,2,1
"2011","Northfield - 07","S01006725",265,131,48,83,0,124,122,2,9,8,1,1
"2011","Heathryfold and Middlefield - 01","S01006726",505,65,19,46,5,411,406,5,24,23,1,0
"2011","Heathryfold and Middlefield - 02","S01006727",395,60,21,39,0,319,308,11,16,14,2,0
"2011","Heathryfold and Middlefield - 03","S01006728",334,177,70,107,0,148,30,118,7,7,0,2
"2011","Heathryfold and Middlefield - 04","S01006729",349,99,36,63,1,234,231,3,15,14,1,0
"2011","Heathryfold and Middlefield - 05","S01006730",276,187,64,123,2,81,46,35,6,6,0,0
"2011","Heathryfold and Middlefield - 06","S01006731",257,128,53,75,1,123,120,3,5,4,1,0
"2011","Kingswells - 01","S01006732",353,261,113,148,4,26,24,2,57,43,14,5
"2011","Kingswells - 02","S01006733",309,282,97,185,1,7,5,2,18,16,2,1
"2011","Kingswells - 03","S01006734",352,302,88,214,6,5,4,1,33,30,3,6
"2011","Kingswells - 04","S01006735",245,200,119,81,29,4,4,0,11,11,0,1
"2011","Kingswells - 05","S01006736",395,347,80,267,8,15,7,8,25,25,0,0
"2011","Kingswells - 06","S01006737",265,217,113,104,2,16,15,1,23,20,3,7
"2011","Bucksburn South - 01","S01006738",453,266,80,186,3,88,24,64,89,79,10,7
"2011","Bucksburn South - 02","S01006739",309,215,67,148,11,8,6,2,72,65,7,3
"2011","Bucksburn South - 03","S01006740",335,228,99,129,0,91,91,0,11,8,3,5
"2011","Bucksburn South - 04","S01006741",342,216,124,92,0,108,106,2,12,10,2,6
"2011","Bucksburn South - 05","S01006742",233,142,64,78,0,79,77,2,10,8,2,2
"2011","Bucksburn North - 01","S01006743",271,175,83,92,34,48,42,6,11,10,1,3
"2011","Bucksburn North - 02","S01006744",302,219,84,135,1,55,50,5,22,20,2,5
"2011","Bucksburn North - 03","S01006745",409,213,99,114,0,165,159,6,23,20,3,8
"2011","Bucksburn North - 04","S01006746",350,219,105,114,0,112,76,36,13,12,1,6
"2011","Bucksburn North - 05","S01006747",368,326,219,107,0,8,8,0,27,15,12,7
"2011","Bucksburn North - 06","S01006748",408,310,164,146,0,50,47,3,38,36,2,10
"2011","Dyce - 01","S01006749",419,291,122,169,0,95,91,4,29,21,8,4
"2011","Dyce - 02","S01006750",292,216,102,114,0,62,62,0,11,9,2,3
"2011","Dyce - 03","S01006751",241,131,64,67,0,94,55,39,12,11,1,4
"2011","Dyce - 04","S01006752",339,232,119,113,0,93,87,6,14,11,3,0
"2011","Dyce - 05","S01006753",410,336,194,142,1,40,24,16,26,20,6,7
"2011","Dyce - 06","S01006754",400,361,207,154,0,13,12,1,18,17,1,8
"2011","Dyce - 07","S01006755",289,218,80,138,0,15,14,1,48,42,6,8
"2011","Danestone - 01","S01006756",286,207,29,178,0,5,3,2,69,65,4,5
"2011","Danestone - 02","S01006757",343,301,102,199,5,5,4,1,29,24,5,3
"2011","Danestone - 03","S01006758",318,296,121,175,0,1,1,0,20,16,4,1
"2011","Danestone - 04","S01006759",251,225,107,118,1,6,6,0,17,15,2,2
"2011","Danestone - 05","S01006760",235,208,70,138,2,1,1,0,23,19,4,1
"2011","Danestone - 06","S01006761",334,311,143,168,2,2,2,0,13,10,3,6
"2011","Oldmachar West - 01","S01006762",416,290,189,101,0,77,76,1,39,33,6,10
"2011","Oldmachar West - 02","S01006763",334,288,54,234,13,2,1,1,29,26,3,2
"2011","Oldmachar West - 03","S01006764",345,306,91,215,5,3,2,1,31,28,3,0
"2011","Oldmachar West - 04","S01006765",273,240,74,166,8,2,2,0,22,20,2,1
"2011","Oldmachar West - 05","S01006766",240,222,83,139,3,4,2,2,8,6,2,3
"2011","Oldmachar West - 06","S01006767",283,225,100,125,2,35,35,0,16,14,2,5
"2011","Oldmachar East - 01","S01006768",212,209,90,119,0,1,1,0,2,1,1,0
"2011","Oldmachar East - 02","S01006769",392,332,129,203,0,41,6,35,18,16,2,1
"2011","Oldmachar East - 03","S01006770",273,263,141,122,0,3,0,3,6,6,0,1
"2011","Oldmachar East - 04","S01006771",150,142,59,83,0,1,1,0,4,4,0,3
"2011","Oldmachar East - 05","S01006772",375,351,164,187,1,3,3,0,20,16,4,0
"2011","Oldmachar East - 06","S01006773",255,239,104,135,1,5,5,0,10,8,2,0
"2011","Oldmachar East - 07","S01006774",221,212,103,109,0,2,1,1,5,4,1,2
"2011","Balgownie and Donmouth West - 01","S01006775",319,209,64,145,0,80,79,1,23,19,4,7
"2011","Balgownie and Donmouth West - 02","S01006776",271,135,63,72,1,117,115,2,14,14,0,4
"2011","Balgownie and Donmouth West - 03","S01006777",262,250,150,100,1,3,1,2,6,6,0,2
"2011","Balgownie and Donmouth West - 04","S01006778",287,252,127,125,0,25,25,0,9,8,1,1
"2011","Balgownie and Donmouth West - 05","S01006779",293,166,76,90,0,111,111,0,12,9,3,4
"2011","Balgownie and Donmouth West - 06","S01006780",254,199,96,103,0,41,41,0,9,5,4,5
"2011","Balgownie and Donmouth East - 01","S01006781",295,269,169,100,0,9,8,1,12,11,1,5
"2011","Balgownie and Donmouth East - 02","S01006782",341,273,103,170,1,25,25,0,37,32,5,5
"2011","Balgownie and Donmouth East - 03","S01006783",299,250,164,86,1,38,38,0,6,5,1,4
"2011","Balgownie and Donmouth East - 04","S01006784",302,248,125,123,1,1,0,1,48,44,4,4
"2011","Denmore - 01","S01006785",223,208,75,133,0,2,1,1,13,12,1,0
"2011","Denmore - 02","S01006786",339,301,120,181,0,13,11,2,23,20,3,2
"2011","Denmore - 03","S01006787",281,227,109,118,1,32,32,0,17,15,2,4
"2011","Denmore - 04","S01006788",302,250,70,180,1,3,3,0,44,40,4,4
"2011","East Cairngorms - 01","S01006789",290,208,136,72,0,14,12,2,58,50,8,10
"2011","East Cairngorms - 02","S01006790",444,266,176,90,0,129,93,36,43,38,5,6
"2011","East Cairngorms - 03","S01006791",253,123,80,43,1,21,20,1,76,71,5,32
"2011","East Cairngorms - 04","S01006792",214,90,68,22,0,3,1,2,89,82,7,32
"2011","East Cairngorms - 05","S01006793",245,131,90,41,0,40,28,12,42,32,10,32
"2011","Aboyne and South Deeside - 01","S01006794",280,194,109,85,0,69,65,4,13,9,4,4
"2011","Aboyne and South Deeside - 02","S01006795",319,243,149,94,1,29,7,22,40,31,9,6
"2011","Aboyne and South Deeside - 03","S01006796",222,158,87,71,12,21,1,20,21,19,2,10
"2011","Aboyne and South Deeside - 04","S01006797",243,137,69,68,0,5,2,3,76,70,6,25
"2011","Aboyne and South Deeside - 05","S01006798",225,139,87,52,1,9,1,8,57,52,5,19
"2011","Aboyne and South Deeside - 06","S01006799",403,257,127,130,9,112,84,28,22,15,7,3
"2011","Aboyne and South Deeside - 07","S01006800",320,262,157,105,0,4,4,0,42,37,5,12
"2011","Mearns and Laurencekirk - 01","S01006801",353,287,138,149,0,2,2,0,54,47,7,10
"2011","Mearns and Laurencekirk - 02","S01006802",298,147,80,67,0,53,29,24,75,67,8,23
"2011","Mearns and Laurencekirk - 03","S01006803",313,180,87,93,0,104,103,1,23,21,2,6
"2011","Mearns and Laurencekirk - 04","S01006804",295,230,76,154,1,38,35,3,24,22,2,2
"2011","Mearns and Laurencekirk - 05","S01006805",442,310,151,159,5,63,23,40,57,46,11,7
"2011","Mearns South and Benholm - 01","S01006806",429,320,152,168,1,29,18,11,59,56,3,20
"2011","Mearns South and Benholm - 02","S01006807",243,181,64,117,1,4,2,2,42,33,9,15
"2011","Mearns South and Benholm - 03","S01006808",248,212,104,108,2,7,5,2,24,23,1,3
"2011","Mearns South and Benholm - 04","S01006809",354,208,104,104,1,116,90,26,26,21,5,3
"2011","Mearns South and Benholm - 05","S01006810",370,252,118,134,0,76,57,19,25,23,2,17
"2011","Mearns North and Inverbervie - 01","S01006811",430,305,127,178,0,55,43,12,58,53,5,12
"2011","Mearns North and Inverbervie - 02","S01006812",304,207,70,137,0,45,31,14,36,32,4,16
"2011","Mearns North and Inverbervie - 03","S01006813",322,234,89,145,2,62,61,1,19,15,4,5
"2011","Mearns North and Inverbervie - 04","S01006814",282,261,112,149,0,8,5,3,11,8,3,2
"2011","Mearns North and Inverbervie - 05","S01006815",285,150,65,85,0,124,90,34,7,7,0,4
"2011","Mearns North and Inverbervie - 06","S01006816",298,226,95,131,2,54,34,20,10,9,1,6
"2011","Mearns North and Inverbervie - 07","S01006817",261,169,81,88,0,47,43,4,27,21,6,18
"2011","Fetteresso, Netherley and Catter - 01","S01006818",278,227,106,121,1,17,16,1,16,14,2,17
"2011","Fetteresso, Netherley and Catter - 02","S01006819",313,242,107,135,0,10,9,1,50,41,9,11
"2011","Fetteresso, Netherley and Catter - 03","S01006820",180,159,68,91,2,4,1,3,12,10,2,3
"2011","Fetteresso, Netherley and Catter - 04","S01006821",229,177,99,78,0,3,1,2,43,38,5,6
"2011","Fetteresso, Netherley and Catter - 05","S01006822",279,219,109,110,1,5,4,1,48,45,3,6
"2011","Stonehaven South - 01","S01006823",302,249,148,101,0,4,3,1,43,40,3,6
"2011","Stonehaven South - 02","S01006824",367,180,69,111,0,171,137,34,12,11,1,4
"2011","Stonehaven South - 03","S01006825",333,282,119,163,0,34,28,6,14,11,3,3
"2011","Stonehaven South - 04","S01006826",344,270,118,152,0,51,46,5,20,16,4,3
"2011","Stonehaven South - 05","S01006827",419,246,110,136,0,131,119,12,32,23,9,10
"2011","Stonehaven South - 06","S01006828",485,301,150,151,2,99,64,35,71,67,4,12
"2011","Stonehaven South - 07","S01006829",139,132,26,106,0,1,0,1,5,4,1,1
"2011","Stonehaven North - 01","S01006830",301,220,115,105,2,70,30,40,7,6,1,2
"2011","Stonehaven North - 02","S01006831",221,204,124,80,1,1,1,0,10,10,0,5
"2011","Stonehaven North - 03","S01006832",424,331,187,144,1,47,17,30,43,38,5,2
"2011","Stonehaven North - 04","S01006833",175,155,96,59,1,3,3,0,15,13,2,1
"2011","Stonehaven North - 05","S01006834",163,133,34,99,0,15,3,12,14,14,0,1
"2011","Stonehaven North - 06","S01006835",478,258,147,111,1,128,51,77,84,71,13,7
"2011","Stonehaven North - 07","S01006836",210,146,30,116,3,29,2,27,32,29,3,0
"2011","Stonehaven North - 08","S01006837",230,192,87,105,1,27,2,25,6,6,0,4
"2011","Stonehaven North - 09","S01006838",249,200,49,151,0,39,39,0,10,9,1,0
"2011","Newtonhill - 01","S01006839",450,341,171,170,10,71,59,12,21,17,4,7
"2011","Newtonhill - 02","S01006840",366,351,146,205,0,4,2,2,10,9,1,1
"2011","Newtonhill - 03","S01006841",344,309,95,214,12,12,11,1,11,9,2,0
"2011","Portlethen - 01","S01006842",308,291,137,154,0,6,2,4,8,8,0,3
"2011","Portlethen - 02","S01006843",312,293,88,205,1,5,2,3,12,10,2,1
"2011","Portlethen - 03","S01006844",332,304,112,192,1,4,3,1,22,16,6,1
"2011","Portlethen - 04","S01006845",366,337,108,229,5,4,2,2,14,11,3,6
"2011","Portlethen - 05","S01006846",240,206,76,130,0,22,21,1,11,10,1,1
"2011","Portlethen - 06","S01006847",238,225,67,158,7,0,0,0,4,2,2,2
"2011","Banchory-Devenick and Findon - 01","S01006848",364,271,147,124,0,8,3,5,80,75,5,5
"2011","Banchory-Devenick and Findon - 02","S01006849",355,278,34,244,13,56,4,52,8,7,1,0
"2011","Banchory-Devenick and Findon - 03","S01006850",365,285,83,202,1,61,9,52,13,10,3,5
"2011","Banchory-Devenick and Findon - 04","S01006851",337,220,67,153,0,107,54,53,7,5,2,3
"2011","Banchory-Devenick and Findon - 05","S01006852",229,206,106,100,1,6,0,6,14,13,1,2
"2011","Dunecht, Durris and Drumoak - 01","S01006853",318,236,109,127,5,2,0,2,69,60,9,6
"2011","Dunecht, Durris and Drumoak - 02","S01006854",364,267,139,128,8,73,47,26,13,11,2,3
"2011","Dunecht, Durris and Drumoak - 03","S01006855",294,223,116,107,1,11,9,2,52,50,2,7
"2011","Dunecht, Durris and Drumoak - 04","S01006856",254,154,80,74,0,1,1,0,71,65,6,28
"2011","Dunecht, Durris and Drumoak - 05","S01006857",398,230,120,110,2,25,14,11,127,123,4,14
"2011","Dunecht, Durris and Drumoak - 06","S01006858",240,203,112,91,0,2,1,1,30,27,3,5
"2011","Banchory East - 01","S01006859",421,381,205,176,0,1,1,0,35,32,3,4
"2011","Banchory East - 02","S01006860",264,133,70,63,0,107,82,25,21,17,4,3
"2011","Banchory East - 03","S01006861",195,167,33,134,2,2,1,1,24,21,3,0
"2011","Banchory East - 04","S01006862",312,223,116,107,0,68,34,34,17,12,5,4
"2011","Banchory East - 05","S01006863",295,221,109,112,0,48,47,1,24,20,4,2
"2011","Banchory East - 06","S01006864",165,89,23,66,0,62,4,58,13,12,1,1
"2011","Banchory West - 01","S01006865",424,317,180,137,7,18,10,8,74,72,2,8
"2011","Banchory West - 02","S01006866",220,197,132,65,0,5,3,2,14,11,3,4
"2011","Banchory West - 03","S01006867",293,242,161,81,0,23,19,4,23,20,3,5
"2011","Banchory West - 04","S01006868",364,229,114,115,0,106,101,5,25,21,4,4
"2011","Crathes and Torphins - 01","S01006869",197,114,58,56,0,14,12,2,65,63,2,4
"2011","Crathes and Torphins - 02","S01006870",196,158,88,70,0,18,15,3,17,16,1,3
"2011","Crathes and Torphins - 03","S01006871",265,205,102,103,0,47,35,12,11,10,1,2
"2011","Crathes and Torphins - 04","S01006872",252,182,108,74,1,1,0,1,53,46,7,15
"2011","Crathes and Torphins - 05","S01006873",426,315,223,92,0,15,13,2,83,81,2,13
"2011","Crathes and Torphins - 06","S01006874",216,143,85,58,0,6,6,0,61,60,1,6
"2011","Cromar and Kildrummy - 01","S01006875",321,187,109,78,0,90,63,27,35,35,0,9
"2011","Cromar and Kildrummy - 02","S01006876",396,308,159,149,2,44,30,14,31,27,4,11
"2011","Cromar and Kildrummy - 03","S01006877",372,274,146,128,1,7,6,1,74,69,5,16
"2011","Cromar and Kildrummy - 04","S01006878",322,201,119,82,0,48,34,14,67,64,3,6
"2011","Cromar and Kildrummy - 05","S01006879",322,182,120,62,3,5,5,0,114,101,13,18
"2011","Howe of Alford - 01","S01006880",227,185,74,111,0,9,3,6,26,21,5,7
"2011","Howe of Alford - 02","S01006881",227,180,105,75,0,3,3,0,32,29,3,12
"2011","Howe of Alford - 03","S01006882",207,101,55,46,0,91,91,0,11,9,2,4
"2011","Howe of Alford - 04","S01006883",217,153,73,80,1,41,11,30,19,17,2,3
"2011","Howe of Alford - 05","S01006884",390,321,174,147,0,44,42,2,18,18,0,7
"2011","Howe of Alford - 06","S01006885",220,193,114,79,0,9,8,1,17,13,4,1
"2011","Howe of Alford - 07","S01006886",321,218,129,89,0,30,28,2,58,56,2,15
"2011","Howe of Alford - 08","S01006887",213,170,74,96,0,18,8,10,21,18,3,4
"2011","Howe of Alford - 09","S01006888",309,255,114,141,2,22,21,1,24,20,4,6
"2011","Kemnay - 01","S01006889",350,194,85,109,0,147,119,28,9,8,1,0
"2011","Kemnay - 02","S01006890",264,224,98,126,0,28,7,21,8,7,1,4
"2011","Kemnay - 03","S01006891",400,279,118,161,1,94,80,14,22,20,2,4
"2011","Kemnay - 04","S01006892",275,140,43,97,1,128,101,27,6,4,2,0
"2011","Kemnay - 05","S01006893",196,127,58,69,0,64,63,1,5,2,3,0
"2011","Inverurie North - 01","S01006894",448,318,171,147,1,114,103,11,14,12,2,1
"2011","Inverurie North - 02","S01006895",266,168,70,98,0,61,57,4,34,31,3,3
"2011","Inverurie North - 03","S01006896",361,273,150,123,0,50,45,5,33,28,5,5
"2011","Inverurie North - 04","S01006897",290,253,109,144,0,17,4,13,17,15,2,3
"2011","Inverurie North - 05","S01006898",340,263,135,128,1,48,4,44,25,24,1,3
"2011","Inverurie North - 06","S01006899",242,224,83,141,0,5,3,2,12,11,1,1
"2011","Inverurie North - 07","S01006900",234,209,72,137,7,3,1,2,12,9,3,3
"2011","Inverurie North - 08","S01006901",270,144,51,93,0,106,101,5,19,17,2,1
"2011","Inverurie South - 01","S01006902",296,150,57,93,1,125,54,71,18,17,1,2
"2011","Inverurie South - 02","S01006903",349,201,80,121,0,123,94,29,21,21,0,4
"2011","Inverurie South - 03","S01006904",330,205,119,86,16,53,18,35,53,43,10,3
"2011","Inverurie South - 04","S01006905",395,291,167,124,0,85,48,37,17,15,2,2
"2011","Inverurie South - 05","S01006906",441,193,104,89,0,223,190,33,14,10,4,11
"2011","Inverurie South - 06","S01006907",305,173,88,85,3,53,35,18,71,62,9,5
"2011","Inverurie South - 07","S01006908",426,264,148,116,3,100,96,4,52,47,5,7
"2011","Durno-Chapel of Garioch - 01","S01006909",275,254,78,176,0,3,3,0,15,14,1,3
"2011","Durno-Chapel of Garioch - 02","S01006910",353,284,133,151,0,6,6,0,57,50,7,6
"2011","Durno-Chapel of Garioch - 03","S01006911",224,184,16,168,0,30,6,24,6,6,0,4
"2011","Durno-Chapel of Garioch - 04","S01006912",170,128,83,45,0,4,3,1,26,25,1,12
"2011","Durno-Chapel of Garioch - 05","S01006913",182,158,44,114,0,1,0,1,15,13,2,8
"2011","Durno-Chapel of Garioch - 06","S01006914",273,212,117,95,0,6,3,3,40,32,8,15
"2011","Durno-Chapel of Garioch - 07","S01006915",301,259,129,130,0,17,16,1,22,21,1,3
"2011","Kintore - 01","S01006916",207,132,41,91,10,53,6,47,12,10,2,0
"2011","Kintore - 02","S01006917",320,281,34,247,0,23,5,18,15,14,1,1
"2011","Kintore - 03","S01006918",195,158,71,87,0,25,16,9,10,10,0,2
"2011","Kintore - 04","S01006919",205,169,102,67,0,22,20,2,13,13,0,1
"2011","Kintore - 05","S01006920",243,160,78,82,1,63,40,23,18,14,4,1
"2011","Kintore - 06","S01006921",270,252,57,195,0,6,3,3,10,9,1,2
"2011","Kintore - 07","S01006922",201,169,98,71,1,2,2,0,18,17,1,11
"2011","Kintore - 08","S01006923",331,276,166,110,0,38,37,1,14,14,0,3
"2011","Kintore - 09","S01006924",208,173,88,85,1,1,1,0,28,25,3,5
"2011","Blackburn - 01","S01006925",215,177,94,83,0,26,24,2,11,10,1,1
"2011","Blackburn - 02","S01006926",263,231,71,160,0,13,1,12,17,15,2,2
"2011","Blackburn - 03","S01006927",358,292,25,267,2,27,4,23,35,34,1,2
"2011","Blackburn - 04","S01006928",416,303,129,174,2,32,27,5,68,55,13,11
"2011","Westhill North and South - 01","S01006929",280,259,121,138,2,1,0,1,14,14,0,4
"2011","Westhill North and South - 02","S01006930",358,344,175,169,0,2,1,1,11,9,2,1
"2011","Westhill North and South - 03","S01006931",159,96,50,46,0,2,2,0,57,56,1,4
"2011","Westhill North and South - 04","S01006932",195,150,30,120,7,32,1,31,6,6,0,0
"2011","Westhill North and South - 05","S01006933",220,209,79,130,0,1,0,1,8,7,1,2
"2011","Westhill North and South - 06","S01006934",234,159,84,75,0,25,21,4,46,38,8,4
"2011","Westhill Central - 01","S01006935",301,283,167,116,0,2,2,0,12,10,2,4
"2011","Westhill Central - 02","S01006936",274,234,122,112,3,22,7,15,13,13,0,2
"2011","Westhill Central - 03","S01006937",316,284,141,143,0,5,2,3,25,19,6,2
"2011","Westhill Central - 04","S01006938",254,183,81,102,0,51,51,0,17,14,3,3
"2011","Westhill Central - 05","S01006939",234,223,104,119,0,2,0,2,6,6,0,3
"2011","Westhill Central - 06","S01006940",378,335,141,194,0,6,0,6,34,29,5,3
"2011","Garlogie and Elrick - 01","S01006941",255,227,105,122,2,15,4,11,9,9,0,2
"2011","Garlogie and Elrick - 02","S01006942",390,351,136,215,1,13,11,2,23,20,3,2
"2011","Garlogie and Elrick - 03","S01006943",208,193,44,149,0,1,0,1,14,12,2,0
"2011","Garlogie and Elrick - 04","S01006944",327,244,32,212,15,39,3,36,29,25,4,0
"2011","Garlogie and Elrick - 05","S01006945",215,201,87,114,0,4,3,1,8,8,0,2
"2011","Newmachar and Fintray - 01","S01006946",314,282,118,164,1,6,4,2,24,22,2,1
"2011","Newmachar and Fintray - 02","S01006947",306,239,40,199,12,39,3,36,15,14,1,1
"2011","Newmachar and Fintray - 03","S01006948",372,290,149,141,1,54,53,1,24,23,1,3
"2011","Newmachar and Fintray - 04","S01006949",248,228,96,132,0,4,2,2,15,12,3,1
"2011","Newmachar and Fintray - 05","S01006950",199,143,10,133,9,37,3,34,10,7,3,0
"2011","Newmachar and Fintray - 06","S01006951",204,170,84,86,0,26,22,4,8,7,1,0
"2011","Balmedie and Potterton - 01","S01006952",364,284,167,117,1,23,19,4,48,44,4,8
"2011","Balmedie and Potterton - 02","S01006953",301,278,114,164,0,4,1,3,17,16,1,2
"2011","Balmedie and Potterton - 03","S01006954",317,296,150,146,0,5,3,2,13,11,2,3
"2011","Balmedie and Potterton - 04","S01006955",267,157,36,121,3,86,40,46,21,17,4,0
"2011","Balmedie and Potterton - 05","S01006956",394,334,77,257,1,35,14,21,23,21,2,1
"2011","Balmedie and Potterton - 06","S01006957",387,332,132,200,0,8,5,3,38,35,3,9
"2011","Ellon East - 01","S01006958",435,398,240,158,0,8,6,2,23,19,4,6
"2011","Ellon East - 02","S01006959",347,177,104,73,0,133,85,48,32,28,4,5
"2011","Ellon East - 03","S01006960",318,274,53,221,0,32,1,31,12,11,1,0
"2011","Ellon East - 04","S01006961",321,301,36,265,0,1,1,0,18,15,3,1
"2011","Ellon East - 05","S01006962",409,367,207,160,2,4,4,0,25,23,2,11
"2011","Ellon East - 06","S01006963",275,248,122,126,0,3,3,0,24,23,1,0
"2011","Ellon East - 07","S01006964",348,283,118,165,0,3,1,2,56,48,8,6
"2011","Ellon West - 01","S01006965",216,175,96,79,0,21,5,16,20,15,5,0
"2011","Ellon West - 02","S01006966",253,152,51,101,0,84,81,3,13,12,1,4
"2011","Ellon West - 03","S01006967",237,226,83,143,0,1,1,0,8,6,2,2
"2011","Ellon West - 04","S01006968",224,162,74,88,0,45,45,0,15,14,1,2
"2011","Ellon West - 05","S01006969",412,324,151,173,0,47,45,2,38,35,3,3
"2011","Ellon West - 06","S01006970",258,221,106,115,6,10,0,10,18,15,3,3
"2011","Ellon West - 07","S01006971",248,135,72,63,0,101,99,2,12,11,1,0
"2011","Ythanside - 01","S01006972",192,162,86,76,0,5,3,2,19,14,5,6
"2011","Ythanside - 02","S01006973",234,194,112,82,0,24,21,3,13,11,2,3
"2011","Ythanside - 03","S01006974",393,334,125,209,0,33,17,16,22,19,3,4
"2011","Ythanside - 04","S01006975",386,322,141,181,0,9,7,2,50,46,4,5
"2011","Ythanside - 05","S01006976",172,142,75,67,0,1,1,0,23,20,3,6
"2011","Ythanside - 06","S01006977",316,198,79,119,0,11,9,2,91,85,6,16
"2011","Ythsie - 01","S01006978",371,263,128,135,0,46,43,3,49,47,2,13
"2011","Ythsie - 02","S01006979",369,257,136,121,0,68,45,23,37,33,4,7
"2011","Ythsie - 03","S01006980",326,260,125,135,1,6,3,3,52,49,3,7
"2011","Ythsie - 04","S01006981",321,230,105,125,0,41,38,3,41,33,8,9
"2011","Ythsie - 05","S01006982",359,270,77,193,10,59,56,3,20,16,4,0
"2011","Ythsie - 06","S01006983",289,238,93,145,2,15,11,4,25,21,4,9
"2011","Ythsie - 07","S01006984",275,213,88,125,1,13,12,1,41,40,1,7
"2011","Barrahill - 01","S01006985",432,313,160,153,1,94,83,11,20,19,1,4
"2011","Barrahill - 02","S01006986",243,194,55,139,4,29,16,13,13,13,0,3
"2011","Barrahill - 03","S01006987",294,201,107,94,0,61,55,6,28,23,5,4
"2011","Barrahill - 04","S01006988",218,159,45,114,0,33,5,28,18,17,1,8
"2011","Barrahill - 05","S01006989",375,330,167,163,1,12,9,3,28,26,2,4
"2011","Barrahill - 06","S01006990",313,252,63,189,4,10,1,9,45,43,2,2
"2011","Fyvie-Rothie - 01","S01006991",216,122,76,46,1,69,65,4,21,19,2,3
"2011","Fyvie-Rothie - 02","S01006992",241,205,97,108,0,2,1,1,30,29,1,4
"2011","Fyvie-Rothie - 03","S01006993",202,168,86,82,0,4,2,2,26,24,2,4
"2011","Fyvie-Rothie - 04","S01006994",226,175,86,89,0,6,4,2,39,39,0,6
"2011","Fyvie-Rothie - 05","S01006995",331,252,114,138,0,12,5,7,52,44,8,15
"2011","Fyvie-Rothie - 06","S01006996",306,218,79,139,2,75,68,7,10,9,1,1
"2011","Insch, Oyne and Ythanwells - 01","S01006997",292,246,84,162,1,19,18,1,22,20,2,4
"2011","Insch, Oyne and Ythanwells - 02","S01006998",450,364,166,198,1,31,31,0,40,32,8,14
"2011","Insch, Oyne and Ythanwells - 03","S01006999",334,253,128,125,0,6,6,0,64,58,6,11
"2011","Insch, Oyne and Ythanwells - 04","S01007000",414,287,111,176,0,107,73,34,16,14,2,4
"2011","Insch, Oyne and Ythanwells - 05","S01007001",388,300,143,157,0,55,51,4,29,27,2,4
"2011","Clashindarroch - 01","S01007002",230,144,70,74,6,45,6,39,30,30,0,5
"2011","Clashindarroch - 02","S01007003",205,149,93,56,1,10,9,1,34,30,4,11
"2011","Clashindarroch - 03","S01007004",304,239,139,100,0,12,9,3,46,39,7,7
"2011","Clashindarroch - 04","S01007005",348,282,146,136,1,15,13,2,42,38,4,8
"2011","Clashindarroch - 05","S01007006",394,253,138,115,0,70,57,13,59,48,11,12
"2011","Clashindarroch - 06","S01007007",338,246,141,105,1,26,25,1,58,54,4,7
"2011","Huntly - 01","S01007008",450,251,124,127,1,153,118,35,33,29,4,12
"2011","Huntly - 02","S01007009",496,330,198,132,1,112,76,36,48,43,5,5
"2011","Huntly - 03","S01007010",392,260,179,81,11,79,76,3,37,33,4,5
"2011","Huntly - 04","S01007011",463,221,123,98,0,179,127,52,60,52,8,3
"2011","Huntly - 05","S01007012",322,142,84,58,1,160,148,12,16,9,7,3
"2011","Auchterless and Monquhitter - 01","S01007013",222,190,120,70,0,5,4,1,25,22,3,2
"2011","Auchterless and Monquhitter - 02","S01007014",381,311,123,188,1,9,7,2,48,43,5,12
"2011","Auchterless and Monquhitter - 03","S01007015",247,158,78,80,0,17,15,2,63,57,6,9
"2011","Auchterless and Monquhitter - 04","S01007016",213,165,73,92,0,8,8,0,36,32,4,4
"2011","Turriff - 01","S01007017",476,281,126,155,0,162,156,6,29,27,2,4
"2011","Turriff - 02","S01007018",421,341,179,162,0,55,41,14,20,19,1,5
"2011","Turriff - 03","S01007019",309,205,123,82,0,64,60,4,29,23,6,11
"2011","Turriff - 04","S01007020",411,251,127,124,5,89,56,33,57,50,7,9
"2011","Turriff - 05","S01007021",403,302,167,135,2,68,60,8,22,20,2,9
"2011","Turriff - 06","S01007022",209,136,82,54,0,62,16,46,10,4,6,1
"2011","Portsoy, Fordyce and Cornhill - 01","S01007023",203,120,70,50,2,30,30,0,45,42,3,6
"2011","Portsoy, Fordyce and Cornhill - 02","S01007024",416,322,202,120,0,32,30,2,44,37,7,18
"2011","Portsoy, Fordyce and Cornhill - 03","S01007025",389,223,136,87,1,144,123,21,14,12,2,7
"2011","Portsoy, Fordyce and Cornhill - 04","S01007026",412,311,208,103,1,69,58,11,22,21,1,9
"2011","Aberchirder and Whitehills - 01","S01007027",481,338,207,131,0,98,92,6,38,34,4,7
"2011","Aberchirder and Whitehills - 02","S01007028",315,231,141,90,0,21,18,3,50,43,7,13
"2011","Aberchirder and Whitehills - 03","S01007029",221,201,128,73,0,6,6,0,8,4,4,6
"2011","Aberchirder and Whitehills - 04","S01007030",338,219,140,79,0,95,93,2,18,14,4,6
"2011","Aberchirder and Whitehills - 05","S01007031",285,152,84,68,0,92,70,22,35,32,3,6
"2011","Banff - 01","S01007032",507,269,153,116,2,153,67,86,75,66,9,8
"2011","Banff - 02","S01007033",338,206,111,95,1,114,108,6,14,13,1,3
"2011","Banff - 03","S01007034",266,165,88,77,2,74,70,4,19,18,1,6
"2011","Banff - 04","S01007035",375,178,103,75,0,174,161,13,18,11,7,5
"2011","Banff - 05","S01007036",401,282,167,115,1,86,46,40,24,19,5,8
"2011","Macduff - 01","S01007037",453,277,137,140,0,158,152,6,17,14,3,1
"2011","Macduff - 02","S01007038",328,214,110,104,1,75,56,19,35,32,3,3
"2011","Macduff - 03","S01007039",368,231,112,119,1,120,119,1,13,10,3,3
"2011","Macduff - 04","S01007040",301,181,108,73,0,102,98,4,12,11,1,6
"2011","Macduff - 05","S01007041",344,238,132,106,0,90,56,34,13,11,2,3
"2011","Gardenstown and King Edward - 01","S01007042",318,225,120,105,2,64,57,7,23,18,5,4
"2011","Gardenstown and King Edward - 02","S01007043",382,281,180,101,0,10,9,1,77,62,15,14
"2011","Gardenstown and King Edward - 03","S01007044",306,225,141,84,3,37,37,0,31,26,5,10
"2011","Gardenstown and King Edward - 04","S01007045",325,278,168,110,0,7,7,0,28,25,3,12
"2011","New Pitsligo - 01","S01007046",259,217,130,87,0,14,14,0,21,21,0,7
"2011","New Pitsligo - 02","S01007047",261,231,139,92,0,7,5,2,17,13,4,6
"2011","New Pitsligo - 03","S01007048",359,295,164,131,0,27,26,1,28,27,1,9
"2011","New Pitsligo - 04","S01007049",415,244,134,110,0,133,132,1,30,28,2,8
"2011","Deer and Mormond - 01","S01007050",295,218,116,102,0,49,36,13,18,17,1,10
"2011","Deer and Mormond - 02","S01007051",332,232,110,122,1,65,63,2,30,27,3,4
"2011","Deer and Mormond - 03","S01007052",233,188,97,91,0,22,16,6,14,14,0,9
"2011","Deer and Mormond - 04","S01007053",191,165,88,77,2,1,1,0,20,19,1,3
"2011","Deer and Mormond - 05","S01007054",434,293,162,131,0,98,87,11,32,25,7,11
"2011","Deer and Mormond - 06","S01007055",196,162,92,70,1,3,2,1,23,17,6,7
"2011","Deer and Mormond - 07","S01007056",221,184,102,82,1,6,6,0,21,19,2,9
"2011","Mintlaw - 01","S01007057",247,205,138,67,0,31,31,0,7,7,0,4
"2011","Mintlaw - 02","S01007058",288,181,104,77,0,100,69,31,6,6,0,1
"2011","Mintlaw - 03","S01007059",433,313,156,157,10,79,29,50,27,23,4,4
"2011","Mintlaw - 04","S01007060",231,133,58,75,0,90,84,6,8,7,1,0
"2011","Auchnagatt - 01","S01007061",346,289,125,164,0,7,5,2,42,36,6,8
"2011","Auchnagatt - 02","S01007062",272,229,118,111,0,8,7,1,23,22,1,12
"2011","Auchnagatt - 03","S01007063",282,214,107,107,0,40,36,4,26,23,3,2
"2011","Auchnagatt - 04","S01007064",253,190,104,86,2,31,30,1,22,19,3,8
"2011","Cruden - 01","S01007065",249,205,114,91,0,23,19,4,19,18,1,2
"2011","Cruden - 02","S01007066",252,210,98,112,1,12,10,2,24,24,0,5
"2011","Cruden - 03","S01007067",254,232,115,117,0,5,4,1,13,12,1,4
"2011","Cruden - 04","S01007068",329,200,94,106,0,105,101,4,20,13,7,4
"2011","Cruden - 05","S01007069",338,229,97,132,2,70,53,17,32,23,9,5
"2011","Cruden - 06","S01007070",247,162,72,90,0,69,66,3,15,14,1,1
"2011","Cruden - 07","S01007071",356,249,102,147,0,92,88,4,13,13,0,2
"2011","Peterhead Links - 01","S01007072",246,212,91,121,1,16,13,3,12,10,2,5
"2011","Peterhead Links - 02","S01007073",358,325,172,153,0,20,4,16,6,3,3,7
"2011","Peterhead Links - 03","S01007074",292,185,92,93,1,94,13,81,11,10,1,1
"2011","Peterhead Links - 04","S01007075",305,174,77,97,0,106,48,58,23,17,6,2
"2011","Peterhead Links - 05","S01007076",289,214,86,128,0,60,16,44,15,14,1,0
"2011","Peterhead Links - 06","S01007077",311,238,136,102,1,54,47,7,11,10,1,7
"2011","Peterhead Bay - 01","S01007078",398,248,159,89,0,121,111,10,23,21,2,6
"2011","Peterhead Bay - 02","S01007079",522,287,150,137,1,187,82,105,41,32,9,6
"2011","Peterhead Bay - 03","S01007080",386,226,128,98,1,121,111,10,32,29,3,6
"2011","Peterhead Harbour - 01","S01007081",370,198,88,110,0,130,118,12,37,33,4,5
"2011","Peterhead Harbour - 02","S01007082",233,139,63,76,2,66,57,9,23,22,1,3
"2011","Peterhead Harbour - 03","S01007083",451,152,99,53,2,244,222,22,50,43,7,3
"2011","Peterhead Harbour - 04","S01007084",273,197,113,84,0,43,9,34,29,26,3,4
"2011","Peterhead Harbour - 05","S01007085",366,202,96,106,4,61,45,16,94,86,8,5
"2011","Peterhead Harbour - 06","S01007086",573,140,73,67,3,286,141,145,142,137,5,2
"2011","Peterhead Harbour - 07","S01007087",439,157,84,73,1,169,62,107,102,96,6,10
"2011","Peterhead Harbour - 08","S01007088",247,91,36,55,0,122,116,6,30,25,5,4
"2011","Peterhead Ugieside - 01","S01007089",217,197,109,88,0,5,5,0,12,9,3,3
"2011","Peterhead Ugieside - 02","S01007090",243,206,74,132,0,4,3,1,30,28,2,3
"2011","Peterhead Ugieside - 03","S01007091",280,157,26,131,0,114,10,104,8,7,1,1
"2011","Peterhead Ugieside - 04","S01007092",307,161,78,83,0,133,107,26,10,8,2,3
"2011","Peterhead Ugieside - 05","S01007093",417,372,198,174,0,12,9,3,27,25,2,6
"2011","Peterhead Ugieside - 06","S01007094",354,312,186,126,1,21,13,8,17,14,3,3
"2011","Longside and Rattray - 01","S01007095",209,183,89,94,0,4,3,1,21,19,2,1
"2011","Longside and Rattray - 02","S01007096",316,259,84,175,2,38,35,3,13,8,5,4
"2011","Longside and Rattray - 03","S01007097",188,167,68,99,0,3,2,1,13,10,3,5
"2011","Longside and Rattray - 04","S01007098",288,266,135,131,0,2,2,0,16,14,2,4
"2011","Longside and Rattray - 05","S01007099",338,276,112,164,2,42,42,0,14,11,3,4
"2011","Longside and Rattray - 06","S01007100",298,226,126,100,0,41,22,19,12,11,1,19
"2011","Longside and Rattray - 07","S01007101",342,161,80,81,0,154,151,3,26,20,6,1
"2011","Longside and Rattray - 08","S01007102",260,206,124,82,0,6,6,0,38,34,4,10
"2011","Rosehearty and Strathbeg - 01","S01007103",330,256,163,93,0,66,62,4,4,3,1,4
"2011","Rosehearty and Strathbeg - 02","S01007104",197,161,96,65,0,2,2,0,28,24,4,6
"2011","Rosehearty and Strathbeg - 03","S01007105",238,182,112,70,0,40,38,2,12,12,0,4
"2011","Rosehearty and Strathbeg - 04","S01007106",319,246,151,95,2,51,51,0,15,13,2,5
"2011","Rosehearty and Strathbeg - 05","S01007107",256,230,124,106,1,6,6,0,13,11,2,6
"2011","Rosehearty and Strathbeg - 06","S01007108",226,184,107,77,1,8,8,0,26,18,8,7
"2011","Rosehearty and Strathbeg - 07","S01007109",371,188,106,82,0,157,156,1,24,21,3,2
"2011","Rosehearty and Strathbeg - 08","S01007110",324,191,87,104,0,110,104,6,14,10,4,9
"2011","Rosehearty and Strathbeg - 09","S01007111",225,173,93,80,0,40,37,3,8,5,3,4
"2011","Fraserburgh Smiddyhill - 01","S01007112",214,192,126,66,0,8,6,2,12,10,2,2
"2011","Fraserburgh Smiddyhill - 02","S01007113",231,192,121,71,1,12,10,2,21,20,1,5
"2011","Fraserburgh Smiddyhill - 03","S01007114",378,318,181,137,0,41,29,12,10,8,2,9
"2011","Fraserburgh Smiddyhill - 04","S01007115",257,209,115,94,0,37,12,25,9,8,1,2
"2011","Fraserburgh Smiddyhill - 05","S01007116",315,298,121,177,0,6,5,1,6,6,0,5
"2011","Fraserburgh Smiddyhill - 06","S01007117",177,163,101,62,0,7,4,3,6,6,0,1
"2011","Fraserburgh Lochpots - 01","S01007118",282,114,42,72,0,143,103,40,22,21,1,3
"2011","Fraserburgh Lochpots - 02","S01007119",330,156,73,83,0,158,151,7,16,12,4,0
"2011","Fraserburgh Lochpots - 03","S01007120",483,199,84,115,0,213,174,39,70,66,4,1
"2011","Fraserburgh Central-Academy - 01","S01007121",294,88,40,48,0,148,144,4,55,52,3,3
"2011","Fraserburgh Central-Academy - 02","S01007122",287,164,94,70,1,88,33,55,27,25,2,7
"2011","Fraserburgh Central-Academy - 03","S01007123",313,205,111,94,0,82,78,4,24,21,3,2
"2011","Fraserburgh Central-Academy - 04","S01007124",380,277,139,138,0,80,47,33,23,22,1,0
"2011","Fraserburgh Harbour and Broadsea - 01","S01007125",351,207,125,82,5,107,60,47,29,24,5,3
"2011","Fraserburgh Harbour and Broadsea - 02","S01007126",399,110,55,55,4,247,216,31,37,36,1,1
"2011","Fraserburgh Harbour and Broadsea - 03","S01007127",446,137,67,70,4,179,116,63,125,119,6,1
"2011","Fraserburgh Harbour and Broadsea - 04","S01007128",411,183,92,91,1,203,190,13,23,21,2,1
"2011","Mull, Iona, Coll and Tiree - 01","S01007284",403,284,207,77,0,58,0,58,47,33,14,14
"2011","Mull, Iona, Coll and Tiree - 02","S01007285",358,259,171,88,0,40,0,40,50,39,11,9
"2011","Mull, Iona, Coll and Tiree - 03","S01007286",460,276,164,112,2,93,0,93,83,73,10,6
"2011","Mull, Iona, Coll and Tiree - 04","S01007287",281,182,127,55,0,42,0,42,44,28,16,13
"2011","Mull, Iona, Coll and Tiree - 05","S01007288",252,166,109,57,0,14,0,14,55,44,11,17
"2011","Oban South - 01","S01007289",323,282,162,120,2,10,0,10,27,22,5,2
"2011","Oban South - 02","S01007290",276,115,28,87,5,131,0,131,24,23,1,1
"2011","Oban South - 03","S01007291",329,170,75,95,5,108,0,108,40,33,7,6
"2011","Oban South - 04","S01007292",320,265,131,134,0,31,0,31,18,14,4,6
"2011","Oban South - 05","S01007293",310,148,49,99,2,140,0,140,18,16,2,2
"2011","Oban South - 06","S01007294",378,270,124,146,1,66,0,66,34,27,7,7
"2011","Oban South - 07","S01007295",307,66,24,42,1,200,0,200,39,37,2,1
"2011","Oban South - 08","S01007296",354,166,92,74,14,73,0,73,93,87,6,8
"2011","Oban North - 01","S01007297",444,306,165,141,1,25,0,25,96,91,5,16
"2011","Oban North - 02","S01007298",244,165,83,82,1,55,0,55,19,16,3,4
"2011","Oban North - 03","S01007299",387,217,100,117,1,85,0,85,76,75,1,8
"2011","Oban North - 04","S01007300",241,124,53,71,0,99,0,99,15,15,0,3
"2011","Benderloch Trail - 01","S01007301",311,235,152,83,1,18,0,18,45,40,5,12
"2011","Benderloch Trail - 02","S01007302",280,170,76,94,0,83,0,83,19,14,5,8
"2011","Benderloch Trail - 03","S01007303",366,275,166,109,1,34,0,34,45,28,17,11
"2011","Benderloch Trail - 04","S01007304",310,216,160,56,3,29,0,29,52,41,11,10
"2011","Benderloch Trail - 05","S01007305",305,229,137,92,0,39,0,39,29,26,3,8
"2011","Benderloch Trail - 06","S01007306",342,231,129,102,0,69,0,69,34,30,4,8
"2011","Benderloch Trail - 07","S01007307",337,253,152,101,2,6,0,6,61,55,6,15
"2011","Loch Awe - 01","S01007308",339,249,173,76,1,28,0,28,46,38,8,15
"2011","Loch Awe - 02","S01007309",277,193,121,72,4,30,0,30,40,37,3,10
"2011","Loch Awe - 03","S01007310",380,275,203,72,0,34,0,34,61,55,6,10
"2011","Mid Argyll - 01","S01007311",343,176,88,88,2,84,0,84,68,59,9,13
"2011","Mid Argyll - 02","S01007312",355,268,177,91,1,36,0,36,41,38,3,9
"2011","Mid Argyll - 03","S01007313",436,340,222,118,4,22,0,22,54,40,14,16
"2011","Mid Argyll - 04","S01007314",292,221,105,116,4,30,0,30,33,27,6,4
"2011","Greater Lochgilphead - 01","S01007315",434,312,144,168,14,67,0,67,30,20,10,11
"2011","Greater Lochgilphead - 02","S01007316",449,238,128,110,0,165,0,165,37,34,3,9
"2011","Greater Lochgilphead - 03","S01007317",266,171,77,94,1,60,0,60,31,27,4,3
"2011","Greater Lochgilphead - 04","S01007318",274,152,63,89,6,94,0,94,19,16,3,3
"2011","Greater Lochgilphead - 05","S01007319",369,235,140,95,1,87,0,87,40,36,4,6
"2011","Knapdale - 01","S01007320",353,251,174,77,3,16,0,16,58,37,21,25
"2011","Knapdale - 02","S01007321",271,199,131,68,1,16,0,16,45,37,8,10
"2011","Knapdale - 03","S01007322",376,231,143,88,2,102,0,102,35,25,10,6
"2011","Knapdale - 04","S01007323",227,164,93,71,0,39,0,39,18,16,2,6
"2011","Whisky Isles - 01","S01007324",167,91,73,18,0,30,0,30,32,25,7,14
"2011","Whisky Isles - 02","S01007325",393,256,188,68,0,61,0,61,56,41,15,20
"2011","Whisky Isles - 03","S01007326",346,197,140,57,0,45,0,45,75,61,14,29
"2011","Whisky Isles - 04","S01007327",350,192,113,79,2,110,0,110,34,21,13,12
"2011","Whisky Isles - 05","S01007328",390,203,109,94,0,148,0,148,29,24,5,10
"2011","Kintyre Trail - 01","S01007329",314,180,129,51,0,58,0,58,65,59,6,11
"2011","Kintyre Trail - 02","S01007330",375,277,207,70,0,53,0,53,35,31,4,10
"2011","Kintyre Trail - 03","S01007331",419,282,160,122,0,86,0,86,41,35,6,10
"2011","Kintyre Trail - 04","S01007332",219,178,126,52,0,18,0,18,13,12,1,10
"2011","Campbeltown - 01","S01007333",367,269,156,113,0,64,0,64,29,23,6,5
"2011","Campbeltown - 02","S01007334",391,100,56,44,1,250,0,250,33,28,5,7
"2011","Campbeltown - 03","S01007335",412,196,104,92,3,186,0,186,17,13,4,10
"2011","Campbeltown - 04","S01007336",302,114,58,56,0,67,0,67,118,111,7,3
"2011","Campbeltown - 05","S01007337",380,195,115,80,0,144,0,144,37,28,9,4
"2011","Campbeltown - 06","S01007338",302,207,119,88,0,88,0,88,4,2,2,3
"2011","Campbeltown - 07","S01007339",302,220,148,72,0,56,0,56,19,13,6,7
"2011","Bute - 01","S01007340",273,151,108,43,1,82,0,82,30,27,3,9
"2011","Bute - 02","S01007341",394,301,211,90,2,39,0,39,48,44,4,4
"2011","Bute - 03","S01007342",359,317,216,101,0,5,0,5,29,25,4,8
"2011","Bute - 04","S01007343",302,167,116,51,0,18,0,18,108,97,11,9
"2011","Rothesay Town - 01","S01007344",242,172,108,64,1,31,0,31,32,29,3,6
"2011","Rothesay Town - 02","S01007345",315,91,49,42,4,201,0,201,17,15,2,2
"2011","Rothesay Town - 03","S01007346",351,96,65,31,8,184,0,184,57,51,6,6
"2011","Rothesay Town - 04","S01007347",351,160,98,62,0,162,0,162,25,20,5,4
"2011","Rothesay Town - 05","S01007348",280,115,56,59,3,139,0,139,23,19,4,0
"2011","Rothesay Town - 06","S01007349",189,95,59,36,0,74,0,74,20,19,1,0
"2011","Rothesay Town - 07","S01007350",331,167,112,55,0,72,0,72,82,69,13,10
"2011","Cowal South - 01","S01007351",355,265,201,64,0,42,0,42,32,26,6,16
"2011","Cowal South - 02","S01007352",230,152,112,40,0,13,0,13,48,44,4,17
"2011","Cowal South - 03","S01007353",282,226,150,76,1,29,0,29,18,12,6,8
"2011","Cowal South - 04","S01007354",403,310,185,125,0,38,0,38,50,41,9,5
"2011","Cowal North - 01","S01007355",464,354,244,110,2,30,0,30,72,56,16,6
"2011","Cowal North - 02","S01007356",350,261,168,93,2,48,0,48,33,27,6,6
"2011","Cowal North - 03","S01007357",388,272,195,77,5,58,0,58,45,39,6,8
"2011","Cowal North - 04","S01007358",368,287,129,158,2,39,0,39,32,30,2,8
"2011","Hunter's Quay - 01","S01007359",371,244,139,105,0,96,0,96,29,26,3,2
"2011","Hunter's Quay - 02","S01007360",236,194,124,70,0,19,0,19,19,17,2,4
"2011","Hunter's Quay - 03","S01007361",507,379,235,144,3,53,0,53,69,67,2,3
"2011","Hunter's Quay - 04","S01007362",316,247,135,112,0,24,0,24,41,35,6,4
"2011","Hunter's Quay - 05","S01007363",348,236,156,80,0,78,0,78,32,32,0,2
"2011","Hunter's Quay - 06","S01007364",409,176,80,96,0,204,0,204,23,20,3,6
"2011","Hunter's Quay - 07","S01007365",215,136,76,60,7,58,0,58,12,7,5,2
"2011","Dunoon - 01","S01007366",276,97,55,42,0,139,0,139,38,32,6,2
"2011","Dunoon - 02","S01007367",295,172,87,85,1,54,0,54,56,48,8,12
"2011","Dunoon - 03","S01007368",233,96,43,53,3,117,0,117,16,11,5,1
"2011","Dunoon - 04","S01007369",378,242,124,118,0,85,0,85,49,41,8,2
"2011","Dunoon - 05","S01007370",389,238,116,122,1,58,0,58,86,76,10,6
"2011","Dunoon - 06","S01007371",320,237,115,122,2,31,0,31,47,38,9,3
"2011","Dunoon - 07","S01007372",374,302,182,120,8,18,0,18,41,30,11,5
"2011","Garelochhead - 01","S01007373",283,248,155,93,1,5,0,5,19,16,3,10
"2011","Garelochhead - 02","S01007374",217,172,70,102,0,32,0,32,10,9,1,3
"2011","Garelochhead - 03","S01007375",216,187,109,78,0,4,0,4,25,18,7,0
"2011","Garelochhead - 04","S01007376",371,208,95,113,0,134,0,134,25,18,7,4
"2011","Garelochhead - 05","S01007377",279,260,107,153,0,5,0,5,11,10,1,3
"2011","Garelochhead - 06","S01007378",231,191,86,105,1,14,0,14,22,16,6,3
"2011","Garelochhead - 07","S01007379",234,140,62,78,0,79,0,79,11,7,4,4
"2011","Garelochhead - 08","S01007380",229,152,46,106,0,61,0,61,14,11,3,2
"2011","Helensburgh West and Rhu - 01","S01007381",191,163,104,59,0,4,0,4,24,6,18,0
"2011","Helensburgh West and Rhu - 02","S01007382",281,230,105,125,1,23,0,23,22,22,0,5
"2011","Helensburgh West and Rhu - 03","S01007383",349,266,135,131,0,40,0,40,42,36,6,1
"2011","Helensburgh West and Rhu - 04","S01007384",332,247,105,142,0,18,0,18,67,32,35,0
"2011","Helensburgh West and Rhu - 05","S01007385",404,330,193,137,0,35,0,35,35,30,5,4
"2011","Helensburgh West and Rhu - 06","S01007386",337,314,197,117,0,2,0,2,20,17,3,1
"2011","Helensburgh North - 01","S01007387",289,270,151,119,0,4,0,4,12,2,10,3
"2011","Helensburgh North - 02","S01007388",256,240,114,126,1,3,0,3,11,9,2,1
"2011","Helensburgh North - 03","S01007389",198,55,12,43,0,55,0,55,86,18,68,2
"2011","Helensburgh North - 04","S01007390",193,54,14,40,0,63,0,63,75,23,52,1
"2011","Helensburgh North - 05","S01007391",223,210,117,93,0,2,0,2,8,6,2,3
"2011","Helensburgh North - 06","S01007392",200,186,105,81,0,3,0,3,10,7,3,1
"2011","Helensburgh North - 07","S01007393",308,220,132,88,0,58,0,58,27,23,4,3
"2011","Helensburgh Centre - 01","S01007394",335,286,182,104,0,6,0,6,38,33,5,5
"2011","Helensburgh Centre - 02","S01007395",516,269,122,147,3,69,0,69,169,163,6,6
"2011","Helensburgh Centre - 03","S01007396",477,282,134,148,1,58,0,58,123,105,18,13
"2011","Helensburgh Centre - 04","S01007397",443,333,178,155,0,40,0,40,63,55,8,7
"2011","Helensburgh East - 01","S01007398",279,125,38,87,0,135,0,135,15,11,4,4
"2011","Helensburgh East - 02","S01007399",324,100,40,60,1,196,0,196,26,21,5,1
"2011","Helensburgh East - 03","S01007400",344,279,160,119,0,30,0,30,31,27,4,4
"2011","Helensburgh East - 04","S01007401",290,250,117,133,0,6,0,6,31,28,3,3
"2011","Helensburgh East - 05","S01007402",260,246,114,132,0,5,0,5,8,5,3,1
"2011","Helensburgh East - 06","S01007403",261,131,34,97,1,16,0,16,112,19,93,1
"2011","Lomond Shore - 01","S01007404",193,101,53,48,0,23,0,23,50,46,4,19
"2011","Lomond Shore - 02","S01007405",277,239,110,129,0,5,0,5,29,26,3,4
"2011","Lomond Shore - 03","S01007406",252,233,130,103,0,2,0,2,11,10,1,6
"2011","Lomond Shore - 04","S01007407",315,265,139,126,0,32,0,32,16,13,3,2
"2011","Lomond Shore - 05","S01007408",256,181,70,111,0,59,0,59,15,12,3,1
"2011","Balerno and Bonnington Village - 01","S01008417",299,261,140,121,1,6,3,3,22,22,0,9
"2011","Balerno and Bonnington Village - 02","S01008418",312,273,155,118,0,4,3,1,29,26,3,6
"2011","Balerno and Bonnington Village - 03","S01008419",193,141,49,92,0,35,15,20,13,10,3,4
"2011","Balerno and Bonnington Village - 04","S01008420",190,179,97,82,0,4,4,0,7,5,2,0
"2011","Balerno and Bonnington Village - 05","S01008421",394,267,102,165,24,67,46,21,33,28,5,3
"2011","Balerno and Bonnington Village - 06","S01008422",241,228,135,93,0,2,2,0,9,7,2,2
"2011","Balerno and Bonnington Village - 07","S01008423",398,339,177,162,2,6,4,2,41,40,1,10
"2011","Balerno and Bonnington Village - 08","S01008424",338,330,216,114,0,2,1,1,3,3,0,3
"2011","Currie West - 01","S01008425",409,366,206,160,1,19,14,5,10,9,1,13
"2011","Currie West - 02","S01008426",264,187,106,81,0,52,37,15,22,18,4,3
"2011","Currie West - 03","S01008427",397,375,138,237,0,2,2,0,16,15,1,4
"2011","Currie West - 04","S01008428",316,225,111,114,1,73,66,7,14,13,1,3
"2011","Currie East - 01","S01008429",352,331,192,139,0,11,7,4,9,9,0,1
"2011","Currie East - 02","S01008430",276,233,129,104,0,17,16,1,19,17,2,7
"2011","Currie East - 03","S01008431",352,304,180,124,0,42,1,41,4,4,0,2
"2011","Currie East - 04","S01008432",293,274,167,107,0,9,3,6,8,7,1,2
"2011","Baberton and Juniper Green - 01","S01008433",348,328,171,157,0,6,2,4,14,13,1,0
"2011","Baberton and Juniper Green - 02","S01008434",322,301,154,147,1,10,5,5,10,8,2,0
"2011","Baberton and Juniper Green - 03","S01008435",301,286,162,124,0,4,3,1,9,8,1,2
"2011","Baberton and Juniper Green - 04","S01008436",356,319,168,151,1,9,6,3,23,21,2,4
"2011","Baberton and Juniper Green - 05","S01008437",367,247,138,109,0,58,33,25,54,48,6,8
"2011","Bonaly and The Pentlands - 01","S01008438",189,139,57,82,0,5,4,1,42,39,3,3
"2011","Bonaly and The Pentlands - 02","S01008439",434,405,220,185,2,2,0,2,22,21,1,3
"2011","Bonaly and The Pentlands - 03","S01008440",403,368,229,139,2,17,0,17,15,14,1,1
"2011","Bonaly and The Pentlands - 04","S01008441",186,181,96,85,0,1,1,0,3,2,1,1
"2011","Bonaly and The Pentlands - 05","S01008442",303,258,99,159,0,3,1,2,42,37,5,0
"2011","Bonaly and The Pentlands - 06","S01008443",252,227,141,86,0,13,5,8,10,9,1,2
"2011","Colinton and Kingsknowe - 01","S01008444",260,187,90,97,0,8,6,2,62,22,40,3
"2011","Colinton and Kingsknowe - 02","S01008445",403,124,70,54,8,171,6,165,97,26,71,3
"2011","Colinton and Kingsknowe - 03","S01008446",323,304,167,137,0,2,0,2,15,9,6,2
"2011","Colinton and Kingsknowe - 04","S01008447",286,261,135,126,0,3,0,3,20,19,1,2
"2011","Colinton and Kingsknowe - 05","S01008448",315,281,156,125,0,14,11,3,19,14,5,1
"2011","Clovenstone and Wester Hailes - 01","S01008449",351,79,22,57,1,242,80,162,29,27,2,0
"2011","Clovenstone and Wester Hailes - 02","S01008450",256,56,11,45,1,167,59,108,30,25,5,2
"2011","Clovenstone and Wester Hailes - 03","S01008451",325,32,6,26,0,279,194,85,14,14,0,0
"2011","Clovenstone and Wester Hailes - 04","S01008452",271,28,7,21,1,217,141,76,25,25,0,0
"2011","Clovenstone and Wester Hailes - 05","S01008453",215,45,9,36,14,128,38,90,27,22,5,1
"2011","The Calders - 01","S01008454",393,67,19,48,10,293,54,239,22,20,2,1
"2011","The Calders - 02","S01008455",501,146,59,87,1,275,258,17,75,73,2,4
"2011","The Calders - 03","S01008456",528,135,59,76,2,337,316,21,50,45,5,4
"2011","The Calders - 04","S01008457",353,139,69,70,3,168,162,6,40,36,4,3
"2011","The Calders - 05","S01008458",428,243,100,143,0,120,45,75,58,53,5,7
"2011","Murrayburn and Wester Hailes North - 01","S01008459",393,105,40,65,0,250,240,10,37,32,5,1
"2011","Murrayburn and Wester Hailes North - 02","S01008460",368,63,26,37,2,272,263,9,29,27,2,2
"2011","Murrayburn and Wester Hailes North - 03","S01008461",450,118,54,64,0,303,292,11,29,27,2,0
"2011","Murrayburn and Wester Hailes North - 04","S01008462",349,33,28,5,1,308,224,84,7,7,0,0
"2011","Murrayburn and Wester Hailes North - 05","S01008463",355,98,38,60,2,223,211,12,29,25,4,3
"2011","Parkhead and Sighthill - 01","S01008464",413,321,128,193,0,11,6,5,80,74,6,1
"2011","Parkhead and Sighthill - 02","S01008465",346,238,101,137,0,16,15,1,92,86,6,0
"2011","Parkhead and Sighthill - 03","S01008466",318,214,83,131,3,12,7,5,86,84,2,3
"2011","Parkhead and Sighthill - 04","S01008467",330,254,114,140,1,9,5,4,57,53,4,9
"2011","Broomhouse and Bankhead - 01","S01008468",232,138,55,83,0,62,57,5,28,27,1,4
"2011","Broomhouse and Bankhead - 02","S01008469",229,152,46,106,0,32,30,2,45,43,2,0
"2011","Broomhouse and Bankhead - 03","S01008470",298,111,47,64,2,147,132,15,36,30,6,2
"2011","Broomhouse and Bankhead - 04","S01008471",347,75,24,51,0,235,204,31,36,35,1,1
"2011","Broomhouse and Bankhead - 05","S01008472",277,146,56,90,0,80,62,18,50,44,6,1
"2011","Stenhouse and Saughton Mains - 01","S01008473",307,121,47,74,9,127,109,18,46,39,7,4
"2011","Stenhouse and Saughton Mains - 02","S01008474",440,147,56,91,0,214,180,34,77,58,19,2
"2011","Stenhouse and Saughton Mains - 03","S01008475",327,163,81,82,0,86,56,30,72,68,4,6
"2011","Stenhouse and Saughton Mains - 04","S01008476",406,208,99,109,2,125,119,6,66,63,3,5
"2011","Stenhouse and Saughton Mains - 05","S01008477",465,249,114,135,0,146,133,13,64,62,2,6
"2011","Stenhouse and Saughton Mains - 06","S01008478",439,185,92,93,3,166,71,95,80,74,6,5
"2011","Stenhouse and Saughton Mains - 07","S01008479",407,229,112,117,5,89,79,10,77,71,6,7
"2011","Stenhouse and Saughton Mains - 08","S01008480",279,107,30,77,1,97,45,52,72,65,7,2
"2011","Longstone and Saughton - 01","S01008481",373,232,109,123,1,111,108,3,27,27,0,2
"2011","Longstone and Saughton - 02","S01008482",316,176,84,92,1,94,52,42,43,41,2,2
"2011","Longstone and Saughton - 03","S01008483",327,154,64,90,2,116,101,15,50,46,4,5
"2011","Longstone and Saughton - 04","S01008484",342,267,125,142,0,44,40,4,25,24,1,6
"2011","Longstone and Saughton - 05","S01008485",408,269,123,146,0,21,7,14,113,68,45,5
"2011","Slateford and Chesser - 01","S01008486",459,292,149,143,2,114,68,46,49,45,4,2
"2011","Slateford and Chesser - 02","S01008487",417,258,65,193,2,61,17,44,93,85,8,3
"2011","Slateford and Chesser - 03","S01008488",416,254,111,143,2,72,53,19,78,65,13,10
"2011","Slateford and Chesser - 04","S01008489",305,191,96,95,4,60,58,2,43,39,4,7
"2011","Slateford and Chesser - 05","S01008490",528,336,135,201,4,56,53,3,127,116,11,5
"2011","Slateford and Chesser - 06","S01008491",487,252,109,143,3,66,61,5,155,139,16,11
"2011","Gorgie West - 01","S01008492",515,166,31,135,77,154,5,149,114,99,15,4
"2011","Gorgie West - 02","S01008493",420,226,113,113,3,103,15,88,84,78,6,4
"2011","Gorgie West - 03","S01008494",409,189,55,134,4,52,42,10,160,150,10,4
"2011","Gorgie West - 04","S01008495",589,225,58,167,1,57,8,49,305,285,20,1
"2011","Gorgie West - 05","S01008496",676,257,55,202,9,37,2,35,370,347,23,3
"2011","Gorgie East - 01","S01008497",572,233,62,171,2,48,5,43,285,265,20,4
"2011","Gorgie East - 02","S01008498",525,197,51,146,6,111,9,102,208,197,11,3
"2011","Gorgie East - 03","S01008499",591,191,47,144,5,96,18,78,293,265,28,6
"2011","Gorgie East - 04","S01008500",209,25,4,21,6,125,6,119,52,48,4,1
"2011","Gorgie East - 05","S01008501",316,100,25,75,6,28,2,26,180,157,23,2
"2011","Shandon - 01","S01008502",373,168,35,133,3,4,1,3,192,180,12,6
"2011","Shandon - 02","S01008503",443,258,67,191,2,14,1,13,168,157,11,1
"2011","Shandon - 03","S01008504",543,396,130,266,2,5,0,5,138,125,13,2
"2011","Shandon - 04","S01008505",330,269,116,153,2,2,0,2,56,50,6,1
"2011","Shandon - 05","S01008506",442,322,181,141,0,22,3,19,95,87,8,3
"2011","Shandon - 06","S01008507",386,246,80,166,5,21,3,18,112,110,2,2
"2011","Craiglockhart - 01","S01008508",358,316,170,146,0,1,1,0,38,31,7,3
"2011","Craiglockhart - 02","S01008509",509,435,232,203,0,11,2,9,58,48,10,5
"2011","Craiglockhart - 03","S01008510",390,348,179,169,1,3,2,1,36,34,2,2
"2011","Craiglockhart - 04","S01008511",358,328,178,150,0,4,1,3,23,17,6,3
"2011","Craiglockhart - 05","S01008512",201,196,117,79,1,0,0,0,4,3,1,0
"2011","Craiglockhart - 06","S01008513",258,251,142,109,1,3,2,1,3,3,0,0
"2011","Morningside and Craighouse - 01","S01008514",397,339,204,135,0,14,0,14,38,33,5,6
"2011","Morningside and Craighouse - 02","S01008515",297,268,116,152,0,1,0,1,28,27,1,0
"2011","Morningside and Craighouse - 03","S01008516",592,313,133,180,4,29,17,12,243,229,14,3
"2011","Morningside and Craighouse - 04","S01008517",463,282,164,118,1,7,1,6,165,145,20,8
"2011","Morningside and Craighouse - 05","S01008518",378,298,150,148,1,5,2,3,66,54,12,8
"2011","Greenbank and The Braids - 01","S01008519",324,291,153,138,0,3,3,0,28,25,3,2
"2011","Greenbank and The Braids - 02","S01008520",433,410,250,160,0,4,2,2,15,13,2,4
"2011","Greenbank and The Braids - 03","S01008521",338,327,190,137,0,2,1,1,5,4,1,4
"2011","Greenbank and The Braids - 04","S01008522",228,200,111,89,0,0,0,0,24,21,3,4
"2011","Greenbank and The Braids - 05","S01008523",434,373,172,201,3,3,1,2,47,43,4,8
"2011","Colinton Mains and Firrhill - 01","S01008524",442,178,70,108,4,206,115,91,50,40,10,4
"2011","Colinton Mains and Firrhill - 02","S01008525",380,123,61,62,2,210,36,174,41,34,7,4
"2011","Colinton Mains and Firrhill - 03","S01008526",448,306,145,161,1,77,54,23,56,48,8,8
"2011","Colinton Mains and Firrhill - 04","S01008527",333,244,91,153,0,15,8,7,71,64,7,3
"2011","Colinton Mains and Firrhill - 05","S01008528",304,224,84,140,1,8,4,4,69,65,4,2
"2011","Oxgangs - 01","S01008529",349,252,118,134,1,62,58,4,32,27,5,2
"2011","Oxgangs - 02","S01008530",369,175,74,101,0,153,148,5,40,32,8,1
"2011","Oxgangs - 03","S01008531",394,204,97,107,0,142,131,11,44,39,5,4
"2011","Oxgangs - 04","S01008532",213,126,59,67,1,71,54,17,13,11,2,2
"2011","Comiston and Swanston - 01","S01008533",179,42,16,26,0,32,13,19,105,14,91,0
"2011","Comiston and Swanston - 02","S01008534",274,201,90,111,0,10,5,5,59,10,49,4
"2011","Comiston and Swanston - 03","S01008535",284,274,147,127,0,2,0,2,7,7,0,1
"2011","Comiston and Swanston - 04","S01008536",263,241,154,87,1,7,7,0,12,10,2,2
"2011","Comiston and Swanston - 05","S01008537",280,270,173,97,0,0,0,0,7,7,0,3
"2011","Comiston and Swanston - 06","S01008538",242,239,165,74,0,0,0,0,3,2,1,0
"2011","Comiston and Swanston - 07","S01008539",346,322,192,130,1,0,0,0,21,18,3,2
"2011","Comiston and Swanston - 08","S01008540",373,351,226,125,1,2,1,1,14,14,0,5
"2011","Fairmilehead - 01","S01008541",323,306,154,152,0,1,1,0,14,11,3,2
"2011","Fairmilehead - 02","S01008542",337,323,144,179,0,1,0,1,12,10,2,1
"2011","Fairmilehead - 03","S01008543",259,243,92,151,0,1,1,0,12,9,3,3
"2011","Fairmilehead - 04","S01008544",216,200,68,132,1,2,1,1,11,10,1,2
"2011","Fairmilehead - 05","S01008545",334,305,158,147,0,3,2,1,23,20,3,3
"2011","Fairmilehead - 06","S01008546",337,331,198,133,0,0,0,0,5,5,0,1
"2011","Gilmerton South and the Murrays - 01","S01008547",424,372,109,263,0,16,11,5,34,33,1,2
"2011","Gilmerton South and the Murrays - 02","S01008548",347,268,50,218,1,32,9,23,44,43,1,2
"2011","Gilmerton South and the Murrays - 03","S01008549",439,329,111,218,1,45,38,7,57,55,2,7
"2011","Mortonhall and Anwickhill - 01","S01008550",346,299,127,172,1,6,4,2,38,35,3,2
"2011","Mortonhall and Anwickhill - 02","S01008551",496,434,227,207,6,27,4,23,26,21,5,3
"2011","Mortonhall and Anwickhill - 03","S01008552",383,331,154,177,0,16,3,13,34,30,4,2
"2011","Gracemount, Southhouse and Burdiehouse - 01","S01008553",244,175,86,89,0,52,45,7,14,9,5,3
"2011","Gracemount, Southhouse and Burdiehouse - 02","S01008554",368,124,50,74,2,203,188,15,39,34,5,0
"2011","Gracemount, Southhouse and Burdiehouse - 03","S01008555",528,145,44,101,1,336,156,180,45,36,9,1
"2011","Gracemount, Southhouse and Burdiehouse - 04","S01008556",346,170,59,111,0,136,114,22,36,35,1,4
"2011","Gracemount, Southhouse and Burdiehouse - 05","S01008557",429,156,62,94,5,204,134,70,45,43,2,19
"2011","Gracemount, Southhouse and Burdiehouse - 06","S01008558",433,231,104,127,0,144,139,5,55,47,8,3
"2011","Hyvots and Gilmerton - 01","S01008559",295,189,71,118,0,73,58,15,29,26,3,4
"2011","Hyvots and Gilmerton - 02","S01008560",295,176,62,114,0,81,73,8,28,24,4,10
"2011","Hyvots and Gilmerton - 03","S01008561",277,169,61,108,0,75,29,46,27,25,2,6
"2011","Hyvots and Gilmerton - 04","S01008562",344,64,8,56,1,266,25,241,12,8,4,1
"2011","Hyvots and Gilmerton - 05","S01008563",369,202,64,138,1,114,53,61,49,47,2,3
"2011","Fernieside and Moredun South - 01","S01008564",315,201,91,110,8,68,61,7,34,32,2,4
"2011","Fernieside and Moredun South - 02","S01008565",414,200,96,104,0,185,57,128,27,26,1,2
"2011","Fernieside and Moredun South - 03","S01008566",433,239,78,161,12,140,112,28,34,31,3,8
"2011","Fernieside and Moredun South - 04","S01008567",289,157,58,99,1,106,69,37,24,22,2,1
"2011","Fernieside and Moredun South - 05","S01008568",350,266,90,176,2,15,10,5,66,64,2,1
"2011","Moredun and Craigour - 01","S01008569",400,48,30,18,0,316,301,15,35,23,12,1
"2011","Moredun and Craigour - 02","S01008570",426,131,57,74,2,261,182,79,31,30,1,1
"2011","Moredun and Craigour - 03","S01008571",323,207,110,97,0,87,15,72,28,26,2,1
"2011","Moredun and Craigour - 04","S01008572",346,250,107,143,1,44,39,5,43,40,3,8
"2011","Liberton East - 01","S01008573",321,275,98,177,0,20,7,13,25,23,2,1
"2011","Liberton East - 02","S01008574",293,263,93,170,0,7,4,3,20,17,3,3
"2011","Liberton East - 03","S01008575",335,298,136,162,0,5,3,2,29,26,3,3
"2011","Liberton East - 04","S01008576",386,326,175,151,2,7,4,3,48,43,5,3
"2011","Liberton West and Braid Hills - 01","S01008577",363,328,206,122,0,6,4,2,25,21,4,4
"2011","Liberton West and Braid Hills - 02","S01008578",291,275,164,111,2,3,2,1,10,9,1,1
"2011","Liberton West and Braid Hills - 03","S01008579",301,266,171,95,2,5,5,0,24,18,6,4
"2011","Liberton West and Braid Hills - 04","S01008580",261,175,77,98,0,40,2,38,36,32,4,10
"2011","The Inch - 01","S01008581",464,248,108,140,0,150,141,9,59,54,5,7
"2011","The Inch - 02","S01008582",486,289,120,169,0,136,127,9,54,46,8,7
"2011","The Inch - 03","S01008583",352,196,83,113,0,86,62,24,62,55,7,8
"2011","The Inch - 04","S01008584",394,211,104,107,1,86,54,32,90,81,9,6
"2011","The Inch - 05","S01008585",249,153,62,91,2,57,53,4,36,32,4,1
"2011","The Inch - 06","S01008586",360,211,97,114,1,105,101,4,39,32,7,4
"2011","Blackford, West Mains and Mayfield Road - 01","S01008587",316,262,150,112,0,7,3,4,45,38,7,2
"2011","Blackford, West Mains and Mayfield Road - 02","S01008588",344,286,158,128,0,4,4,0,48,41,7,6
"2011","Blackford, West Mains and Mayfield Road - 03","S01008589",172,123,60,63,0,43,0,43,5,5,0,1
"2011","Blackford, West Mains and Mayfield Road - 04","S01008590",413,314,201,113,1,11,6,5,83,78,5,4
"2011","Blackford, West Mains and Mayfield Road - 05","S01008591",327,237,109,128,1,15,7,8,69,60,9,5
"2011","Blackford, West Mains and Mayfield Road - 06","S01008592",356,226,119,107,2,49,42,7,75,69,6,4
"2011","Blackford, West Mains and Mayfield Road - 07","S01008593",309,285,164,121,0,5,4,1,15,12,3,4
"2011","Blackford, West Mains and Mayfield Road - 08","S01008594",428,334,185,149,1,11,7,4,76,65,11,6
"2011","Prestonfield - 01","S01008595",508,205,104,101,2,212,93,119,83,76,7,6
"2011","Prestonfield - 02","S01008596",455,201,99,102,3,122,117,5,119,103,16,10
"2011","Prestonfield - 03","S01008597",388,337,195,142,0,8,8,0,36,31,5,7
"2011","Prestonfield - 04","S01008598",329,150,70,80,7,34,31,3,136,123,13,2
"2011","Newington and Dalkeith Road - 01","S01008599",366,242,117,125,4,8,4,4,107,95,12,5
"2011","Newington and Dalkeith Road - 02","S01008600",306,192,101,91,0,16,6,10,89,64,25,9
"2011","Newington and Dalkeith Road - 03","S01008601",314,113,67,46,4,28,3,25,163,152,11,6
"2011","Newington and Dalkeith Road - 04","S01008602",323,143,70,73,7,24,4,20,142,128,14,7
"2011","Newington and Dalkeith Road - 05","S01008603",544,181,74,107,15,59,21,38,283,260,23,6
"2011","The Grange - 01","S01008604",418,208,102,106,4,9,2,7,185,161,24,12
"2011","The Grange - 02","S01008605",337,175,83,92,2,9,2,7,147,134,13,4
"2011","The Grange - 03","S01008606",287,221,118,103,1,8,0,8,53,51,2,4
"2011","The Grange - 04","S01008607",283,222,147,75,3,37,2,35,19,18,1,2
"2011","The Grange - 05","S01008608",326,284,191,93,1,0,0,0,36,31,5,5
"2011","The Grange - 06","S01008609",410,324,195,129,13,31,2,29,36,33,3,6
"2011","The Grange - 07","S01008610",416,313,220,93,3,13,1,12,79,74,5,8
"2011","Marchmont East and Sciennes - 01","S01008611",592,245,126,119,2,12,1,11,320,284,36,13
"2011","Marchmont East and Sciennes - 02","S01008612",376,103,47,56,3,44,1,43,225,207,18,1
"2011","Marchmont East and Sciennes - 03","S01008613",371,212,138,74,2,12,3,9,130,119,11,15
"2011","Marchmont East and Sciennes - 04","S01008614",307,90,47,43,2,33,5,28,177,158,19,5
"2011","Marchmont East and Sciennes - 05","S01008615",331,152,75,77,4,14,0,14,159,148,11,2
"2011","Marchmont East and Sciennes - 06","S01008616",259,102,47,55,1,0,0,0,154,141,13,2
"2011","Marchmont West - 01","S01008617",281,124,61,63,3,3,0,3,148,137,11,3
"2011","Marchmont West - 02","S01008618",267,103,46,57,4,0,0,0,153,142,11,7
"2011","Marchmont West - 03","S01008619",203,103,62,41,2,1,0,1,96,86,10,1
"2011","Marchmont West - 04","S01008620",290,115,49,66,4,9,2,7,158,146,12,4
"2011","Marchmont West - 05","S01008621",272,114,54,60,6,3,0,3,142,130,12,7
"2011","Marchmont West - 06","S01008622",200,115,72,43,1,0,0,0,84,78,6,0
"2011","Marchmont West - 07","S01008623",343,220,130,90,1,3,1,2,117,98,19,2
"2011","Morningside - 01","S01008624",346,260,180,80,2,49,1,48,32,28,4,3
"2011","Morningside - 02","S01008625",239,206,131,75,0,15,0,15,15,15,0,3
"2011","Morningside - 03","S01008626",388,296,152,144,0,4,0,4,84,74,10,4
"2011","Morningside - 04","S01008627",256,224,113,111,0,2,1,1,28,23,5,2
"2011","Morningside - 05","S01008628",262,166,87,79,0,7,3,4,81,75,6,8
"2011","Morningside - 06","S01008629",301,181,115,66,1,33,1,32,81,73,8,5
"2011","Morningside - 07","S01008630",277,151,77,74,2,1,0,1,118,106,12,5
"2011","Morningside - 08","S01008631",453,247,109,138,0,11,3,8,187,174,13,8
"2011","Merchiston and Greenhill - 01","S01008632",420,231,99,132,2,10,3,7,173,158,15,4
"2011","Merchiston and Greenhill - 02","S01008633",452,358,244,114,0,20,2,18,60,54,6,14
"2011","Merchiston and Greenhill - 03","S01008634",276,209,121,88,1,4,1,3,59,55,4,3
"2011","Merchiston and Greenhill - 04","S01008635",362,263,137,126,0,3,1,2,91,85,6,5
"2011","Merchiston and Greenhill - 05","S01008636",367,252,152,100,2,2,2,0,104,101,3,7
"2011","Merchiston and Greenhill - 06","S01008637",309,198,113,85,1,12,1,11,95,88,7,3
"2011","Bruntsfield - 01","S01008638",344,116,55,61,3,104,5,99,118,111,7,3
"2011","Bruntsfield - 02","S01008639",430,236,91,145,4,5,0,5,180,161,19,5
"2011","Bruntsfield - 03","S01008640",351,187,75,112,0,1,0,1,160,136,24,3
"2011","Bruntsfield - 04","S01008641",351,172,83,89,4,2,2,0,165,154,11,8
"2011","Bruntsfield - 05","S01008642",433,254,102,152,2,2,0,2,170,150,20,5
"2011","Bruntsfield - 06","S01008643",323,203,80,123,1,5,3,2,111,95,16,3
"2011","Bruntsfield - 07","S01008644",386,174,72,102,4,66,1,65,136,129,7,6
"2011","Polwarth - 01","S01008645",360,210,91,119,1,10,2,8,137,129,8,2
"2011","Polwarth - 02","S01008646",453,233,93,140,2,29,4,25,187,173,14,2
"2011","Polwarth - 03","S01008647",330,182,51,131,1,4,2,2,140,129,11,3
"2011","Polwarth - 04","S01008648",339,116,30,86,2,44,2,42,172,154,18,5
"2011","Polwarth - 05","S01008649",560,240,63,177,6,41,3,38,269,260,9,4
"2011","Polwarth - 06","S01008650",470,204,62,142,1,39,0,39,225,216,9,1
"2011","Dalry and Fountainbridge - 01","S01008651",497,170,51,119,0,105,7,98,218,204,14,4
"2011","Dalry and Fountainbridge - 02","S01008652",387,104,25,79,0,137,7,130,143,133,10,3
"2011","Dalry and Fountainbridge - 03","S01008653",402,93,24,69,1,122,10,112,179,164,15,7
"2011","Dalry and Fountainbridge - 04","S01008654",585,189,51,138,3,126,11,115,263,246,17,4
"2011","Dalry and Fountainbridge - 05","S01008655",442,132,46,86,15,59,1,58,225,214,11,11
"2011","Dalry and Fountainbridge - 06","S01008656",426,103,37,66,3,135,6,129,181,172,9,4
"2011","Dalry and Fountainbridge - 07","S01008657",361,126,55,71,4,103,6,97,125,118,7,3
"2011","Dalry and Fountainbridge - 08","S01008658",555,155,56,99,3,157,38,119,232,216,16,8
"2011","Tollcross - 01","S01008659",446,112,38,74,5,82,7,75,243,230,13,4
"2011","Tollcross - 02","S01008660",444,126,59,67,1,53,7,46,255,234,21,9
"2011","Tollcross - 03","S01008661",437,91,42,49,1,161,12,149,181,166,15,3
"2011","Tollcross - 04","S01008662",276,46,16,30,2,70,2,68,155,145,10,3
"2011","Tollcross - 05","S01008663",434,125,40,85,5,92,16,76,208,195,13,4
"2011","Tollcross - 06","S01008664",396,154,55,99,5,46,31,15,190,177,13,1
"2011","Tollcross - 07","S01008665",524,184,78,106,2,92,29,63,234,222,12,12
"2011","Meadows and Southside - 01","S01008666",311,116,50,66,2,12,4,8,171,158,13,10
"2011","Meadows and Southside - 02","S01008667",308,143,72,71,2,50,4,46,109,95,14,4
"2011","Meadows and Southside - 03","S01008668",280,120,51,69,2,11,4,7,142,130,12,5
"2011","Meadows and Southside - 04","S01008669",173,35,18,17,1,6,4,2,130,120,10,1
"2011","Meadows and Southside - 05","S01008670",260,76,38,38,3,10,5,5,169,154,15,2
"2011","Meadows and Southside - 06","S01008671",331,100,44,56,1,22,16,6,201,187,14,7
"2011","Meadows and Southside - 07","S01008672",341,120,74,46,6,16,12,4,193,184,9,6
"2011","Meadows and Southside - 08","S01008673",649,189,114,75,5,109,10,99,310,273,37,36
"2011","Old Town, Princes Street and Leith Street - 01","S01008674",413,94,49,45,1,73,22,51,240,214,26,5
"2011","Old Town, Princes Street and Leith Street - 02","S01008675",476,103,47,56,2,112,29,83,254,239,15,5
"2011","Old Town, Princes Street and Leith Street - 03","S01008676",338,125,58,67,3,44,12,32,157,145,12,9
"2011","Old Town, Princes Street and Leith Street - 04","S01008677",420,121,60,61,0,46,25,21,246,231,15,7
"2011","Old Town, Princes Street and Leith Street - 05","S01008678",393,77,30,47,2,65,17,48,242,221,21,7
"2011","Old Town, Princes Street and Leith Street - 06","S01008679",546,71,31,40,1,236,32,204,231,188,43,7
"2011","Canongate, Southside and Dumbiedykes - 01","S01008680",326,57,19,38,3,84,5,79,177,157,20,5
"2011","Canongate, Southside and Dumbiedykes - 02","S01008681",540,135,59,76,4,155,77,78,242,213,29,4
"2011","Canongate, Southside and Dumbiedykes - 03","S01008682",431,131,58,73,4,93,27,66,195,182,13,8
"2011","Canongate, Southside and Dumbiedykes - 04","S01008683",576,115,45,70,1,320,132,188,137,133,4,3
"2011","Canongate, Southside and Dumbiedykes - 05","S01008684",532,118,56,62,1,268,218,50,138,123,15,7
"2011","Canongate, Southside and Dumbiedykes - 06","S01008685",489,143,84,59,7,147,36,111,185,171,14,7
"2011","Abbeyhill - 01","S01008686",585,121,25,96,23,281,4,277,158,150,8,2
"2011","Abbeyhill - 02","S01008687",419,189,51,138,7,22,4,18,199,182,17,2
"2011","Abbeyhill - 03","S01008688",457,227,66,161,10,47,6,41,167,153,14,6
"2011","Meadowbank and Abbeyhill North - 01","S01008689",548,237,65,172,3,68,4,64,235,228,7,5
"2011","Meadowbank and Abbeyhill North - 02","S01008690",598,325,121,204,3,20,3,17,246,225,21,4
"2011","Meadowbank and Abbeyhill North - 03","S01008691",678,322,92,230,13,65,13,52,272,253,19,6
"2011","Meadowbank and Abbeyhill North - 04","S01008692",391,184,49,135,3,93,4,89,111,102,9,0
"2011","Meadowbank and Abbeyhill North - 05","S01008693",224,198,104,94,1,6,6,0,15,12,3,4
"2011","Willowbrae and Duddingston Village - 01","S01008694",537,331,118,213,3,25,15,10,176,166,10,2
"2011","Willowbrae and Duddingston Village - 02","S01008695",338,248,96,152,1,11,4,7,75,70,5,3
"2011","Willowbrae and Duddingston Village - 03","S01008696",285,253,110,143,1,2,1,1,25,24,1,4
"2011","Willowbrae and Duddingston Village - 04","S01008697",453,398,214,184,1,4,3,1,48,41,7,2
"2011","Willowbrae and Duddingston Village - 05","S01008698",209,187,116,71,0,5,3,2,15,14,1,2
"2011","Willowbrae and Duddingston Village - 06","S01008699",470,280,143,137,1,121,114,7,66,62,4,2
"2011","Willowbrae and Duddingston Village - 07","S01008700",248,201,111,90,0,6,5,1,37,35,2,4
"2011","Craigmillar - 01","S01008701",200,33,5,28,7,154,31,123,6,6,0,0
"2011","Craigmillar - 02","S01008702",312,102,42,60,6,38,16,22,154,145,9,12
"2011","Craigmillar - 03","S01008703",456,67,18,49,20,328,141,187,41,39,2,0
"2011","Craigmillar - 04","S01008704",307,86,19,67,8,183,17,166,30,27,3,0
"2011","Craigmillar - 05","S01008705",236,71,14,57,0,127,46,81,33,30,3,5
"2011","Niddrie - 01","S01008706",243,38,4,34,0,189,37,152,15,15,0,1
"2011","Niddrie - 02","S01008707",387,76,21,55,8,271,120,151,30,30,0,2
"2011","Niddrie - 03","S01008708",452,33,4,29,2,390,169,221,25,16,9,2
"2011","Niddrie - 04","S01008709",299,117,39,78,2,138,27,111,40,38,2,2
"2011","Niddrie - 05","S01008710",208,66,9,57,0,116,25,91,23,23,0,3
"2011","Niddrie - 06","S01008711",353,119,58,61,3,189,82,107,39,35,4,3
"2011","Bingham, Magdalene and The Christians - 01","S01008712",499,114,54,60,1,345,283,62,36,34,2,3
"2011","Bingham, Magdalene and The Christians - 02","S01008713",292,75,20,55,0,190,187,3,25,20,5,2
"2011","Bingham, Magdalene and The Christians - 03","S01008714",297,171,82,89,1,81,78,3,42,38,4,2
"2011","Bingham, Magdalene and The Christians - 04","S01008715",367,219,109,110,0,123,123,0,25,20,5,0
"2011","Bingham, Magdalene and The Christians - 05","S01008716",295,155,67,88,1,106,71,35,26,25,1,7
"2011","Jewel, Brunstane and Newcraighall - 01","S01008717",181,147,42,105,1,5,2,3,28,27,1,0
"2011","Jewel, Brunstane and Newcraighall - 02","S01008718",222,192,71,121,1,9,6,3,20,17,3,0
"2011","Jewel, Brunstane and Newcraighall - 03","S01008719",420,311,93,218,2,17,9,8,88,84,4,2
"2011","Jewel, Brunstane and Newcraighall - 04","S01008720",243,161,77,84,1,29,26,3,49,47,2,3
"2011","Jewel, Brunstane and Newcraighall - 05","S01008721",310,285,86,199,0,4,2,2,20,18,2,1
"2011","Joppa - 01","S01008722",480,377,205,172,1,80,77,3,20,17,3,2
"2011","Joppa - 02","S01008723",257,228,100,128,0,16,0,16,12,12,0,1
"2011","Joppa - 03","S01008724",400,314,153,161,1,51,5,46,29,27,2,5
"2011","Joppa - 04","S01008725",343,276,138,138,0,36,11,25,28,25,3,3
"2011","Joppa - 05","S01008726",241,222,97,125,0,3,2,1,11,10,1,5
"2011","Joppa - 06","S01008727",454,356,184,172,0,39,15,24,57,54,3,2
"2011","Portobello - 01","S01008728",229,144,66,78,3,48,19,29,32,31,1,2
"2011","Portobello - 02","S01008729",277,228,86,142,0,14,10,4,28,26,2,7
"2011","Portobello - 03","S01008730",411,238,65,173,1,42,23,19,130,126,4,0
"2011","Portobello - 04","S01008731",226,153,80,73,1,39,32,7,29,28,1,4
"2011","Portobello - 05","S01008732",340,177,68,109,1,72,52,20,89,84,5,1
"2011","Portobello - 06","S01008733",473,319,104,215,7,27,11,16,113,99,14,7
"2011","Duddingston and Portobello South - 01","S01008734",266,190,96,94,18,28,8,20,27,21,6,3
"2011","Duddingston and Portobello South - 02","S01008735",385,360,201,159,1,2,1,1,20,18,2,2
"2011","Duddingston and Portobello South - 03","S01008736",290,249,148,101,1,30,26,4,6,5,1,4
"2011","Duddingston and Portobello South - 04","S01008737",339,314,193,121,0,6,3,3,15,14,1,4
"2011","Duddingston and Portobello South - 05","S01008738",299,290,174,116,1,3,2,1,5,5,0,0
"2011","Mountcastle - 01","S01008739",240,213,113,100,1,12,12,0,13,12,1,1
"2011","Mountcastle - 02","S01008740",227,215,121,94,0,5,3,2,7,7,0,0
"2011","Mountcastle - 03","S01008741",395,372,220,152,1,10,7,3,10,8,2,2
"2011","Mountcastle - 04","S01008742",280,189,118,71,1,50,47,3,35,34,1,5
"2011","Northfield and Piershill - 01","S01008743",485,261,101,160,0,124,112,12,98,86,12,2
"2011","Northfield and Piershill - 02","S01008744",519,361,164,197,0,79,68,11,71,66,5,8
"2011","Northfield and Piershill - 03","S01008745",241,193,109,84,2,4,2,2,34,30,4,8
"2011","Northfield and Piershill - 04","S01008746",572,218,83,135,7,214,200,14,126,114,12,7
"2011","Craigentinny - 01","S01008747",234,207,113,94,1,4,4,0,21,18,3,1
"2011","Craigentinny - 02","S01008748",283,260,168,92,1,7,5,2,11,8,3,4
"2011","Craigentinny - 03","S01008749",402,368,208,160,1,13,7,6,17,15,2,3
"2011","Craigentinny - 04","S01008750",313,289,184,105,1,8,5,3,9,8,1,6
"2011","Restalrig (Loganlea) and Craigentinny West - 01","S01008751",304,188,92,96,0,84,78,6,28,27,1,4
"2011","Restalrig (Loganlea) and Craigentinny West - 02","S01008752",459,176,81,95,4,194,179,15,76,68,8,9
"2011","Restalrig (Loganlea) and Craigentinny West - 03","S01008753",314,145,64,81,2,109,95,14,56,51,5,2
"2011","Restalrig (Loganlea) and Craigentinny West - 04","S01008754",362,150,53,97,13,140,95,45,59,56,3,0
"2011","Restalrig (Loganlea) and Craigentinny West - 05","S01008755",541,228,57,171,3,180,121,59,126,123,3,4
"2011","Restalrig and Lochend - 01","S01008756",418,195,79,116,0,172,154,18,48,44,4,3
"2011","Restalrig and Lochend - 02","S01008757",397,115,42,73,1,236,221,15,43,40,3,2
"2011","Restalrig and Lochend - 03","S01008758",444,221,89,132,1,173,129,44,43,39,4,6
"2011","Restalrig and Lochend - 04","S01008759",322,134,60,74,2,147,78,69,32,28,4,7
"2011","Restalrig and Lochend - 05","S01008760",500,143,52,91,9,300,227,73,47,43,4,1
"2011","Restalrig and Lochend - 06","S01008761",295,115,25,90,5,35,25,10,138,130,8,2
"2011","Leith (Hermitage and Prospect Bank) - 01","S01008762",301,254,120,134,2,12,7,5,30,24,6,3
"2011","Leith (Hermitage and Prospect Bank) - 02","S01008763",433,354,135,219,1,15,7,8,61,55,6,2
"2011","Leith (Hermitage and Prospect Bank) - 03","S01008764",306,230,91,139,0,41,34,7,32,28,4,3
"2011","Leith (Hermitage and Prospect Bank) - 04","S01008765",393,303,100,203,1,10,4,6,77,72,5,2
"2011","Leith (Hermitage and Prospect Bank) - 05","S01008766",413,359,180,179,0,19,7,12,30,28,2,5
"2011","Leith (Hermitage and Prospect Bank) - 06","S01008767",266,195,82,113,3,39,25,14,25,20,5,4
"2011","Western Harbour and Leith Docks - 01","S01008768",256,137,48,89,13,56,15,41,49,45,4,1
"2011","Western Harbour and Leith Docks - 02","S01008769",380,214,61,153,0,7,2,5,153,143,10,6
"2011","Western Harbour and Leith Docks - 03","S01008770",431,177,44,133,11,13,1,12,226,209,17,4
"2011","Western Harbour and Leith Docks - 04","S01008771",411,184,50,134,1,106,9,97,115,108,7,5
"2011","North Leith and Newhaven - 01","S01008772",395,283,127,156,1,51,39,12,57,54,3,3
"2011","North Leith and Newhaven - 02","S01008773",596,285,97,188,20,130,34,96,157,146,11,4
"2011","North Leith and Newhaven - 03","S01008774",495,213,68,145,2,130,84,46,146,141,5,4
"2011","North Leith and Newhaven - 04","S01008775",218,155,57,98,2,9,6,3,51,51,0,1
"2011","North Leith and Newhaven - 05","S01008776",467,161,56,105,10,165,22,143,127,116,11,4
"2011","North Leith and Newhaven - 06","S01008777",637,178,59,119,9,336,213,123,112,106,6,2
"2011","The Shore and Constitution Street - 01","S01008778",664,247,68,179,18,113,10,103,283,267,16,3
"2011","The Shore and Constitution Street - 02","S01008779",402,211,48,163,1,9,3,6,180,158,22,1
"2011","The Shore and Constitution Street - 03","S01008780",329,143,24,119,2,48,2,46,133,127,6,3
"2011","The Shore and Constitution Street - 04","S01008781",530,164,21,143,4,196,6,190,166,158,8,0
"2011","The Shore and Constitution Street - 05","S01008782",400,168,35,133,13,57,3,54,158,152,6,4
"2011","The Shore and Constitution Street - 06","S01008783",236,84,15,69,8,45,6,39,98,93,5,1
"2011","The Shore and Constitution Street - 07","S01008784",268,85,12,73,7,53,5,48,122,111,11,1
"2011","Great Junction Street - 01","S01008785",485,124,52,72,1,235,188,47,123,114,9,2
"2011","Great Junction Street - 02","S01008786",540,254,69,185,3,49,29,20,233,212,21,1
"2011","Great Junction Street - 03","S01008787",200,6,4,2,0,173,169,4,20,17,3,1
"2011","Great Junction Street - 04","S01008788",376,160,36,124,8,64,5,59,140,130,10,4
"2011","Great Junction Street - 05","S01008789",375,146,56,90,3,159,9,150,63,56,7,4
"2011","Great Junction Street - 06","S01008790",353,120,28,92,2,118,20,98,109,102,7,4
"2011","Great Junction Street - 07","S01008791",421,170,50,120,3,33,18,15,206,194,12,9
"2011","South Leith - 01","S01008792",415,225,91,134,1,74,38,36,112,109,3,3
"2011","South Leith - 02","S01008793",266,76,19,57,4,101,12,89,82,75,7,3
"2011","South Leith - 03","S01008794",492,183,67,116,20,199,50,149,88,83,5,2
"2011","South Leith - 04","S01008795",618,300,83,217,14,34,20,14,264,246,18,6
"2011","South Leith - 05","S01008796",622,186,50,136,12,158,7,151,265,257,8,1
"2011","South Leith - 06","S01008797",579,265,86,179,16,66,12,54,231,217,14,1
"2011","Easter Road and Hawkhill Avenue - 01","S01008798",502,230,85,145,8,91,49,42,169,155,14,4
"2011","Easter Road and Hawkhill Avenue - 02","S01008799",322,100,25,75,7,52,33,19,161,150,11,2
"2011","Easter Road and Hawkhill Avenue - 03","S01008800",651,319,74,245,2,33,12,21,291,276,15,6
"2011","Easter Road and Hawkhill Avenue - 04","S01008801",582,260,61,199,3,52,9,43,263,249,14,4
"2011","Leith (Albert Street) - 01","S01008802",614,261,80,181,2,86,32,54,260,249,11,5
"2011","Leith (Albert Street) - 02","S01008803",575,183,50,133,2,163,15,148,224,209,15,3
"2011","Leith (Albert Street) - 03","S01008804",332,108,24,84,2,86,13,73,133,128,5,3
"2011","Leith (Albert Street) - 04","S01008805",334,126,46,80,2,12,2,10,192,180,12,2
"2011","Hillside and Calton Hill - 01","S01008806",558,221,61,160,4,69,2,67,259,239,20,5
"2011","Hillside and Calton Hill - 02","S01008807",490,246,68,178,0,39,24,15,200,187,13,5
"2011","Hillside and Calton Hill - 03","S01008808",391,195,72,123,1,74,3,71,118,114,4,3
"2011","Hillside and Calton Hill - 04","S01008809",324,145,79,66,0,18,7,11,157,147,10,4
"2011","Hillside and Calton Hill - 05","S01008810",383,213,70,143,0,3,1,2,164,153,11,3
"2011","Hillside and Calton Hill - 06","S01008811",389,195,70,125,0,9,4,5,175,161,14,10
"2011","Hillside and Calton Hill - 07","S01008812",260,139,58,81,2,2,2,0,116,109,7,1
"2011","Pilrig - 01","S01008813",508,185,76,109,0,182,38,144,136,127,9,5
"2011","Pilrig - 02","S01008814",403,222,92,130,6,35,10,25,134,126,8,6
"2011","Pilrig - 03","S01008815",557,235,59,176,12,119,7,112,189,178,11,2
"2011","Pilrig - 04","S01008816",321,183,63,120,1,51,1,50,80,69,11,6
"2011","Bonnington - 01","S01008817",425,181,41,140,2,130,7,123,109,103,6,3
"2011","Bonnington - 02","S01008818",371,245,67,178,2,32,2,30,85,79,6,7
"2011","Bonnington - 03","S01008819",368,254,90,164,0,23,4,19,91,80,11,0
"2011","Bonnington - 04","S01008820",616,240,76,164,2,223,16,207,148,141,7,3
"2011","Trinity East and The Dudleys - 01","S01008821",271,223,78,145,1,12,4,8,34,32,2,1
"2011","Trinity East and The Dudleys - 02","S01008822",286,256,116,140,2,6,2,4,21,19,2,1
"2011","Trinity East and The Dudleys - 03","S01008823",269,226,114,112,1,3,1,2,35,30,5,4
"2011","Trinity East and The Dudleys - 04","S01008824",510,394,187,207,0,23,17,6,89,79,10,4
"2011","Trinity East and The Dudleys - 05","S01008825",296,244,122,122,1,8,6,2,42,40,2,1
"2011","Trinity - 01","S01008826",378,220,101,119,4,73,7,66,81,76,5,0
"2011","Trinity - 02","S01008827",273,258,142,116,0,1,0,1,12,11,1,2
"2011","Trinity - 03","S01008828",439,330,177,153,0,27,10,17,77,74,3,5
"2011","Trinity - 04","S01008829",297,234,119,115,0,31,4,27,29,24,5,3
"2011","Trinity - 05","S01008830",334,281,158,123,0,10,0,10,38,37,1,5
"2011","Trinity - 06","S01008831",359,309,199,110,1,22,0,22,27,23,4,0
"2011","Inverleith, Goldenacre and Warriston - 01","S01008832",350,286,167,119,1,2,1,1,55,44,11,6
"2011","Inverleith, Goldenacre and Warriston - 02","S01008833",526,371,195,176,3,55,5,50,85,82,3,12
"2011","Inverleith, Goldenacre and Warriston - 03","S01008834",519,405,224,181,0,5,1,4,95,89,6,14
"2011","Inverleith, Goldenacre and Warriston - 04","S01008835",407,342,181,161,0,22,19,3,35,32,3,8
"2011","Broughton North and Powderhall - 01","S01008836",413,224,80,144,0,90,84,6,95,84,11,4
"2011","Broughton North and Powderhall - 02","S01008837",630,323,82,241,0,52,5,47,240,227,13,15
"2011","Broughton North and Powderhall - 03","S01008838",606,338,154,184,3,20,0,20,241,233,8,4
"2011","Broughton North and Powderhall - 04","S01008839",549,313,134,179,0,47,5,42,182,172,10,7
"2011","Broughton South - 01","S01008840",510,347,151,196,1,8,3,5,152,142,10,2
"2011","Broughton South - 02","S01008841",291,183,71,112,2,14,0,14,89,83,6,3
"2011","Broughton South - 03","S01008842",433,186,40,146,11,20,5,15,203,193,10,13
"2011","Broughton South - 04","S01008843",464,240,87,153,1,15,3,12,201,178,23,7
"2011","Broughton South - 05","S01008844",355,168,50,118,1,30,3,27,152,139,13,4
"2011","New Town East and Gayfield - 01","S01008845",420,188,95,93,2,8,1,7,214,193,21,8
"2011","New Town East and Gayfield - 02","S01008846",386,192,96,96,1,34,3,31,157,152,5,2
"2011","New Town East and Gayfield - 03","S01008847",263,132,61,71,2,3,2,1,122,118,4,4
"2011","New Town East and Gayfield - 04","S01008848",384,209,107,102,0,29,7,22,142,129,13,4
"2011","New Town West - 01","S01008849",396,184,98,86,0,3,1,2,197,189,8,12
"2011","New Town West - 02","S01008850",401,220,127,93,2,5,2,3,166,160,6,8
"2011","New Town West - 03","S01008851",634,257,142,115,3,135,3,132,231,223,8,8
"2011","New Town West - 04","S01008852",503,312,207,105,0,0,0,0,175,160,15,16
"2011","Canonmills and New Town North - 01","S01008853",352,178,75,103,2,4,1,3,160,155,5,8
"2011","Canonmills and New Town North - 02","S01008854",483,247,132,115,2,4,1,3,227,224,3,3
"2011","Canonmills and New Town North - 03","S01008855",620,318,138,180,0,10,3,7,285,260,25,7
"2011","Canonmills and New Town North - 04","S01008856",296,147,61,86,1,7,4,3,137,133,4,4
"2011","Stockbridge - 01","S01008857",434,272,142,130,2,3,0,3,148,144,4,9
"2011","Stockbridge - 02","S01008858",328,217,131,86,1,2,0,2,103,95,8,5
"2011","Stockbridge - 03","S01008859",712,261,122,139,0,97,4,93,337,319,18,17
"2011","Stockbridge - 04","S01008860",500,279,124,155,0,31,29,2,182,170,12,8
"2011","Stockbridge - 05","S01008861",349,269,164,105,0,3,2,1,74,67,7,3
"2011","Stockbridge - 06","S01008862",561,238,102,136,5,40,25,15,269,252,17,9
"2011","Stockbridge - 07","S01008863",392,234,118,116,1,16,14,2,139,131,8,2
"2011","Comely Bank - 01","S01008864",410,259,152,107,0,4,2,2,111,107,4,36
"2011","Comely Bank - 02","S01008865",455,289,167,122,3,5,1,4,148,137,11,10
"2011","Comely Bank - 03","S01008866",467,277,129,148,1,2,1,1,183,180,3,4
"2011","Comely Bank - 04","S01008867",421,315,169,146,0,3,1,2,101,90,11,2
"2011","Deans Village - 01","S01008868",391,156,64,92,1,5,1,4,222,209,13,7
"2011","Deans Village - 02","S01008869",615,316,187,129,0,66,4,62,217,206,11,16
"2011","Deans Village - 03","S01008870",426,257,146,111,1,5,2,3,153,145,8,10
"2011","Deans Village - 04","S01008871",503,311,165,146,4,0,0,0,178,172,6,10
"2011","Deans Village - 05","S01008872",401,220,102,118,1,8,1,7,162,151,11,10
"2011","Deans Village - 06","S01008873",334,251,128,123,0,1,0,1,79,72,7,3
"2011","Deans Village - 07","S01008874",514,301,155,146,6,55,3,52,141,129,12,11
"2011","Balgreen and Roseburn - 01","S01008875",502,259,120,139,24,32,5,27,182,172,10,5
"2011","Balgreen and Roseburn - 02","S01008876",291,258,159,99,2,3,2,1,21,18,3,7
"2011","Balgreen and Roseburn - 03","S01008877",243,197,95,102,2,10,2,8,32,29,3,2
"2011","Balgreen and Roseburn - 04","S01008878",459,332,181,151,0,72,68,4,50,44,6,5
"2011","Balgreen and Roseburn - 05","S01008879",411,310,165,145,0,36,32,4,54,51,3,11
"2011","Balgreen and Roseburn - 06","S01008880",291,238,114,124,0,16,13,3,34,31,3,3
"2011","Murrayfield and Ravelston - 01","S01008881",264,213,134,79,1,4,0,4,40,37,3,6
"2011","Murrayfield and Ravelston - 02","S01008882",401,360,177,183,0,0,0,0,35,34,1,6
"2011","Murrayfield and Ravelston - 03","S01008883",362,329,230,99,0,3,2,1,23,20,3,7
"2011","Murrayfield and Ravelston - 04","S01008884",316,294,203,91,1,1,0,1,16,16,0,4
"2011","Murrayfield and Ravelston - 05","S01008885",345,317,176,141,0,4,3,1,20,19,1,4
"2011","Craigleith, Orchard Brae and Crewe Toll - 01","S01008886",425,323,188,135,0,6,3,3,86,79,7,10
"2011","Craigleith, Orchard Brae and Crewe Toll - 02","S01008887",358,308,171,137,0,8,5,3,39,39,0,3
"2011","Craigleith, Orchard Brae and Crewe Toll - 03","S01008888",373,236,105,131,2,4,1,3,124,113,11,7
"2011","Craigleith, Orchard Brae and Crewe Toll - 04","S01008889",267,231,95,136,1,4,4,0,27,21,6,4
"2011","Craigleith, Orchard Brae and Crewe Toll - 05","S01008890",308,279,157,122,0,16,4,12,10,10,0,3
"2011","Craigleith, Orchard Brae and Crewe Toll - 06","S01008891",329,318,194,124,0,0,0,0,8,8,0,3
"2011","Blackhall - 01","S01008892",533,373,220,153,1,66,9,57,86,72,14,7
"2011","Blackhall - 02","S01008893",353,335,171,164,0,4,2,2,14,14,0,0
"2011","Blackhall - 03","S01008894",337,317,180,137,0,6,2,4,12,12,0,2
"2011","Blackhall - 04","S01008895",301,282,162,120,0,2,1,1,15,15,0,2
"2011","Blackhall - 05","S01008896",208,181,82,99,0,0,0,0,26,24,2,1
"2011","Blackhall - 06","S01008897",304,276,155,121,1,4,3,1,21,21,0,2
"2011","Blackhall - 07","S01008898",331,314,176,138,0,1,1,0,11,9,2,5
"2011","Drylaw - 01","S01008899",389,187,89,98,0,169,163,6,31,30,1,2
"2011","Drylaw - 02","S01008900",415,251,113,138,1,102,82,20,56,52,4,5
"2011","Drylaw - 03","S01008901",374,225,93,132,1,102,97,5,44,35,9,2
"2011","Drylaw - 04","S01008902",485,242,92,150,1,164,35,129,71,70,1,7
"2011","Drylaw - 05","S01008903",463,300,143,157,0,132,127,5,27,24,3,4
"2011","West Pilton - 01","S01008904",431,193,75,118,0,125,116,9,108,104,4,5
"2011","West Pilton - 02","S01008905",510,170,52,118,0,244,220,24,93,81,12,3
"2011","West Pilton - 03","S01008906",386,82,20,62,22,213,147,66,67,64,3,2
"2011","West Pilton - 04","S01008907",249,29,13,16,1,201,114,87,18,17,1,0
"2011","West Pilton - 05","S01008908",421,184,74,110,0,148,144,4,85,82,3,4
"2011","Boswall and Pilton - 01","S01008909",347,241,84,157,0,15,5,10,88,84,4,3
"2011","Boswall and Pilton - 02","S01008910",211,142,51,91,2,5,4,1,58,54,4,4
"2011","Boswall and Pilton - 03","S01008911",432,214,54,160,2,7,4,3,209,196,13,0
"2011","Boswall and Pilton - 04","S01008912",333,276,123,153,2,14,13,1,37,31,6,4
"2011","Boswall and Pilton - 05","S01008913",272,189,47,142,3,3,2,1,75,70,5,2
"2011","Boswall and Pilton - 06","S01008914",398,297,142,155,1,63,54,9,29,24,5,8
"2011","Boswall and Pilton - 07","S01008915",236,195,103,92,0,18,16,2,21,21,0,2
"2011","Granton South and Wardieburn - 01","S01008916",593,215,116,99,2,306,288,18,67,64,3,3
"2011","Granton South and Wardieburn - 02","S01008917",379,90,29,61,1,254,196,58,33,32,1,1
"2011","Granton South and Wardieburn - 03","S01008918",293,24,9,15,0,248,242,6,20,19,1,1
"2011","Granton South and Wardieburn - 04","S01008919",264,31,11,20,1,213,211,2,19,16,3,0
"2011","Granton and Royston Mains - 01","S01008920",586,263,48,215,1,100,22,78,220,207,13,2
"2011","Granton and Royston Mains - 02","S01008921",375,81,39,42,1,263,243,20,30,27,3,0
"2011","Granton and Royston Mains - 03","S01008922",400,177,68,109,1,140,78,62,78,72,6,4
"2011","Granton and Royston Mains - 04","S01008923",394,146,64,82,1,183,152,31,62,61,1,2
"2011","Granton West and Salvesen - 01","S01008924",372,65,15,50,0,266,83,183,41,36,5,0
"2011","Granton West and Salvesen - 02","S01008925",266,158,40,118,0,24,10,14,83,81,2,1
"2011","Granton West and Salvesen - 03","S01008926",242,154,46,108,1,51,3,48,36,33,3,0
"2011","Granton West and Salvesen - 04","S01008927",416,184,14,170,15,97,10,87,119,115,4,1
"2011","Granton West and Salvesen - 05","S01008928",298,117,35,82,0,124,28,96,54,49,5,3
"2011","Muirhouse - 01","S01008929",475,31,14,17,0,424,412,12,19,14,5,1
"2011","Muirhouse - 02","S01008930",427,55,23,32,0,355,202,153,16,14,2,1
"2011","Muirhouse - 03","S01008931",339,86,44,42,0,235,17,218,18,16,2,0
"2011","Muirhouse - 04","S01008932",404,184,41,143,3,81,11,70,129,123,6,7
"2011","Muirhouse - 05","S01008933",289,69,12,57,0,201,91,110,19,17,2,0
"2011","Muirhouse - 06","S01008934",354,172,61,111,3,115,86,29,62,56,6,2
"2011","Siverknowes and Davidson's Mains - 01","S01008935",377,338,204,134,2,10,1,9,24,19,5,3
"2011","Siverknowes and Davidson's Mains - 02","S01008936",157,150,71,79,0,1,1,0,6,4,2,0
"2011","Siverknowes and Davidson's Mains - 03","S01008937",424,343,186,157,0,13,9,4,63,56,7,5
"2011","Siverknowes and Davidson's Mains - 04","S01008938",285,265,138,127,0,3,0,3,13,11,2,4
"2011","Siverknowes and Davidson's Mains - 05","S01008939",323,295,171,124,0,3,1,2,20,17,3,5
"2011","Siverknowes and Davidson's Mains - 06","S01008940",255,235,158,77,0,0,0,0,16,13,3,4
"2011","Cramond - 01","S01008941",350,296,156,140,1,14,2,12,32,29,3,7
"2011","Cramond - 02","S01008942",333,286,136,150,0,2,0,2,42,38,4,3
"2011","Cramond - 03","S01008943",340,328,206,122,1,2,1,1,8,8,0,1
"2011","Barnton, Cammo and Cramond South - 01","S01008944",429,395,244,151,0,2,0,2,24,21,3,8
"2011","Barnton, Cammo and Cramond South - 02","S01008945",299,284,154,130,0,1,0,1,11,9,2,3
"2011","Barnton, Cammo and Cramond South - 03","S01008946",397,362,227,135,0,5,4,1,26,25,1,4
"2011","Barnton, Cammo and Cramond South - 04","S01008947",449,428,266,162,1,3,2,1,15,11,4,2
"2011","Clermiston and Drumbrae - 01","S01008948",285,253,108,145,1,13,13,0,16,15,1,2
"2011","Clermiston and Drumbrae - 02","S01008949",393,277,119,158,1,74,72,2,33,28,5,8
"2011","Clermiston and Drumbrae - 03","S01008950",420,321,135,186,0,66,62,4,29,24,5,4
"2011","Clermiston and Drumbrae - 04","S01008951",435,234,99,135,0,138,115,23,55,51,4,8
"2011","Clermiston and Drumbrae - 05","S01008952",421,204,77,127,6,140,129,11,69,65,4,2
"2011","Clermiston and Drumbrae - 06","S01008953",424,264,116,148,1,119,104,15,38,36,2,2
"2011","Clermiston and Drumbrae - 07","S01008954",434,248,115,133,1,132,131,1,44,35,9,9
"2011","East Craigs North - 01","S01008955",282,238,113,125,0,20,1,19,23,22,1,1
"2011","East Craigs North - 02","S01008956",406,325,110,215,2,30,0,30,48,47,1,1
"2011","East Craigs North - 03","S01008957",429,275,131,144,2,101,5,96,47,44,3,4
"2011","East Craigs North - 04","S01008958",404,183,62,121,0,184,2,182,35,31,4,2
"2011","East Craigs North - 05","S01008959",380,277,114,163,3,60,1,59,37,31,6,3
"2011","East Craigs South - 01","S01008960",328,289,86,203,0,7,2,5,31,28,3,1
"2011","East Craigs South - 02","S01008961",319,274,107,167,0,5,0,5,39,36,3,1
"2011","East Craigs South - 03","S01008962",275,252,127,125,0,5,3,2,15,15,0,3
"2011","East Craigs South - 04","S01008963",349,317,184,133,1,7,1,6,23,23,0,1
"2011","East Craigs South - 05","S01008964",211,200,110,90,0,0,0,0,8,6,2,3
"2011","East Craigs South - 06","S01008965",321,295,178,117,0,17,2,15,5,4,1,4
"2011","East Craigs South - 07","S01008966",252,241,144,97,0,1,0,1,10,10,0,0
"2011","Corstorphine North - 01","S01008967",430,417,236,181,0,3,1,2,9,5,4,1
"2011","Corstorphine North - 02","S01008968",398,371,195,176,1,17,2,15,7,7,0,2
"2011","Corstorphine North - 03","S01008969",460,396,214,182,0,20,19,1,39,30,9,5
"2011","Corstorphine - 01","S01008970",438,390,196,194,1,11,1,10,33,26,7,3
"2011","Corstorphine - 02","S01008971",273,259,116,143,0,1,1,0,12,12,0,1
"2011","Corstorphine - 03","S01008972",304,276,145,131,0,2,0,2,24,23,1,2
"2011","Corstorphine - 04","S01008973",361,286,154,132,4,28,2,26,36,28,8,7
"2011","Corstorphine - 05","S01008974",374,287,164,123,1,15,9,6,68,64,4,3
"2011","Corstorphine - 06","S01008975",449,244,146,98,1,135,51,84,63,54,9,6
"2011","Corstorphine - 07","S01008976",212,203,113,90,0,2,1,1,5,4,1,2
"2011","Carrick Knowe - 01","S01008977",256,237,142,95,0,3,3,0,13,12,1,3
"2011","Carrick Knowe - 02","S01008978",252,191,81,110,0,7,4,3,53,49,4,1
"2011","Carrick Knowe - 03","S01008979",308,210,49,161,3,9,3,6,84,78,6,2
"2011","Carrick Knowe - 04","S01008980",334,223,70,153,1,15,6,9,94,88,6,1
"2011","Corstorphine South - 01","S01008981",316,292,178,114,0,9,1,8,12,11,1,3
"2011","Corstorphine South - 02","S01008982",352,245,96,149,0,9,5,4,96,94,2,2
"2011","Corstorphine South - 03","S01008983",314,220,49,171,4,14,4,10,75,74,1,1
"2011","Corstorphine South - 04","S01008984",227,150,56,94,0,5,4,1,72,70,2,0
"2011","Corstorphine South - 05","S01008985",326,269,125,144,1,4,1,3,49,44,5,3
"2011","Corstorphine South - 06","S01008986",343,318,180,138,1,1,1,0,23,21,2,0
"2011","South Gyle - 01","S01008987",330,318,186,132,0,1,0,1,11,11,0,0
"2011","South Gyle - 02","S01008988",481,326,186,140,0,39,29,10,111,105,6,5
"2011","South Gyle - 03","S01008989",323,238,56,182,2,5,2,3,78,73,5,0
"2011","South Gyle - 04","S01008990",383,285,90,195,3,2,1,1,91,87,4,2
"2011","South Gyle - 05","S01008991",381,326,99,227,0,5,2,3,49,47,2,1
"2011","South Gyle - 06","S01008992",270,195,96,99,9,31,21,10,32,30,2,3
"2011","Ratho, Ingliston and Gogar - 01","S01008993",476,354,182,172,1,7,5,2,99,79,20,15
"2011","Ratho, Ingliston and Gogar - 02","S01008994",337,206,89,117,0,100,90,10,25,22,3,6
"2011","Ratho, Ingliston and Gogar - 03","S01008995",352,297,134,163,5,16,6,10,31,30,1,3
"2011","Ratho, Ingliston and Gogar - 04","S01008996",251,169,87,82,0,57,49,8,19,13,6,6
"2011","Dalmeny, Kirkliston and Newbridge - 01","S01008997",411,290,95,195,0,52,34,18,59,55,4,10
"2011","Dalmeny, Kirkliston and Newbridge - 02","S01008998",236,101,34,67,1,111,102,9,21,18,3,2
"2011","Dalmeny, Kirkliston and Newbridge - 03","S01008999",411,280,142,138,3,82,49,33,37,33,4,9
"2011","Dalmeny, Kirkliston and Newbridge - 04","S01009000",393,342,172,170,1,8,5,3,35,30,5,7
"2011","Dalmeny, Kirkliston and Newbridge - 05","S01009001",323,277,117,160,1,29,25,4,16,15,1,0
"2011","Dalmeny, Kirkliston and Newbridge - 06","S01009002",348,173,81,92,0,35,33,2,122,78,44,18
"2011","Queensferry East - 01","S01009003",394,326,140,186,0,24,24,0,41,38,3,3
"2011","Queensferry East - 02","S01009004",270,232,90,142,0,15,9,6,22,20,2,1
"2011","Queensferry East - 03","S01009005",327,280,108,172,1,9,1,8,37,35,2,0
"2011","Queensferry East - 04","S01009006",318,240,113,127,1,44,26,18,28,25,3,5
"2011","Queensferry East - 05","S01009007",290,219,99,120,0,42,28,14,22,20,2,7
"2011","Queensferry East - 06","S01009008",445,331,188,143,0,51,37,14,59,56,3,4
"2011","Queensferry West - 01","S01009009",252,121,48,73,1,99,58,41,30,23,7,1
"2011","Queensferry West - 02","S01009010",404,321,115,206,0,35,5,30,48,44,4,0
"2011","Queensferry West - 03","S01009011",319,291,83,208,0,5,2,3,22,22,0,1
"2011","Queensferry West - 04","S01009012",296,274,110,164,0,3,1,2,18,18,0,1
"2011","Queensferry West - 05","S01009013",363,319,113,206,1,15,3,12,28,22,6,0
"2011","Lochwinnoch - 01","S01012019",371,291,109,182,6,25,22,3,43,38,5,6
"2011","Lochwinnoch - 02","S01012020",361,203,91,112,3,126,73,53,23,19,4,6
"2011","Lochwinnoch - 03","S01012021",225,187,87,100,0,33,31,2,3,1,2,2
"2011","Lochwinnoch - 04","S01012022",289,220,87,133,1,49,49,0,19,16,3,0
"2011","Renfrewshire Rural South and Howwood - 01","S01012023",228,196,99,97,1,5,4,1,23,21,2,3
"2011","Renfrewshire Rural South and Howwood - 02","S01012024",363,310,101,209,0,32,27,5,17,12,5,4
"2011","Renfrewshire Rural South and Howwood - 03","S01012025",288,225,68,157,0,52,46,6,8,8,0,3
"2011","Renfrewshire Rural South and Howwood - 04","S01012026",211,191,31,160,2,6,4,2,11,8,3,1
"2011","Renfrewshire Rural South and Howwood - 05","S01012027",311,268,96,172,0,19,17,2,19,13,6,5
"2011","Renfrewshire Rural North and Langbank - 01","S01012028",375,352,181,171,0,3,1,2,18,18,0,2
"2011","Renfrewshire Rural North and Langbank - 02","S01012029",418,300,116,184,1,22,9,13,90,81,9,5
"2011","Renfrewshire Rural North and Langbank - 03","S01012030",249,177,90,87,0,13,9,4,53,49,4,6
"2011","Renfrewshire Rural North and Langbank - 04","S01012031",231,215,125,90,0,6,2,4,9,8,1,1
"2011","Renfrewshire Rural North and Langbank - 05","S01012032",142,120,76,44,0,3,1,2,13,13,0,6
"2011","Kilbarchan - 01","S01012033",373,289,140,149,0,60,60,0,20,19,1,4
"2011","Kilbarchan - 02","S01012034",386,265,110,155,0,74,68,6,40,40,0,7
"2011","Kilbarchan - 03","S01012035",431,330,156,174,0,67,61,6,28,26,2,6
"2011","Kilbarchan - 04","S01012036",385,354,194,160,0,5,3,2,25,23,2,1
"2011","Johnstone South West - 01","S01012037",438,248,82,166,0,152,61,91,37,31,6,1
"2011","Johnstone South West - 02","S01012038",366,88,32,56,0,268,261,7,9,9,0,1
"2011","Johnstone South West - 03","S01012039",413,274,114,160,0,123,55,68,14,12,2,2
"2011","Johnstone South West - 04","S01012040",255,198,64,134,0,42,15,27,14,13,1,1
"2011","Johnstone South West - 05","S01012041",382,256,107,149,5,82,7,75,36,33,3,3
"2011","Johnstone South West - 06","S01012042",408,274,98,176,0,108,81,27,21,19,2,5
"2011","Johnstone North West - 01","S01012043",380,168,61,107,0,175,64,111,37,36,1,0
"2011","Johnstone North West - 02","S01012044",474,199,83,116,2,249,244,5,21,17,4,3
"2011","Johnstone North West - 03","S01012045",583,254,92,162,2,202,170,32,118,99,19,7
"2011","Johnstone North West - 04","S01012046",376,147,62,85,0,199,116,83,29,25,4,1
"2011","Johnstone North East - 01","S01012047",548,204,83,121,4,289,223,66,47,43,4,4
"2011","Johnstone North East - 02","S01012048",402,145,50,95,3,193,56,137,59,56,3,2
"2011","Johnstone North East - 03","S01012049",347,242,90,152,0,70,61,9,34,32,2,1
"2011","Johnstone North East - 04","S01012050",423,307,59,248,0,91,11,80,25,23,2,0
"2011","Johnstone North East - 05","S01012051",255,155,64,91,0,75,69,6,21,21,0,4
"2011","Johnstone South East - 01","S01012052",469,302,124,178,1,117,101,16,44,39,5,5
"2011","Johnstone South East - 02","S01012053",461,220,84,136,0,218,198,20,22,16,6,1
"2011","Johnstone South East - 03","S01012054",443,125,40,85,0,257,135,122,59,56,3,2
"2011","Johnstone South East - 04","S01012055",463,238,93,145,0,178,142,36,42,39,3,5
"2011","Johnstone South East - 05","S01012056",354,256,101,155,0,88,61,27,8,5,3,2
"2011","Elderslie and Phoenix - 01","S01012057",316,294,159,135,0,4,3,1,15,10,5,3
"2011","Elderslie and Phoenix - 02","S01012058",328,264,155,109,1,30,24,6,29,29,0,4
"2011","Elderslie and Phoenix - 03","S01012059",412,258,96,162,0,125,121,4,29,29,0,0
"2011","Elderslie and Phoenix - 04","S01012060",408,222,87,135,0,154,96,58,32,31,1,0
"2011","Elderslie and Phoenix - 05","S01012061",440,343,154,189,5,34,30,4,56,53,3,2
"2011","Elderslie and Phoenix - 06","S01012062",335,295,89,206,5,7,4,3,26,23,3,2
"2011","Paisley Ferguslie - 01","S01012063",235,194,37,157,0,9,4,5,32,25,7,0
"2011","Paisley Ferguslie - 02","S01012064",276,62,9,53,2,194,19,175,18,18,0,0
"2011","Paisley Ferguslie - 03","S01012065",261,21,5,16,1,237,46,191,2,2,0,0
"2011","Paisley Ferguslie - 04","S01012066",382,176,24,152,4,169,95,74,32,32,0,1
"2011","Paisley Ferguslie - 05","S01012067",250,33,9,24,4,205,28,177,4,3,1,4
"2011","Paisley Ferguslie - 06","S01012068",268,20,5,15,0,240,151,89,8,8,0,0
"2011","Paisley Ferguslie - 07","S01012069",292,73,18,55,1,197,142,55,21,19,2,0
"2011","Paisley North West - 01","S01012070",449,98,42,56,1,298,259,39,51,49,2,1
"2011","Paisley North West - 02","S01012071",692,159,52,107,1,272,126,146,256,253,3,4
"2011","Paisley North West - 03","S01012072",722,199,71,128,0,336,269,67,182,172,10,5
"2011","Paisley North West - 04","S01012073",320,218,48,170,1,47,44,3,53,51,2,1
"2011","Paisley West - 01","S01012074",343,261,75,186,0,4,3,1,75,71,4,3
"2011","Paisley West - 02","S01012075",269,258,49,209,0,7,7,0,4,3,1,0
"2011","Paisley West - 03","S01012076",382,252,80,172,0,82,82,0,41,37,4,7
"2011","Paisley West - 04","S01012077",363,164,39,125,0,148,137,11,48,46,2,3
"2011","Paisley West - 05","S01012078",367,265,50,215,0,73,66,7,28,27,1,1
"2011","Paisley West - 06","S01012079",448,227,92,135,1,190,157,33,30,24,6,0
"2011","Paisley West - 07","S01012080",352,93,15,78,1,244,52,192,12,11,1,2
"2011","Paisley Foxbar - 01","S01012081",387,137,40,97,0,226,194,32,21,18,3,3
"2011","Paisley Foxbar - 02","S01012082",323,139,41,98,3,159,155,4,21,17,4,1
"2011","Paisley Foxbar - 03","S01012083",383,154,57,97,0,218,117,101,10,8,2,1
"2011","Paisley Foxbar - 04","S01012084",238,213,82,131,0,16,12,4,8,8,0,1
"2011","Paisley Foxbar - 05","S01012085",301,226,103,123,0,55,42,13,19,18,1,1
"2011","Paisley Foxbar - 06","S01012086",448,238,92,146,1,180,78,102,25,24,1,4
"2011","Paisley Foxbar - 07","S01012087",364,251,102,149,0,88,61,27,24,18,6,1
"2011","Paisley South West - 01","S01012088",286,207,55,152,0,64,61,3,15,13,2,0
"2011","Paisley South West - 02","S01012089",357,329,127,202,0,3,3,0,25,23,2,0
"2011","Paisley South West - 03","S01012090",356,340,188,152,0,6,4,2,8,8,0,2
"2011","Paisley South West - 04","S01012091",244,221,100,121,0,7,5,2,14,12,2,2
"2011","Paisley South West - 05","S01012092",214,198,84,114,0,3,2,1,12,8,4,1
"2011","Paisley South West - 06","S01012093",295,248,121,127,0,6,6,0,38,34,4,3
"2011","Paisley South West - 07","S01012094",317,302,152,150,0,4,1,3,10,9,1,1
"2011","Paisley Glenburn West - 01","S01012095",410,284,80,204,1,109,103,6,16,11,5,0
"2011","Paisley Glenburn West - 02","S01012096",388,263,105,158,0,109,101,8,15,13,2,1
"2011","Paisley Glenburn West - 03","S01012097",279,188,62,126,0,80,79,1,10,9,1,1
"2011","Paisley Glenburn West - 04","S01012098",277,189,57,132,1,72,69,3,14,14,0,1
"2011","Paisley Glenburn West - 05","S01012099",348,171,50,121,1,150,117,33,25,22,3,1
"2011","Paisley Glenburn East - 01","S01012100",493,288,108,180,0,183,116,67,19,13,6,3
"2011","Paisley Glenburn East - 02","S01012101",311,280,144,136,1,19,14,5,7,6,1,4
"2011","Paisley Glenburn East - 03","S01012102",319,129,41,88,1,163,159,4,22,22,0,4
"2011","Paisley Glenburn East - 04","S01012103",425,330,89,241,0,54,48,6,39,35,4,2
"2011","Paisley South - 01","S01012104",345,269,68,201,0,29,23,6,44,9,35,3
"2011","Paisley South - 02","S01012105",492,404,164,240,1,44,23,21,40,35,5,3
"2011","Paisley South - 03","S01012106",497,381,111,270,10,13,9,4,88,79,9,5
"2011","Paisley South - 04","S01012107",279,238,123,115,0,23,9,14,17,16,1,1
"2011","Paisley South East - 01","S01012108",632,247,116,131,2,332,323,9,48,43,5,3
"2011","Paisley South East - 02","S01012109",560,184,76,108,5,205,78,127,162,153,9,4
"2011","Paisley South East - 03","S01012110",458,256,112,144,0,121,70,51,77,69,8,4
"2011","Paisley South East - 04","S01012111",309,125,48,77,0,154,140,14,30,27,3,0
"2011","Paisley South East - 05","S01012112",423,288,150,138,1,97,92,5,34,32,2,3
"2011","Paisley South East - 06","S01012113",511,362,148,214,0,115,114,1,30,29,1,4
"2011","Paisley South East - 07","S01012114",357,301,146,155,1,8,8,0,44,40,4,3
"2011","Paisley Dykebar - 01","S01012115",257,186,79,107,0,46,42,4,24,23,1,1
"2011","Paisley Dykebar - 02","S01012116",283,217,92,125,0,53,47,6,13,11,2,0
"2011","Paisley Dykebar - 03","S01012117",289,259,31,228,1,13,11,2,15,13,2,1
"2011","Paisley Dykebar - 04","S01012118",226,210,47,163,0,6,4,2,10,9,1,0
"2011","Paisley Dykebar - 05","S01012119",349,332,172,160,0,7,5,2,10,10,0,0
"2011","Paisley East - 01","S01012120",256,146,62,84,1,80,74,6,28,24,4,1
"2011","Paisley East - 02","S01012121",404,216,84,132,0,160,100,60,22,16,6,6
"2011","Paisley East - 03","S01012122",318,234,91,143,1,70,56,14,12,11,1,1
"2011","Paisley East - 04","S01012123",212,146,55,91,3,23,21,2,37,36,1,3
"2011","Paisley East - 05","S01012124",262,199,70,129,0,14,7,7,45,43,2,4
"2011","Paisley East - 06","S01012125",504,138,41,97,1,279,55,224,85,78,7,1
"2011","Paisley Central - 01","S01012126",389,272,57,215,2,15,13,2,99,91,8,1
"2011","Paisley Central - 02","S01012127",552,216,70,146,0,95,12,83,232,225,7,9
"2011","Paisley Central - 03","S01012128",278,104,17,87,0,53,19,34,121,117,4,0
"2011","Paisley Central - 04","S01012129",440,213,80,133,1,120,76,44,103,95,8,3
"2011","Paisley Central - 05","S01012130",687,282,119,163,0,289,280,9,113,108,5,3
"2011","Paisley Central - 06","S01012131",610,237,84,153,1,203,145,58,164,154,10,5
"2011","Paisley Central - 07","S01012132",426,149,68,81,1,97,25,72,166,161,5,13
"2011","Paisley Central - 08","S01012133",421,223,56,167,0,88,74,14,106,94,12,4
"2011","Paisley North East - 01","S01012134",606,433,200,233,0,63,17,46,101,87,14,9
"2011","Paisley North East - 02","S01012135",570,111,39,72,0,383,54,329,73,73,0,3
"2011","Paisley North East - 03","S01012136",516,118,21,97,1,214,75,139,181,178,3,2
"2011","Paisley North East - 04","S01012137",463,192,110,82,1,186,140,46,82,73,9,2
"2011","Paisley North East - 05","S01012138",460,350,152,198,0,51,49,2,53,43,10,6
"2011","Paisley North East - 06","S01012139",462,344,152,192,0,80,79,1,26,24,2,12
"2011","Paisley North East - 07","S01012140",205,194,107,87,0,5,4,1,5,5,0,1
"2011","Paisley Ralston - 01","S01012141",412,381,193,188,0,17,11,6,12,11,1,2
"2011","Paisley Ralston - 02","S01012142",395,379,214,165,0,5,1,4,8,8,0,3
"2011","Paisley Ralston - 03","S01012143",376,361,225,136,0,8,6,2,4,4,0,3
"2011","Paisley Ralston - 04","S01012144",449,390,213,177,2,18,6,12,37,28,9,2
"2011","Paisley Ralston - 05","S01012145",399,377,191,186,0,7,5,2,11,7,4,4
"2011","Paisley Gallowhill and Hillington - 01","S01012146",572,213,84,129,0,247,210,37,101,92,9,11
"2011","Paisley Gallowhill and Hillington - 02","S01012147",407,178,71,107,1,184,184,0,35,34,1,9
"2011","Paisley Gallowhill and Hillington - 03","S01012148",364,153,52,101,0,172,170,2,38,33,5,1
"2011","Paisley Gallowhill and Hillington - 04","S01012149",335,222,67,155,0,68,66,2,44,41,3,1
"2011","Paisley Gallowhill and Hillington - 05","S01012150",359,188,65,123,1,154,148,6,14,13,1,2
"2011","Paisley Gallowhill and Hillington - 06","S01012151",397,199,78,121,0,181,168,13,14,11,3,3
"2011","Paisley Gallowhill and Hillington - 07","S01012152",362,104,41,63,1,243,243,0,13,9,4,1
"2011","Paisley North - 01","S01012153",329,76,27,49,0,185,25,160,64,56,8,4
"2011","Paisley North - 02","S01012154",513,148,49,99,1,263,56,207,97,89,8,4
"2011","Paisley North - 03","S01012155",357,113,42,71,0,165,10,155,77,70,7,2
"2011","Paisley North - 04","S01012156",372,133,49,84,0,205,158,47,33,27,6,1
"2011","Paisley North - 05","S01012157",487,267,79,188,0,137,56,81,81,74,7,2
"2011","Paisley North - 06","S01012158",487,363,87,276,3,44,33,11,66,63,3,11
"2011","Renfrew West - 01","S01012159",229,219,125,94,0,4,2,2,6,6,0,0
"2011","Renfrew West - 02","S01012160",293,277,146,131,0,2,2,0,13,8,5,1
"2011","Renfrew West - 03","S01012161",208,78,21,57,0,99,84,15,30,29,1,1
"2011","Renfrew West - 04","S01012162",386,166,32,134,11,152,72,80,53,48,5,4
"2011","Renfrew West - 05","S01012163",384,169,43,126,0,133,11,122,81,75,6,1
"2011","Renfrew West - 06","S01012164",413,370,45,325,0,8,6,2,34,28,6,1
"2011","Renfrew West - 07","S01012165",452,187,70,117,1,223,212,11,40,36,4,1
"2011","Renfrew West - 08","S01012166",292,147,49,98,0,100,90,10,45,39,6,0
"2011","Renfrew West - 09","S01012167",425,259,85,174,1,115,111,4,49,38,11,1
"2011","Renfrew South - 01","S01012168",379,340,186,154,1,25,24,1,8,7,1,5
"2011","Renfrew South - 02","S01012169",429,309,140,169,0,88,74,14,29,26,3,3
"2011","Renfrew South - 03","S01012170",543,362,171,191,0,144,143,1,30,29,1,7
"2011","Renfrew South - 04","S01012171",470,346,131,215,0,87,87,0,32,30,2,5
"2011","Renfrew South - 05","S01012172",360,236,107,129,1,79,73,6,40,34,6,4
"2011","Renfrew South - 06","S01012173",289,279,169,110,0,3,2,1,3,2,1,4
"2011","Renfrew East - 01","S01012174",301,279,64,215,0,7,7,0,14,12,2,1
"2011","Renfrew East - 02","S01012175",385,347,130,217,1,5,5,0,30,28,2,2
"2011","Renfrew East - 03","S01012176",367,337,134,203,0,3,2,1,26,22,4,1
"2011","Renfrew East - 04","S01012177",242,223,115,108,0,3,3,0,16,12,4,0
"2011","Renfrew East - 05","S01012178",212,200,107,93,0,3,3,0,5,3,2,4
"2011","Renfrew East - 06","S01012179",301,199,101,98,0,68,66,2,30,27,3,4
"2011","Renfrew East - 07","S01012180",273,207,120,87,0,49,48,1,16,14,2,1
"2011","Renfrew East - 08","S01012181",384,266,123,143,0,77,74,3,39,38,1,2
"2011","Renfrew North - 01","S01012182",431,346,70,276,1,21,17,4,61,55,6,2
"2011","Renfrew North - 02","S01012183",408,240,74,166,3,107,103,4,54,52,2,4
"2011","Renfrew North - 03","S01012184",280,167,26,141,0,7,4,3,104,99,5,2
"2011","Renfrew North - 04","S01012185",506,196,54,142,1,146,117,29,159,140,19,4
"2011","Renfrew North - 05","S01012186",344,229,111,118,1,90,81,9,22,21,1,2
"2011","Renfrew North - 06","S01012187",382,192,81,111,0,135,115,20,55,47,8,0
"2011","Erskine East and Inchinnan - 01","S01012188",252,208,118,90,0,30,28,2,10,8,2,4
"2011","Erskine East and Inchinnan - 02","S01012189",245,203,70,133,0,28,26,2,12,10,2,2
"2011","Erskine East and Inchinnan - 03","S01012190",210,192,40,152,1,3,0,3,14,14,0,0
"2011","Erskine East and Inchinnan - 04","S01012191",322,293,112,181,9,7,2,5,13,11,2,0
"2011","Erskine East and Inchinnan - 05","S01012192",187,176,80,96,0,6,4,2,3,3,0,2
"2011","Erskine East and Inchinnan - 06","S01012193",175,171,31,140,0,3,2,1,1,1,0,0
"2011","Erskine East and Inchinnan - 07","S01012194",179,175,34,141,0,3,2,1,1,1,0,0
"2011","Erskine East and Inchinnan - 08","S01012195",423,375,112,263,5,33,7,26,9,8,1,1
"2011","Erskine East and Inchinnan - 09","S01012196",211,185,40,145,2,10,0,10,13,11,2,1
"2011","Erskine Central - 01","S01012197",311,215,65,150,1,85,5,80,7,7,0,3
"2011","Erskine Central - 02","S01012198",403,262,80,182,1,123,14,109,16,13,3,1
"2011","Erskine Central - 03","S01012199",309,227,85,142,1,54,2,52,24,20,4,3
"2011","Erskine Central - 04","S01012200",278,206,72,134,0,55,4,51,15,11,4,2
"2011","Erskine Central - 05","S01012201",318,234,79,155,0,67,8,59,15,14,1,2
"2011","Erskine Central - 06","S01012202",239,198,68,130,0,25,4,21,16,15,1,0
"2011","Erskine Central - 07","S01012203",316,306,124,182,1,4,2,2,5,5,0,0
"2011","Erskine West - 01","S01012204",270,262,100,162,0,1,0,1,6,6,0,1
"2011","Erskine West - 02","S01012205",273,254,92,162,0,4,1,3,13,12,1,2
"2011","Erskine West - 03","S01012206",317,280,96,184,0,25,3,22,12,10,2,0
"2011","Erskine West - 04","S01012207",401,293,116,177,0,77,6,71,31,24,7,0
"2011","Erskine West - 05","S01012208",457,330,134,196,0,95,8,87,31,28,3,1
"2011","Erskine West - 06","S01012209",318,216,78,138,1,73,4,69,27,23,4,1
"2011","Erskine West - 07","S01012210",385,231,97,134,1,129,10,119,21,19,2,3
"2011","Bishopton - 01","S01012211",408,305,124,181,0,75,71,4,23,21,2,5
"2011","Bishopton - 02","S01012212",304,291,163,128,0,8,8,0,5,5,0,0
"2011","Bishopton - 03","S01012213",336,326,177,149,0,2,1,1,8,8,0,0
"2011","Bishopton - 04","S01012214",282,271,159,112,0,1,1,0,8,8,0,2
"2011","Bishopton - 05","S01012215",329,314,143,171,0,6,6,0,6,6,0,3
"2011","Bishopton - 06","S01012216",282,258,127,131,0,11,8,3,9,8,1,4
"2011","Linwood South - 01","S01012217",267,109,36,73,0,131,19,112,26,24,2,1
"2011","Linwood South - 02","S01012218",228,72,24,48,2,137,88,49,17,17,0,0
"2011","Linwood South - 03","S01012219",415,224,97,127,1,160,90,70,23,20,3,7
"2011","Linwood South - 04","S01012220",367,109,42,67,2,208,53,155,45,43,2,3
"2011","Linwood South - 05","S01012221",332,185,75,110,12,104,48,56,28,25,3,3
"2011","Linwood South - 06","S01012222",402,250,95,155,0,112,64,48,34,31,3,6
"2011","Linwood North - 01","S01012223",360,173,63,110,0,169,67,102,17,14,3,1
"2011","Linwood North - 02","S01012224",333,220,73,147,10,82,22,60,20,17,3,1
"2011","Linwood North - 03","S01012225",459,259,95,164,0,157,21,136,39,37,2,4
"2011","Linwood North - 04","S01012226",287,246,90,156,0,29,6,23,10,8,2,2
"2011","Linwood North - 05","S01012227",260,214,73,141,0,29,3,26,17,15,2,0
"2011","Linwood North - 06","S01012228",252,207,66,141,1,28,9,19,13,11,2,3
"2011","Houston South - 01","S01012229",323,277,92,185,1,4,3,1,40,37,3,1
"2011","Houston South - 02","S01012230",392,366,129,237,0,1,1,0,23,20,3,2
"2011","Houston South - 03","S01012231",289,277,123,154,0,3,1,2,9,7,2,0
"2011","Houston South - 04","S01012232",318,308,118,190,0,1,1,0,8,8,0,1
"2011","Houston North - 01","S01012233",341,325,144,181,0,2,1,1,13,13,0,1
"2011","Houston North - 02","S01012234",393,351,122,229,0,22,22,0,18,13,5,2
"2011","Houston North - 03","S01012235",192,181,114,67,0,2,2,0,7,6,1,2
"2011","Houston North - 04","S01012236",278,204,85,119,0,25,23,2,48,45,3,1
"2011","Bridge of Weir - 01","S01012237",319,301,158,143,0,5,2,3,13,13,0,0
"2011","Bridge of Weir - 02","S01012238",309,191,78,113,0,68,66,2,45,41,4,5
"2011","Bridge of Weir - 03","S01012239",274,154,67,87,0,85,85,0,33,25,8,2
"2011","Bridge of Weir - 04","S01012240",391,281,138,143,0,68,68,0,38,32,6,4
"2011","Bridge of Weir - 05","S01012241",232,208,107,101,0,8,6,2,15,15,0,1
"2011","Bridge of Weir - 06","S01012242",307,292,150,142,1,5,4,1,5,4,1,4
"2011","Bridge of Weir - 07","S01012243",244,211,95,116,0,9,3,6,23,19,4,1
"2011","IZ01 - 01","S01013122",333,70,22,48,4,239,201,38,16,15,1,4
"2011","IZ01 - 02","S01013123",414,171,66,105,22,186,63,123,33,31,2,2
"2011","IZ01 - 03","S01013124",334,204,69,135,9,108,85,23,12,8,4,1
"2011","IZ01 - 04","S01013125",374,254,111,143,2,92,73,19,22,22,0,4
"2011","IZ01 - 05","S01013126",342,100,33,67,0,233,225,8,9,9,0,0
"2011","IZ01 - 06","S01013127",378,117,52,65,0,248,234,14,11,10,1,2
"2011","IZ02 - 01","S01013128",455,148,30,118,15,205,63,142,85,78,7,2
"2011","IZ02 - 02","S01013129",533,273,82,191,6,208,121,87,45,41,4,1
"2011","IZ02 - 03","S01013130",340,100,19,81,7,199,177,22,32,32,0,2
"2011","IZ02 - 04","S01013131",316,103,29,74,1,197,45,152,15,14,1,0
"2011","IZ02 - 05","S01013132",318,55,13,42,8,238,21,217,15,13,2,2
"2011","IZ02 - 06","S01013133",441,105,22,83,2,309,166,143,21,20,1,4
"2011","IZ03 - 01","S01013134",376,231,112,119,6,116,102,14,20,20,0,3
"2011","IZ03 - 02","S01013135",391,102,28,74,0,267,248,19,21,16,5,1
"2011","IZ03 - 03","S01013136",395,258,128,130,0,124,33,91,12,8,4,1
"2011","IZ03 - 04","S01013137",307,188,111,77,0,116,13,103,3,1,2,0
"2011","IZ03 - 05","S01013138",342,91,27,64,0,231,218,13,18,18,0,2
"2011","IZ03 - 06","S01013139",409,133,56,77,0,258,229,29,15,15,0,3
"2011","IZ03 - 07","S01013140",366,153,72,81,1,195,186,9,15,10,5,2
"2011","IZ04 - 01","S01013141",330,132,50,82,0,164,104,60,34,30,4,0
"2011","IZ04 - 02","S01013142",517,44,17,27,7,457,64,393,9,9,0,0
"2011","IZ04 - 03","S01013143",419,235,104,131,12,150,114,36,22,14,8,0
"2011","IZ04 - 04","S01013144",427,265,126,139,1,139,132,7,19,12,7,3
"2011","IZ04 - 05","S01013145",336,226,87,139,0,96,91,5,12,10,2,2
"2011","IZ04 - 06","S01013146",197,131,48,83,0,61,60,1,4,2,2,1
"2011","IZ05 - 01","S01013147",307,210,83,127,0,87,84,3,7,6,1,3
"2011","IZ05 - 02","S01013148",381,277,124,153,0,67,61,6,33,27,6,4
"2011","IZ05 - 03","S01013149",418,280,98,182,9,88,79,9,41,35,6,0
"2011","IZ05 - 04","S01013150",403,274,146,128,0,103,97,6,24,20,4,2
"2011","IZ05 - 05","S01013151",261,212,85,127,0,23,21,2,24,18,6,2
"2011","IZ06 - 01","S01013152",386,263,94,169,2,101,63,38,19,15,4,1
"2011","IZ06 - 02","S01013153",398,127,51,76,0,258,39,219,10,6,4,3
"2011","IZ06 - 03","S01013154",452,204,92,112,0,225,28,197,22,22,0,1
"2011","IZ06 - 04","S01013155",399,95,25,70,1,269,33,236,32,28,4,2
"2011","IZ06 - 05","S01013156",354,81,25,56,0,267,14,253,4,4,0,2
"2011","IZ06 - 06","S01013157",430,124,40,84,4,287,26,261,6,5,1,9
"2011","IZ07 - 01","S01013158",205,182,87,95,0,8,4,4,7,6,1,8
"2011","IZ07 - 02","S01013159",297,257,120,137,0,26,7,19,11,9,2,3
"2011","IZ07 - 03","S01013160",264,252,106,146,0,2,2,0,9,8,1,1
"2011","IZ07 - 04","S01013161",488,304,102,202,2,155,148,7,25,18,7,2
"2011","IZ07 - 05","S01013162",426,226,118,108,1,169,165,4,28,25,3,2
"2011","IZ07 - 06","S01013163",253,211,93,118,0,34,30,4,7,6,1,1
"2011","IZ08 - 01","S01013164",485,265,109,156,0,198,191,7,15,12,3,7
"2011","IZ08 - 02","S01013165",412,269,125,144,1,123,122,1,15,10,5,4
"2011","IZ08 - 03","S01013166",387,49,16,33,1,317,145,172,19,17,2,1
"2011","IZ08 - 04","S01013167",383,62,20,42,1,309,147,162,9,7,2,2
"2011","IZ08 - 05","S01013168",408,201,72,129,2,180,171,9,23,21,2,2
"2011","IZ08 - 06","S01013169",436,212,93,119,0,207,195,12,16,10,6,1
"2011","IZ08 - 07","S01013170",265,91,26,65,13,145,119,26,15,13,2,1
"2011","IZ09 - 01","S01013171",249,190,58,132,0,49,47,2,10,8,2,0
"2011","IZ09 - 02","S01013172",319,196,70,126,1,105,74,31,15,10,5,2
"2011","IZ09 - 03","S01013173",358,261,70,191,0,60,58,2,37,29,8,0
"2011","IZ09 - 04","S01013174",284,266,68,198,0,11,7,4,4,3,1,3
"2011","IZ09 - 05","S01013175",343,281,75,206,0,44,37,7,17,14,3,1
"2011","IZ09 - 06","S01013176",411,277,104,173,10,81,57,24,40,35,5,3
"2011","IZ09 - 07","S01013177",290,251,99,152,0,16,6,10,22,18,4,1
"2011","IZ10 - 01","S01013178",346,252,106,146,0,49,47,2,41,36,5,4
"2011","IZ10 - 02","S01013179",363,241,115,126,1,89,86,3,23,23,0,9
"2011","IZ10 - 03","S01013180",170,151,44,107,0,2,2,0,17,14,3,0
"2011","IZ10 - 04","S01013181",310,251,111,140,2,44,41,3,11,9,2,2
"2011","IZ10 - 05","S01013182",372,224,104,120,0,118,108,10,23,22,1,7
"2011","IZ10 - 06","S01013183",334,272,133,139,0,56,49,7,4,4,0,2
"2011","IZ11 - 01","S01013184",279,77,25,52,0,181,102,79,20,20,0,1
"2011","IZ11 - 02","S01013185",362,183,64,119,1,166,16,150,9,7,2,3
"2011","IZ11 - 03","S01013186",292,122,41,81,0,159,13,146,11,11,0,0
"2011","IZ11 - 04","S01013187",386,171,63,108,3,198,27,171,9,7,2,5
"2011","IZ11 - 05","S01013188",348,269,106,163,0,61,44,17,15,13,2,3
"2011","IZ11 - 06","S01013189",238,204,96,108,0,24,20,4,7,6,1,3
"2011","IZ11 - 07","S01013190",367,211,64,147,0,135,135,0,19,15,4,2
"2011","IZ12 - 01","S01013191",386,368,138,230,1,7,5,2,8,6,2,2
"2011","IZ12 - 02","S01013192",417,316,146,170,2,58,49,9,40,32,8,1
"2011","IZ12 - 03","S01013193",356,247,89,158,16,29,22,7,63,60,3,1
"2011","IZ12 - 04","S01013194",319,205,64,141,1,26,21,5,82,78,4,5
"2011","IZ12 - 05","S01013195",597,302,86,216,1,137,86,51,155,145,10,2
"2011","IZ12 - 06","S01013196",371,268,90,178,6,17,15,2,76,64,12,4
"2011","IZ12 - 07","S01013197",262,187,95,92,10,48,35,13,16,12,4,1
"2011","IZ12 - 08","S01013198",379,209,97,112,1,132,128,4,32,28,4,5
"2011","IZ13 - 01","S01013199",488,255,118,137,0,188,178,10,40,36,4,5
"2011","IZ13 - 02","S01013200",313,168,82,86,0,127,98,29,15,12,3,3
"2011","IZ13 - 03","S01013201",380,110,38,72,0,267,263,4,3,3,0,0
"2011","IZ13 - 04","S01013202",235,103,50,53,0,121,105,16,9,9,0,2
"2011","IZ13 - 05","S01013203",355,171,65,106,0,166,155,11,18,17,1,0
"2011","IZ13 - 06","S01013204",332,264,68,196,0,41,30,11,27,24,3,0
"2011","IZ13 - 07","S01013205",240,92,28,64,0,140,130,10,8,6,2,0
"2011","IZ13 - 08","S01013206",298,144,55,89,0,134,114,20,18,17,1,2
"2011","IZ14 - 01","S01013207",390,196,87,109,0,158,131,27,33,31,2,3
"2011","IZ14 - 02","S01013208",436,150,52,98,11,241,33,208,34,30,4,0
"2011","IZ14 - 03","S01013209",435,249,99,150,6,111,93,18,64,55,9,5
"2011","IZ14 - 04","S01013210",253,227,113,114,0,7,5,2,18,14,4,1
"2011","IZ14 - 05","S01013211",411,290,101,189,1,90,67,23,26,22,4,4
"2011","IZ14 - 06","S01013212",192,180,43,137,0,4,4,0,6,5,1,2
"2011","IZ14 - 07","S01013213",197,188,62,126,0,4,2,2,5,5,0,0
"2011","IZ15 - 01","S01013214",159,151,31,120,2,2,1,1,4,3,1,0
"2011","IZ15 - 02","S01013215",385,265,57,208,0,63,51,12,56,55,1,1
"2011","IZ15 - 03","S01013216",237,118,29,89,2,99,96,3,18,16,2,0
"2011","IZ15 - 04","S01013217",279,166,59,107,10,86,52,34,16,10,6,1
"2011","IZ15 - 05","S01013218",251,93,20,73,1,133,128,5,24,23,1,0
"2011","IZ15 - 06","S01013219",220,90,35,55,1,117,116,1,12,10,2,0
"2011","IZ15 - 07","S01013220",313,152,66,86,1,141,101,40,18,17,1,1
"2011","IZ15 - 08","S01013221",382,182,74,108,0,175,107,68,24,23,1,1
"2011","IZ15 - 09","S01013222",316,92,28,64,0,205,68,137,19,15,4,0
"2011","IZ16 - 01","S01013223",637,265,80,185,3,292,187,105,71,66,5,6
"2011","IZ16 - 02","S01013224",370,227,74,153,0,128,115,13,13,12,1,2
"2011","IZ16 - 03","S01013225",315,144,46,98,1,159,157,2,10,10,0,1
"2011","IZ16 - 04","S01013226",207,165,47,118,0,25,23,2,15,12,3,2
"2011","IZ16 - 05","S01013227",366,126,48,78,7,222,199,23,10,10,0,1
"2011","IZ17 - 01","S01013228",416,216,73,143,13,83,70,13,101,91,10,3
"2011","IZ17 - 02","S01013229",370,191,65,126,6,147,133,14,25,20,5,1
"2011","IZ17 - 03","S01013230",327,198,86,112,0,102,99,3,22,18,4,5
"2011","IZ17 - 04","S01013231",374,188,71,117,1,152,148,4,31,23,8,2
"2011","IZ17 - 05","S01013232",331,192,96,96,0,109,90,19,24,23,1,6
"2011","IZ17 - 06","S01013233",262,195,102,93,0,43,40,3,18,16,2,6
"2011","IZ17 - 07","S01013234",137,125,41,84,0,7,3,4,3,3,0,2
"2011","IZ17 - 08","S01013235",386,273,121,152,0,64,56,8,43,37,6,6
"2011","IZ17 - 09","S01013236",381,324,189,135,1,44,15,29,9,9,0,3
"2011","IZ18 - 01","S01013237",360,264,70,194,1,62,57,5,24,23,1,9
"2011","IZ18 - 02","S01013238",389,130,54,76,0,239,133,106,18,16,2,2
"2011","IZ18 - 03","S01013239",425,173,64,109,2,228,152,76,22,19,3,0
"2011","IZ18 - 04","S01013240",256,75,30,45,0,169,114,55,10,9,1,2
"2011","IZ18 - 05","S01013241",336,317,175,142,0,9,6,3,8,5,3,2
"2011","IZ18 - 06","S01013242",229,188,104,84,0,18,11,7,18,16,2,5
"2011","Fauldhouse - 01","S01013243",325,172,88,84,0,122,79,43,31,29,2,0
"2011","Fauldhouse - 02","S01013244",351,161,64,97,2,155,102,53,32,31,1,1
"2011","Fauldhouse - 03","S01013245",407,288,110,178,0,89,88,1,25,22,3,5
"2011","Fauldhouse - 04","S01013246",184,126,31,95,1,43,10,33,12,10,2,2
"2011","Fauldhouse - 05","S01013247",338,154,58,96,2,142,136,6,38,34,4,2
"2011","Fauldhouse - 06","S01013248",300,117,51,66,0,151,139,12,25,23,2,7
"2011","Fauldhouse - 07","S01013249",201,138,49,89,0,49,45,4,13,10,3,1
"2011","Breich Valley - 01","S01013250",339,221,95,126,0,77,69,8,32,25,7,9
"2011","Breich Valley - 02","S01013251",319,87,30,57,0,196,172,24,32,30,2,4
"2011","Breich Valley - 03","S01013252",288,159,57,102,0,110,84,26,19,17,2,0
"2011","Breich Valley - 04","S01013253",316,195,74,121,0,77,58,19,39,36,3,5
"2011","Breich Valley - 05","S01013254",297,110,32,78,0,171,157,14,14,12,2,2
"2011","Breich Valley - 06","S01013255",345,213,106,107,1,115,89,26,16,12,4,0
"2011","West Calder and Polbeth - 01","S01013256",322,189,60,129,0,75,63,12,54,50,4,4
"2011","West Calder and Polbeth - 02","S01013257",419,210,107,103,2,164,29,135,36,33,3,7
"2011","West Calder and Polbeth - 03","S01013258",312,255,118,137,0,32,14,18,18,16,2,7
"2011","West Calder and Polbeth - 04","S01013259",361,217,92,125,0,95,70,25,47,43,4,2
"2011","West Calder and Polbeth - 05","S01013260",382,162,57,105,5,182,131,51,29,23,6,4
"2011","West Calder and Polbeth - 06","S01013261",345,178,66,112,0,143,115,28,21,17,4,3
"2011","West Calder and Polbeth - 07","S01013262",276,165,79,86,0,91,70,21,15,13,2,5
"2011","Bellsquarry, Adambrae and Kirkton - 01","S01013263",195,169,72,97,0,3,3,0,19,18,1,4
"2011","Bellsquarry, Adambrae and Kirkton - 02","S01013264",163,155,34,121,0,0,0,0,8,8,0,0
"2011","Bellsquarry, Adambrae and Kirkton - 03","S01013265",201,196,35,161,0,3,3,0,2,2,0,0
"2011","Bellsquarry, Adambrae and Kirkton - 04","S01013266",189,175,40,135,0,1,1,0,10,9,1,3
"2011","Bellsquarry, Adambrae and Kirkton - 05","S01013267",237,120,41,79,0,106,25,81,10,10,0,1
"2011","Bellsquarry, Adambrae and Kirkton - 06","S01013268",328,251,71,180,2,52,46,6,22,19,3,1
"2011","Bellsquarry, Adambrae and Kirkton - 07","S01013269",379,302,89,213,1,14,8,6,57,55,2,5
"2011","Bankton and Murieston - 01","S01013270",285,274,62,212,0,2,2,0,7,6,1,2
"2011","Bankton and Murieston - 02","S01013271",242,233,127,106,0,0,0,0,9,7,2,0
"2011","Bankton and Murieston - 03","S01013272",253,235,63,172,1,5,4,1,10,9,1,2
"2011","Bankton and Murieston - 04","S01013273",291,277,36,241,0,3,2,1,10,9,1,1
"2011","Bankton and Murieston - 05","S01013274",348,301,110,191,1,2,1,1,40,37,3,4
"2011","Bankton and Murieston - 06","S01013275",253,227,93,134,0,1,1,0,21,19,2,4
"2011","Bankton and Murieston - 07","S01013276",233,205,59,146,0,4,2,2,21,19,2,3
"2011","Dedridge East - 01","S01013277",363,225,67,158,1,93,83,10,44,41,3,0
"2011","Dedridge East - 02","S01013278",322,156,49,107,1,127,117,10,38,35,3,0
"2011","Dedridge East - 03","S01013279",299,122,42,80,1,144,115,29,29,25,4,3
"2011","Dedridge East - 04","S01013280",227,179,62,117,0,23,16,7,22,18,4,3
"2011","Dedridge East - 05","S01013281",384,209,57,152,0,120,92,28,51,47,4,4
"2011","Dedridge East - 06","S01013282",346,132,28,104,1,169,126,43,43,39,4,1
"2011","Dedridge East - 07","S01013283",310,113,27,86,0,78,58,20,119,113,6,0
"2011","Mid Calder and Kirknewton - 01","S01013284",301,249,67,182,2,7,5,2,41,37,4,2
"2011","Mid Calder and Kirknewton - 02","S01013285",269,223,66,157,1,6,6,0,37,34,3,2
"2011","Mid Calder and Kirknewton - 03","S01013286",284,249,83,166,2,7,3,4,23,21,2,3
"2011","Mid Calder and Kirknewton - 04","S01013287",282,263,77,186,0,5,5,0,10,10,0,4
"2011","Mid Calder and Kirknewton - 05","S01013288",315,215,100,115,0,66,60,6,29,25,4,5
"2011","Mid Calder and Kirknewton - 06","S01013289",303,259,127,132,0,8,5,3,26,25,1,10
"2011","Mid Calder and Kirknewton - 07","S01013290",361,272,76,196,1,47,39,8,38,32,6,3
"2011","Mid Calder and Kirknewton - 08","S01013291",257,231,42,189,1,13,9,4,12,9,3,0
"2011","East Calder - 01","S01013292",284,252,102,150,0,9,3,6,21,17,4,2
"2011","East Calder - 02","S01013293",273,264,92,172,1,1,1,0,6,6,0,1
"2011","East Calder - 03","S01013294",306,243,78,165,0,42,42,0,20,18,2,1
"2011","East Calder - 04","S01013295",324,274,91,183,3,9,7,2,34,32,2,4
"2011","East Calder - 05","S01013296",310,167,77,90,0,128,125,3,13,11,2,2
"2011","East Calder - 06","S01013297",308,213,93,120,0,64,29,35,28,24,4,3
"2011","East Calder - 07","S01013298",310,203,96,107,0,49,43,6,48,41,7,10
"2011","Pumpherston and Uphall Station - 01","S01013299",424,286,92,194,0,104,93,11,28,25,3,6
"2011","Pumpherston and Uphall Station - 02","S01013300",264,156,71,85,1,76,71,5,21,20,1,10
"2011","Pumpherston and Uphall Station - 03","S01013301",217,126,47,79,0,63,61,2,24,21,3,4
"2011","Pumpherston and Uphall Station - 04","S01013302",270,218,96,122,0,26,23,3,24,20,4,2
"2011","Craigshill - 01","S01013303",384,294,125,169,0,64,6,58,22,17,5,4
"2011","Craigshill - 02","S01013304",422,166,50,116,1,207,13,194,46,41,5,2
"2011","Craigshill - 03","S01013305",444,226,68,158,2,141,15,126,74,69,5,1
"2011","Craigshill - 04","S01013306",501,85,23,62,1,366,31,335,46,46,0,3
"2011","Craigshill - 05","S01013307",436,144,39,105,1,230,21,209,54,50,4,7
"2011","Craigshill - 06","S01013308",374,84,32,52,2,264,21,243,22,19,3,2
"2011","Howden - 01","S01013309",236,164,46,118,0,14,2,12,55,48,7,3
"2011","Howden - 02","S01013310",241,155,48,107,1,62,7,55,21,20,1,2
"2011","Howden - 03","S01013311",313,174,62,112,0,90,14,76,47,40,7,2
"2011","Howden - 04","S01013312",486,256,87,169,0,177,27,150,52,46,6,1
"2011","Howden - 05","S01013313",276,155,69,86,0,81,13,68,39,34,5,1
"2011","Howden - 06","S01013314",304,157,75,82,1,112,24,88,32,26,6,2
"2011","Livingston Village and Eliburn South - 01","S01013315",174,159,27,132,1,2,1,1,9,8,1,3
"2011","Livingston Village and Eliburn South - 02","S01013316",273,220,118,102,2,36,14,22,12,12,0,3
"2011","Livingston Village and Eliburn South - 03","S01013317",257,221,91,130,0,2,1,1,32,26,6,2
"2011","Livingston Village and Eliburn South - 04","S01013318",245,209,51,158,0,6,3,3,30,28,2,0
"2011","Livingston Village and Eliburn South - 05","S01013319",209,145,27,118,0,50,3,47,14,10,4,0
"2011","Livingston Village and Eliburn South - 06","S01013320",357,287,43,244,0,16,7,9,54,49,5,0
"2011","Livingston Village and Eliburn South - 07","S01013321",223,106,26,80,1,93,81,12,21,19,2,2
"2011","Livingston Village and Eliburn South - 08","S01013322",267,180,46,134,0,65,54,11,22,20,2,0
"2011","Ladywell - 01","S01013323",416,196,54,142,3,180,146,34,35,31,4,2
"2011","Ladywell - 02","S01013324",275,104,30,74,0,154,103,51,16,15,1,1
"2011","Ladywell - 03","S01013325",353,56,10,46,1,285,25,260,11,11,0,0
"2011","Ladywell - 04","S01013326",218,97,26,71,1,92,65,27,25,21,4,3
"2011","Ladywell - 05","S01013327",269,113,36,77,1,129,101,28,26,23,3,0
"2011","Ladywell - 06","S01013328",236,95,24,71,0,113,94,19,28,25,3,0
"2011","Ladywell - 07","S01013329",228,136,60,76,0,68,60,8,24,20,4,0
"2011","Knightsridge - 01","S01013330",430,288,56,232,0,30,3,27,108,104,4,4
"2011","Knightsridge - 02","S01013331",248,168,27,141,1,7,3,4,68,61,7,4
"2011","Knightsridge - 03","S01013332",285,174,59,115,0,77,68,9,30,27,3,4
"2011","Knightsridge - 04","S01013333",327,256,64,192,0,36,32,4,35,33,2,0
"2011","Knightsridge - 05","S01013334",294,155,38,117,0,110,73,37,26,22,4,3
"2011","Knightsridge - 06","S01013335",294,105,29,76,1,173,130,43,15,14,1,0
"2011","Knightsridge - 07","S01013336",339,105,34,71,0,196,154,42,37,32,5,1
"2011","Knightsridge and Deans North - 01","S01013337",365,302,124,178,0,34,32,2,24,19,5,5
"2011","Knightsridge and Deans North - 02","S01013338",165,146,19,127,0,0,0,0,17,16,1,2
"2011","Knightsridge and Deans North - 03","S01013339",233,196,74,122,0,4,2,2,33,30,3,0
"2011","Knightsridge and Deans North - 04","S01013340",335,309,130,179,1,4,4,0,20,18,2,1
"2011","Knightsridge and Deans North - 05","S01013341",388,294,110,184,1,13,9,4,78,74,4,2
"2011","Deans - 01","S01013342",286,130,39,91,3,125,103,22,27,23,4,1
"2011","Deans - 02","S01013343",276,165,40,125,0,89,81,8,22,20,2,0
"2011","Deans - 03","S01013344",356,127,52,75,1,203,119,84,20,19,1,5
"2011","Deans - 04","S01013345",298,161,36,125,3,97,82,15,34,34,0,3
"2011","Carmondean and Eliburn North - 01","S01013346",282,222,42,180,3,28,9,19,28,26,2,1
"2011","Carmondean and Eliburn North - 02","S01013347",332,264,77,187,0,17,10,7,51,48,3,0
"2011","Carmondean and Eliburn North - 03","S01013348",169,150,33,117,0,3,2,1,16,13,3,0
"2011","Carmondean and Eliburn North - 04","S01013349",359,142,13,129,2,35,6,29,179,174,5,1
"2011","Carmondean and Eliburn North - 05","S01013350",285,124,31,93,0,122,67,55,36,35,1,3
"2011","Carmondean and Eliburn North - 06","S01013351",320,240,87,153,1,45,40,5,32,26,6,2
"2011","Carmondean and Eliburn North - 07","S01013352",355,247,77,170,2,66,59,7,37,33,4,3
"2011","Carmondean and Eliburn North - 08","S01013353",283,144,36,108,1,120,85,35,16,14,2,2
"2011","Seafield - 01","S01013354",318,234,88,146,4,53,49,4,23,20,3,4
"2011","Seafield - 02","S01013355",274,175,61,114,1,72,69,3,21,19,2,5
"2011","Seafield - 03","S01013356",323,134,41,93,0,165,124,41,23,18,5,1
"2011","Blackburn - 01","S01013357",346,258,106,152,0,71,13,58,15,15,0,2
"2011","Blackburn - 02","S01013358",382,227,84,143,0,121,44,77,29,25,4,5
"2011","Blackburn - 03","S01013359",298,130,55,75,0,147,124,23,18,18,0,3
"2011","Blackburn - 04","S01013360",299,163,66,97,0,113,92,21,20,16,4,3
"2011","Blackburn - 05","S01013361",280,100,34,66,2,157,91,66,20,19,1,1
"2011","Blackburn - 06","S01013362",220,133,65,68,0,71,65,6,14,13,1,2
"2011","Blackburn - 07","S01013363",390,132,66,66,1,226,199,27,29,28,1,2
"2011","Blaeberry Hill and East Whitburn - 01","S01013364",366,253,83,170,0,98,93,5,14,14,0,1
"2011","Blaeberry Hill and East Whitburn - 02","S01013365",367,296,122,174,0,7,4,3,62,55,7,2
"2011","Blaeberry Hill and East Whitburn - 03","S01013366",348,278,77,201,0,54,13,41,14,7,7,2
"2011","Blaeberry Hill and East Whitburn - 04","S01013367",221,170,37,133,2,37,15,22,11,11,0,1
"2011","Blaeberry Hill and East Whitburn - 05","S01013368",284,217,84,133,0,45,39,6,20,16,4,2
"2011","Blaeberry Hill and East Whitburn - 06","S01013369",420,179,75,104,2,195,124,71,43,40,3,1
"2011","Blaeberry Hill and East Whitburn - 07","S01013370",298,114,49,65,0,175,127,48,8,7,1,1
"2011","Blaeberry Hill and East Whitburn - 08","S01013371",327,171,102,69,0,130,101,29,16,15,1,10
"2011","Whitburn Central - 01","S01013372",489,147,60,87,0,317,236,81,24,19,5,1
"2011","Whitburn Central - 02","S01013373",451,230,98,132,0,181,89,92,35,33,2,5
"2011","Whitburn Central - 03","S01013374",453,140,67,73,0,240,161,79,63,58,5,10
"2011","Whitburn Central - 04","S01013375",262,146,66,80,0,96,93,3,15,13,2,5
"2011","Whitburn Central - 05","S01013376",272,145,62,83,1,85,83,2,36,35,1,5
"2011","Whitburn Central - 06","S01013377",377,219,108,111,2,115,110,5,35,31,4,6
"2011","Whitburn, Croftmalloch and Greenrigg - 01","S01013378",426,237,97,140,0,163,154,9,23,22,1,3
"2011","Whitburn, Croftmalloch and Greenrigg - 02","S01013379",345,225,84,141,0,93,90,3,26,26,0,1
"2011","Whitburn, Croftmalloch and Greenrigg - 03","S01013380",36,27,20,7,0,3,3,0,3,2,1,3
"2011","Whitburn, Croftmalloch and Greenrigg - 04","S01013381",211,130,60,70,0,73,70,3,7,3,4,1
"2011","Whitburn, Croftmalloch and Greenrigg - 05","S01013382",225,173,51,122,1,39,37,2,12,11,1,0
"2011","Armadale - 01","S01013383",353,149,57,92,6,169,145,24,22,21,1,7
"2011","Armadale - 02","S01013384",337,180,67,113,0,123,45,78,32,24,8,2
"2011","Armadale - 03","S01013385",217,149,69,80,11,40,28,12,14,13,1,3
"2011","Armadale - 04","S01013386",335,291,118,173,0,36,12,24,7,6,1,1
"2011","Armadale - 05","S01013387",265,138,55,83,0,118,116,2,8,8,0,1
"2011","Armadale - 06","S01013388",382,222,101,121,2,116,85,31,40,35,5,2
"2011","Armadale - 07","S01013389",347,219,68,151,0,98,46,52,28,24,4,2
"2011","Armadale - 08","S01013390",210,136,48,88,1,60,56,4,9,9,0,4
"2011","Armadale - 09","S01013391",173,126,57,69,0,31,27,4,13,8,5,3
"2011","Armadale South - 01","S01013392",270,237,31,206,3,3,2,1,26,24,2,1
"2011","Armadale South - 02","S01013393",324,162,59,103,1,135,108,27,24,22,2,2
"2011","Armadale South - 03","S01013394",288,140,52,88,0,127,120,7,20,18,2,1
"2011","Armadale South - 04","S01013395",352,72,22,50,1,257,247,10,22,20,2,0
"2011","Armadale South - 05","S01013396",255,224,8,216,0,5,5,0,26,24,2,0
"2011","Armadale South - 06","S01013397",376,230,66,164,2,115,112,3,28,25,3,1
"2011","Armadale South - 07","S01013398",183,170,29,141,0,8,6,2,5,4,1,0
"2011","Armadale South - 08","S01013399",399,332,58,274,0,43,42,1,23,21,2,1
"2011","Bathgate, Wester Inch and Inchcross - 01","S01013400",314,171,58,113,0,88,62,26,54,49,5,1
"2011","Bathgate, Wester Inch and Inchcross - 02","S01013401",324,256,33,223,1,36,8,28,31,29,2,0
"2011","Bathgate, Wester Inch and Inchcross - 03","S01013402",429,343,23,320,0,5,4,1,80,78,2,1
"2011","Bathgate, Wester Inch and Inchcross - 04","S01013403",332,239,17,222,1,26,22,4,66,65,1,0
"2011","Bathgate, Wester Inch and Inchcross - 05","S01013404",211,134,14,120,1,35,32,3,41,40,1,0
"2011","Bathgate and Boghall - 01","S01013405",329,214,114,100,0,77,76,1,31,29,2,7
"2011","Bathgate and Boghall - 02","S01013406",270,118,42,76,2,124,119,5,25,21,4,1
"2011","Bathgate and Boghall - 03","S01013407",259,135,56,79,0,98,86,12,23,21,2,3
"2011","Bathgate and Boghall - 04","S01013408",302,118,40,78,1,151,141,10,26,26,0,6
"2011","Bathgate and Boghall - 05","S01013409",428,241,79,162,1,135,71,64,46,41,5,5
"2011","Bathgate and Boghall - 06","S01013410",290,54,16,38,2,217,159,58,17,14,3,0
"2011","Bathgate East - 01","S01013411",333,191,80,111,0,64,40,24,75,73,2,3
"2011","Bathgate East - 02","S01013412",364,209,71,138,0,115,106,9,37,35,2,3
"2011","Bathgate East - 03","S01013413",336,230,84,146,0,68,31,37,35,32,3,3
"2011","Bathgate East - 04","S01013414",484,174,85,89,25,138,49,89,140,138,2,7
"2011","Bathgate East - 05","S01013415",385,118,47,71,1,223,123,100,41,35,6,2
"2011","Bathgate East - 06","S01013416",276,127,41,86,1,124,121,3,23,19,4,1
"2011","Bathgate East - 07","S01013417",442,189,80,109,1,155,108,47,93,87,6,4
"2011","Bathgate East - 08","S01013418",256,147,56,91,0,80,77,3,26,25,1,3
"2011","Bathgate East - 09","S01013419",187,176,72,104,0,6,5,1,5,4,1,0
"2011","Bathgate West - 01","S01013420",265,184,47,137,0,49,45,4,28,26,2,4
"2011","Bathgate West - 02","S01013421",278,232,30,202,0,32,7,25,13,12,1,1
"2011","Bathgate West - 03","S01013422",303,180,74,106,2,101,13,88,15,13,2,5
"2011","Bathgate West - 04","S01013423",332,248,93,155,0,65,50,15,16,11,5,3
"2011","Bathgate West - 05","S01013424",188,159,56,103,0,13,12,1,16,16,0,0
"2011","Bathgate West - 06","S01013425",199,143,54,89,0,30,4,26,26,26,0,0
"2011","Bathgate West - 07","S01013426",368,196,84,112,0,134,79,55,38,33,5,0
"2011","Bathgate West - 08","S01013427",171,129,31,98,0,8,7,1,33,31,2,1
"2011","Bathgate West - 09","S01013428",379,168,58,110,2,171,56,115,36,31,5,2
"2011","Blackridge, Westfield and Torphichen - 01","S01013429",300,192,56,136,1,71,60,11,32,31,1,4
"2011","Blackridge, Westfield and Torphichen - 02","S01013430",277,216,69,147,0,43,41,2,17,13,4,1
"2011","Blackridge, Westfield and Torphichen - 03","S01013431",304,157,69,88,1,124,101,23,16,13,3,6
"2011","Blackridge, Westfield and Torphichen - 04","S01013432",293,191,77,114,0,77,76,1,22,15,7,3
"2011","Blackridge, Westfield and Torphichen - 05","S01013433",309,241,102,139,4,47,27,20,15,12,3,2
"2011","Linlithgow South - 01","S01013434",207,170,76,94,1,12,11,1,20,19,1,4
"2011","Linlithgow South - 02","S01013435",221,206,80,126,0,5,4,1,10,9,1,0
"2011","Linlithgow South - 03","S01013436",339,214,77,137,1,109,72,37,13,9,4,2
"2011","Linlithgow South - 04","S01013437",308,179,60,119,0,72,70,2,55,52,3,2
"2011","Linlithgow South - 05","S01013438",285,137,59,78,4,76,73,3,68,65,3,0
"2011","Linlithgow South - 06","S01013439",351,335,192,143,0,4,2,2,12,11,1,0
"2011","Linlithgow South - 07","S01013440",378,361,198,163,0,10,10,0,3,3,0,4
"2011","Linlithgow South - 08","S01013441",317,272,157,115,0,8,8,0,35,31,4,2
"2011","Linlithgow Bridge - 01","S01013442",328,263,105,158,2,26,25,1,35,33,2,2
"2011","Linlithgow Bridge - 02","S01013443",295,230,114,116,0,14,6,8,51,45,6,0
"2011","Linlithgow Bridge - 03","S01013444",520,251,107,144,0,156,112,44,101,91,10,12
"2011","Linlithgow Bridge - 04","S01013445",252,206,111,95,0,35,9,26,8,7,1,3
"2011","Linlithgow Bridge - 05","S01013446",309,223,106,117,0,56,42,14,26,18,8,4
"2011","Linlithgow Bridge - 06","S01013447",198,175,41,134,2,3,2,1,15,13,2,3
"2011","Linlithgow North - 01","S01013448",390,336,219,117,1,13,6,7,38,36,2,2
"2011","Linlithgow North - 02","S01013449",273,256,121,135,0,3,3,0,13,13,0,1
"2011","Linlithgow North - 03","S01013450",249,212,70,142,2,1,1,0,34,32,2,0
"2011","Linlithgow North - 04","S01013451",296,280,96,184,0,5,3,2,10,7,3,1
"2011","Linlithgow North - 05","S01013452",300,259,116,143,0,6,5,1,32,27,5,3
"2011","Winchburgh, Bridgend and Philpstoun - 01","S01013453",344,125,56,69,1,201,198,3,16,14,2,1
"2011","Winchburgh, Bridgend and Philpstoun - 02","S01013454",317,254,99,155,0,30,28,2,29,26,3,4
"2011","Winchburgh, Bridgend and Philpstoun - 03","S01013455",262,148,72,76,0,36,21,15,72,67,5,6
"2011","Winchburgh, Bridgend and Philpstoun - 04","S01013456",372,212,72,140,0,127,92,35,30,24,6,3
"2011","Winchburgh, Bridgend and Philpstoun - 05","S01013457",384,215,85,130,0,141,104,37,24,23,1,4
"2011","Winchburgh, Bridgend and Philpstoun - 06","S01013458",333,241,97,144,1,61,52,9,30,25,5,0
"2011","Broxburn Kirkhill - 01","S01013459",421,228,86,142,0,129,91,38,54,49,5,10
"2011","Broxburn Kirkhill - 02","S01013460",346,213,88,125,2,113,63,50,14,12,2,4
"2011","Broxburn Kirkhill - 03","S01013461",443,267,60,207,1,128,72,56,43,40,3,4
"2011","Broxburn Kirkhill - 04","S01013462",354,274,57,217,4,39,2,37,35,31,4,2
"2011","Broxburn Kirkhill - 05","S01013463",216,107,26,81,0,92,36,56,15,14,1,2
"2011","Uphall, Dechmont and Ecclesmachan - 01","S01013464",323,265,147,118,0,28,25,3,24,19,5,6
"2011","Uphall, Dechmont and Ecclesmachan - 02","S01013465",337,275,144,131,0,37,32,5,22,20,2,3
"2011","Uphall, Dechmont and Ecclesmachan - 03","S01013466",116,88,54,34,0,9,7,2,10,6,4,9
"2011","Uphall, Dechmont and Ecclesmachan - 04","S01013467",364,323,95,228,0,22,15,7,17,15,2,2
"2011","Uphall, Dechmont and Ecclesmachan - 05","S01013468",312,160,68,92,1,109,37,72,38,32,6,4
"2011","Uphall, Dechmont and Ecclesmachan - 06","S01013469",329,290,149,141,0,21,4,17,15,14,1,3
"2011","Uphall, Dechmont and Ecclesmachan - 07","S01013470",321,145,59,86,0,137,93,44,34,26,8,5
"2011","Uphall, Dechmont and Ecclesmachan - 08","S01013471",383,231,98,133,1,128,69,59,17,14,3,6
"2011","Broxburn South - 01","S01013472",208,186,31,155,0,7,3,4,14,13,1,1
"2011","Broxburn South - 02","S01013473",213,195,29,166,1,5,3,2,10,10,0,2
"2011","Broxburn South - 03","S01013474",238,199,40,159,2,10,5,5,25,24,1,2
"2011","Broxburn South - 04","S01013475",246,211,96,115,0,15,13,2,18,18,0,2
"2011","Broxburn South - 05","S01013476",271,195,101,94,2,52,48,4,20,16,4,2
"2011","Broxburn South - 06","S01013477",303,154,67,87,4,110,69,41,35,31,4,0
"2011","Broxburn East - 01","S01013478",358,215,48,167,0,88,22,66,46,38,8,9
"2011","Broxburn East - 02","S01013479",428,185,73,112,0,182,133,49,57,49,8,4
"2011","Broxburn East - 03","S01013480",302,200,112,88,0,76,73,3,21,21,0,5
"2011","Broxburn East - 04","S01013481",189,148,74,74,0,27,26,1,12,9,3,2
"2011","South Angus - 01","S01007129",374,323,141,182,1,10,7,3,33,31,2,7
"2011","South Angus - 02","S01007130",280,236,125,111,0,21,21,0,22,20,2,1
"2011","South Angus - 03","S01007131",341,274,124,150,0,45,3,42,20,14,6,2
"2011","South Angus - 04","S01007132",297,271,149,122,0,7,6,1,18,16,2,1
"2011","South Angus - 05","S01007133",262,210,95,115,0,11,9,2,32,26,6,9
"2011","South Angus - 06","S01007134",317,233,114,119,0,39,33,6,38,33,5,7
"2011","South Angus - 07","S01007135",221,198,103,95,2,6,4,2,12,9,3,3
"2011","South Angus - 08","S01007136",185,153,59,94,0,0,0,0,27,26,1,5
"2011","Monikie - 01","S01007137",248,225,34,191,0,4,4,0,19,16,3,0
"2011","Monikie - 02","S01007138",243,208,100,108,0,6,5,1,27,25,2,2
"2011","Monikie - 03","S01007139",324,266,132,134,0,24,22,2,25,23,2,9
"2011","Monikie - 04","S01007140",405,308,158,150,0,37,11,26,50,41,9,10
"2011","Monikie - 05","S01007141",249,206,90,116,1,9,7,2,15,12,3,18
"2011","Monikie - 06","S01007142",153,142,25,117,0,1,1,0,9,9,0,1
"2011","Monikie - 07","S01007143",203,188,31,157,0,3,3,0,11,8,3,1
"2011","Monikie - 08","S01007144",240,155,89,66,1,9,7,2,56,41,15,19
"2011","Monifieth West - 01","S01007145",408,333,195,138,0,45,44,1,20,19,1,10
"2011","Monifieth West - 02","S01007146",334,267,143,124,0,37,36,1,25,24,1,5
"2011","Monifieth West - 03","S01007147",305,280,147,133,0,12,12,0,9,8,1,4
"2011","Monifieth West - 04","S01007148",204,191,89,102,0,5,5,0,7,6,1,1
"2011","Monifieth East - 01","S01007149",237,224,132,92,0,4,3,1,6,3,3,3
"2011","Monifieth East - 02","S01007150",350,311,219,92,3,13,11,2,11,7,4,12
"2011","Monifieth East - 03","S01007151",331,311,144,167,0,3,2,1,14,13,1,3
"2011","Monifieth East - 04","S01007152",237,212,120,92,0,13,12,1,10,9,1,2
"2011","Monifieth East - 05","S01007153",286,240,115,125,0,31,30,1,11,10,1,4
"2011","Monifieth East - 06","S01007154",453,293,163,130,15,90,10,80,50,45,5,5
"2011","Monifieth East - 07","S01007155",305,236,126,110,1,40,40,0,21,15,6,7
"2011","Carnoustie West - 01","S01007156",308,242,115,127,0,32,32,0,31,25,6,3
"2011","Carnoustie West - 02","S01007157",279,178,57,121,4,73,56,17,21,18,3,3
"2011","Carnoustie West - 03","S01007158",386,321,103,218,1,35,32,3,24,20,4,5
"2011","Carnoustie West - 04","S01007159",407,251,105,146,0,112,106,6,37,31,6,7
"2011","Carnoustie West - 05","S01007160",377,239,114,125,3,104,83,21,22,20,2,9
"2011","Carnoustie West - 06","S01007161",317,235,116,119,0,41,39,2,33,29,4,8
"2011","Carnoustie West - 07","S01007162",271,116,54,62,1,90,56,34,63,56,7,1
"2011","Carnoustie East - 01","S01007163",392,304,168,136,0,60,42,18,23,17,6,5
"2011","Carnoustie East - 02","S01007164",257,206,118,88,1,19,17,2,23,22,1,8
"2011","Carnoustie East - 03","S01007165",330,265,140,125,1,16,15,1,44,41,3,4
"2011","Carnoustie East - 04","S01007166",328,252,143,109,1,33,31,2,37,31,6,5
"2011","Carnoustie East - 05","S01007167",331,308,174,134,0,7,7,0,14,12,2,2
"2011","Carnoustie East - 06","S01007168",415,395,233,162,0,3,3,0,15,12,3,2
"2011","Carnoustie East - 07","S01007169",326,249,124,125,0,59,27,32,17,15,2,1
"2011","Arbroath Landward - 01","S01007170",268,197,105,92,1,7,5,2,49,44,5,14
"2011","Arbroath Landward - 02","S01007171",364,216,119,97,4,12,9,3,124,115,9,8
"2011","Arbroath Landward - 03","S01007172",333,261,153,108,0,7,5,2,49,41,8,16
"2011","Arbroath Kirkton - 01","S01007173",327,283,85,198,0,18,17,1,22,19,3,4
"2011","Arbroath Kirkton - 02","S01007174",286,204,58,146,0,65,21,44,13,11,2,4
"2011","Arbroath Kirkton - 03","S01007175",294,212,123,89,0,35,26,9,42,28,14,5
"2011","Arbroath Kirkton - 04","S01007176",290,187,103,84,0,45,9,36,52,13,39,6
"2011","Arbroath Kirkton - 05","S01007177",303,151,72,79,1,129,82,47,19,15,4,3
"2011","Arbroath Kirkton - 06","S01007178",505,167,80,87,9,289,214,75,39,35,4,1
"2011","Arbroath Kirkton - 07","S01007179",384,354,219,135,0,13,2,11,11,10,1,6
"2011","Arbroath Keptie - 01","S01007180",347,298,203,95,0,34,30,4,13,8,5,2
"2011","Arbroath Keptie - 02","S01007181",317,267,151,116,0,23,19,4,26,21,5,1
"2011","Arbroath Keptie - 03","S01007182",526,367,204,163,2,87,23,64,63,57,6,7
"2011","Arbroath Keptie - 04","S01007183",560,325,152,173,1,158,155,3,62,58,4,14
"2011","Arbroath Harbour - 01","S01007184",594,308,140,168,1,172,89,83,106,97,9,7
"2011","Arbroath Harbour - 02","S01007185",422,150,65,85,2,203,131,72,58,51,7,9
"2011","Arbroath Harbour - 03","S01007186",327,88,39,49,1,181,24,157,51,47,4,6
"2011","Arbroath Harbour - 04","S01007187",498,156,70,86,0,205,48,157,129,121,8,8
"2011","Arbroath Harbour - 05","S01007188",328,165,81,84,0,69,16,53,89,79,10,5
"2011","Arbroath Harbour - 06","S01007189",461,180,93,87,0,227,103,124,49,43,6,5
"2011","Arbroath Cliffburn - 01","S01007190",378,265,147,118,0,77,37,40,32,29,3,4
"2011","Arbroath Cliffburn - 02","S01007191",274,157,73,84,0,66,15,51,47,41,6,4
"2011","Arbroath Cliffburn - 03","S01007192",286,147,69,78,0,125,109,16,12,12,0,2
"2011","Arbroath Cliffburn - 04","S01007193",289,176,57,119,0,95,17,78,12,11,1,6
"2011","Arbroath Cliffburn - 05","S01007194",276,95,45,50,1,148,125,23,31,30,1,1
"2011","Arbroath Cliffburn - 06","S01007195",237,120,64,56,0,102,62,40,13,11,2,2
"2011","Arbroath Cliffburn - 07","S01007196",278,127,31,96,1,130,47,83,20,15,5,0
"2011","Arbroath Warddykes - 01","S01007197",286,45,18,27,0,222,107,115,18,17,1,1
"2011","Arbroath Warddykes - 02","S01007198",229,96,46,50,1,113,94,19,17,13,4,2
"2011","Arbroath Warddykes - 03","S01007199",306,114,48,66,0,177,170,7,15,13,2,0
"2011","Arbroath Warddykes - 04","S01007200",405,242,99,143,0,130,108,22,29,24,5,4
"2011","Arbroath Warddykes - 05","S01007201",350,215,117,98,2,116,115,1,13,11,2,4
"2011","Arbroath Warddykes - 06","S01007202",350,205,116,89,0,126,125,1,16,13,3,3
"2011","Arbroath Warddykes - 07","S01007203",250,182,67,115,0,53,34,19,12,10,2,3
"2011","Lunan - 01","S01007204",426,271,132,139,1,68,21,47,69,62,7,17
"2011","Lunan - 02","S01007205",263,176,96,80,0,11,6,5,58,53,5,18
"2011","Lunan - 03","S01007206",212,124,78,46,0,45,42,3,39,30,9,4
"2011","Lunan - 04","S01007207",420,304,158,146,0,76,57,19,37,31,6,3
"2011","Montrose South - 01","S01007208",550,208,83,125,6,201,169,32,126,117,9,9
"2011","Montrose South - 02","S01007209",389,187,106,81,1,78,15,63,117,104,13,6
"2011","Montrose South - 03","S01007210",387,169,72,97,1,151,142,9,64,59,5,2
"2011","Montrose South - 04","S01007211",498,207,110,97,0,242,125,117,48,39,9,1
"2011","Montrose South - 05","S01007212",259,185,102,83,1,20,17,3,46,43,3,7
"2011","Montrose South - 06","S01007213",423,292,180,112,2,58,36,22,63,56,7,8
"2011","Montrose South - 07","S01007214",424,160,81,79,0,208,162,46,51,43,8,5
"2011","Montrose North - 01","S01007215",397,204,103,101,0,108,90,18,77,73,4,8
"2011","Montrose North - 02","S01007216",315,253,140,113,1,31,29,2,24,22,2,6
"2011","Montrose North - 03","S01007217",460,240,116,124,4,171,154,17,41,39,2,4
"2011","Montrose North - 04","S01007218",353,318,182,136,1,14,10,4,17,16,1,3
"2011","Montrose North - 05","S01007219",386,213,83,130,1,146,130,16,19,15,4,7
"2011","Montrose North - 06","S01007220",330,190,73,117,1,107,60,47,32,30,2,0
"2011","Hillside - 01","S01007221",273,230,113,117,0,24,12,12,17,17,0,2
"2011","Hillside - 02","S01007222",320,208,120,88,7,82,24,58,23,22,1,0
"2011","Hillside - 03","S01007223",200,174,77,97,1,3,2,1,20,19,1,2
"2011","Hillside - 04","S01007224",279,203,114,89,0,52,46,6,19,14,5,5
"2011","Hillside - 05","S01007225",369,266,137,129,1,18,15,3,77,68,9,7
"2011","Friockheim - 01","S01007226",322,237,133,104,0,8,5,3,54,51,3,23
"2011","Friockheim - 02","S01007227",425,314,155,159,2,73,59,14,28,22,6,8
"2011","Friockheim - 03","S01007228",260,156,75,81,0,18,15,3,74,71,3,12
"2011","Friockheim - 04","S01007229",455,274,135,139,0,15,13,2,130,117,13,36
"2011","Brechin East - 01","S01007230",358,117,44,73,2,221,204,17,16,13,3,2
"2011","Brechin East - 02","S01007231",372,133,57,76,1,162,158,4,69,63,6,7
"2011","Brechin East - 03","S01007232",381,90,40,50,0,236,182,54,48,47,1,7
"2011","Brechin East - 04","S01007233",347,214,107,107,1,87,34,53,44,38,6,1
"2011","Brechin East - 05","S01007234",263,162,91,71,0,60,37,23,33,29,4,8
"2011","Brechin West - 01","S01007235",407,202,104,98,0,94,77,17,100,94,6,11
"2011","Brechin West - 02","S01007236",305,205,90,115,0,51,50,1,46,42,4,3
"2011","Brechin West - 03","S01007237",325,276,152,124,0,21,16,5,24,23,1,4
"2011","Brechin West - 04","S01007238",417,266,118,148,0,123,81,42,27,24,3,1
"2011","Brechin West - 05","S01007239",367,310,186,124,3,26,14,12,24,21,3,4
"2011","Letham and Glamis - 01","S01007240",233,135,83,52,1,8,6,2,74,66,8,15
"2011","Letham and Glamis - 02","S01007241",242,191,109,82,0,4,3,1,35,33,2,12
"2011","Letham and Glamis - 03","S01007242",447,346,180,166,0,54,42,12,40,33,7,7
"2011","Letham and Glamis - 04","S01007243",255,207,108,99,0,25,19,6,17,15,2,6
"2011","Letham and Glamis - 05","S01007244",303,225,144,81,1,16,12,4,48,39,9,13
"2011","Letham and Glamis - 06","S01007245",310,190,102,88,0,67,64,3,47,45,2,6
"2011","Letham and Glamis - 07","S01007246",237,167,89,78,4,25,15,10,35,30,5,6
"2011","Letham and Glamis - 08","S01007247",279,149,69,80,0,28,24,4,81,75,6,21
"2011","Forfar East - 01","S01007248",310,288,180,108,1,6,2,4,13,12,1,2
"2011","Forfar East - 02","S01007249",174,128,85,43,1,21,3,18,19,18,1,5
"2011","Forfar East - 03","S01007250",432,262,131,131,5,90,22,68,73,64,9,2
"2011","Forfar East - 04","S01007251",250,121,51,70,5,100,50,50,16,13,3,8
"2011","Forfar East - 05","S01007252",315,221,109,112,0,52,8,44,36,30,6,6
"2011","Forfar East - 06","S01007253",358,296,168,128,2,31,27,4,18,15,3,11
"2011","Forfar Central - 01","S01007254",401,164,68,96,0,181,144,37,52,46,6,4
"2011","Forfar Central - 02","S01007255",374,127,52,75,1,215,181,34,27,21,6,4
"2011","Forfar Central - 03","S01007256",407,190,88,102,0,137,103,34,72,68,4,8
"2011","Forfar Central - 04","S01007257",296,114,54,60,0,130,124,6,48,44,4,4
"2011","Forfar Central - 05","S01007258",410,208,107,101,1,150,82,68,47,43,4,4
"2011","Forfar Central - 06","S01007259",414,206,96,110,1,150,120,30,47,41,6,10
"2011","Forfar West - 01","S01007260",418,181,69,112,0,210,173,37,21,20,1,6
"2011","Forfar West - 02","S01007261",356,285,164,121,0,56,56,0,10,10,0,5
"2011","Forfar West - 03","S01007262",301,197,86,111,0,83,80,3,16,12,4,5
"2011","Forfar West - 04","S01007263",366,244,131,113,1,100,98,2,16,15,1,5
"2011","Forfar West - 05","S01007264",339,235,122,113,0,91,89,2,10,9,1,3
"2011","Forfar West - 06","S01007265",472,252,97,155,3,182,129,53,33,30,3,2
"2011","Kirriemuir Landward - 01","S01007266",305,186,96,90,0,68,40,28,40,37,3,11
"2011","Kirriemuir Landward - 02","S01007267",222,116,74,42,0,14,8,6,70,69,1,22
"2011","Kirriemuir Landward - 03","S01007268",249,145,95,50,0,6,1,5,84,78,6,14
"2011","Kirriemuir Landward - 04","S01007269",224,180,101,79,0,24,15,9,14,13,1,6
"2011","Kirriemuir Landward - 05","S01007270",205,110,63,47,0,15,13,2,67,55,12,13
"2011","Kirriemuir - 01","S01007271",448,333,176,157,0,54,50,4,57,45,12,4
"2011","Kirriemuir - 02","S01007272",417,162,77,85,2,229,202,27,22,17,5,2
"2011","Kirriemuir - 03","S01007273",296,198,110,88,3,62,50,12,26,21,5,7
"2011","Kirriemuir - 04","S01007274",456,208,104,104,2,146,108,38,93,85,8,7
"2011","Kirriemuir - 05","S01007275",243,188,110,78,0,41,26,15,11,9,2,3
"2011","Kirriemuir - 06","S01007276",369,263,128,135,1,75,73,2,25,18,7,5
"2011","Kirriemuir - 07","S01007277",327,283,161,122,0,25,11,14,15,13,2,4
"2011","Kirriemuir - 08","S01007278",227,213,111,102,0,3,2,1,9,8,1,2
"2011","Angus Glens - 01","S01007279",240,158,109,49,0,8,5,3,47,42,5,27
"2011","Angus Glens - 02","S01007280",237,108,62,46,1,12,4,8,94,89,5,22
"2011","Angus Glens - 03","S01007281",361,248,133,115,0,13,6,7,75,69,6,25
"2011","Angus Glens - 04","S01007282",228,96,44,52,0,18,11,7,79,75,4,35
"2011","Angus Glens - 05","S01007283",482,322,198,124,2,92,74,18,55,49,6,11
"2011","Westend - 01","S01007682",403,310,196,114,0,4,2,2,84,72,12,5
"2011","Westend - 02","S01007683",301,196,106,90,0,8,4,4,94,91,3,3
"2011","Westend - 03","S01007684",332,315,208,107,0,3,3,0,14,11,3,0
"2011","Westend - 04","S01007685",273,246,139,107,1,3,1,2,17,15,2,6
"2011","Westend - 05","S01007686",320,240,148,92,1,5,3,2,66,62,4,8
"2011","Westend - 06","S01007687",399,239,130,109,4,8,1,7,145,136,9,3
"2011","Westend - 07","S01007688",545,150,56,94,1,76,8,68,306,295,11,12
"2011","Perth Road - 01","S01007689",288,94,28,66,1,45,4,41,143,130,13,5
"2011","Perth Road - 02","S01007690",393,111,55,56,3,73,1,72,205,190,15,1
"2011","Perth Road - 03","S01007691",515,56,27,29,4,182,14,168,269,258,11,4
"2011","Perth Road - 04","S01007692",434,91,34,57,5,73,4,69,259,235,24,6
"2011","Perth Road - 05","S01007693",347,34,18,16,2,96,7,89,208,200,8,7
"2011","Perth Road - 06","S01007694",523,69,20,49,4,207,9,198,236,226,10,7
"2011","Logie and Blackness - 01","S01007695",614,173,87,86,6,209,182,27,221,214,7,5
"2011","Logie and Blackness - 02","S01007696",437,66,29,37,2,132,29,103,230,226,4,7
"2011","Logie and Blackness - 03","S01007697",608,216,106,110,4,177,155,22,201,177,24,10
"2011","Logie and Blackness - 04","S01007698",589,104,28,76,2,129,18,111,351,337,14,3
"2011","Logie and Blackness - 05","S01007699",454,95,35,60,4,90,38,52,264,248,16,1
"2011","Logie and Blackness - 06","S01007700",450,345,163,182,0,37,13,24,64,57,7,4
"2011","City Centre - 01","S01007701",318,57,30,27,4,161,122,39,96,93,3,0
"2011","City Centre - 02","S01007702",266,81,26,55,1,17,4,13,164,161,3,3
"2011","City Centre - 03","S01007703",398,229,102,127,0,73,55,18,91,84,7,5
"2011","City Centre - 04","S01007704",517,80,47,33,0,348,302,46,89,85,4,0
"2011","City Centre - 05","S01007705",262,25,8,17,0,31,3,28,204,197,7,2
"2011","City Centre - 06","S01007706",370,36,13,23,5,37,1,36,289,279,10,3
"2011","Docks and Wellgate - 01","S01007707",465,121,39,82,2,20,7,13,312,296,16,10
"2011","Docks and Wellgate - 02","S01007708",357,119,43,76,0,141,63,78,94,86,8,3
"2011","Docks and Wellgate - 03","S01007709",309,87,34,53,5,124,44,80,88,85,3,5
"2011","Docks and Wellgate - 04","S01007710",450,65,17,48,4,166,3,163,212,200,12,3
"2011","Docks and Wellgate - 05","S01007711",493,80,35,45,3,248,56,192,154,148,6,8
"2011","Docks and Wellgate - 06","S01007712",360,143,53,90,4,56,9,47,153,142,11,4
"2011","Docks and Wellgate - 07","S01007713",229,93,40,53,0,76,8,68,55,49,6,5
"2011","Hilltown - 01","S01007714",321,153,40,113,2,86,7,79,79,71,8,1
"2011","Hilltown - 02","S01007715",267,65,22,43,5,108,34,74,86,78,8,3
"2011","Hilltown - 03","S01007716",598,116,47,69,1,255,77,178,224,211,13,2
"2011","Hilltown - 04","S01007717",567,103,37,66,10,244,124,120,200,195,5,10
"2011","Hilltown - 05","S01007718",467,134,55,79,1,158,141,17,166,155,11,8
"2011","Hilltown - 06","S01007719",651,230,82,148,2,266,251,15,147,143,4,6
"2011","The Glens - 01","S01007720",404,242,154,88,0,120,111,9,40,32,8,2
"2011","The Glens - 02","S01007721",435,197,76,121,5,137,39,98,91,86,5,5
"2011","The Glens - 03","S01007722",548,157,77,80,0,297,260,37,91,81,10,3
"2011","The Glens - 04","S01007723",604,166,72,94,1,316,307,9,119,108,11,2
"2011","The Glens - 05","S01007724",358,73,15,58,2,92,64,28,188,174,14,3
"2011","The Glens - 06","S01007725",498,153,55,98,1,153,145,8,189,176,13,2
"2011","Stobswell - 01","S01007726",453,130,43,87,2,143,49,94,178,160,18,0
"2011","Stobswell - 02","S01007727",591,112,39,73,7,238,13,225,231,220,11,3
"2011","Stobswell - 03","S01007728",414,98,28,70,0,104,22,82,207,202,5,5
"2011","Stobswell - 04","S01007729",439,116,49,67,1,90,2,88,226,214,12,6
"2011","Stobswell - 05","S01007730",464,140,44,96,2,54,6,48,268,249,19,0
"2011","Stobswell - 06","S01007731",396,118,33,85,3,105,33,72,163,156,7,7
"2011","Stobswell - 07","S01007732",374,124,31,93,2,93,63,30,149,138,11,6
"2011","Baxter Park - 01","S01007733",338,271,111,160,0,3,2,1,56,53,3,8
"2011","Baxter Park - 02","S01007734",384,303,176,127,3,26,7,19,48,41,7,4
"2011","Baxter Park - 03","S01007735",359,296,166,130,4,21,6,15,34,26,8,4
"2011","Baxter Park - 04","S01007736",309,245,122,123,1,15,12,3,43,40,3,5
"2011","Craigie and  Craigiebank - 01","S01007737",554,261,133,128,11,147,24,123,127,121,6,8
"2011","Craigie and  Craigiebank - 02","S01007738",358,269,174,95,0,58,35,23,29,23,6,2
"2011","Craigie and  Craigiebank - 03","S01007739",347,166,87,79,0,159,151,8,18,14,4,4
"2011","Craigie and  Craigiebank - 04","S01007740",265,202,108,94,0,27,24,3,35,32,3,1
"2011","Craigie and  Craigiebank - 05","S01007741",435,195,102,93,0,203,202,1,32,28,4,5
"2011","Craigie and  Craigiebank - 06","S01007742",328,206,121,85,0,85,35,50,34,30,4,3
"2011","Douglas West - 01","S01007743",457,214,78,136,0,188,186,2,49,45,4,6
"2011","Douglas West - 02","S01007744",403,127,50,77,1,243,196,47,28,26,2,4
"2011","Douglas West - 03","S01007745",378,174,68,106,0,163,159,4,34,30,4,7
"2011","Douglas West - 04","S01007746",409,207,71,136,0,181,176,5,18,15,3,3
"2011","Douglas West - 05","S01007747",242,121,57,64,0,88,85,3,31,30,1,2
"2011","Douglas West - 06","S01007748",369,93,36,57,0,257,234,23,19,17,2,0
"2011","West Ferry - 01","S01007749",281,260,133,127,0,5,4,1,15,13,2,1
"2011","West Ferry - 02","S01007750",358,337,216,121,0,5,2,3,16,10,6,0
"2011","West Ferry - 03","S01007751",337,307,212,95,1,0,0,0,25,23,2,4
"2011","West Ferry - 04","S01007752",356,261,171,90,29,40,2,38,22,20,2,4
"2011","Douglas East - 01","S01007753",241,120,46,74,0,102,101,1,17,13,4,2
"2011","Douglas East - 02","S01007754",414,185,88,97,0,208,188,20,19,19,0,2
"2011","Douglas East - 03","S01007755",417,166,81,85,0,223,219,4,26,23,3,2
"2011","Douglas East - 04","S01007756",298,144,69,75,1,124,120,4,29,25,4,0
"2011","Broughty Ferry West - 01","S01007757",371,348,224,124,2,2,1,1,17,13,4,2
"2011","Broughty Ferry West - 02","S01007758",468,384,260,124,0,8,4,4,67,59,8,9
"2011","Broughty Ferry West - 03","S01007759",618,249,133,116,1,110,21,89,245,225,20,13
"2011","Broughty Ferry West - 04","S01007760",262,239,152,87,0,3,3,0,16,15,1,4
"2011","Broughty Ferry West - 05","S01007761",383,324,181,143,0,5,4,1,49,46,3,5
"2011","Broughty Ferry West - 06","S01007762",474,264,162,102,1,23,8,15,183,173,10,3
"2011","Broughty Ferry East - 01","S01007763",329,122,57,65,1,184,182,2,20,18,2,2
"2011","Broughty Ferry East - 02","S01007764",310,288,145,143,0,4,0,4,15,12,3,3
"2011","Broughty Ferry East - 03","S01007765",308,288,172,116,0,2,0,2,16,16,0,2
"2011","Broughty Ferry East - 04","S01007766",382,361,202,159,0,5,3,2,10,7,3,6
"2011","Broughty Ferry East - 05","S01007767",398,369,208,161,0,1,1,0,26,18,8,2
"2011","Barnhill - 01","S01007768",356,229,127,102,0,51,4,47,75,71,4,1
"2011","Barnhill - 02","S01007769",325,287,171,116,0,14,12,2,20,14,6,4
"2011","Barnhill - 03","S01007770",318,276,164,112,0,4,2,2,31,28,3,7
"2011","Barnhill - 04","S01007771",235,226,140,86,0,0,0,0,8,6,2,1
"2011","Barnhill - 05","S01007772",546,275,141,134,1,172,117,55,92,78,14,6
"2011","Barnhill - 06","S01007773",314,304,166,138,0,3,2,1,5,5,0,2
"2011","West Pitkerro - 01","S01007774",323,298,40,258,0,5,3,2,19,16,3,1
"2011","West Pitkerro - 02","S01007775",346,313,119,194,1,2,1,1,24,24,0,6
"2011","West Pitkerro - 03","S01007776",282,239,92,147,0,1,0,1,37,34,3,5
"2011","West Pitkerro - 04","S01007777",314,291,40,251,0,1,1,0,21,19,2,1
"2011","West Pitkerro - 05","S01007778",155,142,30,112,2,1,0,1,6,6,0,4
"2011","West Pitkerro - 06","S01007779",311,269,95,174,0,17,13,4,24,17,7,1
"2011","West Pitkerro - 07","S01007780",331,296,82,214,0,7,3,4,27,20,7,1
"2011","West Pitkerro - 08","S01007781",381,288,66,222,1,62,3,59,27,22,5,3
"2011","Whitfield - 01","S01007782",239,96,39,57,3,69,41,28,69,58,11,2
"2011","Whitfield - 02","S01007783",405,115,74,41,0,276,243,33,13,13,0,1
"2011","Whitfield - 03","S01007784",276,175,29,146,3,65,12,53,31,30,1,2
"2011","Whitfield - 04","S01007785",276,51,18,33,1,213,47,166,11,10,1,0
"2011","Whitfield - 05","S01007786",333,209,123,86,0,86,40,46,36,30,6,2
"2011","Whitfield - 06","S01007787",277,160,72,88,0,87,9,78,29,23,6,1
"2011","Whitfield - 07","S01007788",268,9,3,6,0,256,38,218,2,2,0,1
"2011","Whitfield - 08","S01007789",231,19,2,17,9,196,7,189,7,6,1,0
"2011","Whitfield - 09","S01007790",330,35,11,24,0,284,12,272,11,9,2,0
"2011","Fintry - 01","S01007791",174,155,30,125,0,6,2,4,13,13,0,0
"2011","Fintry - 02","S01007792",384,254,118,136,0,107,5,102,22,15,7,1
"2011","Fintry - 03","S01007793",457,136,58,78,0,289,35,254,31,25,6,1
"2011","Fintry - 04","S01007794",234,166,73,93,0,51,6,45,16,16,0,1
"2011","Fintry - 05","S01007795",243,159,77,82,0,56,8,48,27,18,9,1
"2011","Fintry - 06","S01007796",311,150,49,101,0,129,77,52,32,29,3,0
"2011","Fintry - 07","S01007797",258,96,42,54,0,145,137,8,17,14,3,0
"2011","Fintry - 08","S01007798",226,184,42,142,0,7,3,4,33,32,1,2
"2011","Fintry - 09","S01007799",193,174,23,151,1,7,3,4,9,8,1,2
"2011","Linlathen and Midcraigie - 01","S01007800",365,145,60,85,1,188,158,30,29,26,3,2
"2011","Linlathen and Midcraigie - 02","S01007801",388,95,45,50,0,266,172,94,26,23,3,1
"2011","Linlathen and Midcraigie - 03","S01007802",199,172,21,151,1,10,7,3,16,14,2,0
"2011","Linlathen and Midcraigie - 04","S01007803",524,112,53,59,2,384,298,86,24,19,5,2
"2011","Linlathen and Midcraigie - 05","S01007804",259,47,12,35,0,192,59,133,20,20,0,0
"2011","Linlathen and Midcraigie - 06","S01007805",207,82,22,60,0,105,92,13,20,18,2,0
"2011","Linlathen and Midcraigie - 07","S01007806",296,163,71,92,0,115,71,44,17,16,1,1
"2011","Caird Park - 01","S01007807",258,224,65,159,0,20,12,8,14,12,2,0
"2011","Caird Park - 02","S01007808",304,191,42,149,0,88,83,5,23,21,2,2
"2011","Caird Park - 03","S01007809",398,370,201,169,0,12,9,3,16,11,5,0
"2011","Caird Park - 04","S01007810",369,168,62,106,0,180,144,36,18,17,1,3
"2011","Kirkton - 01","S01007811",325,185,68,117,1,130,117,13,9,7,2,0
"2011","Kirkton - 02","S01007812",328,80,22,58,0,230,184,46,17,13,4,1
"2011","Kirkton - 03","S01007813",306,128,55,73,0,154,85,69,20,16,4,4
"2011","Kirkton - 04","S01007814",229,168,73,95,0,43,36,7,16,14,2,2
"2011","Kirkton - 05","S01007815",343,319,156,163,0,9,9,0,10,9,1,5
"2011","Downfield - 01","S01007816",273,244,115,129,0,9,8,1,20,17,3,0
"2011","Downfield - 02","S01007817",207,159,100,59,1,32,32,0,14,11,3,1
"2011","Downfield - 03","S01007818",314,255,93,162,0,29,29,0,27,24,3,3
"2011","Downfield - 04","S01007819",353,298,148,150,0,29,24,5,26,21,5,0
"2011","Downfield - 05","S01007820",408,288,141,147,1,92,61,31,27,26,1,0
"2011","Downfield - 06","S01007821",244,186,94,92,0,33,15,18,24,22,2,1
"2011","Downfield - 07","S01007822",349,253,123,130,0,77,76,1,17,13,4,2
"2011","Fairmuir - 01","S01007823",306,270,140,130,0,10,8,2,22,20,2,4
"2011","Fairmuir - 02","S01007824",342,278,156,122,0,14,3,11,40,35,5,10
"2011","Fairmuir - 03","S01007825",482,375,197,178,1,63,61,2,36,34,2,7
"2011","Fairmuir - 04","S01007826",260,74,33,41,0,173,61,112,11,8,3,2
"2011","Fairmuir - 05","S01007827",291,149,41,108,25,47,21,26,65,55,10,5
"2011","Law - 01","S01007828",592,242,94,148,2,235,163,72,103,95,8,10
"2011","Law - 02","S01007829",348,172,94,78,1,141,136,5,24,20,4,10
"2011","Law - 03","S01007830",545,235,123,112,0,229,201,28,80,66,14,1
"2011","Law - 04","S01007831",501,151,71,80,7,247,120,127,92,85,7,4
"2011","Law - 05","S01007832",362,167,97,70,0,136,134,2,58,52,6,1
"2011","Law - 06","S01007833",479,239,171,68,0,192,175,17,40,36,4,8
"2011","Balgay - 01","S01007834",416,172,70,102,1,153,152,1,89,79,10,1
"2011","Balgay - 02","S01007835",325,202,85,117,1,80,74,6,39,35,4,3
"2011","Balgay - 03","S01007836",285,189,105,84,28,38,6,32,26,21,5,4
"2011","Balgay - 04","S01007837",357,339,202,137,1,5,4,1,9,7,2,3
"2011","Balgay - 05","S01007838",392,341,191,150,0,19,17,2,28,26,2,4
"2011","Menzieshill - 01","S01007839",281,138,82,56,1,114,89,25,25,23,2,3
"2011","Menzieshill - 02","S01007840",425,214,97,117,1,139,137,2,68,59,9,3
"2011","Menzieshill - 03","S01007841",341,157,71,86,0,147,144,3,34,31,3,3
"2011","Menzieshill - 04","S01007842",391,106,43,63,0,242,227,15,41,36,5,2
"2011","Menzieshill - 05","S01007843",354,137,59,78,0,152,146,6,61,55,6,4
"2011","Menzieshill - 06","S01007844",520,191,78,113,0,244,238,6,81,73,8,4
"2011","Charleston - 01","S01007845",427,160,75,85,1,236,196,40,28,24,4,2
"2011","Charleston - 02","S01007846",337,193,81,112,4,107,105,2,29,24,5,4
"2011","Charleston - 03","S01007847",437,179,81,98,0,215,180,35,38,32,6,5
"2011","Charleston - 04","S01007848",447,104,40,64,1,299,278,21,37,35,2,6
"2011","Charleston - 05","S01007849",413,206,85,121,0,176,135,41,31,25,6,0
"2011","Lochee - 01","S01007850",293,167,120,47,0,107,104,3,18,16,2,1
"2011","Lochee - 02","S01007851",479,295,159,136,2,162,72,90,17,13,4,3
"2011","Lochee - 03","S01007852",356,120,48,72,0,209,204,5,26,25,1,1
"2011","Lochee - 04","S01007853",413,79,40,39,0,275,161,114,56,52,4,3
"2011","Lochee - 05","S01007854",548,148,62,86,0,351,253,98,48,41,7,1
"2011","Lochee - 06","S01007855",310,89,36,53,1,140,128,12,77,68,9,3
"2011","Lochee - 07","S01007856",348,255,115,140,1,61,47,14,30,24,6,1
"2011","Ardler and St Marys - 01","S01007857",233,53,23,30,1,172,9,163,6,5,1,1
"2011","Ardler and St Marys - 02","S01007858",533,126,40,86,14,369,12,357,22,17,5,2
"2011","Ardler and St Marys - 03","S01007859",246,38,8,30,0,196,6,190,12,12,0,0
"2011","Ardler and St Marys - 04","S01007860",237,95,8,87,2,129,6,123,11,9,2,0
"2011","Ardler and St Marys - 05","S01007861",254,168,77,91,0,76,74,2,10,10,0,0
"2011","Ardler and St Marys - 06","S01007862",308,197,88,109,0,85,84,1,23,16,7,3
"2011","Ardler and St Marys - 07","S01007863",441,145,66,79,1,272,271,1,23,22,1,0
"2011","Ardler and St Marys - 08","S01007864",486,278,143,135,1,172,169,3,32,28,4,3
"2011","Western Edge - 01","S01007865",229,212,20,192,1,7,6,1,8,7,1,1
"2011","Western Edge - 02","S01007866",209,195,29,166,0,2,2,0,12,10,2,0
"2011","Western Edge - 03","S01007867",195,136,43,93,0,17,9,8,36,34,2,6
"2011","Western Edge - 04","S01007868",351,333,188,145,0,8,7,1,8,8,0,2
"2011","Western Edge - 05","S01007869",362,304,127,177,2,6,6,0,48,44,4,2
"2011","Overtown - 01","S01011357",354,243,120,123,0,95,63,32,14,12,2,2
"2011","Overtown - 02","S01011358",186,168,26,142,0,4,3,1,12,12,0,2
"2011","Overtown - 03","S01011359",368,219,106,113,1,120,117,3,20,19,1,8
"2011","Overtown - 04","S01011360",354,67,22,45,5,271,87,184,11,9,2,0
"2011","Overtown - 05","S01011361",343,17,5,12,3,322,311,11,1,1,0,0
"2011","Overtown - 06","S01011362",199,182,52,130,0,10,9,1,7,4,3,0
"2011","Netherton and Kirkhill - 01","S01011363",429,236,117,119,1,156,100,56,33,27,6,3
"2011","Netherton and Kirkhill - 02","S01011364",272,215,67,148,1,40,20,20,13,11,2,3
"2011","Netherton and Kirkhill - 03","S01011365",207,187,32,155,0,12,11,1,8,8,0,0
"2011","Netherton and Kirkhill - 04","S01011366",238,145,63,82,9,68,66,2,13,11,2,3
"2011","Netherton and Kirkhill - 05","S01011367",400,219,90,129,0,162,150,12,16,15,1,3
"2011","Muirhouse - 01","S01011368",291,235,29,206,0,7,7,0,49,48,1,0
"2011","Muirhouse - 02","S01011369",380,211,98,113,2,157,121,36,7,6,1,3
"2011","Muirhouse - 03","S01011370",307,229,36,193,1,50,47,3,27,25,2,0
"2011","Muirhouse - 04","S01011371",503,101,31,70,8,382,305,77,11,10,1,1
"2011","Muirhouse - 05","S01011372",411,33,14,19,0,372,343,29,5,5,0,1
"2011","Muirhouse and Knowetop - 01","S01011373",350,78,25,53,0,258,252,6,14,13,1,0
"2011","Muirhouse and Knowetop - 02","S01011374",276,173,23,150,27,48,15,33,28,28,0,0
"2011","Muirhouse and Knowetop - 03","S01011375",295,153,68,85,0,136,136,0,6,6,0,0
"2011","Muirhouse and Knowetop - 04","S01011376",326,24,11,13,0,298,296,2,4,4,0,0
"2011","Muirhouse and Knowetop - 05","S01011377",262,226,115,111,0,26,12,14,8,7,1,2
"2011","Muirhouse and Knowetop - 06","S01011378",362,274,136,138,0,71,71,0,14,13,1,3
"2011","Muirhouse and Knowetop - 07","S01011379",342,308,108,200,0,15,13,2,18,18,0,1
"2011","Muirhouse and Knowetop - 08","S01011380",357,195,79,116,0,115,99,16,38,35,3,9
"2011","Muirhouse and Knowetop - 09","S01011381",302,201,84,117,4,58,38,20,34,18,16,5
"2011","Craigneuk Wishaw - 01","S01011382",286,88,20,68,0,127,82,45,70,65,5,1
"2011","Craigneuk Wishaw - 02","S01011383",394,97,40,57,0,277,241,36,19,17,2,1
"2011","Craigneuk Wishaw - 03","S01011384",328,63,19,44,0,258,254,4,6,4,2,1
"2011","Craigneuk Wishaw - 04","S01011385",441,161,71,90,0,255,249,6,23,20,3,2
"2011","Craigneuk Wishaw - 05","S01011386",208,56,15,41,0,138,137,1,13,13,0,1
"2011","Craigneuk Wishaw - 06","S01011387",366,121,28,93,0,196,190,6,48,48,0,1
"2011","Pather - 01","S01011388",435,296,43,253,10,84,32,52,40,36,4,5
"2011","Pather - 02","S01011389",415,159,41,118,3,175,96,79,74,73,1,4
"2011","Pather - 03","S01011390",342,164,71,93,0,163,156,7,11,9,2,4
"2011","Pather - 04","S01011391",254,127,44,83,0,118,118,0,8,7,1,1
"2011","Pather - 05","S01011392",287,115,35,80,1,157,156,1,14,14,0,0
"2011","Wishaw South - 01","S01011393",374,233,107,126,1,114,110,4,23,22,1,3
"2011","Wishaw South - 02","S01011394",212,165,17,148,0,38,36,2,7,6,1,2
"2011","Wishaw South - 03","S01011395",409,164,70,94,2,190,43,147,52,48,4,1
"2011","Wishaw South - 04","S01011396",402,182,82,100,2,186,96,90,28,25,3,4
"2011","Wishaw South - 05","S01011397",364,161,57,104,0,180,115,65,17,14,3,6
"2011","Wishaw South - 06","S01011398",322,144,45,99,0,158,129,29,19,18,1,1
"2011","Wishaw South - 07","S01011399",240,95,32,63,0,131,129,2,13,12,1,1
"2011","Wishaw North - 01","S01011400",357,207,71,136,0,83,39,44,61,51,10,6
"2011","Wishaw North - 02","S01011401",287,185,67,118,10,73,40,33,14,11,3,5
"2011","Wishaw North - 03","S01011402",492,357,214,143,2,95,93,2,29,26,3,9
"2011","Wishaw North - 04","S01011403",208,130,44,86,0,63,62,1,13,12,1,2
"2011","Wishaw North - 05","S01011404",468,237,95,142,0,195,176,19,32,26,6,4
"2011","Wishaw North - 06","S01011405",298,197,109,88,0,84,80,4,12,11,1,5
"2011","Wishaw North - 07","S01011406",287,183,87,96,0,88,85,3,12,10,2,4
"2011","Wishaw North - 08","S01011407",506,375,175,200,0,94,89,5,30,25,5,7
"2011","Coltness - 01","S01011408",369,224,83,141,1,122,121,1,18,17,1,4
"2011","Coltness - 02","S01011409",362,145,36,109,0,207,130,77,9,9,0,1
"2011","Coltness - 03","S01011410",316,200,97,103,2,106,73,33,6,4,2,2
"2011","Coltness - 04","S01011411",285,185,77,108,0,90,87,3,8,6,2,2
"2011","Coltness - 05","S01011412",357,339,190,149,0,15,14,1,2,1,1,1
"2011","Wishaw East - 01","S01011413",218,194,41,153,0,7,5,2,15,14,1,2
"2011","Wishaw East - 02","S01011414",377,203,81,122,1,149,144,5,17,14,3,7
"2011","Wishaw East - 03","S01011415",408,287,90,197,0,101,90,11,17,14,3,3
"2011","Wishaw East - 04","S01011416",240,226,98,128,0,5,4,1,8,7,1,1
"2011","Newmains - 01","S01011417",374,259,128,131,0,76,74,2,32,27,5,7
"2011","Newmains - 02","S01011418",264,125,49,76,0,128,128,0,9,8,1,2
"2011","Newmains - 03","S01011419",253,147,56,91,0,92,86,6,13,13,0,1
"2011","Newmains - 04","S01011420",250,71,32,39,0,150,149,1,26,26,0,3
"2011","Newmains - 05","S01011421",233,189,21,168,0,11,7,4,32,31,1,1
"2011","Newmains - 06","S01011422",264,148,55,93,1,97,97,0,17,17,0,1
"2011","Newmains - 07","S01011423",221,91,32,59,0,113,111,2,17,12,5,0
"2011","Newmains - 08","S01011424",237,161,60,101,0,63,44,19,13,9,4,0
"2011","Newmains - 09","S01011425",348,175,86,89,0,153,110,43,17,14,3,3
"2011","Allanton - Newmains Rural - 01","S01011426",356,315,98,217,0,15,14,1,21,18,3,5
"2011","Allanton - Newmains Rural - 02","S01011427",303,162,66,96,0,123,122,1,17,16,1,1
"2011","Allanton - Newmains Rural - 03","S01011428",243,146,69,77,0,91,89,2,6,6,0,0
"2011","Allanton - Newmains Rural - 04","S01011429",240,218,74,144,1,9,9,0,9,7,2,3
"2011","Shotts - 01","S01011430",368,286,93,193,0,40,39,1,38,33,5,4
"2011","Shotts - 02","S01011431",506,256,104,152,0,216,199,17,34,34,0,0
"2011","Shotts - 03","S01011432",467,283,117,166,1,163,160,3,18,15,3,2
"2011","Shotts - 04","S01011433",369,102,40,62,0,251,248,3,16,16,0,0
"2011","Shotts - 05","S01011434",250,171,81,90,0,67,66,1,11,11,0,1
"2011","Stane - 01","S01011435",374,319,109,210,0,17,15,2,33,31,2,5
"2011","Stane - 02","S01011436",370,139,50,89,0,198,196,2,28,28,0,5
"2011","Stane - 03","S01011437",354,165,54,111,1,162,161,1,25,23,2,1
"2011","Stane - 04","S01011438",241,56,12,44,0,176,172,4,8,7,1,1
"2011","Harthill and Salsburgh - 01","S01011439",396,217,96,121,0,152,128,24,24,19,5,3
"2011","Harthill and Salsburgh - 02","S01011440",276,145,53,92,0,119,119,0,12,12,0,0
"2011","Harthill and Salsburgh - 03","S01011441",343,159,71,88,1,161,121,40,22,20,2,0
"2011","Harthill and Salsburgh - 04","S01011442",327,167,71,96,0,125,97,28,32,32,0,3
"2011","Harthill and Salsburgh - 05","S01011443",288,165,78,87,1,114,91,23,8,8,0,0
"2011","Harthill and Salsburgh - 06","S01011444",334,152,63,89,0,172,171,1,9,9,0,1
"2011","Harthill and Salsburgh - 07","S01011445",251,165,56,109,0,70,69,1,14,14,0,2
"2011","Harthill and Salsburgh - 08","S01011446",231,161,80,81,0,56,55,1,12,10,2,2
"2011","Cleland - 01","S01011447",369,179,53,126,0,170,169,1,17,12,5,3
"2011","Cleland - 02","S01011448",377,279,115,164,1,58,58,0,35,32,3,4
"2011","Cleland - 03","S01011449",276,110,50,60,0,134,132,2,29,26,3,3
"2011","Cleland - 04","S01011450",239,193,63,130,0,31,31,0,14,13,1,1
"2011","Cleland - 05","S01011451",212,175,50,125,0,22,20,2,15,13,2,0
"2011","Newarthill - 01","S01011452",412,317,125,192,0,57,49,8,34,29,5,4
"2011","Newarthill - 02","S01011453",301,211,101,110,0,68,48,20,19,17,2,3
"2011","Newarthill - 03","S01011454",351,177,58,119,0,153,135,18,19,19,0,2
"2011","Newarthill - 04","S01011455",329,165,69,96,0,147,146,1,14,12,2,3
"2011","Carfin North - 01","S01011456",356,184,62,122,1,160,158,2,8,7,1,3
"2011","Carfin North - 02","S01011457",382,169,63,106,3,193,185,8,17,14,3,0
"2011","Carfin North - 03","S01011458",374,311,55,256,1,49,48,1,12,12,0,1
"2011","Carfin North - 04","S01011459",420,299,52,247,0,79,78,1,37,35,2,5
"2011","Clydesdale and New Stevenston - 01","S01011460",292,150,23,127,0,133,127,6,9,9,0,0
"2011","Clydesdale and New Stevenston - 02","S01011461",332,145,31,114,5,130,90,40,52,43,9,0
"2011","Clydesdale and New Stevenston - 03","S01011462",404,274,103,171,0,95,90,5,33,31,2,2
"2011","Clydesdale and New Stevenston - 04","S01011463",307,230,80,150,0,54,53,1,19,18,1,4
"2011","Carfin and Cleekhimin - 01","S01011464",223,177,17,160,0,26,21,5,20,20,0,0
"2011","Carfin and Cleekhimin - 02","S01011465",223,79,30,49,1,135,89,46,7,7,0,1
"2011","Carfin and Cleekhimin - 03","S01011466",316,124,50,74,3,168,163,5,20,18,2,1
"2011","Carfin and Cleekhimin - 04","S01011467",231,134,37,97,0,77,76,1,20,19,1,0
"2011","Carfin and Cleekhimin - 05","S01011468",310,261,28,233,2,9,6,3,36,31,5,2
"2011","Carfin and Cleekhimin - 06","S01011469",318,102,16,86,1,173,168,5,42,41,1,0
"2011","Carfin and Cleekhimin - 07","S01011470",491,272,104,168,0,170,168,2,45,39,6,4
"2011","Motherwell South - 01","S01011471",455,276,128,148,1,142,91,51,32,29,3,4
"2011","Motherwell South - 02","S01011472",535,134,58,76,2,366,361,5,33,29,4,0
"2011","Motherwell South - 03","S01011473",431,91,39,52,1,311,307,4,25,22,3,3
"2011","Motherwell South - 04","S01011474",481,107,37,70,2,301,243,58,68,62,6,3
"2011","Motherwell South - 05","S01011475",391,41,17,24,0,336,334,2,14,11,3,0
"2011","Ladywell - 01","S01011476",198,183,92,91,0,6,2,4,8,4,4,1
"2011","Ladywell - 02","S01011477",335,320,171,149,0,8,7,1,5,5,0,2
"2011","Ladywell - 03","S01011478",442,371,152,219,1,21,6,15,44,38,6,5
"2011","Ladywell - 04","S01011479",380,323,169,154,0,13,9,4,41,38,3,3
"2011","Ladywell - 05","S01011480",467,394,194,200,0,12,9,3,54,48,6,7
"2011","Motherwell West - 01","S01011481",336,254,59,195,1,60,46,14,16,14,2,5
"2011","Motherwell West - 02","S01011482",424,204,87,117,1,173,131,42,43,40,3,3
"2011","Motherwell West - 03","S01011483",221,201,83,118,0,4,1,3,16,15,1,0
"2011","Motherwell West - 04","S01011484",381,164,56,108,1,202,194,8,9,7,2,5
"2011","Motherwell West - 05","S01011485",371,154,52,102,4,185,180,5,27,26,1,1
"2011","Motherwell North - 01","S01011486",235,70,31,39,0,155,102,53,8,8,0,2
"2011","Motherwell North - 02","S01011487",429,180,49,131,2,223,100,123,22,20,2,2
"2011","Motherwell North - 03","S01011488",284,118,51,67,0,146,24,122,18,13,5,2
"2011","Motherwell North - 04","S01011489",260,187,18,169,5,58,7,51,10,9,1,0
"2011","Forgewood - 01","S01011490",473,253,70,183,0,178,173,5,38,30,8,4
"2011","Forgewood - 02","S01011491",262,93,30,63,1,151,111,40,15,13,2,2
"2011","Forgewood - 03","S01011492",395,102,24,78,7,140,43,97,146,144,2,0
"2011","Forgewood - 04","S01011493",170,163,24,139,1,3,1,2,3,3,0,0
"2011","Forgewood - 05","S01011494",332,188,65,123,0,132,114,18,11,8,3,1
"2011","Forgewood - 06","S01011495",369,152,64,88,5,190,188,2,20,18,2,2
"2011","Forgewood - 07","S01011496",308,48,14,34,3,246,53,193,10,9,1,1
"2011","Holytown - 01","S01011497",256,206,56,150,1,14,9,5,35,32,3,0
"2011","Holytown - 02","S01011498",230,209,44,165,0,11,9,2,10,8,2,0
"2011","Holytown - 03","S01011499",370,245,76,169,1,88,83,5,29,23,6,7
"2011","Holytown - 04","S01011500",219,148,60,88,0,55,51,4,14,12,2,2
"2011","Holytown - 05","S01011501",325,108,37,71,1,196,196,0,18,18,0,2
"2011","Holytown - 06","S01011502",305,185,59,126,0,110,98,12,8,8,0,2
"2011","Holytown - 07","S01011503",253,171,63,108,0,72,59,13,8,7,1,2
"2011","Holytown - 08","S01011504",237,172,81,91,1,52,35,17,10,10,0,2
"2011","Milnwood - 01","S01011505",322,136,37,99,0,145,127,18,40,37,3,1
"2011","Milnwood - 02","S01011506",237,171,79,92,0,57,51,6,5,4,1,4
"2011","Milnwood - 03","S01011507",293,168,72,96,0,110,95,15,11,9,2,4
"2011","Milnwood - 04","S01011508",468,254,62,192,0,138,106,32,73,69,4,3
"2011","Milnwood - 05","S01011509",247,184,73,111,0,50,48,2,12,10,2,1
"2011","Milnwood - 06","S01011510",435,218,76,142,0,179,178,1,33,32,1,5
"2011","Milnwood - 07","S01011511",255,105,41,64,0,143,141,2,5,5,0,2
"2011","Orbiston - 01","S01011512",482,100,25,75,7,360,279,81,13,10,3,2
"2011","Orbiston - 02","S01011513",358,129,51,78,0,215,214,1,12,12,0,2
"2011","Orbiston - 03","S01011514",337,148,52,96,0,182,142,40,7,6,1,0
"2011","Orbiston - 04","S01011515",280,205,63,142,0,15,15,0,59,56,3,1
"2011","Orbiston - 05","S01011516",358,316,90,226,0,12,12,0,28,26,2,2
"2011","Orbiston - 06","S01011517",225,158,67,91,0,56,54,2,8,7,1,3
"2011","Orbiston - 07","S01011518",302,137,50,87,1,149,127,22,13,10,3,2
"2011","Bellshill South - 01","S01011519",310,168,70,98,0,129,128,1,11,11,0,2
"2011","Bellshill South - 02","S01011520",273,85,20,65,0,177,172,5,9,9,0,2
"2011","Bellshill South - 03","S01011521",441,189,69,120,2,196,141,55,51,49,2,3
"2011","Bellshill South - 04","S01011522",463,189,58,131,3,222,124,98,47,43,4,2
"2011","Bellshill South - 05","S01011523",340,155,42,113,0,109,94,15,72,71,1,4
"2011","Bellshill South - 06","S01011524",396,306,95,211,1,60,42,18,24,22,2,5
"2011","Hattonrigg - 01","S01011525",348,264,58,206,0,66,64,2,17,14,3,1
"2011","Hattonrigg - 02","S01011526",422,274,90,184,0,106,97,9,41,39,2,1
"2011","Hattonrigg - 03","S01011527",290,231,111,120,0,40,39,1,16,15,1,3
"2011","Bellshill Central - 01","S01011528",495,243,116,127,0,216,211,5,30,28,2,6
"2011","Bellshill Central - 02","S01011529",291,92,36,56,1,184,182,2,14,14,0,0
"2011","Bellshill Central - 03","S01011530",468,224,82,142,3,215,140,75,22,20,2,4
"2011","Bellshill Central - 04","S01011531",473,335,109,226,0,92,88,4,41,38,3,5
"2011","Fallside - 01","S01011532",237,201,39,162,0,19,14,5,16,16,0,1
"2011","Fallside - 02","S01011533",315,130,53,77,0,172,161,11,13,12,1,0
"2011","Fallside - 03","S01011534",341,182,65,117,0,138,82,56,18,15,3,3
"2011","Fallside - 04","S01011535",467,115,54,61,0,338,291,47,13,11,2,1
"2011","Fallside - 05","S01011536",269,247,96,151,0,7,6,1,15,13,2,0
"2011","Fallside - 06","S01011537",252,219,51,168,0,4,2,2,28,19,9,1
"2011","Fallside - 07","S01011538",259,236,102,134,1,3,2,1,17,16,1,2
"2011","Viewpark - 01","S01011539",312,172,68,104,0,127,122,5,12,11,1,1
"2011","Viewpark - 02","S01011540",431,280,77,203,0,130,104,26,17,16,1,4
"2011","Viewpark - 03","S01011541",382,135,45,90,1,227,200,27,11,10,1,8
"2011","Viewpark - 04","S01011542",374,204,71,133,1,155,154,1,14,14,0,0
"2011","Viewpark - 05","S01011543",325,117,25,92,0,201,199,2,7,5,2,0
"2011","Viewpark - 06","S01011544",295,138,34,104,0,148,146,2,9,8,1,0
"2011","Viewpark - 07","S01011545",252,152,56,96,0,90,88,2,9,7,2,1
"2011","Birkenshaw - 01","S01011546",236,226,30,196,1,4,3,1,5,5,0,0
"2011","Birkenshaw - 02","S01011547",216,190,28,162,1,6,6,0,18,16,2,1
"2011","Birkenshaw - 03","S01011548",331,237,107,130,7,63,25,38,18,14,4,6
"2011","Birkenshaw - 04","S01011549",318,276,136,140,1,31,27,4,4,2,2,6
"2011","Birkenshaw - 05","S01011550",277,264,140,124,0,9,6,3,2,1,1,2
"2011","Birkenshaw - 06","S01011551",227,167,69,98,0,46,9,37,13,12,1,1
"2011","Birkenshaw - 07","S01011552",269,241,96,145,0,15,15,0,11,11,0,2
"2011","Kirkwood and Bargeddie - 01","S01011553",267,238,32,206,0,9,9,0,19,18,1,1
"2011","Kirkwood and Bargeddie - 02","S01011554",372,266,110,156,0,92,89,3,13,11,2,1
"2011","Kirkwood and Bargeddie - 03","S01011555",236,121,31,90,0,98,97,1,16,10,6,1
"2011","Kirkwood and Bargeddie - 04","S01011556",251,125,50,75,0,105,105,0,21,19,2,0
"2011","Kirkwood and Bargeddie - 05","S01011557",303,181,56,125,1,102,97,5,17,16,1,2
"2011","Kirkwood and Bargeddie - 06","S01011558",242,107,33,74,0,125,122,3,8,8,0,2
"2011","Kirkwood and Bargeddie - 07","S01011559",246,127,39,88,0,101,98,3,17,16,1,1
"2011","Kirkwood and Bargeddie - 08","S01011560",318,171,50,121,8,130,127,3,9,9,0,0
"2011","Kirkwood and Bargeddie - 09","S01011561",302,164,53,111,0,126,123,3,11,11,0,1
"2011","Kirkshaws - 01","S01011562",270,71,14,57,1,184,40,144,13,13,0,1
"2011","Kirkshaws - 02","S01011563",287,99,36,63,0,174,54,120,14,12,2,0
"2011","Kirkshaws - 03","S01011564",410,284,92,192,1,100,90,10,23,20,3,2
"2011","Kirkshaws - 04","S01011565",365,201,40,161,7,129,66,63,27,27,0,1
"2011","Kirkshaws - 05","S01011566",374,154,48,106,0,198,181,17,20,19,1,2
"2011","Kirkshaws - 06","S01011567",454,239,106,133,0,196,153,43,15,13,2,4
"2011","Kirkshaws - 07","S01011568",320,239,64,175,2,56,39,17,18,16,2,5
"2011","Dundyvan - 01","S01011569",414,287,111,176,1,102,98,4,20,15,5,4
"2011","Dundyvan - 02","S01011570",329,185,79,106,1,106,105,1,34,29,5,3
"2011","Dundyvan - 03","S01011571",389,113,27,86,0,236,234,2,37,37,0,3
"2011","Dundyvan - 04","S01011572",294,139,54,85,0,108,84,24,42,39,3,5
"2011","Dundyvan - 05","S01011573",474,304,48,256,3,128,113,15,37,36,1,2
"2011","Dundyvan - 06","S01011574",296,221,50,171,0,55,51,4,18,18,0,2
"2011","Dundyvan - 07","S01011575",229,125,29,96,0,67,63,4,36,34,2,1
"2011","Dundyvan - 08","S01011576",374,79,31,48,0,287,286,1,8,8,0,0
"2011","Drumpellier and Langloan - 01","S01011577",328,192,55,137,0,89,69,20,46,38,8,1
"2011","Drumpellier and Langloan - 02","S01011578",355,150,36,114,0,189,186,3,14,13,1,2
"2011","Drumpellier and Langloan - 03","S01011579",413,383,184,199,0,8,8,0,18,16,2,4
"2011","Coatbridge West - 01","S01011580",311,156,38,118,1,130,121,9,22,17,5,2
"2011","Coatbridge West - 02","S01011581",463,136,55,81,2,296,293,3,26,25,1,3
"2011","Coatbridge West - 03","S01011582",477,414,182,232,0,8,7,1,50,47,3,5
"2011","Coatbridge West - 04","S01011583",332,182,59,123,0,100,81,19,47,43,4,3
"2011","Coatbridge West - 05","S01011584",325,188,59,129,0,113,107,6,22,18,4,2
"2011","Townhead - 01","S01011585",336,204,82,122,1,91,89,2,38,34,4,2
"2011","Townhead - 02","S01011586",239,122,46,76,0,81,78,3,32,27,5,4
"2011","Townhead - 03","S01011587",236,102,33,69,1,111,109,2,21,19,2,1
"2011","Townhead - 04","S01011588",302,166,72,94,0,116,32,84,19,18,1,1
"2011","Townhead - 05","S01011589",347,245,104,141,0,91,37,54,10,10,0,1
"2011","Townhead - 06","S01011590",287,150,51,99,0,126,75,51,10,7,3,1
"2011","Townhead - 07","S01011591",268,110,29,81,0,145,142,3,13,13,0,0
"2011","Sunnyside and Cliftonville - 01","S01011592",353,100,29,71,0,211,205,6,40,38,2,2
"2011","Sunnyside and Cliftonville - 02","S01011593",325,213,79,134,0,95,93,2,15,13,2,2
"2011","Sunnyside and Cliftonville - 03","S01011594",221,130,55,75,0,61,60,1,28,25,3,2
"2011","Sunnyside and Cliftonville - 04","S01011595",301,230,79,151,0,6,6,0,62,57,5,3
"2011","Sunnyside and Cliftonville - 05","S01011596",489,307,121,186,2,71,52,19,108,105,3,1
"2011","Sunnyside and Cliftonville - 06","S01011597",268,198,52,146,0,13,13,0,55,54,1,2
"2011","Cliftonville - 01","S01011598",544,24,11,13,7,506,502,4,7,5,2,0
"2011","Cliftonville - 02","S01011599",362,234,97,137,0,91,91,0,32,25,7,5
"2011","Cliftonville - 03","S01011600",392,218,97,121,0,108,89,19,65,58,7,1
"2011","Cliftonville - 04","S01011601",316,277,59,218,0,8,8,0,29,26,3,2
"2011","Shawhead and Whifflet - 01","S01011602",266,123,56,67,0,128,109,19,11,9,2,4
"2011","Shawhead and Whifflet - 02","S01011603",443,175,77,98,2,232,228,4,29,28,1,5
"2011","Shawhead and Whifflet - 03","S01011604",293,144,50,94,2,139,137,2,5,4,1,3
"2011","Shawhead and Whifflet - 04","S01011605",376,253,104,149,0,96,95,1,20,20,0,7
"2011","Greenend and Carnbroe - 01","S01011606",342,314,41,273,0,15,11,4,11,10,1,2
"2011","Greenend and Carnbroe - 02","S01011607",231,212,73,139,0,3,2,1,14,13,1,2
"2011","Greenend and Carnbroe - 03","S01011608",360,305,76,229,0,16,14,2,36,29,7,3
"2011","Greenend and Carnbroe - 04","S01011609",479,110,45,65,3,330,303,27,34,32,2,2
"2011","Greenend and Carnbroe - 05","S01011610",362,124,33,91,0,210,164,46,27,25,2,1
"2011","Greenend and Carnbroe - 06","S01011611",258,212,73,139,0,27,14,13,19,15,4,0
"2011","Greenend and Carnbroe - 07","S01011612",211,192,17,175,0,5,2,3,11,11,0,3
"2011","Calderbank and Brownsburn - 01","S01011613",374,339,166,173,0,12,9,3,22,20,2,1
"2011","Calderbank and Brownsburn - 02","S01011614",183,134,49,85,0,40,39,1,7,2,5,2
"2011","Calderbank and Brownsburn - 03","S01011615",296,163,60,103,0,112,109,3,19,15,4,2
"2011","Calderbank and Brownsburn - 04","S01011616",211,95,44,51,0,92,90,2,21,21,0,3
"2011","Chapelhall West - 01","S01011617",388,244,94,150,1,121,118,3,20,19,1,2
"2011","Chapelhall West - 02","S01011618",277,169,61,108,0,78,75,3,28,23,5,2
"2011","Chapelhall West - 03","S01011619",406,356,72,284,0,20,9,11,28,25,3,2
"2011","Chapelhall East - 01","S01011620",394,361,45,316,0,14,9,5,18,16,2,1
"2011","Chapelhall East - 02","S01011621",286,222,78,144,1,40,8,32,23,21,2,0
"2011","Chapelhall East - 03","S01011622",230,204,39,165,0,6,5,1,18,16,2,2
"2011","Chapelhall East - 04","S01011623",314,179,70,109,1,108,78,30,25,23,2,1
"2011","Chapelhall East - 05","S01011624",294,225,47,178,0,45,45,0,23,22,1,1
"2011","Craigneuk Airdrie - 01","S01011625",240,120,41,79,12,98,41,57,9,8,1,1
"2011","Craigneuk Airdrie - 02","S01011626",289,259,52,207,0,10,10,0,15,14,1,5
"2011","Craigneuk Airdrie - 03","S01011627",260,228,42,186,0,10,7,3,20,20,0,2
"2011","Craigneuk Airdrie - 04","S01011628",410,365,141,224,0,23,21,2,18,17,1,4
"2011","Craigneuk Airdrie - 05","S01011629",240,161,69,92,0,64,63,1,13,13,0,2
"2011","Petersburn - 01","S01011630",255,166,73,93,0,76,74,2,11,9,2,2
"2011","Petersburn - 02","S01011631",245,63,13,50,0,173,168,5,8,6,2,1
"2011","Petersburn - 03","S01011632",315,149,53,96,1,144,141,3,19,17,2,2
"2011","Petersburn - 04","S01011633",321,139,55,84,2,161,138,23,18,16,2,1
"2011","Petersburn - 05","S01011634",235,78,20,58,13,123,44,79,20,19,1,1
"2011","Petersburn - 06","S01011635",274,85,18,67,7,153,5,148,27,26,1,2
"2011","Gartlea - 01","S01011636",283,141,49,92,1,122,114,8,18,16,2,1
"2011","Gartlea - 02","S01011637",299,166,68,98,0,108,105,3,24,22,2,1
"2011","Gartlea - 03","S01011638",260,149,62,87,0,81,51,30,30,27,3,0
"2011","Gartlea - 04","S01011639",250,124,55,69,0,98,94,4,26,21,5,2
"2011","Gartlea - 05","S01011640",259,143,57,86,0,102,49,53,14,11,3,0
"2011","Cairnhill - 01","S01011641",195,187,82,105,0,3,2,1,2,2,0,3
"2011","Cairnhill - 02","S01011642",352,243,118,125,0,100,13,87,9,9,0,0
"2011","Cairnhill - 03","S01011643",238,160,40,120,0,40,39,1,37,34,3,1
"2011","Cairnhill - 04","S01011644",339,231,105,126,0,81,19,62,23,21,2,4
"2011","Cairnhill - 05","S01011645",257,170,89,81,0,67,67,0,19,17,2,1
"2011","Cairnhill - 06","S01011646",262,252,129,123,0,4,3,1,6,6,0,0
"2011","Cairnhill - 07","S01011647",330,294,74,220,0,10,8,2,25,24,1,1
"2011","Coatdyke and Whinhall - 01","S01011648",276,173,37,136,0,90,80,10,12,12,0,1
"2011","Coatdyke and Whinhall - 02","S01011649",243,115,35,80,1,103,99,4,23,20,3,1
"2011","Coatdyke and Whinhall - 03","S01011650",308,222,113,109,0,62,59,3,20,20,0,4
"2011","Coatdyke and Whinhall - 04","S01011651",446,296,125,171,1,74,71,3,72,68,4,3
"2011","Coatdyke and Whinhall - 05","S01011652",311,260,105,155,0,14,14,0,34,32,2,3
"2011","Coatdyke and Whinhall - 06","S01011653",340,196,73,123,0,113,111,2,27,24,3,4
"2011","Coatdyke and Whinhall - 07","S01011654",521,223,88,135,0,206,190,16,81,72,9,11
"2011","Thrashbush - 01","S01011655",471,161,66,95,1,236,212,24,68,59,9,5
"2011","Thrashbush - 02","S01011656",287,82,32,50,1,184,183,1,20,19,1,0
"2011","Thrashbush - 03","S01011657",281,83,25,58,2,160,157,3,36,30,6,0
"2011","Thrashbush - 04","S01011658",304,174,60,114,0,101,97,4,17,14,3,12
"2011","Thrashbush - 05","S01011659",353,175,83,92,0,156,132,24,19,17,2,3
"2011","Thrashbush - 06","S01011660",379,302,129,173,0,50,48,2,23,20,3,4
"2011","Thrashbush - 07","S01011661",246,164,68,96,0,64,33,31,15,15,0,3
"2011","Thrashbush - 08","S01011662",237,218,51,167,0,4,4,0,13,13,0,2
"2011","Airdrie North - 01","S01011663",428,132,23,109,2,256,215,41,36,35,1,2
"2011","Airdrie North - 02","S01011664",408,212,62,150,0,177,172,5,18,14,4,1
"2011","Airdrie North - 03","S01011665",428,150,43,107,0,229,215,14,48,40,8,1
"2011","Airdrie North - 04","S01011666",454,170,85,85,3,252,187,65,27,26,1,2
"2011","Airdrie North - 05","S01011667",375,182,70,112,2,150,124,26,35,30,5,6
"2011","Airdrie North - 06","S01011668",429,166,49,117,0,226,225,1,36,33,3,1
"2011","Drumgelloch - 01","S01011669",299,222,114,108,0,40,38,2,34,28,6,3
"2011","Drumgelloch - 02","S01011670",234,108,34,74,0,99,98,1,24,22,2,3
"2011","Drumgelloch - 03","S01011671",316,231,113,118,0,50,50,0,30,26,4,5
"2011","Drumgelloch - 04","S01011672",275,149,78,71,0,104,102,2,22,18,4,0
"2011","Drumgelloch - 05","S01011673",275,149,60,89,0,108,108,0,16,14,2,2
"2011","Drumgelloch - 06","S01011674",434,302,98,204,8,96,69,27,24,21,3,4
"2011","Caldercruix and Plains - 01","S01011675",387,230,78,152,0,133,129,4,21,19,2,3
"2011","Caldercruix and Plains - 02","S01011676",311,142,50,92,0,153,151,2,16,15,1,0
"2011","Caldercruix and Plains - 03","S01011677",258,147,22,125,0,37,32,5,69,67,2,5
"2011","Caldercruix and Plains - 04","S01011678",222,92,52,40,0,114,114,0,16,15,1,0
"2011","Caldercruix and Plains - 05","S01011679",204,179,33,146,0,8,7,1,16,16,0,1
"2011","Caldercruix and Plains - 06","S01011680",454,179,76,103,2,253,231,22,19,16,3,1
"2011","Caldercruix and Plains - 07","S01011681",345,199,66,133,0,130,128,2,16,12,4,0
"2011","Caldercruix and Plains - 08","S01011682",182,158,74,84,1,3,2,1,16,12,4,4
"2011","Glenmavis and Greengairs - 01","S01011683",306,193,74,119,0,84,83,1,25,23,2,4
"2011","Glenmavis and Greengairs - 02","S01011684",234,170,72,98,1,49,48,1,13,9,4,1
"2011","Glenmavis and Greengairs - 03","S01011685",279,253,56,197,0,9,9,0,15,14,1,2
"2011","Glenmavis and Greengairs - 04","S01011686",344,308,127,181,1,11,10,1,21,18,3,3
"2011","Glenmavis and Greengairs - 05","S01011687",386,211,66,145,2,149,147,2,21,21,0,3
"2011","Glenmavis and Greengairs - 06","S01011688",307,227,65,162,0,56,52,4,20,16,4,4
"2011","Gartcosh and Marnock - 01","S01011689",248,224,77,147,1,11,10,1,9,7,2,3
"2011","Gartcosh and Marnock - 02","S01011690",396,293,63,230,1,83,80,3,16,14,2,3
"2011","Gartcosh and Marnock - 03","S01011691",224,180,42,138,0,23,22,1,20,17,3,1
"2011","Gartcosh and Marnock - 04","S01011692",455,220,81,139,0,211,203,8,23,19,4,1
"2011","Gartcosh and Marnock - 05","S01011693",367,274,86,188,0,49,46,3,41,31,10,3
"2011","Gartcosh and Marnock - 06","S01011694",200,163,22,141,0,24,22,2,13,13,0,0
"2011","Gartcosh and Marnock - 07","S01011695",333,295,66,229,0,17,17,0,21,19,2,0
"2011","Cardowan and Millerston - 01","S01011696",351,332,57,275,0,4,3,1,12,9,3,3
"2011","Cardowan and Millerston - 02","S01011697",398,309,74,235,0,63,59,4,22,20,2,4
"2011","Cardowan and Millerston - 03","S01011698",271,186,74,112,3,71,64,7,8,5,3,3
"2011","Cardowan and Millerston - 04","S01011699",387,335,143,192,0,20,18,2,29,21,8,3
"2011","Cardowan and Millerston - 05","S01011700",354,257,132,125,0,77,75,2,19,18,1,1
"2011","Stepps - 01","S01011701",444,367,162,205,0,29,7,22,45,43,2,3
"2011","Stepps - 02","S01011702",335,249,123,126,0,68,65,3,14,9,5,4
"2011","Stepps - 03","S01011703",255,219,114,105,0,12,8,4,24,22,2,0
"2011","Chryston and Muirhead - 01","S01011704",274,243,69,174,2,17,17,0,11,10,1,1
"2011","Chryston and Muirhead - 02","S01011705",318,193,49,144,0,104,104,0,16,14,2,5
"2011","Chryston and Muirhead - 03","S01011706",450,330,154,176,0,81,55,26,31,26,5,8
"2011","Chryston and Muirhead - 04","S01011707",283,262,133,129,0,14,5,9,6,5,1,1
"2011","Chryston and Muirhead - 05","S01011708",448,280,136,144,0,130,95,35,31,30,1,7
"2011","Moodiesburn West - 01","S01011709",370,286,106,180,0,71,70,1,11,10,1,2
"2011","Moodiesburn West - 02","S01011710",257,95,33,62,0,153,121,32,6,6,0,3
"2011","Moodiesburn West - 03","S01011711",321,115,41,74,0,184,181,3,21,20,1,1
"2011","Moodiesburn West - 04","S01011712",294,171,56,115,0,94,85,9,27,20,7,2
"2011","Moodiesburn West - 05","S01011713",389,304,130,174,0,67,63,4,17,12,5,1
"2011","Moodiesburn East - 01","S01011714",194,188,22,166,0,5,3,2,1,1,0,0
"2011","Moodiesburn East - 02","S01011715",297,146,49,97,0,122,121,1,29,24,5,0
"2011","Moodiesburn East - 03","S01011716",351,306,65,241,0,19,17,2,23,18,5,3
"2011","Moodiesburn East - 04","S01011717",294,280,144,136,0,5,4,1,7,7,0,2
"2011","Moodiesburn East - 05","S01011718",289,255,36,219,0,12,12,0,21,18,3,1
"2011","Westfield - 01","S01011719",224,209,43,166,0,3,1,2,12,8,4,0
"2011","Westfield - 02","S01011720",213,192,99,93,0,5,2,3,14,8,6,2
"2011","Westfield - 03","S01011721",305,247,90,157,0,49,49,0,8,8,0,1
"2011","Westfield - 04","S01011722",317,230,104,126,1,60,57,3,24,22,2,2
"2011","Westfield - 05","S01011723",397,300,98,202,0,65,63,2,31,28,3,1
"2011","Westfield - 06","S01011724",261,177,31,146,1,63,3,60,20,18,2,0
"2011","Westfield - 07","S01011725",219,205,20,185,0,3,3,0,10,9,1,1
"2011","Westfield - 08","S01011726",208,199,34,165,0,3,2,1,6,5,1,0
"2011","Westfield - 09","S01011727",261,233,39,194,1,4,2,2,23,18,5,0
"2011","Condorrat - 01","S01011728",393,278,101,177,0,73,69,4,38,33,5,4
"2011","Condorrat - 02","S01011729",302,160,54,106,1,118,116,2,19,19,0,4
"2011","Condorrat - 03","S01011730",431,366,174,192,2,35,35,0,26,25,1,2
"2011","Condorrat - 04","S01011731",352,281,132,149,2,49,46,3,16,16,0,4
"2011","Condorrat - 05","S01011732",299,289,136,153,0,5,5,0,4,3,1,1
"2011","Condorrat - 06","S01011733",352,281,116,165,0,44,43,1,22,21,1,5
"2011","Greenfaulds - 01","S01011734",335,256,113,143,0,56,15,41,21,18,3,2
"2011","Greenfaulds - 02","S01011735",288,275,137,138,0,6,0,6,6,6,0,1
"2011","Greenfaulds - 03","S01011736",317,229,84,145,1,31,10,21,55,44,11,1
"2011","Greenfaulds - 04","S01011737",294,187,71,116,0,44,14,30,59,50,9,4
"2011","Greenfaulds - 05","S01011738",466,255,97,158,0,117,38,79,92,82,10,2
"2011","Seafar - 01","S01011739",226,167,72,95,0,45,21,24,14,14,0,0
"2011","Seafar - 02","S01011740",356,147,61,86,6,160,37,123,40,39,1,3
"2011","Seafar - 03","S01011741",296,181,81,100,3,78,27,51,31,28,3,3
"2011","Seafar - 04","S01011742",333,216,90,126,3,95,8,87,18,17,1,1
"2011","Seafar - 05","S01011743",379,257,107,150,0,70,18,52,49,47,2,3
"2011","Cumbernauld Central - 01","S01011744",462,242,125,117,0,145,28,117,69,65,4,6
"2011","Cumbernauld Central - 02","S01011745",398,202,98,104,0,162,28,134,29,22,7,5
"2011","Cumbernauld Central - 03","S01011746",215,122,46,76,0,63,20,43,28,27,1,2
"2011","Cumbernauld Central - 04","S01011747",413,197,73,124,1,155,42,113,59,55,4,1
"2011","Cumbernauld Central - 05","S01011748",375,202,61,141,1,82,21,61,88,85,3,2
"2011","Cumbernauld Central - 06","S01011749",370,118,27,91,0,128,37,91,122,119,3,2
"2011","Kildrum - 01","S01011750",398,250,108,142,2,103,16,87,39,29,10,4
"2011","Kildrum - 02","S01011751",532,224,63,161,2,179,56,123,122,110,12,5
"2011","Kildrum - 03","S01011752",460,313,88,225,0,71,24,47,66,62,4,10
"2011","Kildrum - 04","S01011753",366,315,135,180,0,12,7,5,36,32,4,3
"2011","Kildrum - 05","S01011754",339,236,101,135,15,58,16,42,28,22,6,2
"2011","Abronhill South - 01","S01011755",456,273,86,187,0,106,74,32,75,67,8,2
"2011","Abronhill South - 02","S01011756",430,292,87,205,0,76,53,23,60,56,4,2
"2011","Abronhill South - 03","S01011757",327,187,67,120,0,102,63,39,37,36,1,1
"2011","Abronhill South - 04","S01011758",252,188,52,136,0,43,37,6,19,16,3,2
"2011","Abronhill South - 05","S01011759",340,261,114,147,0,55,36,19,19,18,1,5
"2011","Abronhill North - 01","S01011760",411,287,102,185,0,86,49,37,37,36,1,1
"2011","Abronhill North - 02","S01011761",272,171,37,134,0,66,39,27,33,29,4,2
"2011","Abronhill North - 03","S01011762",322,178,62,116,0,85,52,33,58,52,6,1
"2011","Abronhill North - 04","S01011763",350,262,82,180,0,71,50,21,16,14,2,1
"2011","Abronhill North - 05","S01011764",136,119,44,75,0,12,6,6,3,1,2,2
"2011","Abronhill North - 06","S01011765",380,344,93,251,0,10,8,2,24,18,6,2
"2011","Village and Castlecary - 01","S01011766",209,184,68,116,0,15,14,1,9,8,1,1
"2011","Village and Castlecary - 02","S01011767",443,250,110,140,2,138,115,23,51,44,7,2
"2011","Village and Castlecary - 03","S01011768",342,161,46,115,0,134,61,73,46,41,5,1
"2011","Village and Castlecary - 04","S01011769",321,212,107,105,0,63,13,50,41,39,2,5
"2011","Village and Castlecary - 05","S01011770",409,250,112,138,2,99,25,74,58,52,6,0
"2011","Carrickstone - 01","S01011771",238,222,51,171,0,7,6,1,7,5,2,2
"2011","Carrickstone - 02","S01011772",390,369,140,229,0,12,6,6,8,5,3,1
"2011","Carrickstone - 03","S01011773",200,190,26,164,0,3,3,0,6,6,0,1
"2011","Carrickstone - 04","S01011774",354,216,34,182,0,106,7,99,29,28,1,3
"2011","Carrickstone - 05","S01011775",228,216,40,176,0,2,1,1,9,6,3,1
"2011","Carrickstone - 06","S01011776",319,298,43,255,0,5,3,2,14,11,3,2
"2011","Balloch West - 01","S01011777",264,215,48,167,0,27,3,24,20,16,4,2
"2011","Balloch West - 02","S01011778",261,168,25,143,0,37,3,34,56,56,0,0
"2011","Balloch West - 03","S01011779",324,298,112,186,0,3,1,2,21,20,1,2
"2011","Balloch West - 04","S01011780",315,304,99,205,0,4,4,0,6,5,1,1
"2011","Balloch West - 05","S01011781",214,207,69,138,0,4,2,2,2,1,1,1
"2011","Balloch East - 01","S01011782",271,262,103,159,0,5,4,1,3,2,1,1
"2011","Balloch East - 02","S01011783",213,201,79,122,1,4,4,0,6,5,1,1
"2011","Balloch East - 03","S01011784",349,188,58,130,0,134,53,81,23,23,0,4
"2011","Balloch East - 04","S01011785",389,247,82,165,1,106,73,33,34,31,3,1
"2011","Kilsyth East and Croy - 01","S01011786",124,113,10,103,0,4,2,2,7,5,2,0
"2011","Kilsyth East and Croy - 02","S01011787",483,219,90,129,0,243,242,1,16,10,6,5
"2011","Kilsyth East and Croy - 03","S01011788",225,213,72,141,0,3,3,0,8,7,1,1
"2011","Kilsyth East and Croy - 04","S01011789",284,222,114,108,1,42,41,1,14,12,2,5
"2011","Kilsyth East and Croy - 05","S01011790",404,244,96,148,2,140,135,5,16,16,0,2
"2011","Kilsyth East and Croy - 06","S01011791",347,174,69,105,1,128,94,34,41,34,7,3
"2011","Kilsyth East and Croy - 07","S01011792",515,249,129,120,1,198,127,71,63,52,11,4
"2011","Kilsyth East and Croy - 08","S01011793",327,236,121,115,0,47,46,1,39,32,7,5
"2011","Kilsyth Bogside - 01","S01011794",414,230,103,127,0,141,138,3,37,35,2,6
"2011","Kilsyth Bogside - 02","S01011795",317,144,65,79,0,125,122,3,44,41,3,4
"2011","Kilsyth Bogside - 03","S01011796",354,143,52,91,0,177,175,2,31,26,5,3
"2011","Kilsyth Bogside - 04","S01011797",385,368,164,204,0,5,4,1,9,7,2,3
"2011","Balmalloch - 01","S01011798",242,138,37,101,0,74,72,2,28,22,6,2
"2011","Balmalloch - 02","S01011799",357,295,140,155,0,51,51,0,8,7,1,3
"2011","Balmalloch - 03","S01011800",219,150,63,87,0,55,55,0,13,12,1,1
"2011","Balmalloch - 04","S01011801",253,127,45,82,2,110,108,2,14,11,3,0
"2011","Balmalloch - 05","S01011802",361,209,93,116,1,127,126,1,21,17,4,3
"2011","Balmalloch - 06","S01011803",236,145,51,94,0,74,63,11,15,12,3,2
"2011","West Clober and Mains Estate - 01","S01008033",269,246,90,156,0,8,8,0,11,11,0,4
"2011","West Clober and Mains Estate - 02","S01008034",271,259,78,181,0,2,2,0,8,8,0,2
"2011","West Clober and Mains Estate - 03","S01008035",281,245,109,136,0,23,6,17,9,9,0,4
"2011","West Clober and Mains Estate - 04","S01008036",246,239,132,107,0,3,3,0,4,2,2,0
"2011","East Clober and Mains Estate - 01","S01008037",421,236,86,150,0,159,128,31,23,19,4,3
"2011","East Clober and Mains Estate - 02","S01008038",303,177,51,126,0,108,82,26,14,11,3,4
"2011","East Clober and Mains Estate - 03","S01008039",363,244,86,158,1,97,86,11,17,15,2,4
"2011","East Clober and Mains Estate - 04","S01008040",332,282,162,120,0,36,35,1,11,10,1,3
"2011","Barloch - 01","S01008041",354,259,151,108,1,42,41,1,46,43,3,6
"2011","Barloch - 02","S01008042",280,242,143,99,1,12,11,1,20,18,2,5
"2011","Barloch - 03","S01008043",398,378,219,159,0,15,0,15,4,4,0,1
"2011","Barloch - 04","S01008044",431,392,235,157,0,5,5,0,29,22,7,5
"2011","Keystone and Dougalston - 01","S01008045",449,371,247,124,1,40,38,2,26,25,1,11
"2011","Keystone and Dougalston - 02","S01008046",527,278,160,118,2,178,158,20,50,38,12,19
"2011","Keystone and Dougalston - 03","S01008047",292,275,173,102,0,2,2,0,7,7,0,8
"2011","Keystone and Dougalston - 04","S01008048",238,228,150,78,1,2,1,1,5,4,1,2
"2011","Keystone and Dougalston - 05","S01008049",357,346,211,135,0,2,0,2,6,6,0,3
"2011","Kilmardinny East - 01","S01008050",245,228,138,90,0,8,8,0,9,8,1,0
"2011","Kilmardinny East - 02","S01008051",328,312,148,164,0,3,3,0,9,8,1,4
"2011","Kilmardinny East - 03","S01008052",337,327,153,174,0,2,2,0,6,5,1,2
"2011","Kilmardinny East - 04","S01008053",263,246,144,102,0,1,0,1,14,13,1,2
"2011","Kilmardinny West - 01","S01008054",361,268,149,119,1,55,54,1,28,27,1,9
"2011","Kilmardinny West - 02","S01008055",384,373,207,166,1,1,1,0,8,8,0,1
"2011","Kilmardinny West - 03","S01008056",332,294,177,117,0,30,4,26,6,5,1,2
"2011","Kilmardinny West - 04","S01008057",400,348,183,165,0,32,31,1,15,13,2,5
"2011","North Castlehill and Thorn - 01","S01008058",304,287,132,155,1,1,1,0,12,12,0,3
"2011","North Castlehill and Thorn - 02","S01008059",260,250,135,115,0,1,1,0,9,8,1,0
"2011","North Castlehill and Thorn - 03","S01008060",326,310,136,174,0,5,4,1,9,8,1,2
"2011","North Castlehill and Thorn - 04","S01008061",283,269,93,176,0,0,0,0,10,9,1,4
"2011","North Castlehill and Thorn - 05","S01008062",371,350,172,178,0,5,3,2,14,7,7,2
"2011","South Castlehill and Thorn - 01","S01008063",381,357,174,183,0,4,4,0,19,15,4,1
"2011","South Castlehill and Thorn - 02","S01008064",296,149,72,77,1,120,119,1,23,17,6,3
"2011","South Castlehill and Thorn - 03","S01008065",348,338,162,176,0,1,0,1,7,6,1,2
"2011","South Castlehill and Thorn - 04","S01008066",326,316,170,146,0,0,0,0,10,9,1,0
"2011","South Castlehill and Thorn - 05","S01008067",257,245,140,105,0,2,1,1,8,8,0,2
"2011","Westerton West - 01","S01008068",384,346,179,167,0,16,16,0,17,16,1,5
"2011","Westerton West - 02","S01008069",385,357,159,198,0,7,6,1,21,20,1,0
"2011","Westerton West - 03","S01008070",356,346,160,186,0,1,1,0,9,7,2,0
"2011","Westerton East - 01","S01008071",287,262,108,154,2,14,14,0,8,7,1,1
"2011","Westerton East - 02","S01008072",350,288,124,164,0,2,2,0,55,51,4,5
"2011","Westerton East - 03","S01008073",178,173,97,76,0,1,1,0,4,1,3,0
"2011","Westerton East - 04","S01008074",378,369,197,172,0,4,4,0,3,2,1,2
"2011","Westerton East - 05","S01008075",246,233,152,81,0,1,1,0,7,6,1,5
"2011","Kessington West - 01","S01008076",301,279,198,81,0,5,4,1,15,14,1,2
"2011","Kessington West - 02","S01008077",349,332,189,143,0,3,2,1,13,13,0,1
"2011","Kessington West - 03","S01008078",350,315,185,130,0,10,10,0,22,20,2,3
"2011","Kessington West - 04","S01008079",341,330,193,137,1,3,3,0,6,6,0,1
"2011","Kessington East - 01","S01008080",279,261,135,126,1,1,0,1,15,13,2,1
"2011","Kessington East - 02","S01008081",235,227,128,99,0,1,1,0,7,7,0,0
"2011","Kessington East - 03","S01008082",328,305,178,127,1,8,6,2,11,11,0,3
"2011","Kessington East - 04","S01008083",270,261,136,125,0,2,2,0,6,6,0,1
"2011","Torrance and Balmore - 01","S01008084",353,297,158,139,0,32,26,6,20,19,1,4
"2011","Torrance and Balmore - 02","S01008085",339,320,142,178,0,6,6,0,10,9,1,3
"2011","Torrance and Balmore - 03","S01008086",418,338,144,194,1,43,41,2,31,29,2,5
"2011","Bishopbriggs North and Kenmure - 01","S01008087",330,317,176,141,0,3,1,2,8,8,0,2
"2011","Bishopbriggs North and Kenmure - 02","S01008088",398,353,205,148,0,4,4,0,30,24,6,11
"2011","Bishopbriggs North and Kenmure - 03","S01008089",243,236,125,111,0,1,1,0,6,5,1,0
"2011","Bishopbriggs North and Kenmure - 04","S01008090",305,276,147,129,0,16,15,1,11,10,1,2
"2011","Bishopbriggs North and Kenmure - 05","S01008091",146,140,78,62,1,1,0,1,4,4,0,0
"2011","Bishopbriggs North and Kenmure - 06","S01008092",368,342,210,132,0,21,21,0,3,2,1,2
"2011","Bishopbriggs North and Kenmure - 07","S01008093",331,305,186,119,2,1,1,0,17,15,2,6
"2011","Bishopbriggs West and Cadder - 01","S01008094",257,245,141,104,0,3,3,0,8,8,0,1
"2011","Bishopbriggs West and Cadder - 02","S01008095",345,300,166,134,1,2,1,1,40,34,6,2
"2011","Bishopbriggs West and Cadder - 03","S01008096",334,318,187,131,1,1,1,0,7,5,2,7
"2011","Bishopbriggs West and Cadder - 04","S01008097",281,269,177,92,0,0,0,0,12,10,2,0
"2011","Bishopbriggs West and Cadder - 05","S01008098",293,281,147,134,1,2,1,1,9,9,0,0
"2011","Bishopbriggs West and Cadder - 06","S01008099",209,190,86,104,0,5,3,2,13,9,4,1
"2011","Bishopbriggs West and Cadder - 07","S01008100",401,344,182,162,0,35,2,33,16,14,2,6
"2011","Bishopbriggs West and Cadder - 08","S01008101",351,276,91,185,0,17,15,2,54,49,5,4
"2011","Auchinairn - 01","S01008102",310,263,113,150,0,20,19,1,23,22,1,4
"2011","Auchinairn - 02","S01008103",338,196,78,118,0,92,82,10,46,39,7,4
"2011","Auchinairn - 03","S01008104",390,251,88,163,2,97,95,2,33,30,3,7
"2011","Auchinairn - 04","S01008105",518,273,77,196,0,195,132,63,47,45,2,3
"2011","Auchinairn - 05","S01008106",371,220,88,132,4,109,94,15,36,32,4,2
"2011","Auchinairn - 06","S01008107",281,247,56,191,1,1,0,1,31,30,1,1
"2011","Woodhill East - 01","S01008108",244,228,103,125,0,3,3,0,12,9,3,1
"2011","Woodhill East - 02","S01008109",332,305,149,156,0,10,7,3,17,17,0,0
"2011","Woodhill East - 03","S01008110",316,296,104,192,0,2,1,1,16,16,0,2
"2011","Woodhill West - 01","S01008111",349,326,209,117,0,6,4,2,12,10,2,5
"2011","Woodhill West - 02","S01008112",322,314,184,130,0,2,1,1,4,4,0,2
"2011","Woodhill West - 03","S01008113",359,332,187,145,1,4,3,1,19,18,1,3
"2011","Woodhill West - 04","S01008114",262,254,144,110,0,2,2,0,6,6,0,0
"2011","Woodhill West - 05","S01008115",368,320,110,210,0,7,6,1,39,35,4,2
"2011","Lenzie North - 01","S01008116",350,332,162,170,0,6,5,1,11,9,2,1
"2011","Lenzie North - 02","S01008117",329,288,161,127,1,29,29,0,11,10,1,0
"2011","Lenzie North - 03","S01008118",361,295,126,169,0,42,41,1,18,16,2,6
"2011","Lenzie North - 04","S01008119",260,139,52,87,0,104,102,2,14,10,4,3
"2011","Lenzie North - 05","S01008120",288,224,123,101,0,41,38,3,20,20,0,3
"2011","Lenzie North - 06","S01008121",269,266,163,103,0,1,1,0,1,1,0,1
"2011","Lenzie North - 07","S01008122",266,246,123,123,0,2,1,1,17,15,2,1
"2011","Lenzie South - 01","S01008123",366,336,200,136,1,2,1,1,27,21,6,0
"2011","Lenzie South - 02","S01008124",306,296,141,155,0,1,1,0,7,7,0,2
"2011","Lenzie South - 03","S01008125",378,336,186,150,0,3,2,1,36,33,3,3
"2011","Lenzie South - 04","S01008126",308,299,142,157,0,1,1,0,7,5,2,1
"2011","Kirkintilloch South - 01","S01008127",194,181,89,92,0,4,4,0,9,9,0,0
"2011","Kirkintilloch South - 02","S01008128",350,318,165,153,0,20,14,6,10,10,0,2
"2011","Kirkintilloch South - 03","S01008129",426,250,91,159,1,132,108,24,38,36,2,5
"2011","Kirkintilloch South - 04","S01008130",462,261,95,166,1,105,99,6,91,82,9,4
"2011","Kirkintilloch West - 01","S01008131",398,205,82,123,9,112,112,0,66,58,8,6
"2011","Kirkintilloch West - 02","S01008132",423,398,240,158,0,6,2,4,16,14,2,3
"2011","Kirkintilloch West - 03","S01008133",338,191,110,81,0,92,64,28,49,48,1,6
"2011","Kirkintilloch West - 04","S01008134",325,227,93,134,2,24,20,4,69,63,6,3
"2011","Kirkintilloch West - 05","S01008135",478,317,90,227,3,57,29,28,96,89,7,5
"2011","Hillhead - 01","S01008136",448,300,118,182,10,91,34,57,41,39,2,6
"2011","Hillhead - 02","S01008137",414,86,24,62,1,305,55,250,20,19,1,2
"2011","Hillhead - 03","S01008138",374,112,33,79,0,235,41,194,25,20,5,2
"2011","Hillhead - 04","S01008139",393,229,109,120,0,126,22,104,31,16,15,7
"2011","Hillhead - 05","S01008140",239,94,38,56,1,124,11,113,18,17,1,2
"2011","Rosebank and Waterside - 01","S01008141",318,303,155,148,0,9,4,5,6,4,2,0
"2011","Rosebank and Waterside - 02","S01008142",293,283,111,172,0,5,5,0,5,3,2,0
"2011","Rosebank and Waterside - 03","S01008143",428,262,114,148,0,121,118,3,39,36,3,6
"2011","Rosebank and Waterside - 04","S01008144",229,215,97,118,0,2,2,0,12,12,0,0
"2011","Twechar and Harestanes East - 01","S01008145",328,155,50,105,0,159,159,0,12,11,1,2
"2011","Twechar and Harestanes East - 02","S01008146",218,96,52,44,1,107,103,4,11,7,4,3
"2011","Twechar and Harestanes East - 03","S01008147",339,233,87,146,0,98,90,8,7,6,1,1
"2011","Twechar and Harestanes East - 04","S01008148",328,245,97,148,0,56,52,4,24,19,5,3
"2011","Harestanes - 01","S01008149",313,211,71,140,0,80,61,19,20,20,0,2
"2011","Harestanes - 02","S01008150",428,266,107,159,0,131,82,49,26,22,4,5
"2011","Harestanes - 03","S01008151",321,205,67,138,1,92,57,35,21,19,2,2
"2011","Harestanes - 04","S01008152",511,282,126,156,3,186,44,142,34,27,7,6
"2011","Milton of Campsie - 01","S01008153",295,277,112,165,0,6,6,0,12,10,2,0
"2011","Milton of Campsie - 02","S01008154",355,309,175,134,1,34,32,2,10,9,1,1
"2011","Milton of Campsie - 03","S01008155",275,244,97,147,1,19,17,2,9,8,1,2
"2011","Milton of Campsie - 04","S01008156",391,277,130,147,0,89,72,17,19,15,4,6
"2011","Milton of Campsie - 05","S01008157",293,248,96,152,0,31,31,0,14,12,2,0
"2011","Lennoxtown - 01","S01008158",287,272,96,176,2,5,4,1,7,6,1,1
"2011","Lennoxtown - 02","S01008159",461,180,70,110,0,227,192,35,52,51,1,2
"2011","Lennoxtown - 03","S01008160",397,218,73,145,0,162,130,32,14,14,0,3
"2011","Lennoxtown - 04","S01008161",399,354,104,250,0,20,9,11,22,22,0,3
"2011","Lennoxtown - 05","S01008162",430,310,121,189,3,88,86,2,22,19,3,7
"2011","Darnley East - 01","S01009758",242,203,54,149,1,9,0,9,24,18,6,5
"2011","Darnley East - 02","S01009759",417,34,14,20,5,369,0,369,8,7,1,1
"2011","Darnley East - 03","S01009760",407,143,68,75,0,232,0,232,32,32,0,0
"2011","Darnley East - 04","S01009761",377,315,109,206,1,22,0,22,36,33,3,3
"2011","Darnley East - 05","S01009762",416,40,11,29,5,359,0,359,11,11,0,1
"2011","Darnley East - 06","S01009763",264,237,68,169,0,9,0,9,16,14,2,2
"2011","Darnley North - 01","S01009764",291,108,11,97,0,166,0,166,17,15,2,0
"2011","Darnley North - 02","S01009765",382,212,31,181,1,129,0,129,38,31,7,2
"2011","Darnley North - 03","S01009766",231,200,41,159,1,7,0,7,21,18,3,2
"2011","Darnley North - 04","S01009767",227,71,21,50,12,136,0,136,8,5,3,0
"2011","Darnley West - 01","S01009768",279,94,7,87,1,158,0,158,26,22,4,0
"2011","Darnley West - 02","S01009769",249,192,21,171,1,14,0,14,40,32,8,2
"2011","Darnley West - 03","S01009770",257,213,52,161,9,6,0,6,26,25,1,3
"2011","Darnley West - 04","S01009771",294,260,59,201,5,5,0,5,23,21,2,1
"2011","Darnley West - 05","S01009772",271,242,59,183,0,2,0,2,27,26,1,0
"2011","Darnley West - 06","S01009773",179,152,16,136,0,4,0,4,23,22,1,0
"2011","Darnley West - 07","S01009774",151,142,14,128,0,4,0,4,5,5,0,0
"2011","Nitshill - 01","S01009775",359,123,47,76,1,201,0,201,34,29,5,0
"2011","Nitshill - 02","S01009776",307,39,20,19,0,259,0,259,7,5,2,2
"2011","Nitshill - 03","S01009777",266,105,16,89,0,64,0,64,97,91,6,0
"2011","Nitshill - 04","S01009778",415,115,54,61,0,276,0,276,21,21,0,3
"2011","Nitshill - 05","S01009779",290,54,21,33,0,216,0,216,18,17,1,2
"2011","Nitshill - 06","S01009780",219,15,6,9,0,195,0,195,8,7,1,1
"2011","Nitshill - 07","S01009781",224,66,28,38,2,150,0,150,6,5,1,0
"2011","Nitshill - 08","S01009782",200,110,9,101,3,65,0,65,21,19,2,1
"2011","Nitshill - 09","S01009783",310,96,12,84,7,193,0,193,14,14,0,0
"2011","Crookston South - 01","S01009784",309,40,15,25,0,254,0,254,15,12,3,0
"2011","Crookston South - 02","S01009785",339,99,49,50,9,221,0,221,10,8,2,0
"2011","Crookston South - 03","S01009786",425,133,58,75,0,271,0,271,21,16,5,0
"2011","Crookston South - 04","S01009787",366,147,65,82,0,197,0,197,21,15,6,1
"2011","Crookston North - 01","S01009788",404,266,130,136,2,104,0,104,27,25,2,5
"2011","Crookston North - 02","S01009789",399,230,109,121,1,135,0,135,28,25,3,5
"2011","Crookston North - 03","S01009790",259,167,65,102,1,73,0,73,18,15,3,0
"2011","Crookston North - 04","S01009791",281,121,55,66,1,125,0,125,32,29,3,2
"2011","Pollok South and West - 01","S01009792",323,277,37,240,0,9,0,9,34,30,4,3
"2011","Pollok South and West - 02","S01009793",416,335,158,177,2,33,0,33,44,43,1,2
"2011","Pollok South and West - 03","S01009794",199,185,34,151,0,3,0,3,8,8,0,3
"2011","Pollok South and West - 04","S01009795",287,262,59,203,0,5,0,5,19,14,5,1
"2011","Pollok South and West - 05","S01009796",310,284,116,168,0,7,0,7,17,15,2,2
"2011","Pollok South and West - 06","S01009797",306,280,91,189,0,6,0,6,20,18,2,0
"2011","Pollok South and West - 07","S01009798",255,241,59,182,0,3,0,3,11,11,0,0
"2011","Pollok North and East - 01","S01009799",363,89,42,47,2,258,0,258,13,9,4,1
"2011","Pollok North and East - 02","S01009800",424,237,69,168,0,142,0,142,43,38,5,2
"2011","Pollok North and East - 03","S01009801",344,169,67,102,0,150,0,150,21,17,4,4
"2011","Pollok North and East - 04","S01009802",431,213,45,168,0,200,0,200,16,13,3,2
"2011","Pollok North and East - 05","S01009803",371,143,52,91,1,197,0,197,30,28,2,0
"2011","Pollok North and East - 06","S01009804",208,141,27,114,1,30,0,30,36,30,6,0
"2011","Pollok North and East - 07","S01009805",374,182,59,123,1,145,0,145,39,37,2,7
"2011","Cardonald South and East - 01","S01009806",446,254,115,139,1,125,0,125,66,59,7,0
"2011","Cardonald South and East - 02","S01009807",461,244,96,148,4,158,0,158,53,51,2,2
"2011","Cardonald South and East - 03","S01009808",428,138,42,96,2,249,0,249,34,30,4,5
"2011","Cardonald South and East - 04","S01009809",338,205,85,120,1,77,0,77,50,46,4,5
"2011","Cardonald North - 01","S01009810",453,152,63,89,2,266,0,266,29,24,5,4
"2011","Cardonald North - 02","S01009811",520,243,98,145,8,222,0,222,39,34,5,8
"2011","Cardonald North - 03","S01009812",376,218,82,136,1,117,0,117,36,36,0,4
"2011","Cardonald North - 04","S01009813",335,30,10,20,1,288,0,288,13,13,0,3
"2011","Cardonald North - 05","S01009814",362,268,112,156,0,71,0,71,21,19,2,2
"2011","Cardonald West and Central - 01","S01009815",346,235,97,138,0,63,0,63,45,42,3,3
"2011","Cardonald West and Central - 02","S01009816",326,266,81,185,0,16,0,16,42,39,3,2
"2011","Cardonald West and Central - 03","S01009817",343,203,84,119,1,122,0,122,16,14,2,1
"2011","Cardonald West and Central - 04","S01009818",421,396,253,143,1,8,0,8,8,7,1,8
"2011","Cardonald West and Central - 05","S01009819",306,213,115,98,0,71,0,71,21,18,3,1
"2011","Cardonald West and Central - 06","S01009820",445,314,144,170,0,106,0,106,23,20,3,2
"2011","Cardonald West and Central - 07","S01009821",255,221,93,128,0,14,0,14,18,17,1,2
"2011","Penilee - 01","S01009822",191,136,38,98,0,38,0,38,17,16,1,0
"2011","Penilee - 02","S01009823",306,170,64,106,2,92,0,92,40,36,4,2
"2011","Penilee - 03","S01009824",365,238,65,173,0,100,0,100,23,17,6,4
"2011","Penilee - 04","S01009825",449,216,72,144,0,209,0,209,21,18,3,3
"2011","Penilee - 05","S01009826",228,127,52,75,0,88,0,88,12,11,1,1
"2011","Penilee - 06","S01009827",367,205,87,118,0,134,0,134,25,24,1,3
"2011","Penilee - 07","S01009828",394,107,46,61,1,264,0,264,19,16,3,3
"2011","Hillington - 01","S01009829",512,274,94,180,0,160,0,160,76,67,9,2
"2011","Hillington - 02","S01009830",329,214,69,145,0,45,0,45,66,63,3,4
"2011","Hillington - 03","S01009831",313,230,84,146,0,8,0,8,75,59,16,0
"2011","Hillington - 04","S01009832",474,338,162,176,0,61,0,61,70,65,5,5
"2011","Drumoyne and Shieldhall - 01","S01009833",238,167,39,128,0,32,0,32,38,35,3,1
"2011","Drumoyne and Shieldhall - 02","S01009834",372,156,13,143,1,191,0,191,22,20,2,2
"2011","Drumoyne and Shieldhall - 03","S01009835",258,86,33,53,0,161,0,161,11,6,5,0
"2011","Drumoyne and Shieldhall - 04","S01009836",414,309,114,195,1,68,0,68,30,27,3,6
"2011","Drumoyne and Shieldhall - 05","S01009837",368,153,65,88,1,194,0,194,16,12,4,4
"2011","Drumoyne and Shieldhall - 06","S01009838",433,193,89,104,1,177,0,177,59,57,2,3
"2011","Drumoyne and Shieldhall - 07","S01009839",615,105,35,70,0,453,0,453,55,48,7,2
"2011","Drumoyne and Shieldhall - 08","S01009840",475,232,113,119,47,169,0,169,27,24,3,0
"2011","Govan and Linthouse - 01","S01009841",461,54,27,27,5,371,0,371,28,24,4,3
"2011","Govan and Linthouse - 02","S01009842",332,59,21,38,2,240,0,240,31,23,8,0
"2011","Govan and Linthouse - 03","S01009843",310,64,19,45,3,230,0,230,10,10,0,3
"2011","Govan and Linthouse - 04","S01009844",361,13,7,6,2,325,0,325,19,12,7,2
"2011","Govan and Linthouse - 05","S01009845",440,23,5,18,2,362,0,362,50,49,1,3
"2011","Govan and Linthouse - 06","S01009846",461,132,48,84,9,278,0,278,37,36,1,5
"2011","Govan and Linthouse - 07","S01009847",322,49,15,34,11,233,0,233,26,23,3,3
"2011","Craigton - 01","S01009848",383,206,93,113,2,147,0,147,27,26,1,1
"2011","Craigton - 02","S01009849",445,251,123,128,0,136,0,136,53,45,8,5
"2011","Craigton - 03","S01009850",472,299,118,181,0,105,0,105,63,57,6,5
"2011","Craigton - 04","S01009851",470,225,108,117,1,213,0,213,29,24,5,2
"2011","Mosspark - 01","S01009852",257,181,78,103,0,52,0,52,20,16,4,4
"2011","Mosspark - 02","S01009853",413,265,113,152,0,107,0,107,33,28,5,8
"2011","Mosspark - 03","S01009854",398,163,34,129,0,187,0,187,43,39,4,5
"2011","Mosspark - 04","S01009855",250,183,62,121,0,53,0,53,14,13,1,0
"2011","Mosspark - 05","S01009856",308,220,119,101,1,57,0,57,28,23,5,2
"2011","Mosspark - 06","S01009857",374,255,100,155,0,95,0,95,19,14,5,5
"2011","Mosspark - 07","S01009858",337,232,93,139,0,81,0,81,22,20,2,2
"2011","Ibrox - 01","S01009859",580,151,61,90,3,351,0,351,70,66,4,5
"2011","Ibrox - 02","S01009860",503,72,35,37,14,355,0,355,59,53,6,3
"2011","Ibrox - 03","S01009861",524,97,28,69,7,315,0,315,96,85,11,9
"2011","Ibrox East and Cessnock - 01","S01009862",607,131,45,86,0,252,0,252,218,214,4,6
"2011","Ibrox East and Cessnock - 02","S01009863",461,142,56,86,0,128,0,128,186,172,14,5
"2011","Ibrox East and Cessnock - 03","S01009864",317,124,41,83,1,88,0,88,96,92,4,8
"2011","Ibrox East and Cessnock - 04","S01009865",245,119,39,80,0,52,0,52,72,63,9,2
"2011","Kinning Park and Festival Park - 01","S01009866",455,258,93,165,0,94,0,94,95,91,4,8
"2011","Kinning Park and Festival Park - 02","S01009867",595,271,63,208,0,95,0,95,222,204,18,7
"2011","Kinning Park and Festival Park - 03","S01009868",308,156,50,106,1,18,0,18,132,116,16,1
"2011","Kinning Park and Festival Park - 04","S01009869",269,124,27,97,2,7,0,7,131,125,6,5
"2011","Kinning Park and Festival Park - 05","S01009870",274,109,27,82,1,73,0,73,89,84,5,2
"2011","Kingston West and Dumbreck - 01","S01009871",587,209,103,106,1,283,0,283,87,78,9,7
"2011","Kingston West and Dumbreck - 02","S01009872",365,184,62,122,1,8,0,8,169,160,9,3
"2011","Kingston West and Dumbreck - 03","S01009873",445,256,114,142,2,126,0,126,57,54,3,4
"2011","Kingston West and Dumbreck - 04","S01009874",497,242,132,110,0,216,0,216,32,26,6,7
"2011","Pollokshields West - 01","S01009875",307,57,14,43,4,126,0,126,118,115,3,2
"2011","Pollokshields West - 02","S01009876",322,56,23,33,2,217,0,217,44,41,3,3
"2011","Pollokshields West - 03","S01009877",360,280,153,127,1,18,0,18,58,51,7,3
"2011","Pollokshields West - 04","S01009878",252,118,44,74,1,67,0,67,60,52,8,6
"2011","Pollokshields West - 05","S01009879",332,296,139,157,2,7,0,7,25,22,3,2
"2011","Pollokshields West - 06","S01009880",258,198,86,112,0,8,0,8,48,45,3,4
"2011","Pollokshields East - 01","S01009881",179,91,33,58,2,15,0,15,68,63,5,3
"2011","Pollokshields East - 02","S01009882",613,241,39,202,6,61,0,61,299,280,19,6
"2011","Pollokshields East - 03","S01009883",280,152,46,106,2,6,0,6,116,105,11,4
"2011","Pollokshields East - 04","S01009884",316,200,54,146,1,27,0,27,82,77,5,6
"2011","Pollokshields East - 05","S01009885",251,181,57,124,0,7,0,7,59,56,3,4
"2011","Pollokshields East - 06","S01009886",277,140,61,79,7,57,0,57,70,62,8,3
"2011","Govanhill West - 01","S01009887",490,121,37,84,1,154,0,154,212,200,12,2
"2011","Govanhill West - 02","S01009888",280,118,35,83,0,30,0,30,129,121,8,3
"2011","Govanhill West - 03","S01009889",370,156,52,104,1,96,0,96,110,105,5,7
"2011","Govanhill West - 04","S01009890",278,53,15,38,0,167,0,167,58,57,1,0
"2011","Govanhill West - 05","S01009891",430,163,68,95,0,105,0,105,156,145,11,6
"2011","Govanhill West - 06","S01009892",468,79,27,52,7,295,0,295,86,83,3,1
"2011","Govanhill West - 07","S01009893",420,194,56,138,1,28,0,28,195,182,13,2
"2011","Govanhill East and Aikenhead - 01","S01009894",476,104,52,52,1,296,0,296,74,74,0,1
"2011","Govanhill East and Aikenhead - 02","S01009895",408,73,17,56,0,249,0,249,83,80,3,3
"2011","Govanhill East and Aikenhead - 03","S01009896",470,126,33,93,4,287,0,287,51,49,2,2
"2011","Govanhill East and Aikenhead - 04","S01009897",497,286,134,152,0,117,0,117,91,80,11,3
"2011","Govanhill East and Aikenhead - 05","S01009898",259,106,56,50,2,118,0,118,30,29,1,3
"2011","Battlefield - 01","S01009899",464,283,77,206,1,39,0,39,137,129,8,4
"2011","Battlefield - 02","S01009900",499,344,82,262,0,10,0,10,141,133,8,4
"2011","Battlefield - 03","S01009901",456,280,68,212,0,11,0,11,163,146,17,2
"2011","Battlefield - 04","S01009902",495,270,140,130,0,153,0,153,62,61,1,10
"2011","Battlefield - 05","S01009903",272,193,56,137,0,6,0,6,65,59,6,8
"2011","Battlefield - 06","S01009904",456,231,59,172,1,86,0,86,136,124,12,2
"2011","Strathbungo - 01","S01009905",372,175,44,131,8,21,0,21,164,159,5,4
"2011","Strathbungo - 02","S01009906",331,175,50,125,0,25,0,25,129,123,6,2
"2011","Strathbungo - 03","S01009907",592,192,41,151,0,96,0,96,297,288,9,7
"2011","Strathbungo - 04","S01009908",492,312,99,213,2,31,0,31,143,135,8,4
"2011","Strathbungo - 05","S01009909",471,243,63,180,0,16,0,16,207,201,6,5
"2011","Strathbungo - 06","S01009910",278,144,31,113,1,5,0,5,125,117,8,3
"2011","Strathbungo - 07","S01009911",415,332,143,189,0,8,0,8,75,68,7,0
"2011","Maxwell Park - 01","S01009912",365,290,145,145,2,36,0,36,34,31,3,3
"2011","Maxwell Park - 02","S01009913",232,185,88,97,0,7,0,7,37,37,0,3
"2011","Maxwell Park - 03","S01009914",408,358,200,158,0,6,0,6,38,36,2,6
"2011","Maxwell Park - 04","S01009915",402,347,164,183,0,6,0,6,47,44,3,2
"2011","Maxwell Park - 05","S01009916",315,279,143,136,0,6,0,6,26,23,3,4
"2011","Maxwell Park - 06","S01009917",331,268,137,131,1,3,0,3,57,52,5,2
"2011","Maxwell Park - 07","S01009918",277,241,114,127,0,11,0,11,19,17,2,6
"2011","Shawlands West - 01","S01009919",587,266,126,140,1,91,0,91,221,209,12,8
"2011","Shawlands West - 02","S01009920",519,310,96,214,1,15,0,15,190,186,4,3
"2011","Shawlands West - 03","S01009921",398,236,54,182,0,11,0,11,146,140,6,5
"2011","Shawlands West - 04","S01009922",619,362,130,232,1,5,0,5,246,225,21,5
"2011","Shawlands East - 01","S01009923",566,336,117,219,12,22,0,22,186,171,15,10
"2011","Shawlands East - 02","S01009924",581,276,75,201,3,68,0,68,231,217,14,3
"2011","Shawlands East - 03","S01009925",408,211,53,158,0,4,0,4,190,180,10,3
"2011","Shawlands East - 04","S01009926",375,229,77,152,0,24,0,24,121,114,7,1
"2011","Langside - 01","S01009927",278,173,66,107,0,40,0,40,62,60,2,3
"2011","Langside - 02","S01009928",429,343,115,228,0,2,0,2,79,75,4,5
"2011","Langside - 03","S01009929",234,184,86,98,0,7,0,7,41,37,4,2
"2011","Langside - 04","S01009930",460,259,65,194,0,31,0,31,166,154,12,4
"2011","Langside - 05","S01009931",463,323,84,239,2,6,0,6,128,121,7,4
"2011","Langside - 06","S01009932",374,228,70,158,1,36,0,36,107,101,6,2
"2011","Pollokshaws - 01","S01009933",534,96,20,76,19,315,0,315,102,97,5,2
"2011","Pollokshaws - 02","S01009934",436,277,106,171,10,31,0,31,114,103,11,4
"2011","Pollokshaws - 03","S01009935",386,91,54,37,11,264,0,264,20,20,0,0
"2011","Pollokshaws - 04","S01009936",397,108,31,77,2,238,0,238,48,43,5,1
"2011","Pollokshaws - 05","S01009937",266,26,12,14,1,213,0,213,20,20,0,6
"2011","Pollokshaws - 06","S01009938",570,201,78,123,26,300,0,300,40,34,6,3
"2011","Carnwadric West - 01","S01009939",521,20,9,11,0,480,0,480,17,12,5,4
"2011","Carnwadric West - 02","S01009940",438,131,62,69,2,283,0,283,21,21,0,1
"2011","Carnwadric West - 03","S01009941",320,257,57,200,17,13,0,13,31,28,3,2
"2011","Carnwadric West - 04","S01009942",486,175,71,104,2,271,0,271,36,29,7,2
"2011","Carnwadric West - 05","S01009943",424,134,59,75,1,275,0,275,14,14,0,0
"2011","Carnwadric East - 01","S01009944",344,205,84,121,1,84,0,84,51,40,11,3
"2011","Carnwadric East - 02","S01009945",500,227,84,143,2,202,0,202,63,59,4,6
"2011","Carnwadric East - 03","S01009946",348,230,91,139,0,85,0,85,28,21,7,5
"2011","Carnwadric East - 04","S01009947",266,160,76,84,1,71,0,71,30,27,3,4
"2011","Newlands - 01","S01009948",431,134,59,75,1,279,0,279,17,17,0,0
"2011","Newlands - 02","S01009949",368,237,107,130,1,84,0,84,41,36,5,5
"2011","Newlands - 03","S01009950",256,237,106,131,2,3,0,3,12,12,0,2
"2011","Newlands - 04","S01009951",259,236,122,114,1,7,0,7,12,12,0,3
"2011","Newlands - 05","S01009952",311,279,147,132,0,9,0,9,19,17,2,4
"2011","Newlands - 06","S01009953",358,302,144,158,0,26,0,26,26,20,6,4
"2011","Newlands - 07","S01009954",214,177,74,103,0,10,0,10,23,21,2,4
"2011","Merrylee and Millbrae - 01","S01009955",447,330,156,174,1,47,0,47,58,51,7,11
"2011","Merrylee and Millbrae - 02","S01009956",324,220,113,107,2,49,0,49,47,46,1,6
"2011","Merrylee and Millbrae - 03","S01009957",294,268,136,132,0,4,0,4,16,15,1,6
"2011","Merrylee and Millbrae - 04","S01009958",371,350,151,199,0,4,0,4,15,12,3,2
"2011","Muirend and Old Cathcart - 01","S01009959",288,259,148,111,0,5,0,5,22,21,1,2
"2011","Muirend and Old Cathcart - 02","S01009960",395,327,187,140,0,25,0,25,34,31,3,9
"2011","Muirend and Old Cathcart - 03","S01009961",293,226,125,101,0,48,0,48,16,12,4,3
"2011","Muirend and Old Cathcart - 04","S01009962",599,342,141,201,0,72,0,72,180,171,9,5
"2011","Muirend and Old Cathcart - 05","S01009963",301,283,145,138,0,0,0,0,16,16,0,2
"2011","Muirend and Old Cathcart - 06","S01009964",344,285,124,161,0,9,0,9,48,43,5,2
"2011","Carmunnock North - 01","S01009965",298,260,132,128,0,30,0,30,6,6,0,2
"2011","Carmunnock North - 02","S01009966",292,277,128,149,0,3,0,3,10,10,0,2
"2011","Carmunnock North - 03","S01009967",383,337,173,164,1,10,0,10,29,28,1,6
"2011","Carmunnock North - 04","S01009968",232,219,108,111,0,5,0,5,8,7,1,0
"2011","Carmunnock South - 01","S01009969",364,307,150,157,2,36,0,36,17,13,4,2
"2011","Carmunnock South - 02","S01009970",476,98,40,58,0,348,0,348,25,21,4,5
"2011","Carmunnock South - 03","S01009971",488,152,42,110,0,312,0,312,22,19,3,2
"2011","Carmunnock South - 04","S01009972",364,225,85,140,1,119,0,119,19,14,5,0
"2011","Glenwood South - 01","S01009973",283,145,22,123,0,124,0,124,13,11,2,1
"2011","Glenwood South - 02","S01009974",294,19,7,12,2,268,0,268,5,5,0,0
"2011","Glenwood South - 03","S01009975",398,32,14,18,2,347,0,347,16,16,0,1
"2011","Glenwood South - 04","S01009976",255,73,21,52,0,169,0,169,11,11,0,2
"2011","Glenwood South - 05","S01009977",555,57,20,37,0,489,0,489,9,8,1,0
"2011","Glenwood South - 06","S01009978",444,88,15,73,4,335,0,335,17,15,2,0
"2011","Glenwood South - 07","S01009979",258,33,15,18,6,215,0,215,4,4,0,0
"2011","Glenwood North - 01","S01009980",250,39,16,23,0,198,0,198,13,12,1,0
"2011","Glenwood North - 02","S01009981",303,38,7,31,6,247,0,247,12,12,0,0
"2011","Glenwood North - 03","S01009982",428,172,29,143,2,230,0,230,23,17,6,1
"2011","Glenwood North - 04","S01009983",289,5,2,3,2,272,0,272,8,6,2,2
"2011","Glenwood North - 05","S01009984",350,151,27,124,6,170,0,170,23,20,3,0
"2011","Glenwood North - 06","S01009985",270,25,4,21,0,239,0,239,6,6,0,0
"2011","Castlemilk - 01","S01009986",280,40,20,20,0,229,0,229,11,10,1,0
"2011","Castlemilk - 02","S01009987",472,140,39,101,6,312,0,312,14,11,3,0
"2011","Castlemilk - 03","S01009988",270,56,29,27,2,202,0,202,9,9,0,1
"2011","Castlemilk - 04","S01009989",354,243,85,158,1,54,0,54,52,48,4,4
"2011","Castlemilk - 05","S01009990",302,232,78,154,2,3,0,3,64,59,5,1
"2011","Castlemilk - 06","S01009991",333,254,64,190,1,3,0,3,73,65,8,2
"2011","Castlemilk - 07","S01009992",330,87,28,59,0,225,0,225,18,15,3,0
"2011","Kingspark South - 01","S01009993",349,277,85,192,0,2,0,2,67,61,6,3
"2011","Kingspark South - 02","S01009994",302,232,67,165,0,2,0,2,64,60,4,4
"2011","Kingspark South - 03","S01009995",269,207,64,143,0,1,0,1,57,51,6,4
"2011","Kingspark South - 04","S01009996",310,202,61,141,0,27,0,27,79,77,2,2
"2011","Kingspark South - 05","S01009997",251,196,67,129,0,3,0,3,50,43,7,2
"2011","Kingspark South - 06","S01009998",246,214,125,89,0,9,0,9,21,12,9,2
"2011","Kingspark North - 01","S01009999",285,250,124,126,0,3,0,3,30,27,3,2
"2011","Kingspark North - 02","S01010000",269,201,56,145,1,4,0,4,63,53,10,0
"2011","Kingspark North - 03","S01010001",332,218,64,154,2,31,0,31,77,74,3,4
"2011","Kingspark North - 04","S01010002",336,258,95,163,1,10,0,10,64,60,4,3
"2011","Kingspark North - 05","S01010003",279,252,115,137,1,8,0,8,18,18,0,0
"2011","Kingspark North - 06","S01010004",273,255,140,115,0,6,0,6,10,8,2,2
"2011","Cathcart - 01","S01010005",488,262,91,171,0,85,0,85,137,130,7,4
"2011","Cathcart - 02","S01010006",586,350,125,225,0,79,0,79,155,147,8,2
"2011","Cathcart - 03","S01010007",429,356,155,201,0,7,0,7,66,63,3,0
"2011","Cathcart - 04","S01010008",410,202,62,140,1,79,0,79,124,110,14,4
"2011","Cathcart - 05","S01010009",416,202,32,170,0,55,0,55,157,148,9,2
"2011","Cathcart - 06","S01010010",451,380,163,217,1,15,0,15,52,48,4,3
"2011","Mount Florida - 01","S01010011",544,235,76,159,0,194,0,194,113,105,8,2
"2011","Mount Florida - 02","S01010012",348,305,152,153,0,6,0,6,34,33,1,3
"2011","Mount Florida - 03","S01010013",457,244,74,170,0,34,0,34,175,168,7,4
"2011","Mount Florida - 04","S01010014",523,366,134,232,0,80,0,80,74,68,6,3
"2011","Mount Florida - 05","S01010015",392,237,60,177,1,33,0,33,117,108,9,4
"2011","Toryglen and Oatlands - 01","S01010016",325,207,92,115,0,104,0,104,13,13,0,1
"2011","Toryglen and Oatlands - 02","S01010017",339,125,51,74,0,187,0,187,26,26,0,1
"2011","Toryglen and Oatlands - 03","S01010018",525,208,66,142,3,271,0,271,40,39,1,3
"2011","Toryglen and Oatlands - 04","S01010019",409,53,27,26,0,336,0,336,19,18,1,1
"2011","Toryglen and Oatlands - 05","S01010020",346,192,86,106,0,125,0,125,25,22,3,4
"2011","Toryglen and Oatlands - 06","S01010021",400,39,18,21,1,319,0,319,38,35,3,3
"2011","Toryglen and Oatlands - 07","S01010022",468,122,34,88,10,262,0,262,71,55,16,3
"2011","Gorbals and Hutchesontown - 01","S01010023",387,49,34,15,0,327,0,327,8,7,1,3
"2011","Gorbals and Hutchesontown - 02","S01010024",402,64,18,46,22,255,0,255,60,57,3,1
"2011","Gorbals and Hutchesontown - 03","S01010025",316,41,14,27,0,255,0,255,19,16,3,1
"2011","Gorbals and Hutchesontown - 04","S01010026",492,127,23,104,2,299,0,299,61,54,7,3
"2011","Gorbals and Hutchesontown - 05","S01010027",483,173,46,127,3,210,0,210,93,80,13,4
"2011","Gorbals and Hutchesontown - 06","S01010028",381,81,24,57,0,254,0,254,45,36,9,1
"2011","Gorbals and Hutchesontown - 07","S01010029",398,125,76,49,2,258,0,258,12,8,4,1
"2011","Gorbals and Hutchesontown - 08","S01010030",429,225,66,159,0,97,0,97,102,87,15,5
"2011","Laurieston and Tradeston - 01","S01010031",423,186,47,139,3,13,0,13,217,195,22,4
"2011","Laurieston and Tradeston - 02","S01010032",298,101,19,82,0,26,0,26,163,153,10,8
"2011","Laurieston and Tradeston - 03","S01010033",503,106,32,74,2,278,0,278,110,104,6,7
"2011","Laurieston and Tradeston - 04","S01010034",498,150,63,87,0,290,0,290,57,49,8,1
"2011","Laurieston and Tradeston - 05","S01010035",401,52,19,33,0,303,0,303,42,33,9,4
"2011","Laurieston and Tradeston - 06","S01010036",423,81,23,58,2,16,0,16,320,304,16,4
"2011","Calton and Gallowgate - 01","S01010037",376,92,42,50,17,246,0,246,19,17,2,2
"2011","Calton and Gallowgate - 02","S01010038",568,149,55,94,9,301,0,301,109,96,13,0
"2011","Calton and Gallowgate - 03","S01010039",593,184,35,149,12,40,0,40,342,316,26,15
"2011","Calton and Gallowgate - 04","S01010040",415,204,59,145,3,62,0,62,142,137,5,4
"2011","Calton and Gallowgate - 05","S01010041",451,133,42,91,8,172,0,172,133,117,16,5
"2011","Bridgeton - 01","S01010042",621,169,30,139,9,104,0,104,331,307,24,8
"2011","Bridgeton - 02","S01010043",451,133,41,92,4,212,0,212,102,90,12,0
"2011","Bridgeton - 03","S01010044",649,229,67,162,4,225,0,225,183,156,27,8
"2011","Bridgeton - 04","S01010045",258,39,19,20,0,207,0,207,12,9,3,0
"2011","Dalmarnock - 01","S01010046",431,130,68,62,3,221,0,221,76,66,10,1
"2011","Dalmarnock - 02","S01010047",471,59,19,40,18,383,0,383,10,9,1,1
"2011","Dalmarnock - 03","S01010048",551,105,55,50,5,376,0,376,59,54,5,6
"2011","Parkhead West and Barrowfield - 01","S01010049",395,30,11,19,4,312,0,312,44,36,8,5
"2011","Parkhead West and Barrowfield - 02","S01010050",540,55,18,37,2,416,0,416,63,60,3,4
"2011","Parkhead West and Barrowfield - 03","S01010051",431,68,33,35,13,297,0,297,49,47,2,4
"2011","Parkhead West and Barrowfield - 04","S01010052",372,81,28,53,11,190,0,190,89,85,4,1
"2011","Parkhead West and Barrowfield - 05","S01010053",384,80,31,49,1,182,0,182,119,114,5,2
"2011","Parkhead West and Barrowfield - 06","S01010054",248,13,2,11,4,229,0,229,1,1,0,1
"2011","Parkhead West and Barrowfield - 07","S01010055",457,132,47,85,52,190,0,190,81,69,12,2
"2011","Parkhead East and Braidfauld North - 01","S01010056",214,18,7,11,7,178,0,178,10,10,0,1
"2011","Parkhead East and Braidfauld North - 02","S01010057",216,77,24,53,2,82,0,82,54,50,4,1
"2011","Parkhead East and Braidfauld North - 03","S01010058",355,98,20,78,22,173,0,173,58,56,2,4
"2011","Parkhead East and Braidfauld North - 04","S01010059",371,162,61,101,6,92,0,92,108,98,10,3
"2011","Parkhead East and Braidfauld North - 05","S01010060",493,135,53,82,0,292,0,292,65,59,6,1
"2011","Braidfauld - 01","S01010061",253,157,37,120,0,37,0,37,56,51,5,3
"2011","Braidfauld - 02","S01010062",344,134,68,66,1,170,0,170,39,36,3,0
"2011","Braidfauld - 03","S01010063",546,129,37,92,3,327,0,327,87,82,5,0
"2011","Braidfauld - 04","S01010064",264,111,40,71,3,115,0,115,34,31,3,1
"2011","Braidfauld - 05","S01010065",413,157,63,94,1,223,0,223,32,28,4,0
"2011","Braidfauld - 06","S01010066",342,110,46,64,2,188,0,188,37,36,1,5
"2011","Braidfauld - 07","S01010067",297,30,10,20,15,235,0,235,15,15,0,2
"2011","Braidfauld - 08","S01010068",338,98,19,79,2,135,0,135,95,91,4,8
"2011","Shettleston South - 01","S01010069",340,289,88,201,5,23,0,23,21,20,1,2
"2011","Shettleston South - 02","S01010070",238,217,59,158,0,4,0,4,11,10,1,6
"2011","Shettleston South - 03","S01010071",367,250,94,156,1,89,0,89,26,22,4,1
"2011","Shettleston South - 04","S01010072",370,267,110,157,1,82,0,82,15,13,2,5
"2011","Shettleston South - 05","S01010073",349,298,167,131,1,38,0,38,10,9,1,2
"2011","Carmyle and Mount Vernon South - 01","S01010074",306,282,149,133,0,10,0,10,14,13,1,0
"2011","Carmyle and Mount Vernon South - 02","S01010075",303,207,89,118,0,80,0,80,15,11,4,1
"2011","Carmyle and Mount Vernon South - 03","S01010076",276,185,56,129,3,68,0,68,19,17,2,1
"2011","Carmyle and Mount Vernon South - 04","S01010077",302,137,46,91,0,143,0,143,20,17,3,2
"2011","Mount Vernon North and Sandyhills - 01","S01010078",229,208,81,127,0,13,0,13,7,7,0,1
"2011","Mount Vernon North and Sandyhills - 02","S01010079",349,320,152,168,0,9,0,9,13,12,1,7
"2011","Mount Vernon North and Sandyhills - 03","S01010080",284,268,165,103,1,5,0,5,5,3,2,5
"2011","Mount Vernon North and Sandyhills - 04","S01010081",300,271,151,120,0,12,0,12,15,15,0,2
"2011","Mount Vernon North and Sandyhills - 05","S01010082",407,313,152,161,1,5,0,5,82,75,7,6
"2011","Baillieston West - 01","S01010083",348,218,84,134,0,99,0,99,28,23,5,3
"2011","Baillieston West - 02","S01010084",442,249,92,157,1,156,0,156,34,25,9,2
"2011","Baillieston West - 03","S01010085",311,286,139,147,1,11,0,11,11,9,2,2
"2011","Baillieston West - 04","S01010086",414,224,88,136,0,170,0,170,19,17,2,1
"2011","Baillieston West - 05","S01010087",247,235,146,89,0,5,0,5,5,5,0,2
"2011","Baillieston East - 01","S01010088",295,246,18,228,0,13,0,13,33,31,2,3
"2011","Baillieston East - 02","S01010089",365,206,85,121,0,87,0,87,68,63,5,4
"2011","Baillieston East - 03","S01010090",435,313,99,214,0,50,0,50,66,64,2,6
"2011","Baillieston East - 04","S01010091",343,204,35,169,0,90,0,90,45,41,4,4
"2011","Baillieston East - 05","S01010092",446,215,93,122,0,180,0,180,43,43,0,8
"2011","Baillieston East - 06","S01010093",386,293,107,186,2,35,0,35,50,47,3,6
"2011","Garrowhill West - 01","S01010094",291,238,127,111,1,41,0,41,10,10,0,1
"2011","Garrowhill West - 02","S01010095",279,272,128,144,0,0,0,0,7,7,0,0
"2011","Garrowhill West - 03","S01010096",292,277,122,155,0,5,0,5,8,8,0,2
"2011","Garrowhill West - 04","S01010097",286,232,108,124,1,28,0,28,23,23,0,2
"2011","Garrowhill West - 05","S01010098",277,268,129,139,1,2,0,2,5,4,1,1
"2011","Garrowhill West - 06","S01010099",285,267,142,125,0,4,0,4,12,10,2,2
"2011","Garrowhill East and Swinton - 01","S01010100",382,340,150,190,1,23,0,23,15,15,0,3
"2011","Garrowhill East and Swinton - 02","S01010101",299,264,120,144,0,10,0,10,22,20,2,3
"2011","Garrowhill East and Swinton - 03","S01010102",324,297,60,237,1,9,0,9,15,14,1,2
"2011","Garrowhill East and Swinton - 04","S01010103",355,331,67,264,0,3,0,3,19,15,4,2
"2011","Garrowhill East and Swinton - 05","S01010104",267,244,33,211,0,5,0,5,17,17,0,1
"2011","Easterhouse East - 01","S01010105",165,42,12,30,6,85,0,85,32,29,3,0
"2011","Easterhouse East - 02","S01010106",219,79,39,40,2,128,0,128,9,7,2,1
"2011","Easterhouse East - 03","S01010107",404,145,25,120,4,159,0,159,95,91,4,1
"2011","Easterhouse East - 04","S01010108",374,199,41,158,0,152,0,152,19,19,0,4
"2011","Easterhouse East - 05","S01010109",326,150,37,113,10,84,0,84,81,79,2,1
"2011","Central Easterhouse - 01","S01010110",431,95,46,49,2,313,0,313,20,14,6,1
"2011","Central Easterhouse - 02","S01010111",446,36,15,21,16,378,0,378,15,14,1,1
"2011","Central Easterhouse - 03","S01010112",419,23,5,18,10,383,0,383,3,3,0,0
"2011","Garthamlock, Auchinlea and Gartloch - 01","S01010113",244,57,12,45,0,153,0,153,34,33,1,0
"2011","Garthamlock, Auchinlea and Gartloch - 02","S01010114",366,25,11,14,6,330,0,330,5,5,0,0
"2011","Garthamlock, Auchinlea and Gartloch - 03","S01010115",230,175,37,138,0,29,0,29,26,23,3,0
"2011","Garthamlock, Auchinlea and Gartloch - 04","S01010116",397,283,35,248,0,47,0,47,63,58,5,4
"2011","Garthamlock, Auchinlea and Gartloch - 05","S01010117",261,193,20,173,1,44,0,44,22,21,1,1
"2011","North Barlanark and Easterhouse South - 01","S01010118",277,19,12,7,1,249,0,249,7,6,1,1
"2011","North Barlanark and Easterhouse South - 02","S01010119",209,31,1,30,0,170,0,170,7,5,2,1
"2011","North Barlanark and Easterhouse South - 03","S01010120",444,53,8,45,0,380,0,380,10,7,3,1
"2011","North Barlanark and Easterhouse South - 04","S01010121",321,22,6,16,3,289,0,289,6,5,1,1
"2011","North Barlanark and Easterhouse South - 05","S01010122",198,20,14,6,1,168,0,168,9,8,1,0
"2011","Barlanark - 01","S01010123",299,36,12,24,2,250,0,250,10,9,1,1
"2011","Barlanark - 02","S01010124",293,203,37,166,1,26,0,26,59,59,0,4
"2011","Barlanark - 03","S01010125",242,81,19,62,0,150,0,150,9,8,1,2
"2011","Barlanark - 04","S01010126",312,179,42,137,15,101,0,101,13,12,1,4
"2011","Barlanark - 05","S01010127",296,114,47,67,0,171,0,171,8,6,2,3
"2011","Barlanark - 06","S01010128",214,14,1,13,8,188,0,188,4,4,0,0
"2011","Barlanark - 07","S01010129",350,44,12,32,1,289,0,289,16,15,1,0
"2011","Barlanark - 08","S01010130",206,46,12,34,0,155,0,155,3,2,1,2
"2011","Greenfield - 01","S01010131",376,355,165,190,0,5,0,5,10,9,1,6
"2011","Greenfield - 02","S01010132",497,170,96,74,2,279,0,279,42,41,1,4
"2011","Greenfield - 03","S01010133",380,133,58,75,2,225,0,225,18,15,3,2
"2011","Greenfield - 04","S01010134",551,268,126,142,1,223,0,223,47,41,6,12
"2011","Greenfield - 05","S01010135",365,196,102,94,0,146,0,146,23,21,2,0
"2011","Greenfield - 06","S01010136",367,258,108,150,1,56,0,56,51,42,9,1
"2011","Shettleston North - 01","S01010137",583,303,141,162,1,192,0,192,81,77,4,6
"2011","Shettleston North - 02","S01010138",660,104,63,41,2,535,0,535,16,12,4,3
"2011","Shettleston North - 03","S01010139",552,237,111,126,0,249,0,249,63,56,7,3
"2011","Shettleston North - 04","S01010140",384,227,44,183,0,20,0,20,132,122,10,5
"2011","Shettleston North - 05","S01010141",447,63,24,39,15,323,0,323,44,41,3,2
"2011","Tollcross - 01","S01010142",288,118,44,74,9,118,0,118,41,34,7,2
"2011","Tollcross - 02","S01010143",391,206,88,118,1,158,0,158,18,17,1,8
"2011","Tollcross - 03","S01010144",372,128,36,92,0,160,0,160,83,78,5,1
"2011","Tollcross - 04","S01010145",397,177,79,98,5,108,0,108,106,105,1,1
"2011","Tollcross - 05","S01010146",406,94,23,71,3,262,0,262,46,42,4,1
"2011","Old Shettleston and Parkhead North - 01","S01010147",494,58,14,44,20,351,0,351,63,61,2,2
"2011","Old Shettleston and Parkhead North - 02","S01010148",356,88,42,46,16,200,0,200,50,42,8,2
"2011","Old Shettleston and Parkhead North - 03","S01010149",231,143,23,120,4,32,0,32,52,52,0,0
"2011","Old Shettleston and Parkhead North - 04","S01010150",325,125,75,50,0,164,0,164,34,32,2,2
"2011","Old Shettleston and Parkhead North - 05","S01010151",329,123,69,54,0,194,0,194,10,10,0,2
"2011","Carntyne - 01","S01010152",425,259,118,141,0,104,0,104,57,55,2,5
"2011","Carntyne - 02","S01010153",491,237,100,137,0,205,0,205,45,45,0,4
"2011","Carntyne - 03","S01010154",432,250,150,100,1,144,0,144,37,34,3,0
"2011","Carntyne - 04","S01010155",362,208,112,96,0,132,0,132,19,15,4,3
"2011","Cranhill, Lightburn and Queenslie South - 01","S01010156",281,111,57,54,0,158,0,158,11,10,1,1
"2011","Cranhill, Lightburn and Queenslie South - 02","S01010157",267,43,27,16,0,219,0,219,5,4,1,0
"2011","Cranhill, Lightburn and Queenslie South - 03","S01010158",461,269,121,148,2,138,0,138,45,40,5,7
"2011","Cranhill, Lightburn and Queenslie South - 04","S01010159",353,186,98,88,0,143,0,143,22,20,2,2
"2011","Cranhill, Lightburn and Queenslie South - 05","S01010160",308,17,6,11,1,281,0,281,9,7,2,0
"2011","Cranhill, Lightburn and Queenslie South - 06","S01010161",259,112,12,100,0,143,0,143,4,3,1,0
"2011","Cranhill, Lightburn and Queenslie South - 07","S01010162",360,35,12,23,0,319,0,319,6,6,0,0
"2011","Cranhill, Lightburn and Queenslie South - 08","S01010163",239,80,41,39,12,139,0,139,8,8,0,0
"2011","Cranhill, Lightburn and Queenslie South - 09","S01010164",282,138,48,90,0,126,0,126,17,14,3,1
"2011","Craigend and Ruchazie - 01","S01010165",275,63,43,20,1,204,0,204,7,6,1,0
"2011","Craigend and Ruchazie - 02","S01010166",347,168,54,114,0,159,0,159,16,13,3,4
"2011","Craigend and Ruchazie - 03","S01010167",472,170,81,89,1,260,0,260,38,37,1,3
"2011","Craigend and Ruchazie - 04","S01010168",236,111,30,81,1,93,0,93,28,23,5,3
"2011","Craigend and Ruchazie - 05","S01010169",367,129,38,91,1,187,0,187,46,44,2,4
"2011","Craigend and Ruchazie - 06","S01010170",271,104,30,74,0,141,0,141,26,23,3,0
"2011","Craigend and Ruchazie - 07","S01010171",489,74,26,48,1,390,0,390,22,17,5,2
"2011","Riddrie and Hogganfield - 01","S01010172",481,200,106,94,2,233,0,233,44,43,1,2
"2011","Riddrie and Hogganfield - 02","S01010173",331,234,101,133,0,86,0,86,8,7,1,3
"2011","Riddrie and Hogganfield - 03","S01010174",250,180,70,110,2,50,0,50,15,12,3,3
"2011","Riddrie and Hogganfield - 04","S01010175",216,118,43,75,1,72,0,72,23,23,0,2
"2011","Riddrie and Hogganfield - 05","S01010176",369,213,106,107,1,129,0,129,22,17,5,4
"2011","Riddrie and Hogganfield - 06","S01010177",315,54,16,38,0,248,0,248,12,10,2,1
"2011","Riddrie and Hogganfield - 07","S01010178",391,37,11,26,8,321,0,321,23,19,4,2
"2011","Blackhill and Barmulloch East - 01","S01010179",387,127,52,75,0,230,0,230,27,22,5,3
"2011","Blackhill and Barmulloch East - 02","S01010180",215,115,20,95,3,71,0,71,25,21,4,1
"2011","Blackhill and Barmulloch East - 03","S01010181",272,99,45,54,0,159,0,159,13,9,4,1
"2011","Blackhill and Barmulloch East - 04","S01010182",307,262,87,175,0,13,0,13,27,23,4,5
"2011","Blackhill and Barmulloch East - 05","S01010183",232,102,54,48,1,116,0,116,13,10,3,0
"2011","Blackhill and Barmulloch East - 06","S01010184",286,116,63,53,0,150,0,150,18,18,0,2
"2011","Blackhill and Barmulloch East - 07","S01010185",282,96,43,53,3,174,0,174,9,6,3,0
"2011","Robroyston and Millerston - 01","S01010186",246,221,73,148,0,5,0,5,19,17,2,1
"2011","Robroyston and Millerston - 02","S01010187",294,252,74,178,0,9,0,9,32,28,4,1
"2011","Robroyston and Millerston - 03","S01010188",304,262,73,189,0,9,0,9,30,24,6,3
"2011","Robroyston and Millerston - 04","S01010189",336,302,40,262,0,4,0,4,25,23,2,5
"2011","Robroyston and Millerston - 05","S01010190",253,233,39,194,0,8,0,8,11,10,1,1
"2011","Robroyston and Millerston - 06","S01010191",266,236,35,201,1,7,0,7,21,17,4,1
"2011","Robroyston and Millerston - 07","S01010192",294,265,35,230,1,7,0,7,16,12,4,5
"2011","Robroyston and Millerston - 08","S01010193",329,270,78,192,2,11,0,11,43,28,15,3
"2011","Balornock - 01","S01010194",268,198,91,107,0,65,0,65,4,3,1,1
"2011","Balornock - 02","S01010195",212,138,47,91,0,56,0,56,18,16,2,0
"2011","Balornock - 03","S01010196",274,109,55,54,2,151,0,151,11,9,2,1
"2011","Balornock - 04","S01010197",260,97,52,45,1,149,0,149,12,8,4,1
"2011","Balornock - 05","S01010198",394,217,106,111,0,156,0,156,16,15,1,5
"2011","Barmulloch - 01","S01010199",232,80,38,42,0,144,0,144,8,5,3,0
"2011","Barmulloch - 02","S01010200",305,177,75,102,3,114,0,114,11,8,3,0
"2011","Barmulloch - 03","S01010201",253,197,76,121,0,40,0,40,11,10,1,5
"2011","Barmulloch - 04","S01010202",365,26,20,6,0,328,0,328,6,4,2,5
"2011","Petershill - 01","S01010203",260,199,28,171,9,9,0,9,42,38,4,1
"2011","Petershill - 02","S01010204",381,93,41,52,0,264,0,264,18,16,2,6
"2011","Petershill - 03","S01010205",355,146,60,86,0,174,0,174,35,35,0,0
"2011","Petershill - 04","S01010206",255,9,4,5,0,131,0,131,25,14,11,90
"2011","Petershill - 05","S01010207",285,39,27,12,2,155,0,155,35,27,8,54
"2011","Petershill - 06","S01010208",565,248,45,203,24,183,0,183,108,90,18,2
"2011","Springburn - 01","S01010209",468,172,55,117,0,253,0,253,41,40,1,2
"2011","Springburn - 02","S01010210",416,271,134,137,2,103,0,103,38,33,5,2
"2011","Springburn - 03","S01010211",452,146,69,77,0,268,0,268,32,28,4,6
"2011","Springburn - 04","S01010212",559,97,34,63,0,410,0,410,51,50,1,1
"2011","Springburn - 05","S01010213",476,238,104,134,1,187,0,187,42,37,5,8
"2011","Springburn East and Cowlairs - 01","S01010214",396,315,142,173,1,36,0,36,38,34,4,6
"2011","Springburn East and Cowlairs - 02","S01010215",492,62,28,34,1,415,0,415,13,11,2,1
"2011","Springburn East and Cowlairs - 03","S01010216",361,43,8,35,0,287,0,287,28,26,2,3
"2011","Springburn East and Cowlairs - 04","S01010217",406,81,19,62,0,245,0,245,80,71,9,0
"2011","Springburn East and Cowlairs - 05","S01010218",587,196,48,148,0,329,0,329,57,50,7,5
"2011","Cowlairs and Port Dundas - 01","S01010219",274,26,16,10,0,231,0,231,17,15,2,0
"2011","Cowlairs and Port Dundas - 02","S01010220",279,152,40,112,9,18,0,18,94,84,10,6
"2011","Cowlairs and Port Dundas - 03","S01010221",260,26,14,12,0,218,0,218,16,15,1,0
"2011","Cowlairs and Port Dundas - 04","S01010222",285,88,24,64,1,127,0,127,68,60,8,1
"2011","Cowlairs and Port Dundas - 05","S01010223",337,92,27,65,9,193,0,193,42,32,10,1
"2011","Cowlairs and Port Dundas - 06","S01010224",469,43,7,36,0,416,0,416,9,6,3,1
"2011","Sighthill - 01","S01010225",431,125,35,90,18,241,0,241,46,43,3,1
"2011","Sighthill - 02","S01010226",394,21,11,10,1,355,0,355,13,11,2,4
"2011","Sighthill - 03","S01010227",294,15,7,8,0,260,0,260,15,9,6,4
"2011","Roystonhill, Blochairn, and Provanmill - 01","S01010228",384,117,67,50,0,251,0,251,15,14,1,1
"2011","Roystonhill, Blochairn, and Provanmill - 02","S01010229",508,151,29,122,1,326,0,326,24,20,4,6
"2011","Roystonhill, Blochairn, and Provanmill - 03","S01010230",577,28,10,18,6,525,0,525,17,16,1,1
"2011","Roystonhill, Blochairn, and Provanmill - 04","S01010231",514,22,11,11,2,473,0,473,17,16,1,0
"2011","Roystonhill, Blochairn, and Provanmill - 05","S01010232",485,75,9,66,2,381,0,381,27,23,4,0
"2011","Roystonhill, Blochairn, and Provanmill - 06","S01010233",476,69,39,30,1,388,0,388,15,13,2,3
"2011","Dennistoun North - 01","S01010234",562,269,117,152,1,80,0,80,202,187,15,10
"2011","Dennistoun North - 02","S01010235",446,185,30,155,8,5,0,5,238,211,27,10
"2011","Dennistoun North - 03","S01010236",378,212,83,129,0,39,0,39,122,117,5,5
"2011","Dennistoun North - 04","S01010237",353,194,72,122,2,54,0,54,101,94,7,2
"2011","Dennistoun North - 05","S01010238",455,228,89,139,1,58,0,58,162,145,17,6
"2011","Alexandra Parade - 01","S01010239",424,128,55,73,5,226,0,226,64,59,5,1
"2011","Alexandra Parade - 02","S01010240",398,151,55,96,6,145,0,145,92,85,7,4
"2011","Alexandra Parade - 03","S01010241",623,262,103,159,1,183,0,183,173,166,7,4
"2011","Carntyne West and Haghill - 01","S01010242",455,102,32,70,8,217,0,217,121,114,7,7
"2011","Carntyne West and Haghill - 02","S01010243",610,118,38,80,3,279,0,279,209,198,11,1
"2011","Carntyne West and Haghill - 03","S01010244",440,72,29,43,0,316,0,316,47,41,6,5
"2011","Carntyne West and Haghill - 04","S01010245",509,34,13,21,1,446,0,446,28,26,2,0
"2011","Carntyne West and Haghill - 05","S01010246",433,64,31,33,1,284,0,284,75,72,3,9
"2011","Carntyne West and Haghill - 06","S01010247",356,242,80,162,0,97,0,97,17,13,4,0
"2011","Dennistoun - 01","S01010248",456,273,88,185,4,22,0,22,151,130,21,6
"2011","Dennistoun - 02","S01010249",403,200,76,124,1,16,0,16,182,158,24,4
"2011","Dennistoun - 03","S01010250",390,182,60,122,3,10,0,10,186,166,20,9
"2011","Dennistoun - 04","S01010251",317,111,27,84,0,7,0,7,197,184,13,2
"2011","Dennistoun - 05","S01010252",297,152,46,106,2,34,0,34,106,100,6,3
"2011","Dennistoun - 06","S01010253",364,81,25,56,1,235,0,235,43,39,4,4
"2011","Gallowgate North and Bellgrove - 01","S01010254",581,116,31,85,57,321,0,321,86,78,8,1
"2011","Gallowgate North and Bellgrove - 02","S01010255",353,48,17,31,0,254,0,254,45,35,10,6
"2011","Gallowgate North and Bellgrove - 03","S01010256",516,60,28,32,1,420,0,420,31,29,2,4
"2011","Gallowgate North and Bellgrove - 04","S01010257",497,57,25,32,5,135,0,135,297,289,8,3
"2011","Gallowgate North and Bellgrove - 05","S01010258",424,119,29,90,2,16,0,16,282,265,17,5
"2011","City Centre East - 01","S01010259",468,56,33,23,1,364,0,364,46,38,8,1
"2011","City Centre East - 02","S01010260",685,219,80,139,6,154,0,154,268,241,27,38
"2011","City Centre East - 03","S01010261",526,107,71,36,2,280,0,280,129,123,6,8
"2011","City Centre East - 04","S01010262",535,100,62,38,7,340,0,340,83,69,14,5
"2011","City Centre East - 05","S01010263",422,139,51,88,3,32,0,32,240,227,13,8
"2011","City Centre East - 06","S01010264",557,148,55,93,4,134,0,134,267,242,25,4
"2011","City Centre East - 07","S01010265",573,212,59,153,8,2,0,2,334,310,24,17
"2011","City Centre West - 01","S01010266",237,93,42,51,0,30,0,30,103,93,10,11
"2011","City Centre West - 02","S01010267",318,60,15,45,3,16,0,16,231,223,8,8
"2011","City Centre West - 03","S01010268",417,156,70,86,5,93,0,93,147,136,11,16
"2011","City Centre West - 04","S01010269",320,89,32,57,1,56,0,56,164,148,16,10
"2011","City Centre West - 05","S01010270",817,137,76,61,3,494,0,494,161,141,20,22
"2011","City Centre West - 06","S01010271",327,93,35,58,3,52,0,52,173,164,9,6
"2011","City Centre South - 01","S01010272",703,125,38,87,1,402,0,402,169,151,18,6
"2011","City Centre South - 02","S01010273",409,105,36,69,4,13,0,13,276,265,11,11
"2011","City Centre South - 03","S01010274",342,116,31,85,3,17,0,17,196,182,14,10
"2011","City Centre South - 04","S01010275",357,105,31,74,2,10,0,10,227,205,22,13
"2011","Anderston - 01","S01010276",625,242,62,180,0,13,0,13,347,329,18,23
"2011","Anderston - 02","S01010277",305,37,19,18,10,194,0,194,61,54,7,3
"2011","Anderston - 03","S01010278",330,61,19,42,1,215,0,215,52,44,8,1
"2011","Anderston - 04","S01010279",312,70,25,45,4,126,0,126,107,100,7,5
"2011","Anderston - 05","S01010280",426,122,46,76,3,82,0,82,216,199,17,3
"2011","Anderston - 06","S01010281",466,165,43,122,1,62,0,62,229,215,14,9
"2011","Finnieston and Kelvinhaugh - 01","S01010282",645,172,64,108,0,278,0,278,189,170,19,6
"2011","Finnieston and Kelvinhaugh - 02","S01010283",296,82,23,59,1,59,0,59,145,135,10,9
"2011","Finnieston and Kelvinhaugh - 03","S01010284",638,233,56,177,1,96,0,96,303,273,30,5
"2011","Finnieston and Kelvinhaugh - 04","S01010285",420,106,30,76,5,135,0,135,171,157,14,3
"2011","Finnieston and Kelvinhaugh - 05","S01010286",365,126,30,96,3,57,0,57,171,156,15,8
"2011","Finnieston and Kelvinhaugh - 06","S01010287",387,143,49,94,2,26,0,26,214,202,12,2
"2011","Finnieston and Kelvinhaugh - 07","S01010288",349,134,45,89,2,31,0,31,181,155,26,1
"2011","Woodlands - 01","S01010289",380,253,66,187,1,11,0,11,111,104,7,4
"2011","Woodlands - 02","S01010290",278,86,29,57,1,66,0,66,118,111,7,7
"2011","Woodlands - 03","S01010291",481,126,53,73,4,126,0,126,222,204,18,3
"2011","Woodlands - 04","S01010292",409,194,81,113,4,11,0,11,195,179,16,5
"2011","Woodlands - 05","S01010293",373,88,30,58,18,89,0,89,177,167,10,1
"2011","Woodlands - 06","S01010294",275,110,58,52,4,16,0,16,142,124,18,3
"2011","Woodlands - 07","S01010295",427,152,62,90,8,23,0,23,233,211,22,11
"2011","Woodlands - 08","S01010296",291,85,29,56,5,96,0,96,98,90,8,7
"2011","Woodside - 01","S01010297",676,168,82,86,5,332,0,332,167,152,15,4
"2011","Woodside - 02","S01010298",515,127,54,73,5,266,0,266,115,99,16,2
"2011","Woodside - 03","S01010299",292,64,31,33,2,189,0,189,34,24,10,3
"2011","Woodside - 04","S01010300",478,113,46,67,2,194,0,194,166,145,21,3
"2011","Firhill - 01","S01010301",283,89,27,62,18,23,0,23,133,114,19,20
"2011","Firhill - 02","S01010302",388,57,28,29,2,291,0,291,35,27,8,3
"2011","Firhill - 03","S01010303",250,25,13,12,2,205,0,205,16,14,2,2
"2011","Firhill - 04","S01010304",332,63,24,39,15,194,0,194,54,48,6,6
"2011","Firhill - 05","S01010305",478,154,49,105,1,219,0,219,100,95,5,4
"2011","Firhill - 06","S01010306",449,170,59,111,5,91,0,91,172,157,15,11
"2011","Firhill - 07","S01010307",428,228,76,152,1,31,0,31,162,142,20,6
"2011","Firhill - 08","S01010308",480,224,81,143,8,48,0,48,192,174,18,8
"2011","Keppochhill - 01","S01010309",264,69,36,33,1,173,0,173,20,20,0,1
"2011","Keppochhill - 02","S01010310",381,61,11,50,6,216,0,216,88,77,11,10
"2011","Keppochhill - 03","S01010311",351,56,27,29,4,262,0,262,26,25,1,3
"2011","Keppochhill - 04","S01010312",425,4,1,3,0,418,0,418,3,3,0,0
"2011","Keppochhill - 05","S01010313",356,20,11,9,0,316,0,316,19,15,4,1
"2011","Keppochhill - 06","S01010314",550,95,11,84,14,393,0,393,45,42,3,3
"2011","Ruchill - 01","S01010315",409,178,46,132,3,137,0,137,89,70,19,2
"2011","Ruchill - 02","S01010316",304,34,9,25,0,232,0,232,34,30,4,4
"2011","Ruchill - 03","S01010317",394,188,58,130,3,44,0,44,152,140,12,7
"2011","Ruchill - 04","S01010318",304,38,10,28,1,205,0,205,56,50,6,4
"2011","Ruchill - 05","S01010319",407,183,45,138,6,96,0,96,114,104,10,8
"2011","Ruchill - 06","S01010320",437,104,21,83,3,211,0,211,109,92,17,10
"2011","Ruchill - 07","S01010321",432,145,43,102,1,158,0,158,125,110,15,3
"2011","Ruchill - 08","S01010322",549,306,131,175,1,19,0,19,212,190,22,11
"2011","Possil Park - 01","S01010323",377,11,6,5,0,358,0,358,7,6,1,1
"2011","Possil Park - 02","S01010324",403,138,81,57,0,235,0,235,29,26,3,1
"2011","Possil Park - 03","S01010325",501,226,150,76,0,242,0,242,32,31,1,1
"2011","Possil Park - 04","S01010326",494,59,19,40,1,410,0,410,23,22,1,1
"2011","Possil Park - 05","S01010327",362,135,22,113,2,186,0,186,38,33,5,1
"2011","Possil Park - 06","S01010328",445,260,100,160,3,128,0,128,52,46,6,2
"2011","Possil Park - 07","S01010329",290,149,75,74,0,108,0,108,31,27,4,2
"2011","Milton West - 01","S01010330",299,68,26,42,5,213,0,213,13,12,1,0
"2011","Milton West - 02","S01010331",520,227,112,115,0,247,0,247,40,35,5,6
"2011","Milton West - 03","S01010332",279,125,41,84,1,130,0,130,20,18,2,3
"2011","Milton West - 04","S01010333",487,227,104,123,3,193,0,193,56,51,5,8
"2011","Milton West - 05","S01010334",433,255,69,186,4,134,0,134,38,35,3,2
"2011","Milton East - 01","S01010335",345,163,76,87,0,159,0,159,19,14,5,4
"2011","Milton East - 02","S01010336",379,34,20,14,0,338,0,338,6,3,3,1
"2011","Milton East - 03","S01010337",278,131,53,78,0,133,0,133,14,13,1,0
"2011","Milton East - 04","S01010338",356,92,40,52,1,251,0,251,11,10,1,1
"2011","Milton East - 05","S01010339",284,167,86,81,2,99,0,99,13,10,3,3
"2011","Summerston Central and West - 01","S01010340",349,121,44,77,2,214,0,214,12,8,4,0
"2011","Summerston Central and West - 02","S01010341",253,181,68,113,0,57,0,57,14,13,1,1
"2011","Summerston Central and West - 03","S01010342",302,264,84,180,0,10,0,10,27,23,4,1
"2011","Summerston Central and West - 04","S01010343",365,329,77,252,0,9,0,9,26,22,4,1
"2011","Summerston Central and West - 05","S01010344",419,65,28,37,0,347,0,347,7,5,2,0
"2011","Summerston Central and West - 06","S01010345",160,136,27,109,0,4,0,4,20,20,0,0
"2011","Summerston North - 01","S01010346",410,338,123,215,0,40,0,40,29,27,2,3
"2011","Summerston North - 02","S01010347",466,144,61,83,1,270,0,270,49,47,2,2
"2011","Summerston North - 03","S01010348",483,272,118,154,0,179,0,179,30,25,5,2
"2011","Summerston North - 04","S01010349",443,221,81,140,1,201,0,201,17,14,3,3
"2011","Maryhill East - 01","S01010350",475,131,67,64,0,326,0,326,18,17,1,0
"2011","Maryhill East - 02","S01010351",398,183,46,137,0,147,0,147,68,64,4,0
"2011","Maryhill East - 03","S01010352",276,126,61,65,0,122,0,122,27,25,2,1
"2011","Maryhill East - 04","S01010353",562,31,6,25,4,516,0,516,11,8,3,0
"2011","Maryhill West - 01","S01010354",375,127,58,69,1,183,0,183,61,59,2,3
"2011","Maryhill West - 02","S01010355",402,121,51,70,0,234,0,234,44,41,3,3
"2011","Maryhill West - 03","S01010356",308,163,28,135,19,80,0,80,46,43,3,0
"2011","Maryhill West - 04","S01010357",340,86,39,47,0,236,0,236,16,12,4,2
"2011","Wyndford - 01","S01010358",507,136,68,68,1,332,0,332,35,27,8,3
"2011","Wyndford - 02","S01010359",456,55,32,23,1,379,0,379,19,15,4,2
"2011","Wyndford - 03","S01010360",285,72,21,51,0,185,0,185,26,25,1,2
"2011","Wyndford - 04","S01010361",402,21,12,9,0,356,0,356,17,11,6,8
"2011","Wyndford - 05","S01010362",611,85,52,33,2,497,0,497,22,18,4,5
"2011","Kelvindale - 01","S01010363",394,267,114,153,4,35,0,35,85,77,8,3
"2011","Kelvindale - 02","S01010364",337,314,151,163,0,11,0,11,12,9,3,0
"2011","Kelvindale - 03","S01010365",449,360,177,183,1,4,0,4,78,64,14,6
"2011","Kelvindale - 04","S01010366",502,390,168,222,1,14,0,14,96,86,10,1
"2011","Kelvindale - 05","S01010367",507,384,195,189,3,15,0,15,94,85,9,11
"2011","Kelvindale - 06","S01010368",355,282,148,134,0,5,0,5,61,56,5,7
"2011","North Kelvin - 01","S01010369",433,187,74,113,0,112,0,112,123,111,12,11
"2011","North Kelvin - 02","S01010370",335,197,70,127,4,13,0,13,113,105,8,8
"2011","North Kelvin - 03","S01010371",461,281,107,174,2,6,0,6,166,158,8,6
"2011","North Kelvin - 04","S01010372",226,160,65,95,1,11,0,11,50,43,7,4
"2011","North Kelvin - 05","S01010373",408,229,95,134,1,37,0,37,138,115,23,3
"2011","Kelvingrove and University - 01","S01010374",469,278,129,149,4,21,0,21,156,140,16,10
"2011","Kelvingrove and University - 02","S01010375",219,73,29,44,3,5,0,5,138,127,11,0
"2011","Kelvingrove and University - 03","S01010376",367,129,40,89,0,32,0,32,205,197,8,1
"2011","Kelvingrove and University - 04","S01010377",375,129,53,76,5,36,0,36,197,185,12,8
"2011","Kelvingrove and University - 05","S01010378",272,104,29,75,4,14,0,14,150,132,18,0
"2011","Kelvingrove and University - 06","S01010379",446,161,65,96,8,75,0,75,194,168,26,8
"2011","Kelvingrove and University - 07","S01010380",521,272,128,144,2,69,0,69,172,153,19,6
"2011","Hillhead - 01","S01010381",372,101,35,66,1,31,0,31,227,214,13,12
"2011","Hillhead - 02","S01010382",483,198,76,122,0,97,0,97,186,163,23,2
"2011","Hillhead - 03","S01010383",393,69,19,50,0,193,0,193,131,123,8,0
"2011","Hillhead - 04","S01010384",454,196,81,115,2,47,0,47,204,186,18,5
"2011","Hillhead - 05","S01010385",498,159,60,99,2,163,0,163,170,144,26,4
"2011","Hillhead - 06","S01010386",528,127,37,90,5,259,0,259,124,115,9,13
"2011","Hillhead - 07","S01010387",587,168,49,119,0,154,0,154,257,236,21,8
"2011","Glasgow Harbour and Partick South - 01","S01010388",584,170,60,110,15,268,0,268,123,115,8,8
"2011","Glasgow Harbour and Partick South - 02","S01010389",668,244,49,195,1,45,0,45,361,344,17,17
"2011","Glasgow Harbour and Partick South - 03","S01010390",716,305,78,227,2,118,0,118,287,267,20,4
"2011","Glasgow Harbour and Partick South - 04","S01010391",541,226,56,170,6,86,0,86,221,207,14,2
"2011","Glasgow Harbour and Partick South - 05","S01010392",416,128,32,96,2,12,0,12,264,255,9,10
"2011","Partick - 01","S01010393",634,300,126,174,1,69,0,69,252,238,14,12
"2011","Partick - 02","S01010394",516,102,44,58,3,361,0,361,49,42,7,1
"2011","Partick - 03","S01010395",637,292,94,198,0,159,0,159,181,158,23,5
"2011","Partick - 04","S01010396",585,184,74,110,6,189,0,189,198,184,14,8
"2011","Partickhill and Hyndland - 01","S01010397",294,145,56,89,3,50,0,50,96,86,10,0
"2011","Partickhill and Hyndland - 02","S01010398",583,351,150,201,1,12,0,12,210,199,11,9
"2011","Partickhill and Hyndland - 03","S01010399",615,340,132,208,0,4,0,4,261,246,15,10
"2011","Partickhill and Hyndland - 04","S01010400",530,390,182,208,0,29,0,29,105,93,12,6
"2011","Partickhill and Hyndland - 05","S01010401",400,205,105,100,0,76,0,76,118,108,10,1
"2011","Partickhill and Hyndland - 06","S01010402",513,346,160,186,5,34,0,34,124,115,9,4
"2011","Dowanhill - 01","S01010403",509,383,183,200,1,4,0,4,115,111,4,6
"2011","Dowanhill - 02","S01010404",406,277,130,147,2,37,0,37,89,80,9,1
"2011","Dowanhill - 03","S01010405",408,286,130,156,0,7,0,7,107,103,4,8
"2011","Dowanhill - 04","S01010406",435,239,95,144,0,9,0,9,183,170,13,4
"2011","Dowanhill - 05","S01010407",418,190,98,92,5,4,0,4,210,201,9,9
"2011","Kelvinside and Jordanhill - 01","S01010408",272,155,67,88,0,89,0,89,26,23,3,2
"2011","Kelvinside and Jordanhill - 02","S01010409",245,230,105,125,0,8,0,8,4,4,0,3
"2011","Kelvinside and Jordanhill - 03","S01010410",248,215,100,115,1,5,0,5,23,19,4,4
"2011","Kelvinside and Jordanhill - 04","S01010411",365,335,171,164,0,8,0,8,16,13,3,6
"2011","Kelvinside and Jordanhill - 05","S01010412",424,242,107,135,1,7,0,7,165,154,11,9
"2011","Kelvinside and Jordanhill - 06","S01010413",340,295,187,108,2,6,0,6,32,30,2,5
"2011","Kelvinside and Jordanhill - 07","S01010414",497,355,173,182,0,73,0,73,67,59,8,2
"2011","Broomhill - 01","S01010415",555,226,104,122,0,275,0,275,51,44,7,3
"2011","Broomhill - 02","S01010416",322,248,138,110,4,8,0,8,59,51,8,3
"2011","Broomhill - 03","S01010417",286,217,96,121,2,10,0,10,46,41,5,11
"2011","Broomhill - 04","S01010418",561,386,158,228,2,31,0,31,135,121,14,7
"2011","Broomhill - 05","S01010419",500,396,196,200,1,21,0,21,79,75,4,3
"2011","Victoria Park - 01","S01010420",290,258,158,100,0,14,0,14,12,10,2,6
"2011","Victoria Park - 02","S01010421",346,294,142,152,0,23,0,23,28,22,6,1
"2011","Victoria Park - 03","S01010422",483,354,173,181,2,83,0,83,39,35,4,5
"2011","Whiteinch - 01","S01010423",490,103,30,73,4,304,0,304,76,71,5,3
"2011","Whiteinch - 02","S01010424",471,169,69,100,1,228,0,228,70,60,10,3
"2011","Whiteinch - 03","S01010425",621,143,31,112,5,374,0,374,99,91,8,0
"2011","Whiteinch - 04","S01010426",406,160,58,102,0,183,0,183,60,52,8,3
"2011","Scotstoun North and East - 01","S01010427",499,195,83,112,1,283,0,283,16,12,4,4
"2011","Scotstoun North and East - 02","S01010428",319,234,103,131,0,64,0,64,20,18,2,1
"2011","Scotstoun North and East - 03","S01010429",388,341,139,202,0,19,0,19,24,21,3,4
"2011","Scotstoun North and East - 04","S01010430",451,128,52,76,3,285,0,285,30,26,4,5
"2011","Scotstoun North and East - 05","S01010431",258,232,94,138,0,12,0,12,11,8,3,3
"2011","Scotstoun South and West - 01","S01010432",464,138,34,104,2,258,0,258,62,58,4,4
"2011","Scotstoun South and West - 02","S01010433",338,22,7,15,2,304,0,304,9,7,2,1
"2011","Scotstoun South and West - 03","S01010434",331,63,22,41,0,216,0,216,48,37,11,4
"2011","Scotstoun South and West - 04","S01010435",291,175,72,103,1,97,0,97,14,14,0,4
"2011","Scotstoun South and West - 05","S01010436",433,97,24,73,1,275,0,275,60,55,5,0
"2011","Yoker South - 01","S01010437",269,138,53,85,1,115,0,115,14,12,2,1
"2011","Yoker South - 02","S01010438",370,114,10,104,1,238,0,238,14,14,0,3
"2011","Yoker South - 03","S01010439",512,165,34,131,2,242,0,242,103,93,10,0
"2011","Yoker South - 04","S01010440",322,126,60,66,0,181,0,181,13,13,0,2
"2011","Yoker South - 05","S01010441",488,267,39,228,2,103,0,103,112,101,11,4
"2011","Yoker South - 06","S01010442",383,127,24,103,0,193,0,193,61,54,7,2
"2011","Yoker North - 01","S01010443",228,147,57,90,0,49,0,49,25,25,0,7
"2011","Yoker North - 02","S01010444",289,177,77,100,1,89,0,89,22,17,5,0
"2011","Yoker North - 03","S01010445",307,162,44,118,0,129,0,129,15,13,2,1
"2011","Yoker North - 04","S01010446",329,248,100,148,0,66,0,66,10,8,2,5
"2011","Knightswood West - 01","S01010447",521,177,53,124,0,310,0,310,34,32,2,0
"2011","Knightswood West - 02","S01010448",360,269,96,173,1,69,0,69,20,19,1,1
"2011","Knightswood West - 03","S01010449",370,229,106,123,0,102,0,102,36,34,2,3
"2011","Knightswood East - 01","S01010450",407,234,88,146,0,138,0,138,30,28,2,5
"2011","Knightswood East - 02","S01010451",438,139,61,78,0,284,0,284,13,12,1,2
"2011","Knightswood East - 03","S01010452",408,252,127,125,0,109,0,109,36,33,3,11
"2011","Knightswood East - 04","S01010453",372,86,29,57,2,264,0,264,17,17,0,3
"2011","Knightswood East - 05","S01010454",383,259,106,153,1,93,0,93,28,23,5,2
"2011","Knightswood Park West - 01","S01010455",604,133,63,70,2,442,0,442,25,23,2,2
"2011","Knightswood Park West - 02","S01010456",313,184,87,97,2,98,0,98,24,16,8,5
"2011","Knightswood Park West - 03","S01010457",340,158,68,90,1,171,0,171,7,6,1,3
"2011","Knightswood Park West - 04","S01010458",411,207,105,102,1,185,0,185,16,13,3,2
"2011","Knightswood Park West - 05","S01010459",258,181,75,106,0,50,0,50,22,22,0,5
"2011","Knightswood Park East - 01","S01010460",346,270,98,172,1,20,0,20,48,43,5,7
"2011","Knightswood Park East - 02","S01010461",386,184,82,102,0,167,0,167,32,25,7,3
"2011","Knightswood Park East - 03","S01010462",437,13,4,9,1,413,0,413,10,9,1,0
"2011","Knightswood Park East - 04","S01010463",376,267,120,147,0,84,0,84,24,19,5,1
"2011","Knightswood Park East - 05","S01010464",248,179,71,108,0,57,0,57,12,11,1,0
"2011","Anniesland East - 01","S01010465",451,361,104,257,7,23,0,23,55,47,8,5
"2011","Anniesland East - 02","S01010466",458,321,100,221,0,7,0,7,125,112,13,5
"2011","Anniesland East - 03","S01010467",476,365,228,137,1,10,0,10,91,78,13,9
"2011","Anniesland East - 04","S01010468",417,313,149,164,4,3,0,3,92,76,16,5
"2011","Anniesland East - 05","S01010469",405,167,57,110,0,119,0,119,118,111,7,1
"2011","Anniesland West - 01","S01010470",364,234,91,143,1,95,0,95,26,23,3,8
"2011","Anniesland West - 02","S01010471",316,173,71,102,0,106,0,106,32,29,3,5
"2011","Anniesland West - 03","S01010472",290,173,32,141,1,41,0,41,69,66,3,6
"2011","Anniesland West - 04","S01010473",435,286,95,191,0,39,0,39,99,86,13,11
"2011","Anniesland West - 05","S01010474",431,212,62,150,0,83,0,83,129,111,18,7
"2011","Anniesland West - 06","S01010475",384,295,85,210,1,7,0,7,75,69,6,6
"2011","Anniesland West - 07","S01010476",523,314,142,172,33,106,0,106,66,60,6,4
"2011","Anniesland West - 08","S01010477",354,245,109,136,0,74,0,74,30,26,4,5
"2011","Blairdardie East - 01","S01010478",628,236,79,157,0,334,0,334,53,50,3,5
"2011","Blairdardie East - 02","S01010479",512,281,101,180,1,188,0,188,39,27,12,3
"2011","Blairdardie East - 03","S01010480",285,204,83,121,0,65,0,65,15,10,5,1
"2011","Blairdardie East - 04","S01010481",267,81,30,51,1,162,0,162,22,20,2,1
"2011","Blairdardie East - 05","S01010482",354,235,87,148,2,97,0,97,15,14,1,5
"2011","Blairdardie East - 06","S01010483",526,323,114,209,0,163,0,163,33,29,4,7
"2011","Blairdardie East - 07","S01010484",246,132,45,87,0,95,0,95,18,18,0,1
"2011","Blairdardie West - 01","S01010485",396,289,119,170,0,88,0,88,14,13,1,5
"2011","Blairdardie West - 02","S01010486",371,348,158,190,0,11,0,11,10,8,2,2
"2011","Blairdardie West - 03","S01010487",432,309,122,187,2,92,0,92,20,17,3,9
"2011","Drumchapel South - 01","S01010488",338,87,30,57,5,216,0,216,24,19,5,6
"2011","Drumchapel South - 02","S01010489",450,197,69,128,0,240,0,240,11,11,0,2
"2011","Drumchapel South - 03","S01010490",308,67,18,49,1,223,0,223,17,15,2,0
"2011","Drumchapel North - 01","S01010491",417,43,17,26,3,360,0,360,8,8,0,3
"2011","Drumchapel North - 02","S01010492",255,11,3,8,0,234,0,234,8,6,2,2
"2011","Drumchapel North - 03","S01010493",308,9,3,6,2,293,0,293,3,3,0,1
"2011","Drumchapel North - 04","S01010494",252,122,22,100,0,119,0,119,11,9,2,0
"2011","Drumchapel North - 05","S01010495",418,48,14,34,4,353,0,353,12,7,5,1
"2011","Drumry East - 01","S01010496",388,40,17,23,14,319,0,319,14,12,2,1
"2011","Drumry East - 02","S01010497",285,81,8,73,5,193,0,193,6,4,2,0
"2011","Drumry East - 03","S01010498",357,35,11,24,8,303,0,303,10,9,1,1
"2011","Drumry East - 04","S01010499",451,28,15,13,0,410,0,410,12,9,3,1
"2011","Drumry West - 01","S01010500",398,75,12,63,1,310,0,310,12,9,3,0
"2011","Drumry West - 02","S01010501",430,144,31,113,11,258,0,258,16,15,1,1
"2011","Drumry West - 03","S01010502",331,138,15,123,10,168,0,168,15,9,6,0
"2011","Drumry West - 04","S01010503",321,75,31,44,3,227,0,227,13,12,1,3
