"date","geography","geography code","Tenure: All households; measures: Value","Tenure: Owned; measures: Value","Tenure: Owned: Owned outright; measures: Value","Tenure: Owned: Owned with a mortgage or loan; measures: Value","Tenure: Shared ownership (part owned and part rented); measures: Value","Tenure: Social rented; measures: Value","Tenure: Social rented: Rented from council (Local Authority); measures: Value","Tenure: Social rented: Other; measures: Value","Tenure: Private rented; measures: Value","Tenure: Private rented: Private landlord or letting agency; measures: Value","Tenure: Private rented: Other; measures: Value","Tenure: Living rent free; measures: Value"
"2011","Darlington 001B","E01012334",962,727,322,405,2,31,28,3,182,146,36,20
"2011","Darlington 001C","E01012335",620,525,304,221,0,47,47,0,43,37,6,5
"2011","Darlington 001D","E01012366",860,669,373,296,0,60,55,5,111,93,18,20
"2011","Darlington 001E","E01033481",554,366,70,296,10,18,2,16,158,104,54,2
"2011","Darlington 001F","E01033482",650,540,142,398,2,6,3,3,102,75,27,0
"2011","Darlington 002C","E01012323",657,538,208,330,1,10,3,7,104,93,11,4
"2011","Darlington 002D","E01012324",627,531,260,271,1,7,1,6,80,67,13,8
"2011","Darlington 002E","E01032545",525,393,158,235,0,51,50,1,78,74,4,3
"2011","Darlington 002F","E01032546",702,645,296,349,0,5,5,0,49,41,8,3
"2011","Darlington 003A","E01012328",768,447,188,259,1,251,77,174,64,56,8,5
"2011","Darlington 003B","E01012329",776,704,388,316,2,12,5,7,54,45,9,4
"2011","Darlington 003C","E01012330",458,422,175,247,3,4,2,2,28,24,4,1
"2011","Darlington 003D","E01012331",505,412,180,232,0,19,15,4,69,63,6,5
"2011","Darlington 004A","E01012349",798,216,68,148,0,241,167,74,333,327,6,8
"2011","Darlington 004B","E01012350",775,439,193,246,1,133,111,22,196,182,14,6
"2011","Darlington 004C","E01012351",556,446,170,276,0,51,5,46,52,47,5,7
"2011","Darlington 004D","E01012352",804,347,139,208,1,261,221,40,191,181,10,4
"2011","Darlington 005A","E01012325",657,498,231,267,6,75,66,9,76,68,8,2
"2011","Darlington 005B","E01012326",502,290,117,173,0,168,161,7,40,36,4,4
"2011","Darlington 005C","E01012332",592,327,114,213,1,220,219,1,33,26,7,11
"2011","Darlington 005D","E01012333",592,431,207,224,1,94,23,71,54,50,4,12
"2011","Darlington 006A","E01012309",760,618,186,432,31,30,13,17,78,71,7,3
"2011","Darlington 006B","E01012310",864,680,315,365,3,112,97,15,65,56,9,4
"2011","Darlington 006C","E01012311",633,334,140,194,0,247,31,216,50,44,6,2
"2011","Darlington 006D","E01012312",625,195,75,120,0,383,369,14,42,32,10,5
"2011","Darlington 006E","E01012313",664,386,195,191,3,204,200,4,63,57,6,8
"2011","Darlington 006F","E01012314",591,271,85,186,1,257,253,4,57,51,6,5
"2011","Darlington 007A","E01012362",703,358,144,214,1,12,4,8,326,310,16,6
"2011","Darlington 007B","E01012363",684,420,157,263,1,7,4,3,249,226,23,7
"2011","Darlington 007C","E01012364",740,469,193,276,2,6,1,5,250,234,16,13
"2011","Darlington 007D","E01012365",540,475,230,245,0,4,1,3,53,48,5,8
"2011","Darlington 008B","E01012353",780,375,127,248,0,23,6,17,372,357,15,10
"2011","Darlington 008C","E01012354",737,278,116,162,2,63,35,28,386,357,29,8
"2011","Darlington 008D","E01012355",710,310,136,174,2,106,47,59,284,266,18,8
"2011","Darlington 008E","E01033483",552,113,30,83,1,210,97,113,218,207,11,10
"2011","Darlington 008F","E01033484",696,202,102,100,1,156,37,119,325,299,26,12
"2011","Darlington 009A","E01012307",878,504,246,258,2,94,66,28,268,246,22,10
"2011","Darlington 009B","E01012327",625,155,70,85,0,415,385,30,49,48,1,6
"2011","Darlington 009C","E01012342",819,404,205,199,1,291,205,86,115,101,14,8
"2011","Darlington 009D","E01012343",887,698,361,337,3,90,63,27,90,77,13,6
"2011","Darlington 010A","E01012315",688,617,320,297,2,4,3,1,59,57,2,6
"2011","Darlington 010B","E01012316",1163,782,363,419,1,85,56,29,285,266,19,10
"2011","Darlington 010C","E01012360",783,571,313,258,6,103,12,91,95,87,8,8
"2011","Darlington 011A","E01012336",725,617,374,243,2,71,3,68,26,24,2,9
"2011","Darlington 011B","E01012337",709,669,410,259,1,8,5,3,25,24,1,6
"2011","Darlington 011C","E01012347",765,625,350,275,17,48,1,47,68,58,10,7
"2011","Darlington 011D","E01012348",915,828,543,285,4,4,3,1,69,56,13,10
"2011","Darlington 011E","E01012361",798,736,412,324,0,10,5,5,38,34,4,14
"2011","Darlington 012A","E01012304",649,222,104,118,1,221,194,27,197,187,10,8
"2011","Darlington 012B","E01012305",622,316,119,197,2,66,7,59,230,220,10,8
"2011","Darlington 012C","E01012306",601,446,214,232,1,34,13,21,114,103,11,6
"2011","Darlington 012D","E01012340",1053,663,262,401,3,107,52,55,270,255,15,10
"2011","Darlington 012E","E01012341",798,297,107,190,3,395,356,39,95,90,5,8
"2011","Darlington 013A","E01012317",624,499,258,241,2,40,19,21,78,63,15,5
"2011","Darlington 013B","E01012318",1015,377,98,279,13,436,417,19,180,163,17,9
"2011","Darlington 013C","E01012319",1119,749,285,464,0,172,169,3,188,170,18,10
"2011","Darlington 014A","E01012356",742,438,188,250,2,27,16,11,259,244,15,16
"2011","Darlington 014B","E01012357",606,371,143,228,1,36,20,16,197,186,11,1
"2011","Darlington 014C","E01012358",708,421,203,218,9,152,102,50,123,112,11,3
"2011","Darlington 014D","E01012359",671,131,37,94,4,484,428,56,51,42,9,1
"2011","Darlington 015A","E01012338",848,604,304,300,9,120,66,54,105,94,11,10
"2011","Darlington 015B","E01012339",756,648,381,267,1,18,7,11,81,73,8,8
"2011","Darlington 015C","E01012344",605,400,150,250,7,72,65,7,119,110,9,7
"2011","Darlington 015D","E01012345",580,521,280,241,0,2,1,1,49,48,1,8
"2011","Darlington 015E","E01012346",699,583,176,407,1,39,38,1,75,70,5,1
"2011","County Durham 002A","E01020613",545,510,233,277,0,14,5,9,21,18,3,0
"2011","County Durham 002B","E01020614",670,483,272,211,1,129,34,95,53,46,7,4
"2011","County Durham 002C","E01020622",677,591,225,366,0,31,8,23,49,41,8,6
"2011","County Durham 002D","E01020623",626,551,174,377,0,4,1,3,66,56,10,5
"2011","County Durham 005A","E01020606",750,439,216,223,2,108,39,69,192,184,8,9
"2011","County Durham 005B","E01020615",755,377,119,258,5,307,125,182,60,55,5,6
"2011","County Durham 005C","E01020616",780,452,138,314,1,226,103,123,93,86,7,8
"2011","County Durham 005D","E01020617",846,678,298,380,1,73,29,44,89,79,10,5
"2011","County Durham 007A","E01020596",758,413,159,254,0,269,107,162,68,52,16,8
"2011","County Durham 007B","E01020597",662,592,334,258,0,21,4,17,44,38,6,5
"2011","County Durham 007C","E01020598",839,636,339,297,3,56,12,44,132,126,6,12
"2011","County Durham 007D","E01020611",582,523,293,230,15,9,4,5,31,28,3,4
"2011","County Durham 007E","E01020612",682,636,385,251,0,10,4,6,28,24,4,8
"2011","County Durham 011A","E01020592",655,183,63,120,7,402,175,227,61,54,7,2
"2011","County Durham 011B","E01020593",638,356,161,195,1,142,37,105,130,121,9,9
"2011","County Durham 011C","E01020599",871,391,147,244,1,421,163,258,47,41,6,11
"2011","County Durham 011D","E01020601",650,495,178,317,0,111,42,69,42,37,5,2
"2011","County Durham 011E","E01020602",890,413,160,253,15,399,141,258,54,42,12,9
"2011","County Durham 011F","E01020618",708,383,124,259,5,266,111,155,46,36,10,8
"2011","County Durham 013A","E01020594",788,588,261,327,1,9,4,5,181,170,11,9
"2011","County Durham 013B","E01020595",773,662,379,283,2,21,7,14,80,70,10,8
"2011","County Durham 013C","E01020600",652,616,362,254,0,2,1,1,28,26,2,6
"2011","County Durham 013D","E01020603",671,650,259,391,0,1,0,1,18,17,1,2
"2011","County Durham 013E","E01020605",771,692,272,420,2,3,1,2,68,57,11,6
"2011","County Durham 015A","E01020590",570,465,237,228,0,6,2,4,94,85,9,5
"2011","County Durham 015B","E01020591",645,326,144,182,3,220,77,143,78,75,3,18
"2011","County Durham 015C","E01020608",749,507,168,339,1,181,64,117,56,48,8,4
"2011","County Durham 015D","E01020609",609,460,258,202,1,116,42,74,28,24,4,4
"2011","County Durham 015E","E01020610",640,539,219,320,0,50,18,32,49,46,3,2
"2011","County Durham 019A","E01020604",632,440,181,259,0,124,53,71,57,50,7,11
"2011","County Durham 019B","E01020607",703,447,196,251,4,186,65,121,56,50,6,10
"2011","County Durham 019C","E01020619",677,520,217,303,2,95,36,59,57,53,4,3
"2011","County Durham 019D","E01020620",658,453,187,266,0,138,65,73,62,53,9,5
"2011","County Durham 019E","E01020621",859,492,202,290,1,300,132,168,57,54,3,9
"2011","County Durham 001A","E01020634",666,565,253,312,8,46,19,27,41,36,5,6
"2011","County Durham 001B","E01020635",615,545,248,297,0,17,10,7,45,42,3,8
"2011","County Durham 001C","E01020636",811,507,197,310,1,224,121,103,76,65,11,3
"2011","County Durham 001D","E01020654",759,597,242,355,1,76,45,31,80,72,8,5
"2011","County Durham 001E","E01020676",699,533,244,289,0,68,29,39,81,72,9,17
"2011","County Durham 003A","E01020627",703,572,276,296,1,35,15,20,90,81,9,5
"2011","County Durham 003B","E01020628",728,615,347,268,0,16,6,10,92,85,7,5
"2011","County Durham 003C","E01020629",623,430,209,221,0,144,70,74,42,38,4,7
"2011","County Durham 003D","E01020655",835,672,316,356,1,96,40,56,57,49,8,9
"2011","County Durham 003E","E01020656",678,461,244,217,0,153,66,87,57,47,10,7
"2011","County Durham 003F","E01020657",611,526,215,311,1,28,17,11,50,44,6,6
"2011","County Durham 004A","E01020661",818,490,168,322,0,126,42,84,192,175,17,10
"2011","County Durham 004B","E01020662",782,498,184,314,0,199,101,98,80,73,7,5
"2011","County Durham 004C","E01020663",842,663,308,355,1,58,34,24,109,99,10,11
"2011","County Durham 004D","E01020674",738,455,221,234,0,214,130,84,66,54,12,3
"2011","County Durham 004E","E01020678",578,440,209,231,1,92,58,34,43,37,6,2
"2011","County Durham 006A","E01020626",758,392,197,195,2,263,154,109,94,91,3,7
"2011","County Durham 006B","E01020638",706,494,247,247,0,119,67,52,89,78,11,4
"2011","County Durham 006C","E01020639",664,326,119,207,2,245,148,97,89,83,6,2
"2011","County Durham 006D","E01020653",692,406,178,228,1,208,102,106,73,68,5,4
"2011","County Durham 006E","E01020677",671,398,186,212,0,204,114,90,63,55,8,6
"2011","County Durham 008A","E01020647",857,385,115,270,0,405,202,203,65,64,1,2
"2011","County Durham 008B","E01020648",778,382,136,246,0,283,174,109,102,89,13,11
"2011","County Durham 008C","E01020649",688,415,178,237,2,159,97,62,107,100,7,5
"2011","County Durham 008D","E01020673",791,381,196,185,0,298,188,110,105,101,4,7
"2011","County Durham 008E","E01020675",799,422,173,249,1,279,176,103,83,67,16,14
"2011","County Durham 009A","E01020624",710,480,203,277,1,41,23,18,179,163,16,9
"2011","County Durham 009B","E01020625",684,500,219,281,1,61,22,39,117,109,8,5
"2011","County Durham 009C","E01020670",753,491,265,226,0,140,84,56,111,101,10,11
"2011","County Durham 009D","E01020671",612,328,158,170,0,53,11,42,228,212,16,3
"2011","County Durham 009E","E01020672",771,491,227,264,1,116,25,91,152,140,12,11
"2011","County Durham 010A","E01020632",812,621,258,363,3,43,16,27,136,128,8,9
"2011","County Durham 010B","E01020640",991,750,270,480,10,45,17,28,179,163,16,7
"2011","County Durham 010C","E01020641",968,613,289,324,1,145,26,119,199,182,17,10
"2011","County Durham 010D","E01020642",626,498,249,249,2,40,15,25,76,69,7,10
"2011","County Durham 010E","E01020643",1051,640,226,414,4,173,53,120,220,201,19,14
"2011","County Durham 010F","E01020667",805,571,298,273,2,96,38,58,128,107,21,8
"2011","County Durham 012A","E01020650",927,691,249,442,0,113,53,60,118,108,10,5
"2011","County Durham 012B","E01020651",801,611,322,289,1,100,52,48,83,75,8,6
"2011","County Durham 012C","E01020652",849,557,213,344,1,184,71,113,99,90,9,8
"2011","County Durham 012D","E01020668",683,442,196,246,0,115,57,58,109,100,9,17
"2011","County Durham 012E","E01020669",636,426,196,230,0,151,63,88,55,46,9,4
"2011","County Durham 014A","E01020630",597,379,200,179,0,168,20,148,44,41,3,6
"2011","County Durham 014B","E01020631",782,409,174,235,0,272,115,157,91,79,12,10
"2011","County Durham 014C","E01020637",730,591,300,291,1,54,26,28,66,47,19,18
"2011","County Durham 014D","E01020644",1054,606,153,453,1,288,131,157,154,143,11,5
"2011","County Durham 014E","E01020645",653,351,158,193,1,226,111,115,68,63,5,7
"2011","County Durham 020A","E01020633",707,466,223,243,1,166,99,67,65,55,10,9
"2011","County Durham 020B","E01020664",679,582,365,217,2,3,1,2,68,57,11,24
"2011","County Durham 020C","E01020665",652,456,232,224,0,156,71,85,36,30,6,4
"2011","County Durham 020D","E01020666",643,581,338,243,0,30,19,11,29,26,3,3
"2011","County Durham 024A","E01020646",688,492,245,247,1,137,66,71,46,38,8,12
"2011","County Durham 024B","E01020658",828,480,211,269,10,216,118,98,115,107,8,7
"2011","County Durham 024C","E01020659",668,554,226,328,4,12,3,9,93,86,7,5
"2011","County Durham 024D","E01020660",694,504,271,233,5,110,38,72,66,55,11,9
"2011","County Durham 022A","E01020709",584,477,197,280,9,40,21,19,55,50,5,3
"2011","County Durham 022B","E01020717",765,707,430,277,1,9,5,4,41,32,9,7
"2011","County Durham 022C","E01020718",619,506,287,219,1,30,0,30,76,70,6,6
"2011","County Durham 022D","E01020719",533,456,216,240,0,1,0,1,70,60,10,6
"2011","County Durham 022E","E01020721",486,436,203,233,1,4,1,3,42,37,5,3
"2011","County Durham 023A","E01020708",535,417,237,180,4,7,4,3,103,97,6,4
"2011","County Durham 023B","E01020710",746,504,199,305,1,98,92,6,141,130,11,2
"2011","County Durham 023C","E01020711",789,424,179,245,1,290,263,27,69,58,11,5
"2011","County Durham 023D","E01020720",699,411,182,229,1,214,132,82,69,64,5,4
"2011","County Durham 026A","E01020679",714,388,150,238,2,252,225,27,64,58,6,8
"2011","County Durham 026B","E01020680",677,588,281,307,2,10,8,2,68,52,16,9
"2011","County Durham 026C","E01020681",693,409,150,259,0,226,175,51,55,45,10,3
"2011","County Durham 026D","E01020714",695,590,295,295,0,36,35,1,60,52,8,9
"2011","County Durham 026E","E01020716",747,278,87,191,2,375,346,29,91,87,4,1
"2011","County Durham 027A","E01020725",657,523,231,292,2,89,82,7,43,38,5,0
"2011","County Durham 027B","E01020726",538,434,201,233,2,40,37,3,57,54,3,5
"2011","County Durham 027C","E01020727",538,249,102,147,3,258,212,46,24,21,3,4
"2011","County Durham 027D","E01020729",943,611,245,366,1,238,233,5,84,75,9,9
"2011","County Durham 027E","E01020730",808,473,203,270,10,263,224,39,52,41,11,10
"2011","County Durham 027F","E01020731",634,490,218,272,0,98,89,9,42,34,8,4
"2011","County Durham 028A","E01020682",834,789,495,294,0,7,5,2,35,28,7,3
"2011","County Durham 028B","E01020683",664,579,301,278,0,3,2,1,75,69,6,7
"2011","County Durham 028C","E01020690",635,546,355,191,1,9,9,0,71,68,3,8
"2011","County Durham 028D","E01020691",617,395,174,221,0,131,124,7,83,78,5,8
"2011","County Durham 028E","E01020692",659,592,377,215,1,1,0,1,62,51,11,3
"2011","County Durham 029A","E01020693",629,328,172,156,3,156,89,67,141,135,6,1
"2011","County Durham 029B","E01020722",882,340,177,163,4,375,351,24,154,137,17,9
"2011","County Durham 029C","E01020723",772,272,155,117,2,224,131,93,272,265,7,2
"2011","County Durham 029D","E01020724",674,178,91,87,0,404,69,335,86,79,7,6
"2011","County Durham 030A","E01020703",695,157,100,57,4,130,45,85,397,380,17,7
"2011","County Durham 030D","E01033164",436,149,96,53,1,27,16,11,231,218,13,28
"2011","County Durham 030E","E01033195",411,234,153,81,3,36,16,20,128,122,6,10
"2011","County Durham 030F","E01033197",401,125,92,33,1,69,63,6,202,192,10,4
"2011","County Durham 030G","E01033221",420,89,63,26,1,125,120,5,178,156,22,27
"2011","County Durham 033A","E01020684",994,705,290,415,1,39,20,19,241,219,22,8
"2011","County Durham 033B","E01020702",825,581,323,258,0,19,9,10,218,209,9,7
"2011","County Durham 033C","E01020704",553,338,208,130,3,7,2,5,194,190,4,11
"2011","County Durham 033D","E01020712",679,507,283,224,2,10,7,3,156,151,5,4
"2011","County Durham 033E","E01020713",794,636,340,296,1,4,3,1,144,135,9,9
"2011","County Durham 031A","E01020705",720,366,151,215,1,290,288,2,49,45,4,14
"2011","County Durham 031B","E01020706",856,682,367,315,1,58,25,33,105,92,13,10
"2011","County Durham 031C","E01020715",1068,694,267,427,10,194,152,42,165,148,17,5
"2011","County Durham 038A","E01020685",714,512,236,276,0,137,111,26,55,47,8,10
"2011","County Durham 038B","E01020686",797,274,123,151,0,443,415,28,72,64,8,8
"2011","County Durham 038C","E01020687",719,465,207,258,0,210,96,114,36,28,8,8
"2011","County Durham 038D","E01020688",681,427,170,257,2,184,173,11,61,56,5,7
"2011","County Durham 038E","E01020689",643,270,120,150,0,309,256,53,57,55,2,7
"2011","County Durham 041A","E01020694",687,359,145,214,0,270,258,12,51,47,4,7
"2011","County Durham 041B","E01020696",609,389,183,206,0,122,115,7,91,85,6,7
"2011","County Durham 041C","E01020697",631,484,202,282,5,17,4,13,118,107,11,7
"2011","County Durham 041D","E01020732",739,591,315,276,6,71,14,57,61,54,7,10
"2011","County Durham 044A","E01020695",807,564,241,323,1,178,131,47,57,52,5,7
"2011","County Durham 044B","E01020698",654,572,222,350,0,14,13,1,63,59,4,5
"2011","County Durham 044C","E01020699",516,263,112,151,0,204,201,3,48,42,6,1
"2011","County Durham 044D","E01020700",712,441,229,212,0,227,217,10,37,31,6,7
"2011","County Durham 044E","E01020701",604,414,184,230,0,101,93,8,84,67,17,5
"2011","County Durham 016A","E01020750",534,468,243,225,0,22,20,2,35,32,3,9
"2011","County Durham 016B","E01020781",492,337,155,182,1,116,103,13,29,22,7,9
"2011","County Durham 016D","E01020786",669,608,321,287,1,18,16,2,34,31,3,8
"2011","County Durham 016E","E01020787",812,464,179,285,0,234,209,25,88,78,10,26
"2011","County Durham 016F","E01033163",820,680,170,510,0,46,12,34,88,78,10,6
"2011","County Durham 016G","E01033202",524,333,126,207,3,115,89,26,63,52,11,10
"2011","County Durham 017A","E01020740",561,460,209,251,0,38,26,12,59,51,8,4
"2011","County Durham 017B","E01020741",534,340,169,171,2,16,14,2,172,170,2,4
"2011","County Durham 017C","E01020742",723,496,203,293,1,70,56,14,145,136,9,11
"2011","County Durham 017D","E01020782",514,378,182,196,0,85,69,16,35,32,3,16
"2011","County Durham 017E","E01020783",593,426,210,216,0,76,71,5,87,74,13,4
"2011","County Durham 017F","E01020784",737,338,159,179,0,255,181,74,137,122,15,7
"2011","County Durham 018A","E01020743",560,242,63,179,0,242,194,48,66,57,9,10
"2011","County Durham 018B","E01020747",492,173,85,88,0,277,247,30,34,30,4,8
"2011","County Durham 018C","E01020748",508,276,106,170,0,160,147,13,67,62,5,5
"2011","County Durham 018D","E01020749",758,402,241,161,3,269,252,17,66,57,9,18
"2011","County Durham 018E","E01020773",658,339,158,181,0,262,226,36,42,37,5,15
"2011","County Durham 018F","E01020775",793,284,129,155,0,424,260,164,70,58,12,15
"2011","County Durham 021C","E01020776",805,626,329,297,0,128,109,19,39,32,7,12
"2011","County Durham 021D","E01033161",616,493,192,301,0,17,14,3,96,89,7,10
"2011","County Durham 021E","E01033198",639,389,181,208,2,55,35,20,184,178,6,9
"2011","County Durham 021F","E01033205",625,464,202,262,0,75,38,37,79,71,8,7
"2011","County Durham 021G","E01033206",652,397,143,254,2,181,125,56,64,59,5,8
"2011","County Durham 025A","E01020751",819,591,267,324,0,59,28,31,161,144,17,8
"2011","County Durham 025B","E01020752",580,251,147,104,1,122,7,115,201,193,8,5
"2011","County Durham 025C","E01020754",633,413,208,205,0,161,130,31,49,42,7,10
"2011","County Durham 025D","E01020756",556,511,242,269,0,3,1,2,34,30,4,8
"2011","County Durham 032A","E01020745",588,275,118,157,0,227,210,17,72,67,5,14
"2011","County Durham 032B","E01020753",864,463,192,271,5,300,231,69,81,68,13,15
"2011","County Durham 032C","E01020757",469,236,100,136,1,168,156,12,55,54,1,9
"2011","County Durham 032D","E01020758",624,269,99,170,4,254,232,22,84,80,4,13
"2011","County Durham 032E","E01020759",462,203,79,124,0,196,185,11,52,48,4,11
"2011","County Durham 032F","E01020765",715,412,165,247,2,232,217,15,60,58,2,9
"2011","County Durham 034A","E01020760",692,510,261,249,0,122,57,65,48,40,8,12
"2011","County Durham 034B","E01020761",548,341,151,190,0,117,107,10,84,78,6,6
"2011","County Durham 034C","E01020762",648,297,149,148,3,277,204,73,55,50,5,16
"2011","County Durham 034D","E01020763",825,521,237,284,2,198,133,65,88,78,10,16
"2011","County Durham 036A","E01020764",686,338,202,136,0,170,12,158,168,155,13,10
"2011","County Durham 036B","E01020766",692,453,230,223,0,162,92,70,59,53,6,18
"2011","County Durham 036C","E01020767",873,385,180,205,5,283,167,116,184,177,7,16
"2011","County Durham 036D","E01020768",662,507,248,259,0,57,50,7,87,76,11,11
"2011","County Durham 035A","E01020733",507,313,110,203,2,120,113,7,63,60,3,9
"2011","County Durham 035B","E01020734",513,283,102,181,1,165,150,15,58,53,5,6
"2011","County Durham 035C","E01020735",626,481,184,297,2,99,89,10,39,34,5,5
"2011","County Durham 035D","E01020770",502,332,122,210,0,107,100,7,53,48,5,10
"2011","County Durham 035E","E01020771",457,249,100,149,0,156,138,18,44,40,4,8
"2011","County Durham 035F","E01020780",510,317,154,163,0,142,131,11,41,36,5,10
"2011","County Durham 037A","E01020746",489,384,162,222,0,77,74,3,18,12,6,10
"2011","County Durham 037B","E01020769",476,345,130,215,1,82,78,4,43,40,3,5
"2011","County Durham 037C","E01020777",673,311,104,207,2,273,232,41,74,66,8,13
"2011","County Durham 037D","E01020778",511,451,235,216,0,27,26,1,28,24,4,5
"2011","County Durham 037E","E01020779",658,625,247,378,1,11,7,4,18,14,4,3
"2011","County Durham 039A","E01020736",521,323,155,168,1,165,147,18,26,24,2,6
"2011","County Durham 039B","E01020737",598,489,265,224,0,27,17,10,81,71,10,1
"2011","County Durham 039C","E01020738",488,395,234,161,0,43,38,5,46,45,1,4
"2011","County Durham 039D","E01020739",686,306,168,138,2,234,68,166,135,120,15,9
"2011","County Durham 039E","E01020744",449,360,194,166,0,51,45,6,32,28,4,6
"2011","County Durham 040A","E01020788",664,422,232,190,2,143,118,25,83,77,6,14
"2011","County Durham 040B","E01020789",634,422,211,211,0,142,80,62,54,54,0,16
"2011","County Durham 040C","E01020790",590,302,147,155,0,222,216,6,55,51,4,11
"2011","County Durham 040D","E01020791",588,368,166,202,0,154,150,4,50,44,6,16
"2011","County Durham 040E","E01020792",608,407,162,245,0,123,57,66,69,65,4,9
"2011","County Durham 043A","E01020772",854,671,313,358,3,92,87,5,70,59,11,18
"2011","County Durham 043B","E01020793",762,429,204,225,0,254,245,9,63,58,5,16
"2011","County Durham 043C","E01020794",738,610,252,358,0,69,60,9,51,43,8,8
"2011","County Durham 043D","E01020795",759,490,215,275,1,123,107,16,132,121,11,13
"2011","County Durham 047A","E01020817",542,507,264,243,1,4,1,3,29,24,5,1
"2011","County Durham 047B","E01020818",667,445,229,216,1,157,107,50,58,48,10,6
"2011","County Durham 047C","E01020819",507,220,126,94,0,252,118,134,29,26,3,6
"2011","County Durham 047D","E01020837",751,680,359,321,9,22,1,21,33,27,6,7
"2011","County Durham 047E","E01020843",728,594,272,322,0,76,42,34,49,42,7,9
"2011","County Durham 048A","E01020809",635,306,117,189,2,260,202,58,61,58,3,6
"2011","County Durham 048B","E01020810",551,422,169,253,0,56,41,15,71,68,3,2
"2011","County Durham 048C","E01020811",559,348,133,215,0,148,92,56,61,55,6,2
"2011","County Durham 048D","E01020812",669,483,215,268,2,127,78,49,46,42,4,11
"2011","County Durham 048E","E01020827",778,552,260,292,1,130,91,39,92,78,14,3
"2011","County Durham 049A","E01020806",622,378,186,192,0,182,109,73,56,48,8,6
"2011","County Durham 049B","E01020807",668,290,146,144,0,156,72,84,221,210,11,1
"2011","County Durham 049C","E01020820",732,273,100,173,9,340,126,214,95,93,2,15
"2011","County Durham 049D","E01020842",907,434,211,223,1,351,281,70,113,108,5,8
"2011","County Durham 050A","E01020797",1198,626,296,330,1,371,266,105,190,168,22,10
"2011","County Durham 050B","E01020798",735,283,104,179,1,381,288,93,60,53,7,10
"2011","County Durham 050C","E01020799",683,447,194,253,0,162,116,46,70,65,5,4
"2011","County Durham 050D","E01020808",648,434,234,200,1,114,57,57,91,81,10,8
"2011","County Durham 052A","E01020821",752,586,252,334,2,85,62,23,68,63,5,11
"2011","County Durham 052B","E01020822",799,661,314,347,1,45,32,13,78,65,13,14
"2011","County Durham 052C","E01020823",853,393,207,186,0,362,235,127,87,79,8,11
"2011","County Durham 052D","E01020835",696,521,234,287,1,41,10,31,121,117,4,12
"2011","County Durham 052E","E01020836",937,530,208,322,1,299,145,154,98,90,8,9
"2011","County Durham 053B","E01020803",830,660,314,346,1,19,13,6,138,131,7,12
"2011","County Durham 053D","E01020805",945,444,179,265,2,412,296,116,80,73,7,7
"2011","County Durham 053E","E01033203",1254,816,385,431,5,193,92,101,228,207,21,12
"2011","County Durham 054A","E01020796",559,433,212,221,1,82,51,31,37,32,5,6
"2011","County Durham 054B","E01020828",667,583,364,219,1,12,8,4,58,54,4,13
"2011","County Durham 054C","E01020829",1039,881,442,439,0,20,12,8,130,124,6,8
"2011","County Durham 054D","E01020830",732,467,245,222,3,192,115,77,64,52,12,6
"2011","County Durham 059A","E01020801",716,537,269,268,1,69,42,27,103,97,6,6
"2011","County Durham 059B","E01020802",939,524,194,330,0,201,103,98,203,194,9,11
"2011","County Durham 059C","E01020838",812,539,295,244,1,84,46,38,178,162,16,10
"2011","County Durham 059D","E01020839",788,409,216,193,1,259,146,113,109,101,8,10
"2011","County Durham 059E","E01020840",721,391,211,180,2,226,163,63,94,90,4,8
"2011","County Durham 059F","E01020841",836,290,106,184,0,411,315,96,121,112,9,14
"2011","County Durham 060A","E01020813",508,476,213,263,0,7,1,6,21,21,0,4
"2011","County Durham 060B","E01020814",610,421,96,325,7,120,12,108,59,57,2,3
"2011","County Durham 060C","E01020815",511,410,180,230,2,59,41,18,38,33,5,2
"2011","County Durham 060D","E01020848",508,385,164,221,0,60,50,10,60,56,4,3
"2011","County Durham 060E","E01020850",699,598,179,419,1,42,29,13,54,50,4,4
"2011","County Durham 060F","E01020851",638,569,264,305,0,7,0,7,59,49,10,3
"2011","County Durham 061A","E01020816",589,216,77,139,0,267,201,66,99,91,8,7
"2011","County Durham 061B","E01020844",679,235,78,157,9,353,218,135,79,72,7,3
"2011","County Durham 061C","E01020847",614,230,62,168,0,255,191,64,126,119,7,3
"2011","County Durham 061D","E01020849",519,211,57,154,2,224,172,52,79,72,7,3
"2011","County Durham 062A","E01020825",717,422,168,254,10,221,126,95,48,40,8,16
"2011","County Durham 062B","E01020831",662,375,166,209,0,224,156,68,61,47,14,2
"2011","County Durham 062C","E01020833",502,368,166,202,0,90,61,29,39,33,6,5
"2011","County Durham 062D","E01020834",611,328,115,213,1,224,147,77,56,49,7,2
"2011","County Durham 063A","E01020824",771,436,193,243,2,235,157,78,92,81,11,6
"2011","County Durham 063B","E01020826",669,417,204,213,0,192,128,64,53,45,8,7
"2011","County Durham 063C","E01020832",640,454,244,210,1,124,86,38,53,47,6,8
"2011","County Durham 063D","E01020845",634,335,136,199,1,228,148,80,68,57,11,2
"2011","County Durham 063E","E01020846",530,392,217,175,0,92,56,36,43,38,5,3
"2011","County Durham 064A","E01020856",733,501,283,218,0,129,33,96,89,82,7,14
"2011","County Durham 064B","E01020858",475,336,175,161,2,94,23,71,34,31,3,9
"2011","County Durham 064C","E01020859",537,462,254,208,0,13,6,7,53,51,2,9
"2011","County Durham 064D","E01020860",476,256,126,130,2,145,52,93,64,53,11,9
"2011","County Durham 064E","E01020861",549,414,256,158,0,43,18,25,79,66,13,13
"2011","County Durham 064F","E01020862",1107,787,480,307,4,113,25,88,178,158,20,25
"2011","County Durham 064G","E01020864",922,712,415,297,3,78,14,64,113,102,11,16
"2011","County Durham 064H","E01020867",956,568,366,202,4,135,34,101,206,193,13,43
"2011","County Durham 065A","E01020857",641,458,304,154,8,62,13,49,94,83,11,19
"2011","County Durham 065B","E01020863",589,401,242,159,1,7,1,6,149,129,20,31
"2011","County Durham 065C","E01020865",642,440,316,124,3,42,9,33,134,115,19,23
"2011","County Durham 065D","E01020866",472,238,153,85,0,45,13,32,162,154,8,27
"2011","County Durham 066A","E01020852",817,436,280,156,0,235,15,220,124,117,7,22
"2011","County Durham 066B","E01020853",649,471,284,187,6,99,4,95,61,49,12,12
"2011","County Durham 066C","E01020854",991,664,373,291,5,120,13,107,186,166,20,16
"2011","County Durham 066D","E01020855",555,455,306,149,2,43,5,38,51,47,4,4
"2011","County Durham 042A","E01020889",705,568,349,219,3,28,23,5,85,67,18,21
"2011","County Durham 042B","E01020890",799,543,312,231,1,97,56,41,133,111,22,25
"2011","County Durham 042C","E01020891",759,540,319,221,2,118,85,33,76,64,12,23
"2011","County Durham 042D","E01020905",717,487,277,210,1,127,82,45,83,71,12,19
"2011","County Durham 042E","E01020906",720,580,334,246,3,40,33,7,80,73,7,17
"2011","County Durham 045A","E01020876",773,529,227,302,0,174,69,105,59,55,4,11
"2011","County Durham 045B","E01020878",734,367,149,218,1,304,191,113,58,54,4,4
"2011","County Durham 045C","E01020887",830,613,302,311,1,95,69,26,102,89,13,19
"2011","County Durham 045D","E01020892",497,335,201,134,0,96,15,81,59,51,8,7
"2011","County Durham 045E","E01020894",518,270,135,135,0,169,21,148,70,59,11,9
"2011","County Durham 045F","E01020898",729,240,103,137,0,421,342,79,55,51,4,13
"2011","County Durham 046A","E01020877",740,529,296,233,2,43,34,9,151,137,14,15
"2011","County Durham 046B","E01020879",983,810,375,435,1,61,17,44,95,84,11,16
"2011","County Durham 046C","E01020893",741,533,269,264,1,82,68,14,118,102,16,7
"2011","County Durham 046D","E01020899",640,443,216,227,0,107,81,26,83,74,9,7
"2011","County Durham 046E","E01020903",512,395,183,212,3,39,20,19,67,57,10,8
"2011","County Durham 046F","E01020904",762,568,260,308,0,49,13,36,132,117,15,13
"2011","County Durham 051A","E01020873",678,244,110,134,0,357,317,40,71,62,9,6
"2011","County Durham 051B","E01020875",570,407,203,204,1,97,21,76,63,55,8,2
"2011","County Durham 051C","E01020900",582,424,184,240,0,113,102,11,33,28,5,12
"2011","County Durham 051D","E01020901",648,335,173,162,0,220,159,61,82,71,11,11
"2011","County Durham 051E","E01020902",657,251,114,137,0,340,265,75,59,55,4,7
"2011","County Durham 055A","E01020868",875,539,242,297,21,103,40,63,201,183,18,11
"2011","County Durham 055B","E01020869",631,426,208,218,2,25,15,10,171,158,13,7
"2011","County Durham 055C","E01020874",643,389,194,195,0,111,101,10,138,128,10,5
"2011","County Durham 055D","E01020880",679,362,177,185,1,67,29,38,238,213,25,11
"2011","County Durham 055E","E01020881",581,468,217,251,0,42,40,2,68,65,3,3
"2011","County Durham 056A","E01020870",605,581,385,196,0,1,0,1,15,11,4,8
"2011","County Durham 056B","E01020871",638,505,267,238,0,3,1,2,122,114,8,8
"2011","County Durham 056C","E01020872",816,590,304,286,0,80,17,63,137,131,6,9
"2011","County Durham 056D","E01020883",692,645,277,368,1,3,0,3,36,33,3,7
"2011","County Durham 056E","E01020886",562,404,192,212,0,47,1,46,100,93,7,11
"2011","County Durham 057A","E01020882",645,502,240,262,4,52,43,9,76,68,8,11
"2011","County Durham 057B","E01020888",844,674,295,379,0,57,48,9,104,96,8,9
"2011","County Durham 057C","E01020895",697,378,168,210,1,200,189,11,108,99,9,10
"2011","County Durham 057D","E01020896",624,478,285,193,0,80,71,9,59,46,13,7
"2011","County Durham 057E","E01020897",1081,652,204,448,1,250,216,34,171,158,13,7
"2011","County Durham 058A","E01020884",642,440,233,207,2,115,50,65,76,73,3,9
"2011","County Durham 058B","E01020885",543,233,72,161,2,271,213,58,24,20,4,13
"2011","County Durham 058C","E01020907",708,406,189,217,1,188,173,15,100,95,5,13
"2011","County Durham 058D","E01020908",601,359,130,229,0,191,159,32,49,45,4,2
"2011","County Durham 058E","E01020909",753,199,101,98,1,481,326,155,64,62,2,8
"2011","Hartlepool 001A","E01011954",948,565,229,336,1,274,134,140,95,84,11,13
"2011","Hartlepool 001B","E01011969",601,553,299,254,1,18,11,7,27,21,6,2
"2011","Hartlepool 001C","E01011970",458,425,183,242,1,4,2,2,25,21,4,3
"2011","Hartlepool 001D","E01011971",526,488,131,357,4,4,0,4,29,27,2,1
"2011","Hartlepool 001F","E01033465",699,595,154,441,0,28,19,9,73,67,6,3
"2011","Hartlepool 001G","E01033467",615,264,102,162,51,231,40,191,59,55,4,10
"2011","Hartlepool 002A","E01011952",690,266,115,151,7,338,118,220,70,65,5,9
"2011","Hartlepool 002B","E01011953",803,242,91,151,3,471,281,190,71,64,7,16
"2011","Hartlepool 002C","E01011991",810,486,239,247,1,196,70,126,118,107,11,9
"2011","Hartlepool 002D","E01011992",712,278,101,177,2,286,78,208,141,129,12,5
"2011","Hartlepool 002E","E01011993",854,306,120,186,7,413,188,225,104,92,12,24
"2011","Hartlepool 002F","E01011994",684,176,68,108,2,443,183,260,54,53,1,9
"2011","Hartlepool 003A","E01011955",601,257,109,148,5,233,100,133,97,92,5,9
"2011","Hartlepool 003C","E01011957",570,338,151,187,5,111,66,45,116,107,9,0
"2011","Hartlepool 003G","E01032540",441,251,66,185,22,136,46,90,29,26,3,3
"2011","Hartlepool 003H","E01032541",985,516,239,277,1,365,178,187,85,79,6,18
"2011","Hartlepool 003I","E01033466",877,327,165,162,2,399,219,180,135,131,4,14
"2011","Hartlepool 005A","E01011973",661,189,100,89,1,152,29,123,314,301,13,5
"2011","Hartlepool 005B","E01011974",933,203,86,117,3,206,6,200,512,497,15,9
"2011","Hartlepool 005C","E01011975",681,433,177,256,7,15,4,11,213,198,15,13
"2011","Hartlepool 005D","E01011976",490,223,92,131,15,72,18,54,172,161,11,8
"2011","Hartlepool 006A","E01011965",635,599,297,302,1,7,1,6,24,23,1,4
"2011","Hartlepool 006B","E01011966",641,460,232,228,0,72,4,68,102,93,9,7
"2011","Hartlepool 006C","E01011983",629,573,283,290,0,8,3,5,41,35,6,7
"2011","Hartlepool 006D","E01012002",607,472,207,265,0,52,4,48,71,67,4,12
"2011","Hartlepool 007A","E01011951",694,342,138,204,1,38,5,33,310,294,16,3
"2011","Hartlepool 007B","E01011964",535,354,155,199,3,58,10,48,105,103,2,15
"2011","Hartlepool 007C","E01011967",548,450,161,289,0,22,5,17,69,65,4,7
"2011","Hartlepool 007D","E01011999",959,352,164,188,3,150,32,118,432,412,20,22
"2011","Hartlepool 007E","E01012000",796,129,50,79,2,505,209,296,143,137,6,17
"2011","Hartlepool 008A","E01011950",771,362,177,185,1,43,4,39,357,347,10,8
"2011","Hartlepool 008B","E01011986",531,429,223,206,2,52,29,23,42,40,2,6
"2011","Hartlepool 008C","E01011987",642,472,202,270,0,20,8,12,145,129,16,5
"2011","Hartlepool 008D","E01012001",913,342,139,203,0,381,45,336,176,167,9,14
"2011","Hartlepool 009A","E01011949",785,457,202,255,2,213,131,82,96,87,9,17
"2011","Hartlepool 009B","E01011980",812,372,166,206,5,356,193,163,63,54,9,16
"2011","Hartlepool 009C","E01011981",709,299,132,167,3,327,184,143,57,47,10,23
"2011","Hartlepool 009D","E01011984",581,511,324,187,11,22,12,10,30,21,9,7
"2011","Hartlepool 010A","E01011985",503,402,206,196,0,17,4,13,77,70,7,7
"2011","Hartlepool 010B","E01011988",862,486,179,307,0,310,144,166,51,42,9,15
"2011","Hartlepool 010C","E01011989",835,347,138,209,0,400,181,219,66,56,10,22
"2011","Hartlepool 010D","E01011990",724,537,231,306,2,106,69,37,71,61,10,8
"2011","Hartlepool 011A","E01011995",581,534,324,210,0,4,1,3,37,33,4,6
"2011","Hartlepool 011B","E01011996",664,512,267,245,6,52,10,42,88,77,11,6
"2011","Hartlepool 011C","E01011997",816,713,321,392,1,57,35,22,36,29,7,9
"2011","Hartlepool 011D","E01011998",637,481,240,241,0,102,10,92,46,42,4,8
"2011","Hartlepool 012A","E01011961",629,374,204,170,1,191,101,90,57,53,4,6
"2011","Hartlepool 012B","E01011962",613,319,182,137,1,234,121,113,46,46,0,13
"2011","Hartlepool 012C","E01011977",748,305,112,193,4,346,223,123,86,78,8,7
"2011","Hartlepool 012D","E01011978",774,207,77,130,1,440,197,243,114,109,5,12
"2011","Hartlepool 012E","E01011979",635,278,113,165,0,274,176,98,70,64,6,13
"2011","Hartlepool 014A","E01011959",830,671,338,333,1,57,21,36,92,76,16,9
"2011","Hartlepool 014B","E01011960",616,581,368,213,1,5,0,5,21,13,8,8
"2011","Hartlepool 014C","E01011963",660,596,352,244,2,18,8,10,36,29,7,8
"2011","Hartlepool 014D","E01011968",952,699,368,331,0,153,36,117,88,71,17,12
"2011","Hartlepool 014E","E01011982",543,518,294,224,1,3,2,1,18,13,5,3
"2011","Hartlepool 014F","E01012003",668,612,329,283,1,3,1,2,44,42,2,8
"2011","Hartlepool 014G","E01012005",717,666,178,488,3,22,7,15,25,23,2,1
"2011","Middlesbrough 001A","E01012068",804,141,65,76,3,156,33,123,483,456,27,21
"2011","Middlesbrough 001D","E01012092",625,162,119,43,8,202,33,169,239,229,10,14
"2011","Middlesbrough 001E","E01012093",711,235,106,129,2,76,29,47,383,360,23,15
"2011","Middlesbrough 001F","E01012094",956,395,190,205,1,183,20,163,355,339,16,22
"2011","Middlesbrough 001G","E01033468",1253,250,130,120,11,661,113,548,292,271,21,39
"2011","Middlesbrough 002A","E01012058",774,315,170,145,5,76,30,46,363,351,12,15
"2011","Middlesbrough 002B","E01012059",724,264,118,146,10,206,59,147,210,198,12,34
"2011","Middlesbrough 002C","E01012060",698,255,84,171,1,339,233,106,90,88,2,13
"2011","Middlesbrough 002D","E01012061",619,266,93,173,0,256,165,91,81,75,6,16
"2011","Middlesbrough 003A","E01012036",608,208,124,84,1,47,16,31,343,317,26,9
"2011","Middlesbrough 003B","E01012037",687,262,124,138,0,95,20,75,315,301,14,15
"2011","Middlesbrough 003C","E01012038",661,284,134,150,3,31,10,21,335,313,22,8
"2011","Middlesbrough 003D","E01012039",625,153,91,62,0,62,17,45,394,382,12,16
"2011","Middlesbrough 003E","E01012040",626,219,109,110,1,54,12,42,337,325,12,15
"2011","Middlesbrough 003F","E01012041",613,97,47,50,13,391,188,203,89,85,4,23
"2011","Middlesbrough 004A","E01012074",634,368,151,217,1,180,122,58,66,52,14,19
"2011","Middlesbrough 004B","E01012075",621,282,121,161,0,246,177,69,79,72,7,14
"2011","Middlesbrough 004C","E01012076",615,188,77,111,0,347,256,91,69,66,3,11
"2011","Middlesbrough 004D","E01012077",604,305,144,161,1,241,151,90,50,46,4,7
"2011","Middlesbrough 004E","E01012088",531,200,68,132,12,250,156,94,55,54,1,14
"2011","Middlesbrough 005A","E01012078",654,305,118,187,2,62,8,54,277,263,14,8
"2011","Middlesbrough 005B","E01012079",503,404,189,215,3,29,12,17,61,53,8,6
"2011","Middlesbrough 005C","E01012080",503,367,155,212,1,40,21,19,87,80,7,8
"2011","Middlesbrough 005D","E01012081",679,433,188,245,8,49,15,34,176,162,14,13
"2011","Middlesbrough 006A","E01012026",618,490,211,279,4,37,13,24,80,74,6,7
"2011","Middlesbrough 006B","E01012027",799,300,99,201,1,379,143,236,96,84,12,23
"2011","Middlesbrough 006E","E01033469",811,333,132,201,1,357,173,184,107,97,10,13
"2011","Middlesbrough 007A","E01012015",710,304,132,172,2,353,222,131,35,29,6,16
"2011","Middlesbrough 007B","E01012016",793,299,127,172,1,357,226,131,109,97,12,27
"2011","Middlesbrough 007C","E01012017",727,490,271,219,2,103,65,38,115,96,19,17
"2011","Middlesbrough 007D","E01012089",602,200,84,116,2,328,205,123,58,50,8,14
"2011","Middlesbrough 007E","E01012090",718,157,59,98,0,493,311,182,54,46,8,14
"2011","Middlesbrough 007F","E01012091",630,206,82,124,0,353,246,107,56,52,4,15
"2011","Middlesbrough 008A","E01012011",770,254,95,159,19,433,207,226,45,34,11,19
"2011","Middlesbrough 008B","E01012012",633,532,210,322,1,32,13,19,63,54,9,5
"2011","Middlesbrough 008C","E01012013",547,353,150,203,3,113,76,37,75,67,8,3
"2011","Middlesbrough 008D","E01012014",617,292,108,184,4,220,60,160,94,83,11,7
"2011","Middlesbrough 009A","E01012053",621,521,262,259,16,9,2,7,65,59,6,10
"2011","Middlesbrough 009B","E01012054",618,505,228,277,1,7,5,2,91,87,4,14
"2011","Middlesbrough 009C","E01012055",734,591,326,265,0,10,3,7,125,113,12,8
"2011","Middlesbrough 009D","E01012056",987,583,167,416,15,67,8,59,306,289,17,16
"2011","Middlesbrough 009E","E01012057",759,533,208,325,28,37,6,31,153,144,9,8
"2011","Middlesbrough 010A","E01012082",629,350,138,212,0,212,144,68,59,52,7,8
"2011","Middlesbrough 010B","E01012083",620,277,95,182,12,243,160,83,70,56,14,18
"2011","Middlesbrough 010C","E01012084",698,239,85,154,1,351,179,172,87,80,7,20
"2011","Middlesbrough 010D","E01012085",584,267,102,165,0,247,187,60,58,54,4,12
"2011","Middlesbrough 011A","E01012018",676,294,123,171,2,164,45,119,204,95,109,12
"2011","Middlesbrough 011B","E01012019",583,61,16,45,2,482,128,354,26,23,3,12
"2011","Middlesbrough 011C","E01012020",623,304,108,196,1,244,105,139,66,48,18,8
"2011","Middlesbrough 011D","E01012021",544,191,78,113,1,277,103,174,63,57,6,12
"2011","Middlesbrough 012A","E01012007",665,581,342,239,1,10,5,5,60,52,8,13
"2011","Middlesbrough 012B","E01012008",535,472,213,259,1,22,8,14,36,31,5,4
"2011","Middlesbrough 012C","E01012009",760,612,277,335,2,7,3,4,133,117,16,6
"2011","Middlesbrough 012D","E01012010",538,496,297,199,0,2,0,2,36,30,6,4
"2011","Middlesbrough 013A","E01012046",815,704,466,238,1,8,2,6,94,85,9,8
"2011","Middlesbrough 013B","E01012047",582,502,243,259,0,36,6,30,39,36,3,5
"2011","Middlesbrough 013C","E01012048",721,672,380,292,1,7,2,5,33,24,9,8
"2011","Middlesbrough 014A","E01012049",637,529,278,251,5,29,8,21,66,61,5,8
"2011","Middlesbrough 014B","E01012050",630,315,125,190,0,198,112,86,98,92,6,19
"2011","Middlesbrough 014C","E01012051",534,281,111,170,0,167,96,71,81,77,4,5
"2011","Middlesbrough 014D","E01012052",542,439,210,229,2,59,34,25,36,30,6,6
"2011","Middlesbrough 015A","E01012022",631,533,217,316,2,33,4,29,54,49,5,9
"2011","Middlesbrough 015B","E01012023",691,638,469,169,2,5,4,1,45,37,8,1
"2011","Middlesbrough 015C","E01012024",643,565,331,234,1,5,2,3,69,62,7,3
"2011","Middlesbrough 015D","E01012025",517,481,262,219,4,3,1,2,26,22,4,3
"2011","Middlesbrough 017A","E01012065",761,637,361,276,10,30,4,26,72,66,6,12
"2011","Middlesbrough 017B","E01012066",715,648,194,454,13,5,0,5,46,38,8,3
"2011","Middlesbrough 017C","E01012067",729,644,388,256,3,40,4,36,35,27,8,7
"2011","Middlesbrough 018A","E01012042",730,298,105,193,1,363,14,349,60,58,2,8
"2011","Middlesbrough 018B","E01012043",625,511,289,222,2,66,40,26,42,37,5,4
"2011","Middlesbrough 018C","E01012044",637,133,25,108,0,439,128,311,51,47,4,14
"2011","Middlesbrough 018D","E01012045",603,177,57,120,4,349,202,147,63,53,10,10
"2011","Middlesbrough 018G","E01032552",631,388,97,291,1,203,100,103,35,30,5,4
"2011","Middlesbrough 018H","E01032553",598,468,275,193,0,53,14,39,65,57,8,12
"2011","Middlesbrough 019A","E01012030",625,488,172,316,11,86,1,85,31,26,5,9
"2011","Middlesbrough 019B","E01012031",771,380,110,270,8,314,114,200,56,46,10,13
"2011","Middlesbrough 019C","E01012032",612,513,126,387,24,37,5,32,35,32,3,3
"2011","Middlesbrough 019D","E01012033",647,217,75,142,3,371,102,269,37,33,4,19
"2011","Middlesbrough 019E","E01012034",548,327,77,250,8,176,4,172,30,28,2,7
"2011","Middlesbrough 019F","E01012035",624,313,123,190,0,238,82,156,65,53,12,8
"2011","Middlesbrough 020A","E01012062",614,577,319,258,1,1,0,1,30,26,4,5
"2011","Middlesbrough 020B","E01012063",638,559,298,261,3,35,0,35,39,33,6,2
"2011","Middlesbrough 020C","E01012064",776,589,287,302,12,34,3,31,131,120,11,10
"2011","Middlesbrough 020D","E01012071",574,556,342,214,1,1,0,1,14,10,4,2
"2011","Middlesbrough 020E","E01012073",597,541,299,242,2,5,2,3,39,31,8,10
"2011","Middlesbrough 020F","E01032593",728,655,349,306,1,30,12,18,38,34,4,4
"2011","Northumberland 004A","E01027356",795,500,331,169,3,75,40,35,180,164,16,37
"2011","Northumberland 004B","E01027357",515,467,268,199,1,12,10,2,32,28,4,3
"2011","Northumberland 004C","E01027366",705,442,296,146,3,83,54,29,155,139,16,22
"2011","Northumberland 004D","E01027367",675,295,123,172,1,90,32,58,267,125,142,22
"2011","Northumberland 005A","E01027358",1012,541,290,251,2,269,172,97,145,132,13,55
"2011","Northumberland 005B","E01027359",925,434,203,231,0,383,345,38,95,86,9,13
"2011","Northumberland 005D","E01033715",577,242,145,97,2,194,69,125,127,116,11,12
"2011","Northumberland 005E","E01033717",636,460,235,225,6,88,59,29,70,63,7,12
"2011","Northumberland 006A","E01027361",974,642,333,309,3,138,72,66,181,161,20,10
"2011","Northumberland 006B","E01027362",584,356,189,167,3,162,102,60,58,56,2,5
"2011","Northumberland 006C","E01027363",508,196,92,104,1,271,260,11,35,31,4,5
"2011","Northumberland 006D","E01027364",908,724,376,348,1,52,29,23,119,105,14,12
"2011","Northumberland 006E","E01027370",787,672,393,279,1,55,45,10,44,31,13,15
"2011","Northumberland 006F","E01027371",762,500,227,273,2,161,137,24,84,75,9,15
"2011","Northumberland 006G","E01027372",985,765,463,302,7,94,38,56,105,88,17,14
"2011","Northumberland 007A","E01027365",972,670,397,273,6,71,52,19,168,149,19,57
"2011","Northumberland 007B","E01027368",789,462,249,213,0,150,78,72,150,123,27,27
"2011","Northumberland 007C","E01027369",742,570,375,195,7,58,38,20,96,79,17,11
"2011","Northumberland 007D","E01027373",904,509,308,201,1,88,49,39,247,199,48,59
"2011","Northumberland 001A","E01027376",742,398,189,209,1,268,75,193,64,56,8,11
"2011","Northumberland 001B","E01027377",908,431,287,144,10,155,15,140,292,269,23,20
"2011","Northumberland 001C","E01027385",491,230,90,140,1,211,55,156,45,39,6,4
"2011","Northumberland 001D","E01027387",863,464,266,198,1,248,77,171,133,118,15,17
"2011","Northumberland 001E","E01027388",633,299,127,172,0,263,72,191,58,52,6,13
"2011","Northumberland 001F","E01027389",692,431,209,222,1,148,57,91,102,89,13,10
"2011","Northumberland 002A","E01027378",454,367,229,138,1,7,1,6,68,55,13,11
"2011","Northumberland 002B","E01027379",624,557,352,205,1,16,4,12,41,33,8,9
"2011","Northumberland 002C","E01027380",656,368,222,146,2,103,18,85,151,141,10,32
"2011","Northumberland 002D","E01027382",796,492,328,164,3,110,23,87,159,135,24,32
"2011","Northumberland 002E","E01027386",593,438,260,178,5,98,23,75,44,40,4,8
"2011","Northumberland 003A","E01027374",976,583,377,206,11,160,47,113,194,170,24,28
"2011","Northumberland 003B","E01027375",812,354,239,115,2,46,20,26,293,268,25,117
"2011","Northumberland 003C","E01027381",852,383,241,142,0,85,27,58,292,264,28,92
"2011","Northumberland 003D","E01027383",674,451,281,170,5,115,34,81,89,74,15,14
"2011","Northumberland 003E","E01027384",725,517,347,170,0,77,20,57,108,97,11,23
"2011","Northumberland 003F","E01027390",974,577,368,209,0,234,75,159,134,116,18,29
"2011","Northumberland 022A","E01027392",781,294,102,192,2,419,304,115,53,41,12,13
"2011","Northumberland 022B","E01027393",621,246,100,146,2,314,303,11,43,38,5,16
"2011","Northumberland 022C","E01027416",759,195,90,105,1,448,321,127,92,86,6,23
"2011","Northumberland 022D","E01027424",823,344,147,197,3,380,333,47,83,74,9,13
"2011","Northumberland 023A","E01027414",649,439,195,244,1,12,3,9,189,168,21,8
"2011","Northumberland 023B","E01027415",790,338,176,162,2,232,130,102,201,184,17,17
"2011","Northumberland 023C","E01027431",897,433,185,248,2,223,151,72,220,188,32,19
"2011","Northumberland 023D","E01027441",926,652,271,381,1,108,104,4,159,143,16,6
"2011","Northumberland 023E","E01027442",805,477,228,249,3,155,9,146,161,148,13,9
"2011","Northumberland 024A","E01027391",592,387,153,234,0,135,108,27,59,49,10,11
"2011","Northumberland 024B","E01027422",845,407,191,216,3,345,297,48,82,76,6,8
"2011","Northumberland 024C","E01027423",645,364,173,191,1,229,214,15,44,38,6,7
"2011","Northumberland 024D","E01027429",886,357,179,178,1,452,301,151,65,57,8,11
"2011","Northumberland 024E","E01027430",712,350,188,162,0,307,303,4,50,44,6,5
"2011","Northumberland 025A","E01027425",922,796,295,501,1,27,20,7,88,81,7,10
"2011","Northumberland 025B","E01027426",533,173,54,119,1,308,302,6,44,38,6,7
"2011","Northumberland 025C","E01027427",827,380,190,190,3,278,209,69,155,141,14,11
"2011","Northumberland 025D","E01027428",632,559,241,318,3,8,6,2,57,48,9,5
"2011","Northumberland 026A","E01027437",760,714,320,394,4,3,2,1,35,28,7,4
"2011","Northumberland 026B","E01027438",621,562,237,325,3,6,2,4,49,44,5,1
"2011","Northumberland 026C","E01027439",759,706,234,472,1,4,2,2,45,40,5,3
"2011","Northumberland 026D","E01027440",596,554,278,276,0,3,2,1,37,25,12,2
"2011","Northumberland 027A","E01027400",488,468,85,383,1,2,0,2,16,15,1,1
"2011","Northumberland 027B","E01027401",540,524,173,351,2,1,1,0,12,10,2,1
"2011","Northumberland 027C","E01027402",491,468,166,302,0,3,0,3,20,17,3,0
"2011","Northumberland 027D","E01027403",484,455,200,255,10,1,1,0,16,16,0,2
"2011","Northumberland 029A","E01027398",894,373,113,260,2,421,404,17,93,87,6,5
"2011","Northumberland 029B","E01027409",741,531,277,254,1,109,57,52,85,76,9,15
"2011","Northumberland 029C","E01027411",624,325,171,154,0,224,190,34,60,51,9,15
"2011","Northumberland 029D","E01027412",634,156,62,94,0,419,92,327,48,47,1,11
"2011","Northumberland 029E","E01027413",821,505,194,311,21,214,29,185,75,61,14,6
"2011","Northumberland 028A","E01027395",681,331,95,236,1,232,165,67,107,98,9,10
"2011","Northumberland 028B","E01027396",568,346,109,237,0,166,160,6,50,42,8,6
"2011","Northumberland 028C","E01027397",637,295,125,170,0,292,289,3,35,28,7,15
"2011","Northumberland 028D","E01027399",595,526,152,374,0,9,9,0,58,49,9,2
"2011","Northumberland 028E","E01027404",610,554,203,351,0,4,4,0,46,38,8,6
"2011","Northumberland 028F","E01027405",641,594,306,288,0,7,7,0,35,29,6,5
"2011","Northumberland 030A","E01027417",696,581,370,211,0,55,50,5,50,41,9,10
"2011","Northumberland 030B","E01027418",788,577,197,380,0,139,122,17,62,54,8,10
"2011","Northumberland 030C","E01027419",775,547,299,248,1,161,124,37,54,49,5,12
"2011","Northumberland 030D","E01027420",611,491,253,238,1,83,78,5,28,19,9,8
"2011","Northumberland 030E","E01027421",728,379,161,218,2,282,261,21,47,39,8,18
"2011","Northumberland 031A","E01027394",536,451,222,229,1,7,5,2,71,60,11,6
"2011","Northumberland 031B","E01027406",617,556,347,209,1,4,4,0,53,46,7,3
"2011","Northumberland 031C","E01027407",618,538,271,267,1,4,2,2,72,65,7,3
"2011","Northumberland 031D","E01027408",649,410,203,207,0,131,97,34,98,86,12,10
"2011","Northumberland 031E","E01027410",665,628,330,298,0,7,4,3,28,24,4,2
"2011","Northumberland 032A","E01027432",780,478,198,280,0,125,109,16,162,151,11,15
"2011","Northumberland 032B","E01027433",773,359,121,238,30,281,166,115,88,82,6,15
"2011","Northumberland 032C","E01027434",633,458,234,224,0,121,120,1,46,35,11,8
"2011","Northumberland 032D","E01027435",671,390,175,215,1,201,151,50,75,64,11,4
"2011","Northumberland 032E","E01027436",679,464,186,278,0,162,155,7,47,42,5,6
"2011","Northumberland 008A","E01027443",675,258,94,164,1,325,207,118,83,78,5,8
"2011","Northumberland 008B","E01027444",576,446,205,241,0,34,20,14,88,81,7,8
"2011","Northumberland 008C","E01027445",682,520,254,266,1,69,34,35,83,72,11,9
"2011","Northumberland 008D","E01027446",583,536,266,270,1,8,4,4,36,31,5,2
"2011","Northumberland 008E","E01027451",814,446,234,212,0,245,124,121,111,97,14,12
"2011","Northumberland 008F","E01027474",851,513,189,324,2,216,134,82,111,100,11,9
"2011","Northumberland 008G","E01027475",641,551,292,259,1,27,8,19,55,51,4,7
"2011","Northumberland 011A","E01027457",554,455,243,212,1,18,7,11,75,65,10,5
"2011","Northumberland 011B","E01027462",883,397,155,242,0,343,166,177,131,122,9,12
"2011","Northumberland 011C","E01027463",703,577,215,362,0,50,12,38,67,56,11,9
"2011","Northumberland 015A","E01027447",768,409,222,187,1,56,11,45,263,241,22,39
"2011","Northumberland 015B","E01027448",770,623,347,276,0,24,12,12,99,94,5,24
"2011","Northumberland 015C","E01027450",696,551,272,279,2,41,29,12,76,70,6,26
"2011","Northumberland 015D","E01027473",756,476,241,235,1,53,19,34,180,167,13,46
"2011","Northumberland 016A","E01027452",651,492,260,232,3,74,46,28,71,60,11,11
"2011","Northumberland 016B","E01027453",849,473,295,178,13,179,67,112,158,129,29,26
"2011","Northumberland 016E","E01027461",614,320,166,154,1,232,153,79,43,39,4,18
"2011","Northumberland 016F","E01033718",1010,585,309,276,2,332,141,191,81,73,8,10
"2011","Northumberland 018A","E01027455",635,599,350,249,0,11,8,3,20,18,2,5
"2011","Northumberland 018B","E01027456",525,504,306,198,0,3,2,1,14,12,2,4
"2011","Northumberland 018C","E01027458",654,610,350,260,2,7,4,3,32,29,3,3
"2011","Northumberland 018D","E01027460",734,630,367,263,0,28,13,15,65,57,8,11
"2011","Northumberland 033A","E01027464",646,522,338,184,2,50,28,22,62,55,7,10
"2011","Northumberland 033B","E01027465",644,543,308,235,2,16,9,7,68,65,3,15
"2011","Northumberland 033C","E01027466",530,335,171,164,1,133,61,72,47,41,6,14
"2011","Northumberland 033F","E01033714",972,861,543,318,2,10,7,3,89,81,8,10
"2011","Northumberland 034A","E01027449",685,554,321,233,1,53,20,33,56,47,9,21
"2011","Northumberland 034B","E01027468",516,486,320,166,1,5,2,3,22,19,3,2
"2011","Northumberland 034C","E01027469",536,505,296,209,1,5,4,1,17,14,3,8
"2011","Northumberland 034D","E01027471",642,599,325,274,0,2,1,1,33,32,1,8
"2011","Northumberland 034E","E01027472",629,333,190,143,1,63,22,41,211,154,57,21
"2011","Northumberland 019A","E01027479",1028,624,354,270,17,160,54,106,192,167,25,35
"2011","Northumberland 019B","E01027480",520,322,175,147,1,38,9,29,136,122,14,23
"2011","Northumberland 019C","E01027503",796,528,321,207,3,98,24,74,136,96,40,31
"2011","Northumberland 019D","E01027511",495,275,153,122,2,49,11,38,153,137,16,16
"2011","Northumberland 037A","E01027484",953,743,476,267,4,62,9,53,122,108,14,22
"2011","Northumberland 037B","E01027485",696,390,235,155,0,219,101,118,73,67,6,14
"2011","Northumberland 037C","E01027486",524,356,202,154,3,60,21,39,90,78,12,15
"2011","Northumberland 037D","E01027487",531,361,224,137,0,78,27,51,82,73,9,10
"2011","Northumberland 037E","E01027512",468,247,164,83,0,40,13,27,149,139,10,32
"2011","Northumberland 036A","E01027483",559,364,190,174,2,51,26,25,106,94,12,36
"2011","Northumberland 036B","E01027496",528,368,195,173,2,108,33,75,50,45,5,0
"2011","Northumberland 036C","E01027508",482,362,171,191,1,43,12,31,68,62,6,8
"2011","Northumberland 036D","E01027513",826,710,403,307,3,47,18,29,60,52,8,6
"2011","Northumberland 035A","E01027476",1161,672,371,301,15,257,91,166,201,183,18,16
"2011","Northumberland 035B","E01027489",650,472,251,221,3,127,46,81,35,29,6,13
"2011","Northumberland 035C","E01027490",812,472,240,232,2,207,68,139,115,92,23,16
"2011","Northumberland 035D","E01027491",642,573,382,191,0,14,9,5,43,35,8,12
"2011","Northumberland 035E","E01027492",764,632,340,292,9,12,1,11,99,89,10,12
"2011","Northumberland 035F","E01027493",677,233,112,121,1,333,166,167,104,100,4,6
"2011","Northumberland 035G","E01027494",1019,784,487,297,19,34,6,28,168,149,19,14
"2011","Northumberland 038A","E01027497",1013,763,232,531,0,175,100,75,62,53,9,13
"2011","Northumberland 038B","E01027498",1167,584,205,379,10,474,260,214,90,75,15,9
"2011","Northumberland 038C","E01027499",629,522,284,238,1,73,37,36,29,24,5,4
"2011","Northumberland 038D","E01027500",763,435,186,249,11,215,107,108,92,83,9,10
"2011","Northumberland 038E","E01027501",475,367,172,195,0,64,29,35,41,38,3,3
"2011","Northumberland 038F","E01027502",486,427,174,253,1,21,11,10,36,32,4,1
"2011","Northumberland 039A","E01027481",796,482,303,179,2,136,35,101,158,145,13,18
"2011","Northumberland 039B","E01027482",685,529,319,210,0,86,26,60,55,50,5,15
"2011","Northumberland 039C","E01027504",802,629,381,248,1,22,7,15,132,118,14,18
"2011","Northumberland 039D","E01027506",468,298,159,139,1,32,5,27,125,114,11,12
"2011","Northumberland 039E","E01027507",542,494,270,224,1,9,3,6,31,28,3,7
"2011","Northumberland 039F","E01027509",612,485,284,201,24,47,15,32,50,47,3,6
"2011","Northumberland 040A","E01027477",520,407,259,148,0,11,2,9,87,81,6,15
"2011","Northumberland 040B","E01027478",502,345,209,136,2,66,7,59,82,72,10,7
"2011","Northumberland 040C","E01027488",943,545,296,249,26,160,52,108,181,157,24,31
"2011","Northumberland 040D","E01027495",459,298,185,113,1,44,9,35,99,88,11,17
"2011","Northumberland 040E","E01027505",553,419,259,160,6,30,10,20,81,69,12,17
"2011","Northumberland 040F","E01027510",510,332,177,155,2,64,24,40,98,88,10,14
"2011","Northumberland 009A","E01027541",830,575,310,265,2,88,42,46,153,141,12,12
"2011","Northumberland 009B","E01027542",843,323,175,148,9,357,183,174,148,140,8,6
"2011","Northumberland 009C","E01027543",548,261,112,149,2,242,149,93,40,34,6,3
"2011","Northumberland 009D","E01027544",632,475,274,201,4,85,39,46,57,51,6,11
"2011","Northumberland 010A","E01027528",611,369,184,185,0,73,8,65,161,148,13,8
"2011","Northumberland 010B","E01027529",482,384,181,203,0,15,1,14,79,66,13,4
"2011","Northumberland 010C","E01027539",773,409,210,199,2,86,10,76,269,255,14,7
"2011","Northumberland 010D","E01027545",927,435,225,210,1,229,70,159,254,238,16,8
"2011","Northumberland 010E","E01027546",828,424,211,213,0,122,4,118,274,259,15,8
"2011","Northumberland 013A","E01027533",902,248,97,151,2,549,367,182,94,86,8,9
"2011","Northumberland 013B","E01027540",831,273,99,174,8,362,179,183,178,166,12,10
"2011","Northumberland 013E","E01027549",586,512,177,335,1,27,20,7,44,34,10,2
"2011","Northumberland 013F","E01033716",1050,587,299,288,1,342,231,111,102,93,9,18
"2011","Northumberland 012A","E01027524",635,452,207,245,0,86,19,67,91,83,8,6
"2011","Northumberland 012B","E01027525",859,470,197,273,1,265,123,142,116,101,15,7
"2011","Northumberland 012C","E01027526",522,484,227,257,2,16,7,9,18,16,2,2
"2011","Northumberland 012D","E01027527",605,253,90,163,1,293,189,104,51,46,5,7
"2011","Northumberland 012E","E01027536",611,446,171,275,0,127,75,52,35,31,4,3
"2011","Northumberland 014A","E01027532",837,689,310,379,1,32,9,23,107,93,14,8
"2011","Northumberland 014B","E01027537",631,423,219,204,1,135,80,55,64,56,8,8
"2011","Northumberland 014C","E01027538",720,665,277,388,5,17,3,14,31,26,5,2
"2011","Northumberland 017A","E01027530",625,329,119,210,2,232,156,76,54,51,3,8
"2011","Northumberland 017B","E01027531",715,439,143,296,1,162,99,63,107,102,5,6
"2011","Northumberland 017C","E01027534",904,480,221,259,2,287,155,132,124,114,10,11
"2011","Northumberland 017D","E01027535",658,611,359,252,0,6,2,4,33,29,4,8
"2011","Northumberland 017E","E01027553",734,508,200,308,3,141,40,101,73,65,8,9
"2011","Northumberland 017F","E01027554",621,548,316,232,0,34,16,18,38,35,3,1
"2011","Northumberland 020A","E01027515",689,419,165,254,0,132,59,73,127,108,19,11
"2011","Northumberland 020B","E01027517",879,640,245,395,1,86,45,41,147,133,14,5
"2011","Northumberland 020C","E01027518",640,268,120,148,2,326,206,120,38,32,6,6
"2011","Northumberland 020D","E01027519",635,302,131,171,2,215,153,62,113,103,10,3
"2011","Northumberland 020E","E01027550",606,383,172,211,0,137,85,52,80,70,10,6
"2011","Northumberland 020F","E01027551",631,272,97,175,3,271,193,78,75,70,5,10
"2011","Northumberland 020G","E01027552",597,392,192,200,0,106,34,72,95,86,9,4
"2011","Northumberland 021A","E01027514",709,528,297,231,2,108,44,64,62,53,9,9
"2011","Northumberland 021B","E01027516",505,351,157,194,11,105,38,67,36,33,3,2
"2011","Northumberland 021C","E01027520",594,550,243,307,1,8,2,6,29,25,4,6
"2011","Northumberland 021D","E01027521",623,568,189,379,4,9,9,0,38,33,5,4
"2011","Northumberland 021E","E01027522",624,305,141,164,4,228,143,85,77,61,16,10
"2011","Northumberland 021F","E01027523",533,327,153,174,2,121,68,53,74,64,10,9
"2011","Redcar and Cleveland 001A","E01012100",883,277,125,152,7,98,18,80,491,464,27,10
"2011","Redcar and Cleveland 001B","E01012101",713,440,243,197,5,59,3,56,203,188,15,6
"2011","Redcar and Cleveland 001C","E01012102",1038,624,248,376,1,26,3,23,371,347,24,16
"2011","Redcar and Cleveland 001D","E01012184",636,476,214,262,0,47,18,29,107,91,16,6
"2011","Redcar and Cleveland 002A","E01012105",567,400,162,238,6,94,37,57,63,53,10,4
"2011","Redcar and Cleveland 002B","E01012142",724,498,229,269,1,152,80,72,66,54,12,7
"2011","Redcar and Cleveland 002C","E01012143",529,141,62,79,1,344,176,168,37,34,3,6
"2011","Redcar and Cleveland 002D","E01012144",612,505,252,253,1,44,26,18,56,48,8,6
"2011","Redcar and Cleveland 003C","E01012106",604,501,254,247,0,52,37,15,40,35,5,11
"2011","Redcar and Cleveland 003D","E01012107",666,279,120,159,3,304,138,166,69,64,5,11
"2011","Redcar and Cleveland 003E","E01032560",457,375,210,165,1,40,8,32,27,23,4,14
"2011","Redcar and Cleveland 003F","E01032561",659,294,101,193,0,301,181,120,62,48,14,2
"2011","Redcar and Cleveland 004A","E01012176",661,590,349,241,0,3,2,1,50,43,7,18
"2011","Redcar and Cleveland 004B","E01012177",615,538,210,328,13,3,1,2,56,52,4,5
"2011","Redcar and Cleveland 004C","E01012178",605,519,263,256,2,22,1,21,56,47,9,6
"2011","Redcar and Cleveland 004D","E01012179",635,565,281,284,11,4,3,1,48,43,5,7
"2011","Redcar and Cleveland 004E","E01012180",613,539,157,382,19,5,2,3,45,40,5,5
"2011","Redcar and Cleveland 004F","E01012185",633,435,174,261,1,106,56,50,87,78,9,4
"2011","Redcar and Cleveland 004G","E01012186",748,642,343,299,4,13,5,8,78,72,6,11
"2011","Redcar and Cleveland 005A","E01012127",517,80,22,58,1,414,185,229,22,20,2,0
"2011","Redcar and Cleveland 005B","E01012128",542,171,61,110,3,314,182,132,48,41,7,6
"2011","Redcar and Cleveland 005C","E01012129",854,637,281,356,0,157,36,121,48,45,3,12
"2011","Redcar and Cleveland 005D","E01012130",588,486,248,238,5,40,12,28,55,47,8,2
"2011","Redcar and Cleveland 005E","E01012131",652,233,136,97,0,376,213,163,38,27,11,5
"2011","Redcar and Cleveland 006A","E01012138",1026,897,329,568,28,26,4,22,69,59,10,6
"2011","Redcar and Cleveland 006B","E01012139",781,740,402,338,0,5,4,1,30,22,8,6
"2011","Redcar and Cleveland 006C","E01012140",617,441,230,211,1,66,18,48,107,100,7,2
"2011","Redcar and Cleveland 006D","E01012141",490,444,255,189,3,5,2,3,33,30,3,5
"2011","Redcar and Cleveland 006E","E01012154",591,522,334,188,2,6,2,4,46,39,7,15
"2011","Redcar and Cleveland 006F","E01012155",768,417,220,197,2,263,119,144,75,66,9,11
"2011","Redcar and Cleveland 006G","E01012156",738,685,406,279,2,10,8,2,34,29,5,7
"2011","Redcar and Cleveland 006H","E01012157",761,518,298,220,0,109,35,74,125,115,10,9
"2011","Redcar and Cleveland 007A","E01012158",647,572,355,217,0,36,14,22,35,24,11,4
"2011","Redcar and Cleveland 007B","E01012159",955,399,209,190,2,198,23,175,342,321,21,14
"2011","Redcar and Cleveland 007C","E01012160",606,435,208,227,0,118,53,65,50,44,6,3
"2011","Redcar and Cleveland 007D","E01012161",657,458,235,223,0,33,5,28,158,147,11,8
"2011","Redcar and Cleveland 009A","E01012113",558,163,56,107,1,334,246,88,54,47,7,6
"2011","Redcar and Cleveland 009B","E01012114",648,137,61,76,8,400,213,187,102,102,0,1
"2011","Redcar and Cleveland 009E","E01012175",636,208,90,118,0,371,234,137,52,48,4,5
"2011","Redcar and Cleveland 009F","E01033471",874,283,81,202,2,469,312,157,113,105,8,7
"2011","Redcar and Cleveland 010A","E01012095",543,499,250,249,1,9,6,3,31,29,2,3
"2011","Redcar and Cleveland 010B","E01012097",512,397,236,161,1,84,45,39,27,22,5,3
"2011","Redcar and Cleveland 010C","E01012098",553,433,189,244,4,52,30,22,62,57,5,2
"2011","Redcar and Cleveland 010D","E01012099",683,341,161,180,0,171,70,101,163,153,10,8
"2011","Redcar and Cleveland 011A","E01012108",618,330,126,204,2,219,150,69,65,62,3,2
"2011","Redcar and Cleveland 011B","E01012109",605,447,196,251,2,57,38,19,93,78,15,6
"2011","Redcar and Cleveland 011C","E01012110",622,496,184,312,7,12,3,9,103,95,8,4
"2011","Redcar and Cleveland 011D","E01012111",642,270,107,163,7,287,110,177,72,63,9,6
"2011","Redcar and Cleveland 011E","E01012171",660,401,210,191,2,193,98,95,59,53,6,5
"2011","Redcar and Cleveland 011F","E01012172",625,531,295,236,2,47,29,18,39,32,7,6
"2011","Redcar and Cleveland 012A","E01012162",624,446,189,257,19,20,5,15,129,121,8,10
"2011","Redcar and Cleveland 012B","E01012163",832,730,330,400,3,19,5,14,73,67,6,7
"2011","Redcar and Cleveland 012C","E01012164",748,508,251,257,0,66,32,34,164,149,15,10
"2011","Redcar and Cleveland 012D","E01012165",985,427,140,287,0,424,252,172,128,118,10,6
"2011","Redcar and Cleveland 013A","E01012096",707,421,235,186,0,102,33,69,177,166,11,7
"2011","Redcar and Cleveland 013D","E01012136",637,418,223,195,3,52,15,37,153,141,12,11
"2011","Redcar and Cleveland 013E","E01033473",910,446,222,224,1,324,179,145,135,121,14,4
"2011","Redcar and Cleveland 015A","E01012112",783,222,69,153,0,492,309,183,65,54,11,4
"2011","Redcar and Cleveland 015B","E01012145",670,445,196,249,0,119,75,44,95,84,11,11
"2011","Redcar and Cleveland 015C","E01012147",670,607,322,285,1,27,10,17,29,27,2,6
"2011","Redcar and Cleveland 015D","E01012149",497,453,260,193,1,13,11,2,25,21,4,5
"2011","Redcar and Cleveland 016A","E01012132",922,525,303,222,3,258,113,145,117,100,17,19
"2011","Redcar and Cleveland 016B","E01012134",697,414,267,147,0,196,111,85,78,73,5,9
"2011","Redcar and Cleveland 016C","E01012137",549,427,265,162,0,61,25,36,55,51,4,6
"2011","Redcar and Cleveland 016D","E01012181",713,466,199,267,1,125,63,62,113,101,12,8
"2011","Redcar and Cleveland 018A","E01012117",782,328,173,155,3,228,89,139,209,193,16,14
"2011","Redcar and Cleveland 018B","E01012118",656,488,258,230,1,24,10,14,130,112,18,13
"2011","Redcar and Cleveland 018C","E01012119",880,499,201,298,13,229,136,93,120,110,10,19
"2011","Redcar and Cleveland 018D","E01012121",615,267,108,159,0,285,166,119,57,45,12,6
"2011","Redcar and Cleveland 019E","E01032548",715,668,458,210,0,7,2,5,28,25,3,12
"2011","Redcar and Cleveland 019F","E01032549",659,592,332,260,0,12,8,4,54,47,7,1
"2011","Redcar and Cleveland 019G","E01033472",1063,839,349,490,0,93,58,35,124,107,17,7
"2011","Redcar and Cleveland 020A","E01012120",631,537,362,175,0,18,7,11,69,60,9,7
"2011","Redcar and Cleveland 020B","E01012124",620,584,378,206,0,4,2,2,22,20,2,10
"2011","Redcar and Cleveland 020C","E01012182",598,557,323,234,0,0,0,0,33,28,5,8
"2011","Redcar and Cleveland 020D","E01012183",620,571,275,296,0,2,1,1,42,36,6,5
"2011","Redcar and Cleveland 021A","E01012148",672,252,99,153,10,345,194,151,60,54,6,5
"2011","Redcar and Cleveland 021B","E01012150",711,331,129,202,13,277,169,108,86,81,5,4
"2011","Redcar and Cleveland 021C","E01012151",650,585,340,245,2,13,6,7,41,30,11,9
"2011","Redcar and Cleveland 021D","E01012152",684,617,346,271,2,14,7,7,47,40,7,4
"2011","Redcar and Cleveland 021E","E01032594",637,533,327,206,0,61,26,35,35,29,6,8
"2011","Redcar and Cleveland 022A","E01012146",516,472,280,192,0,12,9,3,25,20,5,7
"2011","Redcar and Cleveland 022B","E01012167",590,460,189,271,2,66,43,23,59,55,4,3
"2011","Redcar and Cleveland 022C","E01012168",819,461,155,306,5,279,158,121,67,60,7,7
"2011","Redcar and Cleveland 022D","E01012170",568,174,81,93,2,337,206,131,46,42,4,9
"2011","Redcar and Cleveland 022E","E01012173",518,437,261,176,2,24,5,19,47,41,6,8
"2011","Redcar and Cleveland 022F","E01012174",481,440,270,170,2,10,7,3,21,16,5,8
"2011","Redcar and Cleveland 022G","E01033470",809,349,173,176,3,332,158,174,114,107,7,11
"2011","Stockton-on-Tees 001A","E01012242",627,574,294,280,2,13,7,6,35,27,8,3
"2011","Stockton-on-Tees 001B","E01012243",665,584,217,367,2,3,1,2,72,62,10,4
"2011","Stockton-on-Tees 001C","E01012244",620,565,240,325,2,3,0,3,46,40,6,4
"2011","Stockton-on-Tees 001D","E01012246",574,509,195,314,8,1,1,0,55,52,3,1
"2011","Stockton-on-Tees 001E","E01012296",598,448,192,256,0,89,30,59,53,50,3,8
"2011","Stockton-on-Tees 001F","E01012297",978,859,283,576,6,51,5,46,58,52,6,4
"2011","Stockton-on-Tees 002A","E01012197",809,505,183,322,0,80,45,35,219,209,10,5
"2011","Stockton-on-Tees 002B","E01012256",630,511,338,173,10,39,7,32,66,53,13,4
"2011","Stockton-on-Tees 002C","E01012257",632,585,332,253,0,8,6,2,37,32,5,2
"2011","Stockton-on-Tees 002D","E01012275",625,373,158,215,0,171,134,37,74,65,9,7
"2011","Stockton-on-Tees 002E","E01012276",839,410,175,235,1,350,200,150,71,59,12,7
"2011","Stockton-on-Tees 002F","E01012277",704,488,207,281,0,121,87,34,92,79,13,3
"2011","Stockton-on-Tees 003A","E01012196",674,464,182,282,0,133,96,37,72,63,9,5
"2011","Stockton-on-Tees 003B","E01012198",610,248,88,160,1,266,191,75,93,85,8,2
"2011","Stockton-on-Tees 003C","E01012214",643,454,179,275,1,87,61,26,97,89,8,4
"2011","Stockton-on-Tees 003D","E01012215",498,235,89,146,1,186,149,37,71,65,6,5
"2011","Stockton-on-Tees 003E","E01012216",519,318,129,189,0,124,71,53,76,69,7,1
"2011","Stockton-on-Tees 003F","E01012245",729,331,146,185,3,308,234,74,85,79,6,2
"2011","Stockton-on-Tees 004A","E01012278",501,313,111,202,0,123,40,83,63,54,9,2
"2011","Stockton-on-Tees 004B","E01012279",637,490,155,335,0,27,8,19,119,114,5,1
"2011","Stockton-on-Tees 004C","E01012280",649,435,190,245,1,110,62,48,100,88,12,3
"2011","Stockton-on-Tees 004D","E01012281",642,282,114,168,2,264,145,119,85,76,9,9
"2011","Stockton-on-Tees 005A","E01012255",646,616,399,217,0,3,0,3,21,16,5,6
"2011","Stockton-on-Tees 005B","E01012269",668,585,313,272,2,20,11,9,47,40,7,14
"2011","Stockton-on-Tees 005D","E01012294",481,429,224,205,0,13,5,8,31,27,4,8
"2011","Stockton-on-Tees 005E","E01012295",495,372,137,235,1,76,48,28,44,37,7,2
"2011","Stockton-on-Tees 005F","E01033476",597,542,156,386,0,5,4,1,44,40,4,6
"2011","Stockton-on-Tees 005G","E01033480",630,580,290,290,0,7,6,1,38,32,6,5
"2011","Stockton-on-Tees 006A","E01012210",640,591,310,281,1,4,0,4,40,37,3,4
"2011","Stockton-on-Tees 006B","E01012211",750,687,308,379,2,7,0,7,48,45,3,6
"2011","Stockton-on-Tees 006C","E01012212",683,611,287,324,5,11,2,9,47,38,9,9
"2011","Stockton-on-Tees 006D","E01012213",735,560,374,186,16,99,1,98,57,47,10,3
"2011","Stockton-on-Tees 007A","E01012192",748,551,274,277,0,98,37,61,93,78,15,6
"2011","Stockton-on-Tees 007B","E01012193",605,374,133,241,0,117,98,19,106,87,19,8
"2011","Stockton-on-Tees 007C","E01012260",814,576,301,275,0,58,11,47,166,157,9,14
"2011","Stockton-on-Tees 007D","E01012261",703,557,239,318,2,9,1,8,125,106,19,10
"2011","Stockton-on-Tees 008A","E01012247",508,291,80,211,1,166,114,52,47,42,5,3
"2011","Stockton-on-Tees 008B","E01012249",640,349,119,230,0,220,162,58,68,59,9,3
"2011","Stockton-on-Tees 008C","E01012271",575,264,72,192,1,240,144,96,68,62,6,2
"2011","Stockton-on-Tees 008D","E01012272",493,442,250,192,1,14,8,6,34,28,6,2
"2011","Stockton-on-Tees 008E","E01012273",642,279,99,180,3,280,172,108,74,67,7,6
"2011","Stockton-on-Tees 008F","E01012274",500,281,76,205,1,155,121,34,58,51,7,5
"2011","Stockton-on-Tees 009D","E01012248",647,352,152,200,9,227,114,113,54,42,12,5
"2011","Stockton-on-Tees 009E","E01012250",635,255,109,146,2,331,213,118,44,37,7,3
"2011","Stockton-on-Tees 009F","E01032542",446,155,17,138,7,241,77,164,42,37,5,1
"2011","Stockton-on-Tees 009G","E01032543",877,329,102,227,1,448,342,106,96,84,12,3
"2011","Stockton-on-Tees 009H","E01032544",751,485,87,398,11,162,100,62,91,80,11,2
"2011","Stockton-on-Tees 010A","E01012194",647,423,154,269,4,73,27,46,143,134,9,4
"2011","Stockton-on-Tees 010B","E01012195",684,160,55,105,2,438,190,248,79,75,4,5
"2011","Stockton-on-Tees 010C","E01012258",529,257,124,133,0,181,115,66,87,83,4,4
"2011","Stockton-on-Tees 010D","E01012259",776,599,278,321,0,39,9,30,134,117,17,4
"2011","Stockton-on-Tees 010E","E01012268",755,333,161,172,0,218,120,98,190,185,5,14
"2011","Stockton-on-Tees 011A","E01012187",538,481,193,288,0,4,2,2,51,44,7,2
"2011","Stockton-on-Tees 011B","E01012188",491,455,205,250,4,1,1,0,30,28,2,1
"2011","Stockton-on-Tees 011C","E01012189",631,583,324,259,1,4,1,3,38,31,7,5
"2011","Stockton-on-Tees 011D","E01012205",634,502,256,246,2,67,33,34,56,49,7,7
"2011","Stockton-on-Tees 012A","E01012219",693,558,260,298,1,67,49,18,57,48,9,10
"2011","Stockton-on-Tees 012B","E01012251",648,367,150,217,4,112,56,56,162,153,9,3
"2011","Stockton-on-Tees 012C","E01012252",634,154,50,104,1,400,219,181,76,59,17,3
"2011","Stockton-on-Tees 012D","E01012253",484,320,121,199,2,107,72,35,52,39,13,3
"2011","Stockton-on-Tees 012E","E01012254",644,245,93,152,1,200,133,67,196,186,10,2
"2011","Stockton-on-Tees 013A","E01012204",625,575,365,210,0,19,2,17,26,22,4,5
"2011","Stockton-on-Tees 013B","E01012206",716,454,245,209,10,196,73,123,51,42,9,5
"2011","Stockton-on-Tees 013C","E01012207",782,626,296,330,2,87,47,40,58,44,14,9
"2011","Stockton-on-Tees 013D","E01012208",642,608,304,304,1,9,3,6,21,16,5,3
"2011","Stockton-on-Tees 014A","E01012262",810,309,92,217,3,209,107,102,275,261,14,14
"2011","Stockton-on-Tees 014C","E01012264",1036,601,199,402,4,161,78,83,259,241,18,11
"2011","Stockton-on-Tees 014E","E01012266",1149,187,62,125,1,806,542,264,136,127,9,19
"2011","Stockton-on-Tees 014F","E01012267",855,245,113,132,2,404,189,215,192,178,14,12
"2011","Stockton-on-Tees 014G","E01033477",1136,327,131,196,8,235,75,160,551,525,26,15
"2011","Stockton-on-Tees 015A","E01012190",632,579,234,345,2,7,2,5,42,39,3,2
"2011","Stockton-on-Tees 015B","E01012191",713,516,324,192,9,134,59,75,49,44,5,5
"2011","Stockton-on-Tees 015C","E01012224",769,701,403,298,2,4,1,3,53,45,8,9
"2011","Stockton-on-Tees 015D","E01012225",647,590,330,260,0,6,2,4,37,34,3,14
"2011","Stockton-on-Tees 015E","E01012226",600,565,314,251,0,2,2,0,27,21,6,6
"2011","Stockton-on-Tees 016A","E01012209",676,531,261,270,3,86,29,57,50,42,8,6
"2011","Stockton-on-Tees 016B","E01012217",750,314,121,193,0,226,16,210,198,191,7,12
"2011","Stockton-on-Tees 016C","E01012218",615,531,279,252,1,6,4,2,71,63,8,6
"2011","Stockton-on-Tees 016D","E01012223",629,566,322,244,1,17,6,11,38,33,5,7
"2011","Stockton-on-Tees 017A","E01012286",663,192,73,119,1,236,61,175,222,216,6,12
"2011","Stockton-on-Tees 017B","E01012287",945,204,44,160,3,345,147,198,378,359,19,15
"2011","Stockton-on-Tees 017C","E01012288",621,240,96,144,1,155,16,139,218,211,7,7
"2011","Stockton-on-Tees 017D","E01012289",510,367,160,207,3,56,33,23,83,79,4,1
"2011","Stockton-on-Tees 018A","E01012238",641,311,120,191,1,266,179,87,60,51,9,3
"2011","Stockton-on-Tees 018B","E01012239",783,386,80,306,1,299,119,180,94,77,17,3
"2011","Stockton-on-Tees 018C","E01012240",763,488,189,299,6,194,92,102,70,62,8,5
"2011","Stockton-on-Tees 018D","E01012241",611,540,243,297,3,14,5,9,53,44,9,1
"2011","Stockton-on-Tees 019A","E01012290",829,673,400,273,0,84,50,34,59,47,12,13
"2011","Stockton-on-Tees 019B","E01012291",698,399,175,224,3,171,139,32,114,103,11,11
"2011","Stockton-on-Tees 019C","E01012292",1058,549,190,359,2,308,166,142,198,170,28,1
"2011","Stockton-on-Tees 020A","E01012282",539,344,169,175,0,123,100,23,65,57,8,7
"2011","Stockton-on-Tees 020B","E01012283",547,238,95,143,0,240,174,66,65,59,6,4
"2011","Stockton-on-Tees 020C","E01012284",649,234,114,120,10,328,201,127,68,58,10,9
"2011","Stockton-on-Tees 020D","E01012285",620,380,232,148,1,179,14,165,53,45,8,7
"2011","Stockton-on-Tees 021A","E01012199",614,566,316,250,1,11,2,9,34,29,5,2
"2011","Stockton-on-Tees 021B","E01012200",889,675,363,312,1,60,32,28,143,136,7,10
"2011","Stockton-on-Tees 021C","E01012201",737,679,368,311,2,1,0,1,43,39,4,12
"2011","Stockton-on-Tees 021D","E01012202",624,453,220,233,0,55,1,54,111,103,8,5
"2011","Stockton-on-Tees 021E","E01012203",687,605,202,403,3,25,5,20,51,46,5,3
"2011","Stockton-on-Tees 021F","E01012270",586,451,208,243,0,54,32,22,77,62,15,4
"2011","Stockton-on-Tees 022A","E01012228",529,475,150,325,3,5,2,3,39,34,5,7
"2011","Stockton-on-Tees 022B","E01012230",599,495,134,361,10,3,3,0,83,78,5,8
"2011","Stockton-on-Tees 022C","E01012233",564,520,242,278,1,8,5,3,31,25,6,4
"2011","Stockton-on-Tees 022D","E01012236",538,466,193,273,2,2,1,1,65,61,4,3
"2011","Stockton-on-Tees 022E","E01012237",496,464,170,294,1,2,2,0,27,27,0,2
"2011","Stockton-on-Tees 023A","E01012227",590,449,65,384,3,19,1,18,112,106,6,7
"2011","Stockton-on-Tees 023C","E01012231",685,616,109,507,0,4,0,4,65,60,5,0
"2011","Stockton-on-Tees 023D","E01012232",545,496,116,380,1,2,0,2,46,45,1,0
"2011","Stockton-on-Tees 023E","E01012234",580,530,137,393,3,1,0,1,45,38,7,1
"2011","Stockton-on-Tees 023F","E01033474",619,502,62,440,5,2,1,1,108,100,8,2
"2011","Stockton-on-Tees 023G","E01033475",575,521,49,472,0,2,1,1,51,49,2,1
"2011","Stockton-on-Tees 023H","E01033478",582,540,92,448,0,0,0,0,39,37,2,3
"2011","Stockton-on-Tees 023I","E01033479",616,540,118,422,0,1,0,1,74,71,3,1
"2011","Stockton-on-Tees 024A","E01012235",461,412,232,180,1,2,0,2,43,38,5,3
"2011","Stockton-on-Tees 024B","E01012298",544,510,284,226,1,1,0,1,30,29,1,2
"2011","Stockton-on-Tees 024C","E01012299",736,466,243,223,0,8,4,4,239,232,7,23
"2011","Stockton-on-Tees 024D","E01012300",747,404,220,184,2,257,59,198,79,72,7,5
"2011","Stockton-on-Tees 024E","E01012301",564,507,243,264,2,3,1,2,47,41,6,5
"2011","Stockton-on-Tees 024F","E01012302",487,441,191,250,1,1,0,1,41,34,7,3
"2011","Stockton-on-Tees 024G","E01012303",606,541,254,287,0,5,2,3,57,50,7,3
"2011","Gateshead 001A","E01008246",633,361,128,233,6,204,187,17,53,48,5,9
"2011","Gateshead 001B","E01008247",761,388,211,177,2,338,151,187,29,27,2,4
"2011","Gateshead 001C","E01008248",724,640,229,411,1,32,9,23,47,38,9,4
"2011","Gateshead 001D","E01008249",721,611,393,218,1,45,43,2,54,45,9,10
"2011","Gateshead 001E","E01008250",592,405,167,238,0,151,134,17,35,31,4,1
"2011","Gateshead 002A","E01008195",881,624,237,387,7,157,148,9,89,84,5,4
"2011","Gateshead 002B","E01008197",695,576,260,316,2,10,4,6,101,91,10,6
"2011","Gateshead 002C","E01008198",600,357,164,193,2,177,149,28,60,55,5,4
"2011","Gateshead 002D","E01008199",636,504,240,264,3,6,4,2,119,106,13,4
"2011","Gateshead 002E","E01008200",558,505,253,252,0,13,12,1,39,34,5,1
"2011","Gateshead 002F","E01008245",632,506,265,241,0,79,75,4,43,36,7,4
"2011","Gateshead 003A","E01008214",746,122,47,75,9,544,472,72,66,58,8,5
"2011","Gateshead 003B","E01008215",823,215,81,134,1,483,294,189,117,105,12,7
"2011","Gateshead 003C","E01008243",733,534,288,246,3,96,91,5,94,83,11,6
"2011","Gateshead 003D","E01008244",1009,531,169,362,13,201,192,9,251,225,26,13
"2011","Gateshead 004A","E01008178",687,408,99,309,11,192,146,46,72,67,5,4
"2011","Gateshead 004B","E01008180",636,189,64,125,1,406,395,11,37,32,5,3
"2011","Gateshead 004C","E01008182",744,379,90,289,4,295,264,31,63,59,4,3
"2011","Gateshead 004D","E01008277",668,445,233,212,2,188,180,8,23,16,7,10
"2011","Gateshead 004E","E01008280",877,390,141,249,10,382,273,109,87,80,7,8
"2011","Gateshead 005A","E01008177",609,458,200,258,2,75,53,22,69,59,10,5
"2011","Gateshead 005B","E01008179",519,381,98,283,2,87,84,3,45,38,7,4
"2011","Gateshead 005C","E01008181",644,483,237,246,1,119,106,13,37,37,0,4
"2011","Gateshead 005D","E01008276",741,489,234,255,2,183,176,7,63,56,7,4
"2011","Gateshead 005E","E01008279",655,581,372,209,1,13,11,2,49,44,5,11
"2011","Gateshead 007A","E01008209",990,470,179,291,13,237,217,20,260,236,24,10
"2011","Gateshead 007B","E01008210",617,266,79,187,3,234,76,158,112,100,12,2
"2011","Gateshead 007C","E01008258",1154,362,68,294,14,546,471,75,216,204,12,16
"2011","Gateshead 007D","E01008259",1038,283,84,199,2,686,637,49,58,48,10,9
"2011","Gateshead 008A","E01008167",721,314,111,203,11,137,90,47,250,236,14,9
"2011","Gateshead 008B","E01008169",416,213,102,111,1,44,11,33,152,143,9,6
"2011","Gateshead 008C","E01008170",986,285,91,194,5,424,226,198,264,251,13,8
"2011","Gateshead 008D","E01008171",559,208,78,130,0,38,11,27,306,282,24,7
"2011","Gateshead 008E","E01008257",669,235,118,117,0,342,245,97,86,79,7,6
"2011","Gateshead 009A","E01008262",789,400,135,265,1,152,110,42,229,220,9,7
"2011","Gateshead 009B","E01008263",672,305,94,211,0,284,262,22,71,63,8,12
"2011","Gateshead 009C","E01008264",599,550,312,238,0,15,10,5,27,26,1,7
"2011","Gateshead 009D","E01008265",622,403,185,218,5,161,152,9,50,38,12,3
"2011","Gateshead 009E","E01008266",643,478,248,230,1,102,5,97,53,48,5,9
"2011","Gateshead 010A","E01008251",913,444,173,271,1,62,48,14,401,369,32,5
"2011","Gateshead 010B","E01008252",729,293,128,165,2,121,81,40,307,286,21,6
"2011","Gateshead 010C","E01008253",818,313,106,207,2,48,14,34,441,419,22,14
"2011","Gateshead 010D","E01008254",663,255,105,150,0,117,22,95,285,280,5,6
"2011","Gateshead 010E","E01008255",753,432,218,214,2,243,184,59,68,63,5,8
"2011","Gateshead 011A","E01008165",594,204,69,135,4,336,154,182,45,40,5,5
"2011","Gateshead 011B","E01008201",629,191,83,108,1,396,347,49,39,33,6,2
"2011","Gateshead 011C","E01008202",803,418,114,304,6,250,194,56,124,114,10,5
"2011","Gateshead 011D","E01008204",739,208,89,119,3,460,64,396,65,50,15,3
"2011","Gateshead 012A","E01008212",694,222,75,147,0,388,361,27,79,63,16,5
"2011","Gateshead 012B","E01008213",645,390,170,220,1,220,184,36,25,23,2,9
"2011","Gateshead 012C","E01008216",743,268,120,148,2,418,255,163,53,47,6,2
"2011","Gateshead 012D","E01008228",551,251,101,150,2,248,219,29,48,41,7,2
"2011","Gateshead 013A","E01008206",741,580,272,308,1,103,92,11,52,44,8,5
"2011","Gateshead 013B","E01008207",591,523,252,271,0,32,31,1,33,30,3,3
"2011","Gateshead 013C","E01008208",739,400,153,247,2,239,199,40,90,74,16,8
"2011","Gateshead 013D","E01008211",743,514,225,289,4,109,75,34,109,95,14,7
"2011","Gateshead 014A","E01008283",604,556,269,287,0,8,6,2,35,32,3,5
"2011","Gateshead 014B","E01008284",617,454,206,248,1,130,120,10,31,28,3,1
"2011","Gateshead 014C","E01008286",661,399,190,209,0,212,205,7,45,44,1,5
"2011","Gateshead 014D","E01008287",820,632,144,488,2,131,64,67,54,46,8,1
"2011","Gateshead 015A","E01008231",689,285,101,184,0,358,341,17,35,30,5,11
"2011","Gateshead 015B","E01008240",643,412,167,245,0,209,199,10,18,18,0,4
"2011","Gateshead 015C","E01008241",710,423,234,189,1,251,220,31,31,30,1,4
"2011","Gateshead 015D","E01008242",701,327,98,229,0,336,327,9,31,25,6,7
"2011","Gateshead 015E","E01008281",657,339,145,194,2,272,246,26,34,32,2,10
"2011","Gateshead 015F","E01008282",665,296,130,166,0,323,92,231,42,35,7,4
"2011","Gateshead 016A","E01008219",725,433,157,276,1,217,209,8,68,65,3,6
"2011","Gateshead 016B","E01008235",630,575,275,300,0,25,25,0,26,22,4,4
"2011","Gateshead 016C","E01008236",761,474,203,271,13,137,96,41,130,122,8,7
"2011","Gateshead 016D","E01008237",593,558,260,298,0,5,5,0,26,21,5,4
"2011","Gateshead 016E","E01008238",677,549,225,324,12,18,12,6,93,85,8,5
"2011","Gateshead 017A","E01008267",700,511,335,176,1,139,117,22,37,33,4,12
"2011","Gateshead 017B","E01008269",645,604,359,245,0,3,3,0,33,28,5,5
"2011","Gateshead 017C","E01008270",603,573,386,187,0,5,3,2,16,12,4,9
"2011","Gateshead 017D","E01008271",606,553,305,248,3,10,7,3,36,31,5,4
"2011","Gateshead 017E","E01008275",648,598,339,259,0,5,3,2,44,43,1,1
"2011","Gateshead 018A","E01008229",635,451,255,196,0,143,133,10,37,32,5,4
"2011","Gateshead 018B","E01008230",630,332,122,210,9,213,160,53,70,60,10,6
"2011","Gateshead 018C","E01008232",589,258,95,163,2,295,244,51,29,25,4,5
"2011","Gateshead 018D","E01008233",606,518,199,319,2,40,36,4,43,35,8,3
"2011","Gateshead 018E","E01008285",664,269,100,169,1,348,253,95,39,33,6,7
"2011","Gateshead 019A","E01008256",775,600,256,344,2,114,85,29,55,54,1,4
"2011","Gateshead 019B","E01008260",629,570,200,370,5,18,17,1,28,26,2,8
"2011","Gateshead 019C","E01008261",642,300,111,189,0,291,283,8,41,33,8,10
"2011","Gateshead 019D","E01008268",628,495,236,259,1,84,76,8,41,35,6,7
"2011","Gateshead 019E","E01008272",651,543,329,214,0,49,35,14,53,46,7,6
"2011","Gateshead 019F","E01008273",628,502,208,294,0,60,27,33,57,54,3,9
"2011","Gateshead 019G","E01008274",632,412,161,251,1,178,171,7,38,33,5,3
"2011","Gateshead 020A","E01008193",493,437,230,207,2,40,13,27,8,7,1,6
"2011","Gateshead 020B","E01008194",602,540,289,251,0,36,7,29,21,20,1,5
"2011","Gateshead 020C","E01008234",1034,818,443,375,17,43,37,6,149,127,22,7
"2011","Gateshead 020D","E01008239",634,528,239,289,0,44,22,22,52,46,6,10
"2011","Gateshead 021A","E01008218",766,247,95,152,0,464,432,32,49,43,6,6
"2011","Gateshead 021B","E01008220",576,133,52,81,1,410,356,54,28,25,3,4
"2011","Gateshead 021C","E01008221",718,329,124,205,2,350,338,12,34,29,5,3
"2011","Gateshead 021D","E01008225",800,535,283,252,1,225,58,167,32,28,4,7
"2011","Gateshead 021E","E01008227",662,117,33,84,2,502,475,27,36,28,8,5
"2011","Gateshead 022A","E01008184",641,537,297,240,12,52,38,14,36,27,9,4
"2011","Gateshead 022B","E01008185",581,267,116,151,6,277,253,24,29,24,5,2
"2011","Gateshead 022C","E01008188",610,459,211,248,0,109,107,2,42,37,5,0
"2011","Gateshead 022D","E01008278",603,555,323,232,5,21,21,0,18,15,3,4
"2011","Gateshead 023A","E01008189",645,243,88,155,1,375,355,20,22,18,4,4
"2011","Gateshead 023B","E01008190",560,493,268,225,1,42,38,4,18,15,3,6
"2011","Gateshead 023C","E01008191",767,285,122,163,1,432,415,17,38,33,5,11
"2011","Gateshead 023D","E01008192",677,334,145,189,0,295,285,10,35,30,5,13
"2011","Gateshead 023E","E01008217",731,400,182,218,1,253,241,12,71,58,13,6
"2011","Gateshead 024A","E01008183",650,407,170,237,0,159,157,2,79,76,3,5
"2011","Gateshead 024B","E01008186",938,588,307,281,0,73,66,7,264,254,10,13
"2011","Gateshead 024C","E01008187",789,439,258,181,4,267,232,35,67,59,8,12
"2011","Gateshead 024D","E01008196",823,614,316,298,2,120,113,7,82,75,7,5
"2011","Gateshead 025A","E01008222",654,365,141,224,1,248,238,10,33,23,10,7
"2011","Gateshead 025B","E01008223",800,262,88,174,0,478,436,42,54,47,7,6
"2011","Gateshead 025C","E01008224",801,558,276,282,2,201,144,57,31,28,3,9
"2011","Gateshead 025D","E01008226",669,394,192,202,1,196,163,33,66,61,5,12
"2011","Gateshead 026A","E01008172",779,556,310,246,2,172,169,3,42,36,6,7
"2011","Gateshead 026B","E01008173",615,269,85,184,2,272,253,19,63,59,4,9
"2011","Gateshead 026C","E01008174",903,466,140,326,33,324,247,77,72,63,9,8
"2011","Gateshead 026D","E01008175",681,445,183,262,1,55,10,45,170,162,8,10
"2011","Gateshead 026E","E01008176",621,515,262,253,0,63,59,4,39,36,3,4
"2011","Gateshead 027A","E01008162",1191,523,125,398,5,324,294,30,325,290,35,14
"2011","Gateshead 027B","E01008164",638,224,69,155,0,147,94,53,261,249,12,6
"2011","Gateshead 027C","E01008166",1023,93,31,62,2,640,603,37,267,251,16,21
"2011","Gateshead 027D","E01008168",1097,220,71,149,19,474,426,48,371,362,9,13
"2011","Gateshead 028A","E01008163",678,280,102,178,1,201,161,40,192,179,13,4
"2011","Gateshead 028B","E01008203",877,327,90,237,1,218,100,118,317,298,19,14
"2011","Gateshead 028C","E01008205",676,552,288,264,1,44,9,35,76,65,11,3
"2011","Newcastle upon Tyne 001A","E01008294",618,517,223,294,1,10,8,2,84,76,8,6
"2011","Newcastle upon Tyne 001B","E01008306",720,497,275,222,0,169,155,14,49,45,4,5
"2011","Newcastle upon Tyne 001C","E01008307",500,253,94,159,0,193,153,40,52,49,3,2
"2011","Newcastle upon Tyne 001D","E01008308",616,339,135,204,0,200,129,71,73,67,6,4
"2011","Newcastle upon Tyne 001E","E01008311",689,598,224,374,2,11,11,0,76,69,7,2
"2011","Newcastle upon Tyne 001F","E01008312",503,394,171,223,1,20,17,3,83,77,6,5
"2011","Newcastle upon Tyne 001G","E01008313",476,382,164,218,0,40,39,1,53,47,6,1
"2011","Newcastle upon Tyne 002A","E01008309",728,688,383,305,1,4,4,0,32,29,3,3
"2011","Newcastle upon Tyne 002C","E01008352",612,416,188,228,1,125,120,5,67,63,4,3
"2011","Newcastle upon Tyne 002D","E01008357",689,610,368,242,3,12,10,2,60,53,7,4
"2011","Newcastle upon Tyne 002E","E01008358",759,273,108,165,2,20,10,10,460,454,6,4
"2011","Newcastle upon Tyne 002F","E01033550",694,585,143,442,0,8,8,0,97,93,4,4
"2011","Newcastle upon Tyne 002G","E01033551",736,643,349,294,0,10,9,1,76,64,12,7
"2011","Newcastle upon Tyne 003A","E01008336",674,295,150,145,14,301,288,13,49,42,7,15
"2011","Newcastle upon Tyne 003B","E01008337",578,216,118,98,2,322,310,12,32,30,2,6
"2011","Newcastle upon Tyne 003C","E01008338",498,296,107,189,1,117,100,17,82,79,3,2
"2011","Newcastle upon Tyne 003D","E01008339",663,254,96,158,0,327,246,81,69,64,5,13
"2011","Newcastle upon Tyne 003E","E01008340",628,169,60,109,1,400,384,16,46,41,5,12
"2011","Newcastle upon Tyne 003F","E01008341",618,344,145,199,1,209,193,16,58,46,12,6
"2011","Newcastle upon Tyne 003G","E01008342",722,564,313,251,6,56,17,39,89,81,8,7
"2011","Newcastle upon Tyne 004A","E01008293",639,488,197,291,5,52,42,10,90,86,4,4
"2011","Newcastle upon Tyne 004B","E01008456",674,288,103,185,8,333,287,46,37,32,5,8
"2011","Newcastle upon Tyne 004C","E01008457",787,275,98,177,12,437,380,57,55,48,7,8
"2011","Newcastle upon Tyne 004D","E01008458",700,591,305,286,0,28,22,6,69,63,6,12
"2011","Newcastle upon Tyne 004E","E01008459",724,155,46,109,1,527,497,30,27,24,3,14
"2011","Newcastle upon Tyne 004F","E01008460",605,279,125,154,1,271,264,7,47,39,8,7
"2011","Newcastle upon Tyne 005A","E01008351",620,481,249,232,1,72,52,20,59,46,13,7
"2011","Newcastle upon Tyne 005B","E01008354",767,417,151,266,0,227,214,13,117,106,11,6
"2011","Newcastle upon Tyne 005C","E01008418",869,679,368,311,1,13,10,3,163,151,12,13
"2011","Newcastle upon Tyne 005D","E01008420",555,452,237,215,1,31,27,4,69,63,6,2
"2011","Newcastle upon Tyne 005E","E01008422",644,471,219,252,0,32,8,24,135,127,8,6
"2011","Newcastle upon Tyne 005F","E01008424",759,382,143,239,20,78,56,22,270,224,46,9
"2011","Newcastle upon Tyne 006A","E01008353",696,408,221,187,0,216,191,25,68,62,6,4
"2011","Newcastle upon Tyne 006B","E01008355",745,566,290,276,3,44,15,29,125,116,9,7
"2011","Newcastle upon Tyne 006C","E01008356",587,378,165,213,8,132,75,57,61,54,7,8
"2011","Newcastle upon Tyne 006D","E01008378",535,483,260,223,1,19,16,3,30,28,2,2
"2011","Newcastle upon Tyne 006E","E01008419",632,467,183,284,2,20,4,16,138,129,9,5
"2011","Newcastle upon Tyne 006F","E01008421",664,500,225,275,1,11,4,7,142,140,2,10
"2011","Newcastle upon Tyne 006G","E01008423",530,468,263,205,0,20,17,3,38,35,3,4
"2011","Newcastle upon Tyne 007A","E01008317",593,523,246,277,1,4,4,0,51,43,8,14
"2011","Newcastle upon Tyne 007B","E01008319",685,638,248,390,0,6,6,0,34,30,4,7
"2011","Newcastle upon Tyne 007C","E01008320",611,476,237,239,2,68,63,5,57,46,11,8
"2011","Newcastle upon Tyne 007D","E01008321",725,550,265,285,5,37,29,8,123,109,14,10
"2011","Newcastle upon Tyne 007E","E01008322",585,543,258,285,0,11,10,1,28,25,3,3
"2011","Newcastle upon Tyne 007F","E01008323",702,438,189,249,2,47,44,3,211,188,23,4
"2011","Newcastle upon Tyne 008A","E01008295",604,213,91,122,0,350,346,4,34,29,5,7
"2011","Newcastle upon Tyne 008B","E01008374",632,479,213,266,0,98,93,5,50,45,5,5
"2011","Newcastle upon Tyne 008C","E01008375",721,338,126,212,1,318,290,28,50,44,6,14
"2011","Newcastle upon Tyne 008D","E01008376",468,425,185,240,3,18,13,5,18,13,5,4
"2011","Newcastle upon Tyne 008E","E01008377",845,358,75,283,46,298,288,10,138,124,14,5
"2011","Newcastle upon Tyne 008F","E01008379",703,330,164,166,0,317,289,28,48,40,8,8
"2011","Newcastle upon Tyne 008G","E01008380",739,105,39,66,3,489,329,160,124,117,7,18
"2011","Newcastle upon Tyne 011A","E01008296",690,404,182,222,2,221,188,33,48,43,5,15
"2011","Newcastle upon Tyne 011B","E01008297",626,195,79,116,1,371,346,25,43,35,8,16
"2011","Newcastle upon Tyne 011C","E01008298",584,355,123,232,1,149,106,43,76,50,26,3
"2011","Newcastle upon Tyne 011D","E01008299",527,250,83,167,0,238,209,29,34,28,6,5
"2011","Newcastle upon Tyne 012A","E01008314",473,367,184,183,1,42,40,2,58,53,5,5
"2011","Newcastle upon Tyne 012B","E01008315",627,445,227,218,0,95,92,3,79,77,2,8
"2011","Newcastle upon Tyne 012C","E01008316",650,561,264,297,1,7,6,1,75,68,7,6
"2011","Newcastle upon Tyne 012D","E01008318",631,268,97,171,1,297,285,12,52,46,6,13
"2011","Newcastle upon Tyne 012E","E01008363",806,588,323,265,2,9,2,7,195,175,20,12
"2011","Newcastle upon Tyne 012F","E01008365",572,478,205,273,2,13,8,5,68,60,8,11
"2011","Newcastle upon Tyne 013A","E01008366",636,232,118,114,5,11,2,9,384,371,13,4
"2011","Newcastle upon Tyne 013B","E01008369",680,244,113,131,2,50,8,42,375,362,13,9
"2011","Newcastle upon Tyne 013C","E01008371",572,469,281,188,2,6,3,3,82,72,10,13
"2011","Newcastle upon Tyne 013D","E01008372",728,189,97,92,4,83,28,55,443,426,17,9
"2011","Newcastle upon Tyne 013E","E01008373",727,117,54,63,9,15,7,8,579,553,26,7
"2011","Newcastle upon Tyne 014A","E01008400",703,207,92,115,2,431,291,140,50,45,5,13
"2011","Newcastle upon Tyne 014B","E01008401",607,317,149,168,1,248,239,9,34,29,5,7
"2011","Newcastle upon Tyne 014C","E01008402",654,430,189,241,1,147,78,69,70,65,5,6
"2011","Newcastle upon Tyne 014D","E01008403",632,536,307,229,0,29,10,19,61,57,4,6
"2011","Newcastle upon Tyne 014E","E01008404",804,436,135,301,0,239,193,46,120,105,15,9
"2011","Newcastle upon Tyne 014F","E01008405",639,331,129,202,1,246,237,9,52,45,7,9
"2011","Newcastle upon Tyne 014G","E01008443",608,553,287,266,1,12,9,3,37,34,3,5
"2011","Newcastle upon Tyne 015A","E01008324",547,274,120,154,0,215,156,59,51,46,5,7
"2011","Newcastle upon Tyne 015B","E01008325",663,272,127,145,2,337,319,18,36,26,10,16
"2011","Newcastle upon Tyne 015C","E01008326",582,506,209,297,1,23,22,1,42,30,12,10
"2011","Newcastle upon Tyne 015D","E01008327",586,159,52,107,1,378,348,30,40,33,7,8
"2011","Newcastle upon Tyne 015E","E01008328",576,539,333,206,1,10,7,3,22,18,4,4
"2011","Newcastle upon Tyne 015F","E01008329",624,429,174,255,1,136,117,19,53,47,6,5
"2011","Newcastle upon Tyne 015G","E01008330",617,276,107,169,8,265,233,32,57,50,7,11
"2011","Newcastle upon Tyne 016A","E01008300",665,334,111,223,1,264,257,7,57,47,10,9
"2011","Newcastle upon Tyne 016B","E01008450",574,230,94,136,1,302,288,14,36,34,2,5
"2011","Newcastle upon Tyne 016C","E01008451",839,438,147,291,1,123,118,5,270,249,21,7
"2011","Newcastle upon Tyne 016D","E01008452",497,411,204,207,1,32,6,26,47,41,6,6
"2011","Newcastle upon Tyne 017A","E01008367",785,268,130,138,5,51,4,47,452,440,12,9
"2011","Newcastle upon Tyne 017B","E01008368",554,183,97,86,6,33,2,31,329,322,7,3
"2011","Newcastle upon Tyne 017C","E01008370",822,317,170,147,4,113,16,97,378,350,28,10
"2011","Newcastle upon Tyne 017D","E01008409",718,318,149,169,16,62,25,37,317,299,18,5
"2011","Newcastle upon Tyne 017E","E01008411",696,150,86,64,29,104,26,78,403,377,26,10
"2011","Newcastle upon Tyne 018A","E01008303",1060,150,65,85,1,752,640,112,147,135,12,10
"2011","Newcastle upon Tyne 018B","E01008359",577,170,66,104,2,118,38,80,278,269,9,9
"2011","Newcastle upon Tyne 018C","E01008360",768,270,74,196,8,65,32,33,412,382,30,13
"2011","Newcastle upon Tyne 018D","E01008361",686,148,47,101,2,164,86,78,368,348,20,4
"2011","Newcastle upon Tyne 018E","E01008362",730,146,57,89,5,216,119,97,355,339,16,8
"2011","Newcastle upon Tyne 018F","E01008364",715,284,102,182,2,47,12,35,376,354,22,6
"2011","Newcastle upon Tyne 019A","E01008343",606,476,208,268,3,68,62,6,52,43,9,7
"2011","Newcastle upon Tyne 019B","E01008344",701,436,185,251,4,153,122,31,102,84,18,6
"2011","Newcastle upon Tyne 019C","E01008345",849,300,147,153,0,490,407,83,52,42,10,7
"2011","Newcastle upon Tyne 019D","E01008346",520,256,106,150,1,118,108,10,136,94,42,9
"2011","Newcastle upon Tyne 019E","E01008347",552,421,197,224,2,59,55,4,63,46,17,7
"2011","Newcastle upon Tyne 019F","E01008348",406,160,64,96,0,205,187,18,34,26,8,7
"2011","Newcastle upon Tyne 019G","E01008349",482,328,133,195,2,23,20,3,120,103,17,9
"2011","Newcastle upon Tyne 019H","E01008350",571,333,114,219,5,174,166,8,48,41,7,11
"2011","Newcastle upon Tyne 020A","E01008430",614,364,150,214,1,144,135,9,95,83,12,10
"2011","Newcastle upon Tyne 020B","E01008431",616,457,212,245,3,47,37,10,105,95,10,4
"2011","Newcastle upon Tyne 020C","E01008433",634,508,287,221,20,76,12,64,24,16,8,6
"2011","Newcastle upon Tyne 020D","E01008434",603,517,269,248,1,52,23,29,29,23,6,4
"2011","Newcastle upon Tyne 020E","E01008435",629,290,129,161,0,291,271,20,32,27,5,16
"2011","Newcastle upon Tyne 020F","E01008436",781,242,94,148,2,488,460,28,39,29,10,10
"2011","Newcastle upon Tyne 021A","E01008381",651,563,211,352,1,10,7,3,73,66,7,4
"2011","Newcastle upon Tyne 021B","E01008382",504,151,55,96,0,313,306,7,27,22,5,13
"2011","Newcastle upon Tyne 021C","E01008383",646,280,97,183,0,292,283,9,61,54,7,13
"2011","Newcastle upon Tyne 021D","E01008384",597,439,208,231,1,101,96,5,44,39,5,12
"2011","Newcastle upon Tyne 021E","E01008385",656,356,121,235,2,131,20,111,158,147,11,9
"2011","Newcastle upon Tyne 021F","E01008386",570,418,208,210,2,117,115,2,31,28,3,2
"2011","Newcastle upon Tyne 021G","E01008387",624,498,237,261,2,23,22,1,94,73,21,7
"2011","Newcastle upon Tyne 022B","E01008396",683,81,43,38,1,342,99,243,252,243,9,7
"2011","Newcastle upon Tyne 022C","E01008398",868,71,30,41,2,650,399,251,128,125,3,17
"2011","Newcastle upon Tyne 022D","E01008449",575,123,60,63,2,112,14,98,329,312,17,9
"2011","Newcastle upon Tyne 022E","E01008453",569,454,230,224,1,24,9,15,84,79,5,6
"2011","Newcastle upon Tyne 022G","E01008455",500,260,126,134,2,38,11,27,194,186,8,6
"2011","Newcastle upon Tyne 022H","E01033556",950,238,120,118,6,250,154,96,443,421,22,13
"2011","Newcastle upon Tyne 023A","E01008406",766,113,49,64,2,490,399,91,145,142,3,16
"2011","Newcastle upon Tyne 023B","E01008407",758,104,53,51,2,329,294,35,314,297,17,9
"2011","Newcastle upon Tyne 023D","E01008410",708,183,80,103,4,244,203,41,266,251,15,11
"2011","Newcastle upon Tyne 023E","E01008412",637,288,102,186,1,57,37,20,285,261,24,6
"2011","Newcastle upon Tyne 023F","E01008413",614,119,46,73,2,214,153,61,270,258,12,9
"2011","Newcastle upon Tyne 023G","E01033548",677,179,79,100,4,243,237,6,236,231,5,15
"2011","Newcastle upon Tyne 023H","E01033553",675,74,34,40,1,211,163,48,373,363,10,16
"2011","Newcastle upon Tyne 024A","E01008394",439,54,23,31,3,88,23,65,290,157,133,4
"2011","Newcastle upon Tyne 024B","E01008395",765,99,41,58,1,494,177,317,149,114,35,22
"2011","Newcastle upon Tyne 024C","E01008397",531,81,38,43,1,198,20,178,243,218,25,8
"2011","Newcastle upon Tyne 024D","E01008399",800,126,54,72,0,593,377,216,69,64,5,12
"2011","Newcastle upon Tyne 024E","E01008439",805,98,44,54,1,634,477,157,65,56,9,7
"2011","Newcastle upon Tyne 024G","E01033543",751,107,44,63,4,103,26,77,528,503,25,9
"2011","Newcastle upon Tyne 024H","E01033545",760,140,44,96,9,196,34,162,409,397,12,6
"2011","Newcastle upon Tyne 024I","E01033554",736,168,51,117,6,214,53,161,336,323,13,12
"2011","Newcastle upon Tyne 025B","E01008415",516,237,85,152,0,188,181,7,85,79,6,6
"2011","Newcastle upon Tyne 025C","E01008416",728,600,275,325,5,48,37,11,72,61,11,3
"2011","Newcastle upon Tyne 025E","E01033547",949,221,108,113,0,623,457,166,92,83,9,13
"2011","Newcastle upon Tyne 026A","E01008301",913,421,160,261,3,182,127,55,297,276,21,10
"2011","Newcastle upon Tyne 026B","E01008302",780,249,108,141,2,405,367,38,114,108,6,10
"2011","Newcastle upon Tyne 026C","E01008304",1078,100,44,56,1,852,725,127,111,107,4,14
"2011","Newcastle upon Tyne 026D","E01008305",921,105,50,55,0,669,612,57,132,126,6,15
"2011","Newcastle upon Tyne 026E","E01008391",590,167,49,118,0,383,371,12,34,27,7,6
"2011","Newcastle upon Tyne 026F","E01008392",764,359,149,210,0,221,180,41,173,167,6,11
"2011","Newcastle upon Tyne 026G","E01008432",629,383,177,206,1,159,141,18,84,75,9,2
"2011","Newcastle upon Tyne 027A","E01008288",626,384,158,226,5,143,82,61,90,82,8,4
"2011","Newcastle upon Tyne 027B","E01008289",603,196,73,123,0,360,294,66,35,28,7,12
"2011","Newcastle upon Tyne 027C","E01008290",543,218,108,110,1,199,71,128,112,103,9,13
"2011","Newcastle upon Tyne 027D","E01008291",901,87,38,49,2,612,360,252,179,172,7,21
"2011","Newcastle upon Tyne 027E","E01008292",560,506,237,269,2,17,12,5,30,26,4,5
"2011","Newcastle upon Tyne 028A","E01008388",836,161,57,104,1,580,529,51,87,81,6,7
"2011","Newcastle upon Tyne 028B","E01008389",788,186,57,129,0,566,555,11,28,26,2,8
"2011","Newcastle upon Tyne 028C","E01008426",640,142,52,90,0,457,421,36,32,27,5,9
"2011","Newcastle upon Tyne 028D","E01008429",620,207,84,123,1,357,319,38,45,40,5,10
"2011","Newcastle upon Tyne 029A","E01008331",593,114,52,62,3,297,223,74,166,158,8,13
"2011","Newcastle upon Tyne 029B","E01008332",906,124,52,72,4,439,328,111,307,295,12,32
"2011","Newcastle upon Tyne 029C","E01008333",536,251,98,153,4,111,63,48,150,130,20,20
"2011","Newcastle upon Tyne 029D","E01008334",833,362,164,198,0,175,135,40,277,254,23,19
"2011","Newcastle upon Tyne 029E","E01008335",674,339,148,191,2,48,25,23,272,258,14,13
"2011","Newcastle upon Tyne 029F","E01008437",567,52,15,37,4,452,312,140,52,46,6,7
"2011","Newcastle upon Tyne 029G","E01008438",850,80,30,50,4,719,672,47,40,35,5,7
"2011","Newcastle upon Tyne 030A","E01008390",814,133,42,91,22,586,442,144,59,55,4,14
"2011","Newcastle upon Tyne 030B","E01008425",1030,134,58,76,4,805,622,183,39,28,11,48
"2011","Newcastle upon Tyne 030C","E01008427",581,87,47,40,1,442,408,34,33,29,4,18
"2011","Newcastle upon Tyne 030D","E01008428",543,290,125,165,2,199,194,5,40,32,8,12
"2011","Newcastle upon Tyne 031A","E01008441",772,367,161,206,1,334,237,97,57,39,18,13
"2011","Newcastle upon Tyne 031B","E01008442",620,586,340,246,1,4,3,1,26,18,8,3
"2011","Newcastle upon Tyne 031C","E01008444",664,589,327,262,2,28,17,11,42,36,6,3
"2011","Newcastle upon Tyne 031D","E01008445",800,614,283,331,1,104,78,26,77,69,8,4
"2011","Newcastle upon Tyne 031E","E01008446",641,602,373,229,1,4,3,1,24,20,4,10
"2011","Newcastle upon Tyne 031F","E01008447",609,530,310,220,1,33,7,26,35,31,4,10
"2011","Newcastle upon Tyne 031G","E01008448",633,598,304,294,0,3,3,0,29,23,6,3
"2011","North Tyneside 001A","E01008547",601,550,347,203,0,13,8,5,33,28,5,5
"2011","North Tyneside 001B","E01008548",528,512,296,216,1,2,0,2,10,8,2,3
"2011","North Tyneside 001C","E01008549",681,616,393,223,0,10,6,4,45,37,8,10
"2011","North Tyneside 001D","E01008551",661,628,391,237,1,2,1,1,26,22,4,4
"2011","North Tyneside 002A","E01008478",775,328,128,200,1,390,242,148,50,46,4,6
"2011","North Tyneside 002B","E01008480",716,367,135,232,1,294,262,32,48,46,2,6
"2011","North Tyneside 002C","E01008504",646,586,254,332,26,13,9,4,21,19,2,0
"2011","North Tyneside 002D","E01008578",602,380,127,253,2,163,130,33,54,41,13,3
"2011","North Tyneside 002E","E01008583",616,373,128,245,5,174,131,43,63,60,3,1
"2011","North Tyneside 003A","E01008520",573,462,235,227,2,48,45,3,53,44,9,8
"2011","North Tyneside 003B","E01008523",483,441,192,249,2,4,2,2,34,31,3,2
"2011","North Tyneside 003C","E01008546",604,585,313,272,0,2,1,1,14,12,2,3
"2011","North Tyneside 003D","E01008550",634,547,218,329,1,8,4,4,73,68,5,5
"2011","North Tyneside 004A","E01008577",660,448,210,238,0,136,106,30,66,55,11,10
"2011","North Tyneside 004B","E01008579",726,673,444,229,1,11,9,2,35,27,8,6
"2011","North Tyneside 004C","E01008580",607,498,253,245,1,16,7,9,88,56,32,4
"2011","North Tyneside 004D","E01008581",656,600,372,228,0,15,9,6,30,25,5,11
"2011","North Tyneside 004E","E01008582",634,385,144,241,0,189,188,1,58,45,13,2
"2011","North Tyneside 005A","E01008517",598,564,250,314,0,3,3,0,30,28,2,1
"2011","North Tyneside 005B","E01008519",659,440,170,270,16,134,19,115,65,63,2,4
"2011","North Tyneside 005C","E01008521",689,582,315,267,1,17,15,2,84,73,11,5
"2011","North Tyneside 005D","E01008522",658,597,290,307,0,18,11,7,42,35,7,1
"2011","North Tyneside 006A","E01008584",668,383,148,235,1,49,14,35,224,206,18,11
"2011","North Tyneside 006B","E01008585",651,486,191,295,1,44,33,11,114,109,5,6
"2011","North Tyneside 006C","E01008587",638,414,163,251,20,59,20,39,138,123,15,7
"2011","North Tyneside 006D","E01008588",676,451,155,296,3,43,16,27,174,157,17,5
"2011","North Tyneside 006E","E01008589",562,528,245,283,1,5,4,1,22,17,5,6
"2011","North Tyneside 007A","E01008518",783,602,318,284,4,103,100,3,62,59,3,12
"2011","North Tyneside 007B","E01008564",633,568,283,285,3,9,5,4,49,43,6,4
"2011","North Tyneside 007C","E01008565",874,528,124,404,1,260,156,104,78,72,6,7
"2011","North Tyneside 007D","E01008567",587,314,117,197,0,196,192,4,71,60,11,6
"2011","North Tyneside 008A","E01008475",687,622,188,434,0,18,12,6,45,35,10,2
"2011","North Tyneside 008B","E01008476",793,404,149,255,5,312,306,6,67,56,11,5
"2011","North Tyneside 008C","E01008477",659,292,103,189,0,319,271,48,44,34,10,4
"2011","North Tyneside 008D","E01008479",647,536,222,314,1,42,12,30,63,51,12,5
"2011","North Tyneside 009A","E01008552",748,588,281,307,1,62,59,3,93,85,8,4
"2011","North Tyneside 009B","E01008553",831,607,262,345,1,30,24,6,185,174,11,8
"2011","North Tyneside 009C","E01008554",674,448,174,274,2,171,168,3,49,43,6,4
"2011","North Tyneside 009D","E01008555",671,393,141,252,3,222,222,0,43,38,5,10
"2011","North Tyneside 009E","E01008586",674,492,228,264,1,46,7,39,127,122,5,8
"2011","North Tyneside 010A","E01008495",736,698,399,299,0,10,9,1,25,21,4,3
"2011","North Tyneside 010B","E01008496",775,457,216,241,1,169,164,5,138,119,19,10
"2011","North Tyneside 010C","E01008497",651,610,348,262,1,8,4,4,25,17,8,7
"2011","North Tyneside 010D","E01008498",718,676,462,214,0,10,8,2,26,24,2,6
"2011","North Tyneside 011B","E01008568",683,458,262,196,2,166,155,11,50,39,11,7
"2011","North Tyneside 011C","E01008569",647,311,119,192,0,296,288,8,32,25,7,8
"2011","North Tyneside 011D","E01008570",599,461,125,336,1,58,38,20,73,67,6,6
"2011","North Tyneside 011E","E01032647",667,509,71,438,3,28,11,17,122,115,7,5
"2011","North Tyneside 011F","E01032648",657,300,67,233,16,244,240,4,93,85,8,4
"2011","North Tyneside 012A","E01008500",728,552,224,328,0,101,90,11,66,60,6,9
"2011","North Tyneside 012B","E01008505",805,510,226,284,1,179,22,157,107,100,7,8
"2011","North Tyneside 012C","E01008506",613,369,126,243,1,205,202,3,35,29,6,3
"2011","North Tyneside 012D","E01008507",626,502,184,318,7,91,34,57,25,20,5,1
"2011","North Tyneside 013A","E01008493",641,531,287,244,0,71,71,0,34,26,8,5
"2011","North Tyneside 013B","E01008494",734,485,247,238,2,187,125,62,48,39,9,12
"2011","North Tyneside 013C","E01008556",849,730,376,354,0,23,17,6,86,78,8,10
"2011","North Tyneside 013D","E01008557",617,584,288,296,4,7,6,1,19,16,3,3
"2011","North Tyneside 014A","E01008470",643,388,189,199,1,203,90,113,49,48,1,2
"2011","North Tyneside 014B","E01008499",727,477,164,313,1,190,182,8,52,41,11,7
"2011","North Tyneside 014C","E01008502",697,430,172,258,1,213,203,10,43,36,7,10
"2011","North Tyneside 014D","E01008516",649,530,300,230,4,54,9,45,54,43,11,7
"2011","North Tyneside 015A","E01008488",647,344,121,223,1,233,210,23,66,58,8,3
"2011","North Tyneside 015B","E01008489",752,320,131,189,1,377,354,23,50,46,4,4
"2011","North Tyneside 015C","E01008490",768,534,273,261,1,139,106,33,86,82,4,8
"2011","North Tyneside 015D","E01008491",622,323,117,206,2,239,236,3,51,44,7,7
"2011","North Tyneside 016A","E01008558",855,594,320,274,5,59,7,52,177,165,12,20
"2011","North Tyneside 016B","E01008560",857,525,275,250,2,97,8,89,215,193,22,18
"2011","North Tyneside 016C","E01008561",879,366,141,225,3,327,95,232,170,153,17,13
"2011","North Tyneside 016D","E01008562",639,501,267,234,1,68,65,3,62,57,5,7
"2011","North Tyneside 017A","E01008525",724,572,296,276,0,38,36,2,108,101,7,6
"2011","North Tyneside 017B","E01008527",745,540,234,306,1,16,3,13,181,164,17,7
"2011","North Tyneside 017C","E01008559",786,473,142,331,11,83,26,57,215,194,21,4
"2011","North Tyneside 017D","E01008563",594,562,336,226,1,1,1,0,27,16,11,3
"2011","North Tyneside 018A","E01008469",757,546,293,253,2,89,75,14,114,98,16,6
"2011","North Tyneside 018B","E01008472",673,553,267,286,0,71,21,50,44,40,4,5
"2011","North Tyneside 018C","E01008473",527,443,224,219,1,51,34,17,30,23,7,2
"2011","North Tyneside 018D","E01008501",772,637,150,487,0,72,69,3,59,51,8,4
"2011","North Tyneside 018E","E01008503",771,417,174,243,1,232,222,10,116,110,6,5
"2011","North Tyneside 019A","E01008471",660,441,181,260,0,178,159,19,37,34,3,4
"2011","North Tyneside 019B","E01008474",614,273,105,168,0,288,239,49,48,41,7,5
"2011","North Tyneside 019C","E01008513",1137,533,130,403,11,430,299,131,156,147,9,7
"2011","North Tyneside 019D","E01008514",774,396,153,243,0,302,135,167,71,68,3,5
"2011","North Tyneside 019F","E01032649",612,232,49,183,9,279,245,34,89,83,6,3
"2011","North Tyneside 019G","E01032650",594,197,64,133,1,354,352,2,39,34,5,3
"2011","North Tyneside 020A","E01008486",661,395,182,213,0,188,188,0,74,62,12,4
"2011","North Tyneside 020B","E01008487",692,462,254,208,0,192,187,5,33,25,8,5
"2011","North Tyneside 020C","E01008526",617,564,251,313,0,17,8,9,30,27,3,6
"2011","North Tyneside 020D","E01008530",783,577,357,220,2,127,78,49,72,65,7,5
"2011","North Tyneside 021A","E01008461",623,372,165,207,3,211,196,15,33,24,9,4
"2011","North Tyneside 021B","E01008466",559,523,236,287,2,7,6,1,26,21,5,1
"2011","North Tyneside 021C","E01008467",635,491,180,311,8,75,75,0,54,44,10,7
"2011","North Tyneside 021D","E01008468",633,333,95,238,26,230,223,7,39,36,3,5
"2011","North Tyneside 022A","E01008483",757,475,136,339,7,23,10,13,251,234,17,1
"2011","North Tyneside 022B","E01008524",1119,394,184,210,2,359,128,231,341,318,23,23
"2011","North Tyneside 022C","E01008528",634,471,170,301,1,7,5,2,153,141,12,2
"2011","North Tyneside 022D","E01008529",751,601,280,321,0,30,5,25,112,101,11,8
"2011","North Tyneside 023A","E01008481",614,308,125,183,1,233,232,1,63,57,6,9
"2011","North Tyneside 023B","E01008482",824,377,164,213,1,233,209,24,197,184,13,16
"2011","North Tyneside 023C","E01008484",639,226,93,133,2,226,208,18,182,177,5,3
"2011","North Tyneside 023D","E01008485",644,91,24,67,3,501,313,188,37,33,4,12
"2011","North Tyneside 023E","E01008492",750,356,143,213,2,284,261,23,101,89,12,7
"2011","North Tyneside 024A","E01008462",545,285,102,183,5,197,177,20,49,40,9,9
"2011","North Tyneside 024B","E01008463",607,336,150,186,0,234,197,37,31,24,7,6
"2011","North Tyneside 024C","E01008464",655,503,238,265,0,88,85,3,61,54,7,3
"2011","North Tyneside 024D","E01008465",641,504,248,256,2,93,91,2,37,32,5,5
"2011","North Tyneside 025A","E01008531",631,566,256,310,4,8,7,1,50,41,9,3
"2011","North Tyneside 025B","E01008532",701,410,142,268,24,199,198,1,64,47,17,4
"2011","North Tyneside 025C","E01008534",619,557,272,285,3,15,8,7,39,33,6,5
"2011","North Tyneside 025D","E01008538",520,464,176,288,0,4,4,0,49,42,7,3
"2011","North Tyneside 026A","E01008508",617,344,124,220,0,244,234,10,25,19,6,4
"2011","North Tyneside 026B","E01008509",747,303,87,216,1,374,225,149,59,53,6,10
"2011","North Tyneside 026C","E01008510",755,472,195,277,1,137,66,71,133,118,15,12
"2011","North Tyneside 026D","E01008512",763,266,92,174,4,450,364,86,37,35,2,6
"2011","North Tyneside 027A","E01008539",719,481,114,367,0,85,11,74,146,134,12,7
"2011","North Tyneside 027B","E01008540",743,221,87,134,0,387,332,55,132,121,11,3
"2011","North Tyneside 027C","E01008541",792,301,73,228,2,342,161,181,142,126,16,5
"2011","North Tyneside 027D","E01008544",964,246,94,152,12,424,180,244,273,259,14,9
"2011","North Tyneside 027E","E01008545",665,97,21,76,16,455,190,265,92,89,3,5
"2011","North Tyneside 028A","E01008511",780,399,136,263,2,229,209,20,146,140,6,4
"2011","North Tyneside 028B","E01008542",726,204,64,140,3,421,340,81,91,89,2,7
"2011","North Tyneside 028C","E01008543",931,439,110,329,2,285,100,185,201,192,9,4
"2011","North Tyneside 028D","E01008571",875,362,94,268,14,362,245,117,126,111,15,11
"2011","North Tyneside 029A","E01008572",925,410,129,281,0,135,58,77,373,356,17,7
"2011","North Tyneside 029B","E01008573",838,338,115,223,1,157,61,96,330,310,20,12
"2011","North Tyneside 029C","E01008574",692,521,207,314,0,101,99,2,65,56,9,5
"2011","North Tyneside 029D","E01008576",840,448,128,320,2,233,220,13,150,134,16,7
"2011","North Tyneside 030A","E01008533",631,305,105,200,0,285,229,56,34,23,11,7
"2011","North Tyneside 030B","E01008535",652,485,219,266,1,92,80,12,68,58,10,6
"2011","North Tyneside 030C","E01008536",748,443,140,303,3,88,26,62,205,183,22,9
"2011","North Tyneside 030D","E01008537",661,383,153,230,2,182,138,44,88,82,6,6
"2011","North Tyneside 030E","E01008575",693,319,109,210,1,240,149,91,123,104,19,10
"2011","South Tyneside 001A","E01008595",813,473,166,307,11,111,74,37,214,184,30,4
"2011","South Tyneside 001B","E01008596",576,194,72,122,0,270,189,81,101,94,7,11
"2011","South Tyneside 001C","E01008597",1046,727,263,464,54,51,29,22,211,189,22,3
"2011","South Tyneside 001D","E01008598",648,481,207,274,3,23,16,7,138,123,15,3
"2011","South Tyneside 001E","E01008599",729,381,202,179,1,266,207,59,71,63,8,10
"2011","South Tyneside 002A","E01008664",696,289,141,148,2,197,87,110,196,180,16,12
"2011","South Tyneside 002B","E01008665",762,312,142,170,1,278,101,177,169,162,7,2
"2011","South Tyneside 002C","E01008666",803,108,55,53,4,592,448,144,89,87,2,10
"2011","South Tyneside 002D","E01008667",899,310,151,159,14,400,256,144,158,139,19,17
"2011","South Tyneside 002E","E01008668",813,303,127,176,2,311,230,81,186,169,17,11
"2011","South Tyneside 003A","E01008673",524,430,216,214,2,12,2,10,75,66,9,5
"2011","South Tyneside 003B","E01008675",757,464,165,299,1,60,5,55,222,197,25,10
"2011","South Tyneside 003C","E01008676",538,347,125,222,1,81,6,75,106,100,6,3
"2011","South Tyneside 003D","E01008677",590,467,245,222,0,35,24,11,80,67,13,8
"2011","South Tyneside 003E","E01008678",626,394,166,228,23,52,8,44,150,136,14,7
"2011","South Tyneside 004A","E01008647",659,575,339,236,4,38,36,2,38,30,8,4
"2011","South Tyneside 004B","E01008648",668,487,270,217,3,134,123,11,35,32,3,9
"2011","South Tyneside 004C","E01008649",701,284,108,176,38,349,278,71,27,26,1,3
"2011","South Tyneside 004D","E01008651",778,220,95,125,1,516,468,48,31,29,2,10
"2011","South Tyneside 005A","E01008679",625,447,221,226,1,62,57,5,108,98,10,7
"2011","South Tyneside 005B","E01008680",604,517,277,240,0,62,58,4,23,19,4,2
"2011","South Tyneside 005C","E01008682",509,200,107,93,9,260,182,78,40,35,5,0
"2011","South Tyneside 005D","E01008683",729,444,159,285,2,67,35,32,210,184,26,6
"2011","South Tyneside 006A","E01008635",633,452,286,166,10,113,14,99,43,40,3,15
"2011","South Tyneside 006B","E01008650",599,518,262,256,1,51,49,2,25,21,4,4
"2011","South Tyneside 006C","E01008674",512,472,236,236,1,8,6,2,25,19,6,6
"2011","South Tyneside 006D","E01008681",637,596,371,225,0,10,6,4,24,20,4,7
"2011","South Tyneside 007A","E01008600",623,228,86,142,1,249,242,7,140,137,3,5
"2011","South Tyneside 007B","E01008604",769,254,82,172,1,414,403,11,94,82,12,6
"2011","South Tyneside 007C","E01008660",655,461,173,288,5,116,67,49,64,60,4,9
"2011","South Tyneside 007D","E01008661",512,271,129,142,0,219,213,6,19,17,2,3
"2011","South Tyneside 008A","E01008633",603,305,113,192,1,262,254,8,33,29,4,2
"2011","South Tyneside 008B","E01008634",622,167,56,111,1,393,86,307,53,50,3,8
"2011","South Tyneside 008C","E01008636",596,374,154,220,1,189,183,6,24,19,5,8
"2011","South Tyneside 008D","E01008637",629,356,133,223,0,237,198,39,28,28,0,8
"2011","South Tyneside 009A","E01008639",848,345,86,259,5,374,130,244,115,107,8,9
"2011","South Tyneside 009B","E01008652",514,257,116,141,1,182,136,46,67,58,9,7
"2011","South Tyneside 009C","E01008653",526,199,53,146,0,296,223,73,28,24,4,3
"2011","South Tyneside 009D","E01008654",600,364,117,247,0,100,51,49,126,114,12,10
"2011","South Tyneside 009E","E01008655",663,275,116,159,1,315,259,56,65,55,10,7
"2011","South Tyneside 009F","E01008657",578,498,230,268,1,43,33,10,36,27,9,0
"2011","South Tyneside 010A","E01008638",612,468,85,383,2,20,18,2,119,112,7,3
"2011","South Tyneside 010B","E01008640",889,552,180,372,3,199,183,16,131,122,9,4
"2011","South Tyneside 010C","E01008641",818,311,112,199,2,441,410,31,63,52,11,1
"2011","South Tyneside 010D","E01008642",578,517,243,274,0,12,11,1,42,40,2,7
"2011","South Tyneside 011A","E01008590",749,346,142,204,3,253,227,26,141,136,5,6
"2011","South Tyneside 011B","E01008591",763,339,133,206,2,127,62,65,286,262,24,9
"2011","South Tyneside 011C","E01008592",689,403,165,238,0,57,46,11,224,205,19,5
"2011","South Tyneside 011D","E01008594",738,359,104,255,0,301,224,77,71,64,7,7
"2011","South Tyneside 012A","E01008601",635,258,106,152,2,339,313,26,32,27,5,4
"2011","South Tyneside 012B","E01008669",649,216,74,142,0,372,260,112,59,54,5,2
"2011","South Tyneside 012C","E01008671",647,276,129,147,6,262,165,97,99,90,9,4
"2011","South Tyneside 012D","E01008672",588,369,183,186,2,183,141,42,30,22,8,4
"2011","South Tyneside 013A","E01008622",713,588,367,221,0,97,82,15,21,18,3,7
"2011","South Tyneside 013C","E01008625",718,191,80,111,4,492,230,262,28,24,4,3
"2011","South Tyneside 013E","E01033074",887,452,185,267,5,370,238,132,55,45,10,5
"2011","South Tyneside 014A","E01008602",631,244,83,161,0,341,339,2,40,35,5,6
"2011","South Tyneside 014B","E01008603",648,289,127,162,1,333,326,7,21,19,2,4
"2011","South Tyneside 014C","E01008608",544,210,100,110,0,304,282,22,26,21,5,4
"2011","South Tyneside 014D","E01008670",744,367,153,214,0,327,307,20,46,42,4,4
"2011","South Tyneside 015A","E01008643",620,437,171,266,2,149,145,4,27,22,5,5
"2011","South Tyneside 015B","E01008644",753,330,130,200,0,375,370,5,38,30,8,10
"2011","South Tyneside 015C","E01008645",668,302,119,183,1,326,317,9,31,28,3,8
"2011","South Tyneside 015D","E01008646",609,416,224,192,1,162,159,3,26,19,7,4
"2011","South Tyneside 015E","E01008656",604,393,187,206,0,181,174,7,24,17,7,6
"2011","South Tyneside 015F","E01008658",581,228,95,133,0,315,311,4,36,34,2,2
"2011","South Tyneside 016A","E01008593",569,224,84,140,0,294,240,54,44,42,2,7
"2011","South Tyneside 016B","E01008605",508,368,145,223,1,109,105,4,28,22,6,2
"2011","South Tyneside 016C","E01008606",651,252,96,156,0,344,278,66,52,46,6,3
"2011","South Tyneside 016D","E01008607",604,181,76,105,0,387,375,12,29,27,2,7
"2011","South Tyneside 016E","E01008609",648,285,101,184,1,312,305,7,44,41,3,6
"2011","South Tyneside 017A","E01008631",614,367,161,206,1,218,217,1,27,23,4,1
"2011","South Tyneside 017B","E01008632",571,240,89,151,1,310,297,13,16,14,2,4
"2011","South Tyneside 017C","E01008659",634,362,165,197,2,234,231,3,30,19,11,6
"2011","South Tyneside 017D","E01008662",514,246,70,176,0,238,214,24,27,26,1,3
"2011","South Tyneside 017E","E01008663",637,297,140,157,3,297,223,74,32,27,5,8
"2011","South Tyneside 018A","E01008624",590,317,93,224,11,240,105,135,19,18,1,3
"2011","South Tyneside 018B","E01008684",589,300,133,167,1,258,214,44,28,24,4,2
"2011","South Tyneside 018C","E01008685",806,551,272,279,3,199,191,8,47,41,6,6
"2011","South Tyneside 018D","E01008686",726,502,242,260,3,180,174,6,34,25,9,7
"2011","South Tyneside 018E","E01008687",844,583,346,237,0,192,181,11,59,53,6,10
"2011","South Tyneside 019A","E01008688",654,338,148,190,0,275,263,12,40,33,7,1
"2011","South Tyneside 019B","E01008689",769,282,115,167,4,445,435,10,36,32,4,2
"2011","South Tyneside 019C","E01008690",646,329,110,219,7,270,251,19,38,31,7,2
"2011","South Tyneside 019D","E01008691",494,445,214,231,0,33,30,3,14,12,2,2
"2011","South Tyneside 019E","E01008692",615,345,148,197,0,225,214,11,35,28,7,10
"2011","South Tyneside 020A","E01008627",611,540,288,252,1,13,9,4,53,48,5,4
"2011","South Tyneside 020B","E01008628",624,279,127,152,1,316,302,14,28,25,3,0
"2011","South Tyneside 020C","E01008629",595,457,183,274,5,97,92,5,33,29,4,3
"2011","South Tyneside 020D","E01008630",627,219,64,155,2,373,276,97,32,29,3,1
"2011","South Tyneside 021A","E01008610",637,238,102,136,1,355,337,18,34,32,2,9
"2011","South Tyneside 021B","E01008611",602,507,179,328,1,44,11,33,44,42,2,6
"2011","South Tyneside 021C","E01008612",640,520,204,316,0,65,27,38,52,44,8,3
"2011","South Tyneside 021D","E01008613",757,357,137,220,1,273,148,125,117,112,5,9
"2011","South Tyneside 022A","E01008616",643,583,271,312,1,17,10,7,39,33,6,3
"2011","South Tyneside 022B","E01008618",512,486,281,205,0,5,5,0,19,15,4,2
"2011","South Tyneside 022C","E01008619",712,656,421,235,1,6,4,2,42,35,7,7
"2011","South Tyneside 022D","E01008621",604,578,315,263,0,2,2,0,18,17,1,6
"2011","South Tyneside 023A","E01008614",676,443,178,265,1,190,182,8,30,24,6,12
"2011","South Tyneside 023B","E01008615",679,438,204,234,1,164,154,10,64,52,12,12
"2011","South Tyneside 023C","E01008617",621,536,275,261,0,40,9,31,40,35,5,5
"2011","South Tyneside 023D","E01008620",657,575,331,244,0,48,44,4,31,28,3,3
"2011","Sunderland 001A","E01008713",630,572,291,281,2,6,1,5,38,36,2,12
"2011","Sunderland 001B","E01008722",644,568,312,256,6,23,0,23,41,37,4,6
"2011","Sunderland 001C","E01008724",483,458,241,217,1,7,5,2,15,13,2,2
"2011","Sunderland 001D","E01008726",670,598,314,284,1,9,6,3,59,58,1,3
"2011","Sunderland 002A","E01008723",572,526,312,214,0,4,3,1,38,36,2,4
"2011","Sunderland 002B","E01008725",619,555,298,257,4,36,2,34,21,14,7,3
"2011","Sunderland 002C","E01008727",769,651,341,310,2,18,12,6,92,73,19,6
"2011","Sunderland 002D","E01008728",583,527,250,277,0,16,10,6,38,32,6,2
"2011","Sunderland 002E","E01008792",505,452,271,181,1,4,3,1,43,37,6,5
"2011","Sunderland 003A","E01008698",724,292,101,191,0,368,180,188,59,53,6,5
"2011","Sunderland 003B","E01008837",633,257,91,166,1,274,141,133,100,95,5,1
"2011","Sunderland 003C","E01008838",680,260,89,171,2,357,232,125,60,56,4,1
"2011","Sunderland 003D","E01008839",671,213,95,118,0,404,195,209,51,40,11,3
"2011","Sunderland 003E","E01008840",586,306,88,218,1,210,108,102,66,60,6,3
"2011","Sunderland 003F","E01008841",528,180,78,102,1,299,190,109,48,42,6,0
"2011","Sunderland 004A","E01008712",774,307,147,160,3,390,248,142,66,55,11,8
"2011","Sunderland 004B","E01008817",465,116,63,53,0,311,195,116,36,30,6,2
"2011","Sunderland 004C","E01008819",630,325,153,172,0,264,138,126,38,33,5,3
"2011","Sunderland 004D","E01008821",539,237,105,132,0,250,152,98,49,46,3,3
"2011","Sunderland 004E","E01008822",732,329,154,175,1,331,192,139,67,59,8,4
"2011","Sunderland 004F","E01008842",592,403,166,237,0,154,99,55,33,27,6,2
"2011","Sunderland 005A","E01008708",695,400,187,213,0,236,109,127,55,47,8,4
"2011","Sunderland 005B","E01008709",687,227,102,125,0,281,124,157,175,165,10,4
"2011","Sunderland 005D","E01008711",687,427,183,244,1,138,62,76,116,108,8,5
"2011","Sunderland 005F","E01008820",558,370,191,179,1,38,22,16,144,127,17,5
"2011","Sunderland 005G","E01033075",950,287,136,151,0,490,200,290,166,151,15,7
"2011","Sunderland 006A","E01008786",648,517,268,249,0,44,23,21,77,69,8,10
"2011","Sunderland 006B","E01008787",710,492,238,254,1,34,16,18,172,159,13,11
"2011","Sunderland 006C","E01008788",758,577,295,282,1,30,15,15,143,130,13,7
"2011","Sunderland 006D","E01008789",642,457,224,233,14,19,5,14,143,130,13,9
"2011","Sunderland 006E","E01008790",657,467,224,243,2,78,33,45,105,98,7,5
"2011","Sunderland 006F","E01008791",1011,215,96,119,5,478,179,299,300,278,22,13
"2011","Sunderland 007A","E01008855",644,411,114,297,1,176,110,66,51,48,3,5
"2011","Sunderland 007B","E01008856",629,533,295,238,3,51,28,23,37,30,7,5
"2011","Sunderland 007C","E01008876",579,510,250,260,1,40,18,22,26,24,2,2
"2011","Sunderland 007D","E01008877",634,545,269,276,1,32,14,18,50,42,8,6
"2011","Sunderland 008A","E01008693",555,313,144,169,1,167,77,90,64,52,12,10
"2011","Sunderland 008B","E01008694",618,311,134,177,0,251,131,120,54,45,9,2
"2011","Sunderland 008C","E01008695",606,314,120,194,1,242,117,125,47,39,8,2
"2011","Sunderland 008D","E01008696",490,382,125,257,0,86,58,28,16,10,6,6
"2011","Sunderland 008E","E01008697",571,292,141,151,1,243,140,103,28,23,5,7
"2011","Sunderland 008F","E01008699",605,284,121,163,1,267,170,97,50,36,14,3
"2011","Sunderland 009A","E01008853",619,258,114,144,0,306,197,109,52,44,8,3
"2011","Sunderland 009B","E01008854",812,335,116,219,1,160,86,74,309,305,4,7
"2011","Sunderland 009C","E01008857",630,330,123,207,2,256,153,103,39,32,7,3
"2011","Sunderland 009D","E01008858",598,171,67,104,0,381,244,137,41,39,2,5
"2011","Sunderland 009E","E01008859",534,197,58,139,0,285,178,107,51,47,4,1
"2011","Sunderland 009F","E01008860",596,300,129,171,1,245,135,110,47,37,10,3
"2011","Sunderland 009G","E01008878",635,442,182,260,0,147,84,63,43,38,5,3
"2011","Sunderland 010A","E01008873",540,456,205,251,0,51,32,19,32,29,3,1
"2011","Sunderland 010B","E01008874",671,263,90,173,0,369,225,144,37,33,4,2
"2011","Sunderland 010C","E01008875",674,352,80,272,5,226,91,135,83,78,5,8
"2011","Sunderland 010D","E01008879",617,412,150,262,0,145,82,63,59,47,12,1
"2011","Sunderland 010E","E01008880",512,315,129,186,7,156,100,56,30,25,5,4
"2011","Sunderland 011A","E01008701",650,340,130,210,4,82,8,74,217,199,18,7
"2011","Sunderland 011B","E01008704",650,395,165,230,2,80,35,45,163,146,17,10
"2011","Sunderland 011C","E01008706",668,376,157,219,1,72,17,55,210,189,21,9
"2011","Sunderland 011D","E01008707",547,340,142,198,2,13,7,6,189,172,17,3
"2011","Sunderland 012A","E01008756",652,280,121,159,1,312,143,169,54,48,6,5
"2011","Sunderland 012B","E01008762",639,249,107,142,0,305,193,112,84,79,5,1
"2011","Sunderland 012C","E01008812",751,319,101,218,1,358,135,223,69,54,15,4
"2011","Sunderland 012F","E01033076",596,220,74,146,0,333,210,123,42,38,4,1
"2011","Sunderland 013A","E01008700",516,288,144,144,1,65,36,29,159,147,12,3
"2011","Sunderland 013B","E01008703",1089,113,61,52,2,525,222,303,444,421,23,5
"2011","Sunderland 013C","E01008705",485,231,112,119,0,83,48,35,165,152,13,6
"2011","Sunderland 013D","E01008831",1131,262,104,158,7,242,66,176,603,576,27,17
"2011","Sunderland 013E","E01008834",967,293,109,184,6,221,93,128,438,424,14,9
"2011","Sunderland 014A","E01008810",712,344,105,239,0,303,180,123,59,47,12,6
"2011","Sunderland 014B","E01008811",690,498,203,295,1,126,87,39,62,51,11,3
"2011","Sunderland 014C","E01008813",643,337,154,183,2,255,156,99,45,37,8,4
"2011","Sunderland 014D","E01008814",661,445,196,249,0,155,98,57,59,56,3,2
"2011","Sunderland 015A","E01008757",648,399,205,194,0,83,38,45,162,148,14,4
"2011","Sunderland 015B","E01008758",601,478,269,209,1,79,11,68,38,33,5,5
"2011","Sunderland 015C","E01008759",664,537,302,235,6,12,5,7,101,87,14,8
"2011","Sunderland 015D","E01008761",588,538,309,229,3,4,3,1,41,39,2,2
"2011","Sunderland 016A","E01008702",566,101,51,50,0,419,131,288,41,37,4,5
"2011","Sunderland 016B","E01008735",1032,346,156,190,3,281,43,238,392,369,23,10
"2011","Sunderland 016C","E01008736",609,238,98,140,2,153,59,94,214,209,5,2
"2011","Sunderland 016D","E01008737",627,307,139,168,1,94,39,55,219,208,11,6
"2011","Sunderland 016E","E01008738",605,331,158,173,0,70,23,47,199,184,15,5
"2011","Sunderland 016F","E01008836",704,109,35,74,1,434,228,206,158,153,5,2
"2011","Sunderland 017A","E01008845",672,502,254,248,0,88,49,39,75,70,5,7
"2011","Sunderland 017B","E01008846",464,165,52,113,0,259,156,103,40,36,4,0
"2011","Sunderland 017C","E01008847",513,196,65,131,2,257,161,96,57,54,3,1
"2011","Sunderland 017D","E01008850",625,538,164,374,0,41,19,22,40,36,4,6
"2011","Sunderland 017E","E01008851",753,390,122,268,7,262,149,113,92,85,7,2
"2011","Sunderland 018A","E01008760",626,525,244,281,1,11,8,3,82,70,12,7
"2011","Sunderland 018B","E01008830",573,326,123,203,1,19,7,12,214,196,18,13
"2011","Sunderland 018C","E01008832",632,450,197,253,0,26,8,18,152,130,22,4
"2011","Sunderland 018D","E01008833",637,496,287,209,1,8,4,4,126,112,14,6
"2011","Sunderland 019A","E01008843",555,465,221,244,2,37,22,15,49,41,8,2
"2011","Sunderland 019B","E01008844",688,474,251,223,0,153,59,94,53,46,7,8
"2011","Sunderland 019C","E01008848",608,439,234,205,0,136,81,55,30,25,5,3
"2011","Sunderland 019D","E01008849",499,159,57,102,0,291,182,109,47,47,0,2
"2011","Sunderland 019E","E01008852",531,417,163,254,0,77,46,31,29,22,7,8
"2011","Sunderland 020A","E01008867",803,261,62,199,2,454,279,175,86,76,10,0
"2011","Sunderland 020B","E01008868",513,447,186,261,0,36,17,19,28,21,7,2
"2011","Sunderland 020C","E01008869",523,393,156,237,0,100,62,38,26,23,3,4
"2011","Sunderland 020D","E01008870",595,474,152,322,24,51,31,20,45,37,8,1
"2011","Sunderland 020E","E01008871",602,331,79,252,1,219,137,82,51,44,7,0
"2011","Sunderland 020F","E01008872",663,495,183,312,2,109,51,58,51,47,4,6
"2011","Sunderland 021A","E01008729",462,180,74,106,3,243,146,97,33,28,5,3
"2011","Sunderland 021B","E01008730",647,222,85,137,1,382,239,143,41,33,8,1
"2011","Sunderland 021C","E01008731",519,212,110,102,1,271,148,123,31,24,7,4
"2011","Sunderland 021D","E01008732",940,564,214,350,0,294,164,130,76,64,12,6
"2011","Sunderland 021E","E01008733",882,337,143,194,0,483,249,234,52,43,9,10
"2011","Sunderland 021F","E01008734",637,580,366,214,1,25,13,12,25,17,8,6
"2011","Sunderland 022A","E01008740",609,525,328,197,0,7,0,7,71,59,12,6
"2011","Sunderland 022B","E01008781",633,558,291,267,0,5,3,2,63,55,8,7
"2011","Sunderland 022C","E01008782",607,560,328,232,0,21,2,19,24,23,1,2
"2011","Sunderland 022D","E01008783",622,550,312,238,2,8,2,6,56,53,3,6
"2011","Sunderland 022E","E01008784",648,588,332,256,1,18,4,14,35,30,5,6
"2011","Sunderland 022F","E01008785",624,583,368,215,3,4,2,2,29,28,1,5
"2011","Sunderland 022G","E01008835",611,451,183,268,1,7,5,2,147,132,15,5
"2011","Sunderland 023A","E01008823",606,228,85,143,1,325,178,147,49,43,6,3
"2011","Sunderland 023B","E01008824",625,198,55,143,0,363,221,142,61,57,4,3
"2011","Sunderland 023C","E01008825",687,356,144,212,5,279,155,124,34,25,9,13
"2011","Sunderland 023D","E01008826",606,312,127,185,0,237,94,143,45,34,11,12
"2011","Sunderland 023E","E01008827",524,182,80,102,2,298,97,201,40,33,7,2
"2011","Sunderland 023F","E01008828",643,227,99,128,1,366,74,292,44,38,6,5
"2011","Sunderland 023G","E01008829",627,190,65,125,3,393,225,168,37,32,5,4
"2011","Sunderland 024A","E01008739",606,339,156,183,1,205,117,88,55,54,1,6
"2011","Sunderland 024B","E01008741",619,477,225,252,0,67,35,32,70,63,7,5
"2011","Sunderland 024C","E01008779",689,427,197,230,0,161,69,92,91,83,8,10
"2011","Sunderland 024D","E01008780",848,440,175,265,0,322,176,146,81,76,5,5
"2011","Sunderland 025A","E01008799",641,542,202,340,0,55,28,27,39,32,7,5
"2011","Sunderland 025B","E01008861",649,409,200,209,10,175,95,80,48,45,3,7
"2011","Sunderland 025C","E01008862",567,501,214,287,0,50,31,19,16,14,2,0
"2011","Sunderland 025D","E01008863",633,560,246,314,1,50,28,22,20,17,3,2
"2011","Sunderland 025E","E01008864",540,461,241,220,0,51,32,19,22,20,2,6
"2011","Sunderland 025F","E01008865",608,344,138,206,1,218,115,103,38,34,4,7
"2011","Sunderland 025G","E01008866",606,337,87,250,0,209,86,123,56,48,8,4
"2011","Sunderland 026A","E01008773",675,276,101,175,0,302,191,111,94,86,8,3
"2011","Sunderland 026B","E01008776",494,275,125,150,0,179,98,81,39,33,6,1
"2011","Sunderland 026C","E01008777",886,187,78,109,6,644,243,401,47,39,8,2
"2011","Sunderland 026D","E01008778",609,372,177,195,1,171,103,68,53,46,7,12
"2011","Sunderland 026E","E01008809",693,465,216,249,2,170,93,77,49,40,9,7
"2011","Sunderland 027A","E01008803",650,377,182,195,10,173,90,83,85,72,13,5
"2011","Sunderland 027B","E01008804",663,366,145,221,1,248,72,176,43,38,5,5
"2011","Sunderland 027C","E01008805",660,388,159,229,3,135,67,68,128,116,12,6
"2011","Sunderland 027F","E01033077",741,386,156,230,14,299,144,155,34,29,5,8
"2011","Sunderland 028A","E01008763",607,309,133,176,0,238,153,85,57,54,3,3
"2011","Sunderland 028B","E01008764",652,432,198,234,1,154,87,67,65,54,11,0
"2011","Sunderland 028C","E01008766",911,508,136,372,0,333,207,126,62,52,10,8
"2011","Sunderland 028D","E01008768",585,429,186,243,3,80,48,32,67,57,10,6
"2011","Sunderland 028E","E01008769",775,448,179,269,1,223,114,109,94,78,16,9
"2011","Sunderland 029A","E01008772",585,493,265,228,1,62,13,49,26,21,5,3
"2011","Sunderland 029B","E01008774",591,477,275,202,4,74,44,30,36,28,8,0
"2011","Sunderland 029C","E01008775",601,538,321,217,3,24,11,13,30,27,3,6
"2011","Sunderland 029D","E01008802",643,465,244,221,32,103,54,49,37,27,10,6
"2011","Sunderland 029E","E01008808",634,527,234,293,0,14,7,7,89,78,11,4
"2011","Sunderland 030A","E01008793",823,246,100,146,0,479,243,236,91,77,14,7
"2011","Sunderland 030B","E01008795",722,547,199,348,0,129,76,53,41,31,10,5
"2011","Sunderland 030C","E01008797",833,728,362,366,0,52,29,23,47,42,5,6
"2011","Sunderland 030D","E01008800",582,196,61,135,0,339,189,150,42,33,9,5
"2011","Sunderland 030E","E01008801",658,596,263,333,0,17,14,3,40,36,4,5
"2011","Sunderland 031A","E01008765",603,503,198,305,6,61,25,36,30,27,3,3
"2011","Sunderland 031B","E01008767",632,445,206,239,1,141,79,62,45,32,13,0
"2011","Sunderland 031C","E01008770",600,428,150,278,5,127,24,103,32,27,5,8
"2011","Sunderland 031D","E01008771",618,414,120,294,10,165,94,71,29,21,8,0
"2011","Sunderland 032A","E01008720",618,424,203,221,0,97,54,43,85,69,16,12
"2011","Sunderland 032B","E01008721",626,528,184,344,2,46,29,17,47,45,2,3
"2011","Sunderland 032D","E01008796",621,471,163,308,0,62,18,44,82,74,8,6
"2011","Sunderland 032F","E01032483",728,498,237,261,0,110,56,54,119,108,11,1
"2011","Sunderland 032G","E01032484",572,449,220,229,0,64,38,26,56,50,6,3
"2011","Sunderland 033A","E01008750",762,586,238,348,1,115,63,52,57,54,3,3
"2011","Sunderland 033B","E01008751",462,267,115,152,4,164,89,75,24,22,2,3
"2011","Sunderland 033C","E01008752",692,324,126,198,0,296,158,138,69,59,10,3
"2011","Sunderland 033D","E01008753",559,370,172,198,1,124,64,60,59,48,11,5
"2011","Sunderland 033E","E01008755",589,368,151,217,0,130,69,61,85,82,3,6
"2011","Sunderland 034A","E01008714",528,221,108,113,0,249,108,141,55,52,3,3
"2011","Sunderland 034B","E01008715",587,388,170,218,7,110,39,71,77,74,3,5
"2011","Sunderland 034C","E01008716",592,556,330,226,1,19,11,8,12,11,1,4
"2011","Sunderland 034D","E01008717",683,401,167,234,0,225,135,90,55,46,9,2
"2011","Sunderland 034E","E01008749",638,546,339,207,2,58,25,33,29,21,8,3
"2011","Sunderland 034F","E01008754",694,345,175,170,1,278,150,128,61,55,6,9
"2011","Sunderland 035A","E01008718",610,397,212,185,2,168,95,73,37,31,6,6
"2011","Sunderland 035B","E01008719",557,319,163,156,3,126,43,83,103,93,10,6
"2011","Sunderland 035C","E01008742",754,525,245,280,5,107,47,60,110,94,16,7
"2011","Sunderland 035D","E01008747",656,423,215,208,2,193,113,80,32,29,3,6
"2011","Sunderland 035E","E01008748",655,420,263,157,1,200,97,103,29,22,7,5
"2011","Sunderland 036A","E01008743",725,252,103,149,0,425,239,186,48,44,4,0
"2011","Sunderland 036B","E01008744",750,377,179,198,0,223,90,133,143,135,8,7
"2011","Sunderland 036C","E01008745",728,623,346,277,10,43,16,27,49,45,4,3
"2011","Sunderland 036D","E01008746",714,276,137,139,1,363,222,141,68,58,10,6
"2011","Blackburn with Darwen 001A","E01012607",640,496,293,203,1,97,47,50,36,31,5,10
"2011","Blackburn with Darwen 001B","E01012608",731,409,179,230,1,199,71,128,106,91,15,16
"2011","Blackburn with Darwen 001C","E01012633",729,531,262,269,0,95,29,66,90,76,14,13
"2011","Blackburn with Darwen 001D","E01012634",590,485,204,281,2,43,13,30,57,50,7,3
"2011","Blackburn with Darwen 001E","E01012635",589,524,269,255,0,13,2,11,49,46,3,3
"2011","Blackburn with Darwen 001F","E01012636",673,577,372,205,1,30,6,24,55,50,5,10
"2011","Blackburn with Darwen 002A","E01012581",495,461,259,202,0,1,1,0,29,21,8,4
"2011","Blackburn with Darwen 002B","E01012582",525,469,248,221,4,4,1,3,40,38,2,8
"2011","Blackburn with Darwen 002C","E01012583",643,598,339,259,1,7,0,7,30,28,2,7
"2011","Blackburn with Darwen 002D","E01012587",661,545,251,294,1,3,0,3,105,96,9,7
"2011","Blackburn with Darwen 002E","E01012588",617,479,235,244,1,9,0,9,116,105,11,12
"2011","Blackburn with Darwen 003A","E01012574",563,242,124,118,0,262,63,199,51,44,7,8
"2011","Blackburn with Darwen 003B","E01012577",516,317,179,138,4,63,5,58,125,101,24,7
"2011","Blackburn with Darwen 003C","E01012578",528,312,196,116,3,106,3,103,97,85,12,10
"2011","Blackburn with Darwen 003D","E01012605",578,356,246,110,7,77,17,60,128,113,15,10
"2011","Blackburn with Darwen 003E","E01012606",483,312,200,112,1,72,10,62,93,88,5,5
"2011","Blackburn with Darwen 004A","E01012579",542,279,162,117,0,184,68,116,63,56,7,16
"2011","Blackburn with Darwen 004B","E01012580",537,376,290,86,2,61,5,56,83,74,9,15
"2011","Blackburn with Darwen 004C","E01012642",482,295,193,102,2,78,11,67,97,85,12,10
"2011","Blackburn with Darwen 004D","E01012645",582,501,293,208,0,8,1,7,59,48,11,14
"2011","Blackburn with Darwen 005A","E01012585",466,374,215,159,2,22,7,15,59,52,7,9
"2011","Blackburn with Darwen 005B","E01012586",490,296,166,130,0,62,4,58,119,111,8,13
"2011","Blackburn with Darwen 005C","E01012656",627,241,136,105,3,192,60,132,177,168,9,14
"2011","Blackburn with Darwen 005D","E01012657",718,336,204,132,11,168,39,129,188,179,9,15
"2011","Blackburn with Darwen 005E","E01012658",756,528,240,288,19,47,14,33,155,144,11,7
"2011","Blackburn with Darwen 006A","E01012629",479,255,77,178,13,42,7,35,167,156,11,2
"2011","Blackburn with Darwen 006B","E01012631",579,119,56,63,2,379,35,344,72,66,6,7
"2011","Blackburn with Darwen 006C","E01012643",627,243,176,67,0,297,69,228,58,48,10,29
"2011","Blackburn with Darwen 006D","E01012644",661,487,382,105,4,22,6,16,133,117,16,15
"2011","Blackburn with Darwen 006E","E01012655",879,79,38,41,1,592,168,424,167,149,18,40
"2011","Blackburn with Darwen 007A","E01012571",457,224,165,59,24,129,44,85,64,61,3,16
"2011","Blackburn with Darwen 007B","E01012572",522,187,122,65,2,274,68,206,43,35,8,16
"2011","Blackburn with Darwen 007C","E01012573",484,336,276,60,1,58,9,49,76,71,5,13
"2011","Blackburn with Darwen 007D","E01012575",546,180,125,55,4,281,51,230,69,62,7,12
"2011","Blackburn with Darwen 007E","E01012630",601,397,300,97,2,74,20,54,119,110,9,9
"2011","Blackburn with Darwen 008A","E01012576",569,240,130,110,0,232,79,153,83,75,8,14
"2011","Blackburn with Darwen 008B","E01012637",637,164,64,100,1,412,190,222,47,42,5,13
"2011","Blackburn with Darwen 008C","E01012638",703,257,83,174,0,374,165,209,51,47,4,21
"2011","Blackburn with Darwen 008D","E01012639",722,207,102,105,2,407,181,226,89,80,9,17
"2011","Blackburn with Darwen 008E","E01012640",722,455,207,248,0,108,55,53,151,137,14,8
"2011","Blackburn with Darwen 008F","E01012641",550,257,128,129,0,202,87,115,83,78,5,8
"2011","Blackburn with Darwen 009A","E01012595",860,410,165,245,1,192,33,159,241,224,17,16
"2011","Blackburn with Darwen 009B","E01012596",794,433,181,252,29,80,9,71,245,212,33,7
"2011","Blackburn with Darwen 009C","E01012622",780,218,113,105,4,341,114,227,194,183,11,23
"2011","Blackburn with Darwen 009D","E01012623",636,460,166,294,2,67,27,40,102,97,5,5
"2011","Blackburn with Darwen 009E","E01012624",715,373,143,230,13,147,30,117,176,164,12,6
"2011","Blackburn with Darwen 009F","E01012625",774,450,175,275,3,106,8,98,202,175,27,13
"2011","Blackburn with Darwen 010A","E01012584",521,441,218,223,3,17,1,16,53,49,4,7
"2011","Blackburn with Darwen 010B","E01012609",654,627,352,275,1,4,3,1,18,16,2,4
"2011","Blackburn with Darwen 010C","E01012610",506,404,163,241,0,68,13,55,28,24,4,6
"2011","Blackburn with Darwen 010D","E01012611",482,411,226,185,1,7,3,4,55,48,7,8
"2011","Blackburn with Darwen 010E","E01012612",625,582,363,219,1,2,0,2,37,35,2,3
"2011","Blackburn with Darwen 010F","E01012613",558,496,255,241,1,5,1,4,54,49,5,2
"2011","Blackburn with Darwen 011A","E01012600",635,261,118,143,0,316,114,202,44,26,18,14
"2011","Blackburn with Darwen 011B","E01012601",593,185,85,100,0,360,179,181,44,42,2,4
"2011","Blackburn with Darwen 011C","E01012602",651,569,142,427,0,9,2,7,68,61,7,5
"2011","Blackburn with Darwen 011D","E01012603",649,245,70,175,5,298,93,205,89,78,11,12
"2011","Blackburn with Darwen 011E","E01012604",599,386,120,266,9,74,35,39,122,115,7,8
"2011","Blackburn with Darwen 011F","E01012632",808,466,240,226,7,151,45,106,176,162,14,8
"2011","Blackburn with Darwen 012A","E01012594",626,278,125,153,3,266,123,143,70,63,7,9
"2011","Blackburn with Darwen 012B","E01012618",647,545,270,275,0,25,9,16,64,54,10,13
"2011","Blackburn with Darwen 012C","E01012619",554,230,115,115,1,266,112,154,45,38,7,12
"2011","Blackburn with Darwen 012D","E01012620",639,545,333,212,2,44,19,25,39,27,12,9
"2011","Blackburn with Darwen 012E","E01012621",625,389,141,248,2,138,64,74,81,73,8,15
"2011","Blackburn with Darwen 013A","E01012593",742,591,236,355,0,6,1,5,144,129,15,1
"2011","Blackburn with Darwen 013B","E01012597",679,603,201,402,0,2,1,1,68,57,11,6
"2011","Blackburn with Darwen 013C","E01012598",1050,947,197,750,4,4,2,2,89,79,10,6
"2011","Blackburn with Darwen 013D","E01012599",498,425,179,246,0,5,0,5,65,54,11,3
"2011","Blackburn with Darwen 014A","E01012589",653,368,175,193,1,73,20,53,204,196,8,7
"2011","Blackburn with Darwen 014B","E01012590",630,378,171,207,9,112,37,75,117,105,12,14
"2011","Blackburn with Darwen 014C","E01012591",666,363,150,213,0,224,83,141,74,60,14,5
"2011","Blackburn with Darwen 014D","E01012648",531,349,151,198,8,16,7,9,151,144,7,7
"2011","Blackburn with Darwen 014E","E01012652",652,558,315,243,0,24,5,19,61,42,19,9
"2011","Blackburn with Darwen 015A","E01012617",602,437,190,247,3,20,1,19,135,127,8,7
"2011","Blackburn with Darwen 015B","E01012646",744,336,156,180,3,191,56,135,201,186,15,13
"2011","Blackburn with Darwen 015C","E01012647",646,326,187,139,5,238,112,126,73,68,5,4
"2011","Blackburn with Darwen 015D","E01012650",596,362,176,186,1,37,10,27,190,183,7,6
"2011","Blackburn with Darwen 016A","E01012649",633,282,122,160,9,167,45,122,165,152,13,10
"2011","Blackburn with Darwen 016B","E01012651",686,533,233,300,2,10,2,8,138,124,14,3
"2011","Blackburn with Darwen 016C","E01012653",580,387,157,230,1,34,7,27,152,139,13,6
"2011","Blackburn with Darwen 016D","E01012654",762,395,169,226,6,68,13,55,276,257,19,17
"2011","Blackburn with Darwen 017A","E01012614",673,571,217,354,1,34,11,23,62,53,9,5
"2011","Blackburn with Darwen 017B","E01012615",748,435,215,220,0,190,32,158,107,95,12,16
"2011","Blackburn with Darwen 017C","E01012616",761,568,205,363,1,101,20,81,82,72,10,9
"2011","Blackburn with Darwen 017D","E01012659",593,485,211,274,1,13,2,11,85,82,3,9
"2011","Blackburn with Darwen 017E","E01012660",463,414,203,211,2,9,3,6,35,30,5,3
"2011","Blackburn with Darwen 017F","E01012661",687,494,195,299,23,10,3,7,154,147,7,6
"2011","Blackburn with Darwen 018A","E01012592",826,747,387,360,0,4,1,3,67,53,14,8
"2011","Blackburn with Darwen 018D","E01012628",497,441,223,218,0,5,2,3,50,43,7,1
"2011","Blackburn with Darwen 018E","E01032485",719,625,287,338,0,5,4,1,83,74,9,6
"2011","Blackburn with Darwen 018F","E01032486",606,543,266,277,0,20,0,20,39,33,6,4
"2011","Blackpool 001A","E01012663",751,560,309,251,1,4,1,3,182,170,12,4
"2011","Blackpool 001B","E01012664",714,586,278,308,2,3,2,1,114,104,10,9
"2011","Blackpool 001C","E01012665",863,726,447,279,4,6,5,1,119,98,21,8
"2011","Blackpool 001D","E01012716",642,536,273,263,1,3,2,1,95,84,11,7
"2011","Blackpool 001E","E01012719",625,542,302,240,1,6,1,5,70,59,11,6
"2011","Blackpool 002A","E01012662",832,550,345,205,15,157,142,15,94,83,11,16
"2011","Blackpool 002B","E01012703",706,557,319,238,2,58,48,10,81,77,4,8
"2011","Blackpool 002C","E01012704",1078,348,128,220,9,585,445,140,109,102,7,27
"2011","Blackpool 002D","E01012706",709,598,261,337,2,10,10,0,95,83,12,4
"2011","Blackpool 002E","E01012717",715,628,357,271,1,13,7,6,70,59,11,3
"2011","Blackpool 003A","E01012666",667,396,200,196,0,27,13,14,233,218,15,11
"2011","Blackpool 003B","E01012667",642,571,308,263,0,2,0,2,66,59,7,3
"2011","Blackpool 003C","E01012668",728,585,313,272,1,5,1,4,133,119,14,4
"2011","Blackpool 003D","E01012669",875,588,326,262,2,7,2,5,269,245,24,9
"2011","Blackpool 003E","E01012718",771,675,437,238,2,18,0,18,69,57,12,7
"2011","Blackpool 004A","E01012690",740,606,234,372,0,8,4,4,120,106,14,6
"2011","Blackpool 004B","E01012691",790,577,255,322,3,74,62,12,128,118,10,8
"2011","Blackpool 004C","E01012692",827,444,166,278,20,248,193,55,106,99,7,9
"2011","Blackpool 004D","E01012705",727,458,213,245,8,147,75,72,107,97,10,7
"2011","Blackpool 004E","E01012723",654,515,232,283,1,37,18,19,96,86,10,5
"2011","Blackpool 005A","E01012693",725,592,320,272,4,6,2,4,120,110,10,3
"2011","Blackpool 005B","E01012711",602,413,179,234,0,47,42,5,133,122,11,9
"2011","Blackpool 005C","E01012747",611,562,296,266,1,1,1,0,42,38,4,5
"2011","Blackpool 005D","E01012750",735,580,272,308,1,3,1,2,147,135,12,4
"2011","Blackpool 006A","E01012681",762,136,80,56,4,97,2,95,514,502,12,11
"2011","Blackpool 006B","E01012683",715,220,104,116,2,77,5,72,407,394,13,9
"2011","Blackpool 006C","E01012748",715,313,159,154,2,12,1,11,383,371,12,5
"2011","Blackpool 006D","E01012749",715,356,164,192,4,6,2,4,339,324,15,10
"2011","Blackpool 007A","E01012707",640,334,151,183,3,159,120,39,139,124,15,5
"2011","Blackpool 007B","E01012720",649,238,117,121,3,332,283,49,63,55,8,13
"2011","Blackpool 007C","E01012721",835,126,59,67,5,648,508,140,33,30,3,23
"2011","Blackpool 007D","E01012724",621,209,82,127,7,332,287,45,50,43,7,23
"2011","Blackpool 008A","E01012678",738,150,68,82,0,458,425,33,123,110,13,7
"2011","Blackpool 008B","E01012679",637,200,78,122,6,150,33,117,267,257,10,14
"2011","Blackpool 008C","E01012680",684,327,122,205,9,100,65,35,239,230,9,9
"2011","Blackpool 008D","E01012682",745,276,129,147,1,144,98,46,305,298,7,19
"2011","Blackpool 008E","E01012684",689,298,115,183,15,169,86,83,204,200,4,3
"2011","Blackpool 009A","E01012676",611,422,189,233,2,56,30,26,128,113,15,3
"2011","Blackpool 009B","E01012677",614,450,200,250,1,16,11,5,141,130,11,6
"2011","Blackpool 009C","E01012708",607,449,193,256,2,2,0,2,152,137,15,2
"2011","Blackpool 009D","E01012709",744,448,189,259,6,4,1,3,280,256,24,6
"2011","Blackpool 009E","E01012710",480,397,204,193,1,2,0,2,78,68,10,2
"2011","Blackpool 009F","E01012722",514,375,148,227,0,5,2,3,124,107,17,10
"2011","Blackpool 010A","E01012673",712,145,59,86,1,246,132,114,309,298,11,11
"2011","Blackpool 010B","E01012675",697,268,126,142,1,63,35,28,361,341,20,4
"2011","Blackpool 010C","E01012735",700,278,154,124,1,9,0,9,407,398,9,5
"2011","Blackpool 010D","E01012736",468,141,84,57,1,15,7,8,308,306,2,3
"2011","Blackpool 010E","E01012737",805,209,125,84,4,30,8,22,554,531,23,8
"2011","Blackpool 011A","E01012670",574,225,96,129,0,46,12,34,298,290,8,5
"2011","Blackpool 011B","E01012733",471,245,108,137,2,25,3,22,193,180,13,6
"2011","Blackpool 011C","E01012734",631,416,163,253,4,12,3,9,195,183,12,4
"2011","Blackpool 011D","E01012738",563,275,127,148,1,46,29,17,230,209,21,11
"2011","Blackpool 011E","E01012739",578,322,149,173,2,102,94,8,150,134,16,2
"2011","Blackpool 011F","E01012742",541,364,161,203,4,26,21,5,143,136,7,4
"2011","Blackpool 012A","E01012712",695,588,261,327,0,2,0,2,101,82,19,4
"2011","Blackpool 012B","E01012713",826,638,247,391,0,7,5,2,172,150,22,9
"2011","Blackpool 012C","E01012715",698,534,257,277,3,8,7,1,147,128,19,6
"2011","Blackpool 012D","E01012740",685,483,235,248,1,16,14,2,179,165,14,6
"2011","Blackpool 012E","E01012741",608,482,244,238,1,3,1,2,114,93,21,8
"2011","Blackpool 013A","E01012671",586,177,97,80,0,35,24,11,366,357,9,8
"2011","Blackpool 013B","E01012672",540,144,70,74,2,53,36,17,339,330,9,2
"2011","Blackpool 013C","E01012674",720,286,131,155,3,34,2,32,391,383,8,6
"2011","Blackpool 013D","E01012751",735,151,83,68,1,5,3,2,566,546,20,12
"2011","Blackpool 014A","E01012686",636,260,95,165,2,311,251,60,56,47,9,7
"2011","Blackpool 014B","E01012687",632,254,95,159,0,313,287,26,57,51,6,8
"2011","Blackpool 014C","E01012688",658,433,260,173,3,105,66,39,104,93,11,13
"2011","Blackpool 014D","E01012689",630,451,223,228,2,56,46,10,115,106,9,6
"2011","Blackpool 014E","E01012714",796,615,320,295,2,44,40,4,123,102,21,12
"2011","Blackpool 015A","E01012695",616,377,149,228,2,43,19,24,191,169,22,3
"2011","Blackpool 015B","E01012743",742,451,219,232,0,15,2,13,270,251,19,6
"2011","Blackpool 015C","E01012744",746,379,164,215,4,145,51,94,211,187,24,7
"2011","Blackpool 015D","E01012745",755,536,267,269,5,14,5,9,192,165,27,8
"2011","Blackpool 015E","E01012746",796,521,238,283,2,27,22,5,234,209,25,12
"2011","Blackpool 016A","E01012685",638,463,147,316,0,6,6,0,163,144,19,6
"2011","Blackpool 016B","E01012694",645,422,192,230,2,56,8,48,153,138,15,12
"2011","Blackpool 016C","E01012696",667,449,194,255,4,16,6,10,195,182,13,3
"2011","Blackpool 016D","E01012697",680,488,293,195,2,82,77,5,100,90,10,8
"2011","Blackpool 016E","E01012698",637,318,133,185,0,180,162,18,130,118,12,9
"2011","Blackpool 017A","E01012726",757,558,302,256,0,47,3,44,145,129,16,7
"2011","Blackpool 017B","E01012728",736,421,205,216,1,15,0,15,290,270,20,9
"2011","Blackpool 017C","E01012752",583,322,145,177,0,2,0,2,257,242,15,2
"2011","Blackpool 017D","E01012753",469,358,173,185,1,1,0,1,101,95,6,8
"2011","Blackpool 017E","E01012754",522,278,114,164,1,7,2,5,231,224,7,5
"2011","Blackpool 017F","E01012755",608,468,243,225,0,4,0,4,132,126,6,4
"2011","Blackpool 018A","E01012701",619,496,249,247,4,6,4,2,107,91,16,6
"2011","Blackpool 018B","E01012729",749,660,406,254,1,3,0,3,81,69,12,4
"2011","Blackpool 018C","E01012730",685,584,265,319,0,2,2,0,92,79,13,7
"2011","Blackpool 018D","E01012731",728,575,276,299,3,11,8,3,132,119,13,7
"2011","Blackpool 018E","E01012732",829,510,264,246,2,187,82,105,123,107,16,7
"2011","Blackpool 019A","E01012699",759,610,302,308,2,26,25,1,113,104,9,8
"2011","Blackpool 019B","E01012700",758,630,317,313,2,10,8,2,115,97,18,1
"2011","Blackpool 019C","E01012702",766,407,227,180,3,229,165,64,109,94,15,18
"2011","Blackpool 019D","E01012725",595,500,253,247,2,1,0,1,88,77,11,4
"2011","Blackpool 019E","E01012727",653,568,290,278,1,8,4,4,70,57,13,6
"2011","Cheshire East 022A","E01018393",839,680,398,282,0,55,8,47,81,70,11,23
"2011","Cheshire East 022B","E01018411",934,872,496,376,5,17,4,13,33,30,3,7
"2011","Cheshire East 022C","E01018412",660,504,332,172,0,93,12,81,45,44,1,18
"2011","Cheshire East 023A","E01018413",503,452,214,238,1,10,1,9,38,33,5,2
"2011","Cheshire East 023B","E01018414",624,532,325,207,0,20,3,17,64,60,4,8
"2011","Cheshire East 023C","E01018415",774,574,345,229,4,103,21,82,72,65,7,21
"2011","Cheshire East 023D","E01018416",518,469,234,235,0,13,4,9,31,29,2,5
"2011","Cheshire East 024A","E01018424",731,586,242,344,1,48,8,40,89,79,10,7
"2011","Cheshire East 024B","E01018425",748,537,291,246,17,78,5,73,109,105,4,7
"2011","Cheshire East 024C","E01018426",727,509,273,236,0,152,39,113,61,55,6,5
"2011","Cheshire East 024D","E01018427",504,466,220,246,1,9,1,8,28,27,1,0
"2011","Cheshire East 025A","E01018419",535,472,157,315,0,12,3,9,49,46,3,2
"2011","Cheshire East 025B","E01018420",716,583,150,433,8,37,11,26,85,80,5,3
"2011","Cheshire East 025C","E01018421",539,463,144,319,2,18,8,10,54,52,2,2
"2011","Cheshire East 025D","E01018422",542,407,190,217,2,68,21,47,60,54,6,5
"2011","Cheshire East 025E","E01018423",629,367,152,215,3,200,72,128,47,43,4,12
"2011","Cheshire East 026A","E01018395",701,588,317,271,3,33,9,24,72,66,6,5
"2011","Cheshire East 026B","E01018396",609,389,199,190,2,178,36,142,28,26,2,12
"2011","Cheshire East 026C","E01018400",977,411,163,248,2,452,82,370,99,88,11,13
"2011","Cheshire East 026D","E01018401",610,374,156,218,1,196,44,152,34,32,2,5
"2011","Cheshire East 027A","E01018398",735,402,193,209,7,182,37,145,132,115,17,12
"2011","Cheshire East 027B","E01018399",690,464,223,241,1,94,7,87,124,117,7,7
"2011","Cheshire East 027C","E01018402",942,501,229,272,11,162,20,142,257,228,29,11
"2011","Cheshire East 027D","E01018403",825,739,427,312,0,25,7,18,50,44,6,11
"2011","Cheshire East 028A","E01018397",726,621,261,360,2,19,4,15,78,70,8,6
"2011","Cheshire East 028B","E01018408",756,680,371,309,1,31,3,28,37,32,5,7
"2011","Cheshire East 028C","E01018409",870,677,389,288,2,116,16,100,66,63,3,9
"2011","Cheshire East 028D","E01018410",653,613,383,230,3,8,2,6,25,23,2,4
"2011","Cheshire East 029A","E01018404",611,569,333,236,1,3,0,3,33,31,2,5
"2011","Cheshire East 029B","E01018405",600,522,212,310,3,3,0,3,68,58,10,4
"2011","Cheshire East 029C","E01018406",613,528,302,226,3,5,0,5,69,65,4,8
"2011","Cheshire East 029D","E01018407",643,588,319,269,6,2,0,2,37,33,4,10
"2011","Cheshire East 030A","E01018436",611,557,322,235,4,10,1,9,39,37,2,1
"2011","Cheshire East 030B","E01018437",753,447,176,271,11,151,26,125,138,128,10,6
"2011","Cheshire East 030C","E01018438",619,589,371,218,0,2,0,2,23,20,3,5
"2011","Cheshire East 030D","E01018439",557,511,331,180,1,5,2,3,35,33,2,5
"2011","Cheshire East 031A","E01018440",724,543,196,347,1,44,2,42,135,126,9,1
"2011","Cheshire East 031B","E01018441",654,539,129,410,1,21,2,19,92,82,10,1
"2011","Cheshire East 031C","E01018442",753,640,281,359,2,29,8,21,76,70,6,6
"2011","Cheshire East 031D","E01018443",639,558,290,268,0,5,1,4,71,64,7,5
"2011","Cheshire East 032A","E01018432",648,457,249,208,13,118,26,92,55,50,5,5
"2011","Cheshire East 032B","E01018433",586,488,317,171,3,42,7,35,40,33,7,13
"2011","Cheshire East 032C","E01018434",623,509,265,244,2,40,8,32,65,57,8,7
"2011","Cheshire East 032D","E01018435",673,310,151,159,2,266,58,208,87,75,12,8
"2011","Cheshire East 033A","E01018394",815,701,369,332,4,32,3,29,72,64,8,6
"2011","Cheshire East 033B","E01018417",734,629,397,232,2,63,5,58,34,29,5,6
"2011","Cheshire East 033C","E01018418",661,532,285,247,1,51,6,45,67,56,11,10
"2011","Cheshire East 033D","E01018428",625,491,272,219,1,70,13,57,53,42,11,10
"2011","Cheshire East 033E","E01018429",660,504,304,200,2,101,18,83,47,43,4,6
"2011","Cheshire East 033F","E01018430",577,494,238,256,4,35,5,30,42,36,6,2
"2011","Cheshire East 033G","E01018431",512,411,177,234,0,3,3,0,86,82,4,12
"2011","Cheshire East 040A","E01018387",736,704,459,245,2,4,1,3,22,19,3,4
"2011","Cheshire East 040B","E01018388",745,340,153,187,2,296,68,228,92,87,5,15
"2011","Cheshire East 040C","E01018389",729,605,322,283,3,41,0,41,77,69,8,3
"2011","Cheshire East 040D","E01018390",757,669,406,263,4,22,3,19,51,45,6,11
"2011","Cheshire East 042A","E01018386",629,478,293,185,0,64,7,57,75,68,7,12
"2011","Cheshire East 042B","E01018391",812,548,233,315,4,144,32,112,110,99,11,6
"2011","Cheshire East 042C","E01018392",775,698,368,330,1,13,4,9,57,53,4,6
"2011","Cheshire East 034A","E01018472",659,546,224,322,2,24,13,11,82,70,12,5
"2011","Cheshire East 034B","E01018473",657,567,139,428,3,18,2,16,64,64,0,5
"2011","Cheshire East 034C","E01018474",670,605,133,472,0,14,3,11,51,44,7,0
"2011","Cheshire East 034D","E01018475",632,589,120,469,2,5,2,3,35,32,3,1
"2011","Cheshire East 035A","E01018463",627,381,138,243,2,107,35,72,130,120,10,7
"2011","Cheshire East 035B","E01018476",513,208,90,118,1,249,121,128,50,48,2,5
"2011","Cheshire East 035C","E01018477",627,380,157,223,0,198,92,106,44,40,4,5
"2011","Cheshire East 035D","E01018478",527,305,138,167,0,151,76,75,66,61,5,5
"2011","Cheshire East 035E","E01018479",704,555,240,315,0,60,26,34,77,65,12,12
"2011","Cheshire East 036A","E01018459",510,232,111,121,2,224,94,130,44,39,5,8
"2011","Cheshire East 036B","E01018460",622,493,293,200,0,33,15,18,89,81,8,7
"2011","Cheshire East 036C","E01018461",628,404,233,171,8,150,18,132,63,57,6,3
"2011","Cheshire East 036D","E01018466",1126,406,173,233,2,438,159,279,258,239,19,22
"2011","Cheshire East 036E","E01018467",996,416,157,259,6,126,40,86,440,432,8,8
"2011","Cheshire East 037A","E01018482",639,388,212,176,2,198,82,116,47,44,3,4
"2011","Cheshire East 037B","E01018483",631,515,290,225,2,46,20,26,66,63,3,2
"2011","Cheshire East 037C","E01018484",901,328,68,260,21,406,154,252,136,130,6,10
"2011","Cheshire East 037D","E01018485",633,286,116,170,2,249,95,154,90,83,7,6
"2011","Cheshire East 038A","E01018499",711,560,256,304,2,65,7,58,78,76,2,6
"2011","Cheshire East 038B","E01018500",529,496,281,215,1,1,1,0,29,27,2,2
"2011","Cheshire East 038C","E01018501",766,560,306,254,0,90,22,68,99,87,12,17
"2011","Cheshire East 038D","E01018502",543,487,339,148,2,4,1,3,45,38,7,5
"2011","Cheshire East 039A","E01018462",715,238,100,138,3,172,46,126,294,286,8,8
"2011","Cheshire East 039B","E01018464",650,436,197,239,0,29,7,22,178,165,13,7
"2011","Cheshire East 039C","E01018496",681,490,204,286,2,75,25,50,104,102,2,10
"2011","Cheshire East 039D","E01018497",526,314,138,176,1,25,1,24,180,168,12,6
"2011","Cheshire East 039E","E01018498",641,302,77,225,6,212,63,149,117,110,7,4
"2011","Cheshire East 041A","E01018465",1172,899,435,464,5,50,12,38,203,182,21,15
"2011","Cheshire East 041B","E01018468",640,579,278,301,1,4,0,4,50,44,6,6
"2011","Cheshire East 041C","E01018469",646,496,264,232,3,81,12,69,55,49,6,11
"2011","Cheshire East 041D","E01018470",576,526,258,268,3,9,1,8,31,25,6,7
"2011","Cheshire East 041E","E01018471",626,570,287,283,1,2,0,2,44,40,4,9
"2011","Cheshire East 043A","E01018486",702,225,117,108,2,180,35,145,289,277,12,6
"2011","Cheshire East 043B","E01018487",653,358,158,200,2,22,2,20,267,257,10,4
"2011","Cheshire East 043C","E01018488",599,508,234,274,2,5,1,4,80,77,3,4
"2011","Cheshire East 043D","E01018489",534,314,135,179,3,18,8,10,194,187,7,5
"2011","Cheshire East 044A","E01018510",623,542,208,334,2,41,11,30,28,21,7,10
"2011","Cheshire East 044B","E01018511",644,402,160,242,2,192,81,111,47,38,9,1
"2011","Cheshire East 044C","E01018512",713,494,236,258,1,140,58,82,67,60,7,11
"2011","Cheshire East 044D","E01018513",660,598,312,286,0,11,4,7,48,42,6,3
"2011","Cheshire East 045A","E01018445",828,355,116,239,1,296,110,186,166,164,2,10
"2011","Cheshire East 045B","E01018446",502,329,111,218,1,134,65,69,36,32,4,2
"2011","Cheshire East 045C","E01018447",727,383,160,223,1,46,14,32,284,270,14,13
"2011","Cheshire East 045D","E01018448",729,554,270,284,2,16,4,12,153,145,8,4
"2011","Cheshire East 046A","E01018490",637,606,384,222,0,8,4,4,18,16,2,5
"2011","Cheshire East 046B","E01018491",625,558,288,270,1,4,1,3,61,53,8,1
"2011","Cheshire East 046C","E01018492",513,485,323,162,0,3,2,1,21,20,1,4
"2011","Cheshire East 046D","E01018505",436,403,212,191,0,1,0,1,28,19,9,4
"2011","Cheshire East 046E","E01018506",533,517,230,287,1,1,0,1,13,11,2,1
"2011","Cheshire East 046F","E01018507",559,538,309,229,2,1,0,1,16,15,1,2
"2011","Cheshire East 047A","E01018451",758,402,240,162,1,258,26,232,86,76,10,11
"2011","Cheshire East 047B","E01018454",708,353,150,203,8,199,63,136,137,126,11,11
"2011","Cheshire East 047C","E01018455",607,515,328,187,2,55,17,38,30,24,6,5
"2011","Cheshire East 047D","E01018456",587,552,378,174,1,5,0,5,27,22,5,2
"2011","Cheshire East 047E","E01018457",759,510,276,234,20,33,4,29,190,175,15,6
"2011","Cheshire East 049A","E01018444",866,668,342,326,2,63,22,41,124,105,19,9
"2011","Cheshire East 049B","E01018480",821,620,335,285,7,37,9,28,136,102,34,21
"2011","Cheshire East 049C","E01018515",897,748,333,415,1,33,4,29,105,90,15,10
"2011","Cheshire East 049D","E01018516",608,538,300,238,2,25,3,22,36,35,1,7
"2011","Cheshire East 049F","E01033375",444,373,70,303,1,2,0,2,65,60,5,3
"2011","Cheshire East 049G","E01033376",447,342,63,279,0,3,2,1,98,95,3,4
"2011","Cheshire East 049H","E01033378",529,470,219,251,1,14,7,7,41,32,9,3
"2011","Cheshire East 048A","E01018493",622,532,346,186,1,37,10,27,45,40,5,7
"2011","Cheshire East 048B","E01018494",597,522,295,227,1,3,1,2,67,60,7,4
"2011","Cheshire East 048C","E01018495",538,484,260,224,1,4,0,4,44,33,11,5
"2011","Cheshire East 048D","E01018508",493,458,256,202,0,4,0,4,27,22,5,4
"2011","Cheshire East 048E","E01018509",514,401,197,204,1,43,4,39,65,61,4,4
"2011","Cheshire East 050A","E01018452",511,368,221,147,2,110,35,75,29,26,3,2
"2011","Cheshire East 050C","E01018503",689,640,413,227,0,7,4,3,37,33,4,5
"2011","Cheshire East 050D","E01018504",855,546,325,221,4,118,31,87,172,157,15,15
"2011","Cheshire East 050E","E01033372",605,390,141,249,18,23,1,22,168,161,7,6
"2011","Cheshire East 050F","E01033373",631,298,133,165,23,174,37,137,127,111,16,9
"2011","Cheshire East 051A","E01018449",746,627,402,225,2,51,8,43,44,37,7,22
"2011","Cheshire East 051B","E01018450",912,710,400,310,6,34,6,28,143,123,20,19
"2011","Cheshire East 051C","E01018458",869,683,351,332,0,85,15,70,81,68,13,20
"2011","Cheshire East 051D","E01018481",803,559,306,253,5,61,20,41,160,142,18,18
"2011","Cheshire East 051E","E01018514",810,627,358,269,4,73,20,53,94,83,11,12
"2011","Cheshire East 001A","E01018585",617,487,249,238,3,77,14,63,43,40,3,7
"2011","Cheshire East 001B","E01018586",686,555,275,280,6,27,6,21,87,76,11,11
"2011","Cheshire East 001C","E01018587",653,565,322,243,17,10,3,7,56,54,2,5
"2011","Cheshire East 001D","E01018661",516,467,270,197,2,4,1,3,38,35,3,5
"2011","Cheshire East 002A","E01018657",487,297,122,175,1,160,35,125,22,18,4,7
"2011","Cheshire East 002B","E01018662",477,440,205,235,3,13,2,11,19,16,3,2
"2011","Cheshire East 002C","E01018663",660,592,373,219,0,11,2,9,50,46,4,7
"2011","Cheshire East 002D","E01018664",589,553,315,238,0,9,1,8,26,20,6,1
"2011","Cheshire East 002E","E01018665",484,369,169,200,0,89,4,85,24,19,5,2
"2011","Cheshire East 003A","E01018655",748,616,393,223,2,23,2,21,94,84,10,13
"2011","Cheshire East 003B","E01018656",647,588,367,221,1,4,1,3,48,41,7,6
"2011","Cheshire East 003C","E01018658",489,458,224,234,0,6,3,3,25,22,3,0
"2011","Cheshire East 003D","E01018659",521,506,329,177,0,2,1,1,9,8,1,4
"2011","Cheshire East 003E","E01018660",406,360,189,171,0,24,5,19,20,17,3,2
"2011","Cheshire East 004A","E01018582",806,601,254,347,3,45,3,42,152,146,6,5
"2011","Cheshire East 004B","E01018592",731,570,290,280,0,86,6,80,68,59,9,7
"2011","Cheshire East 004C","E01018593",767,612,332,280,4,60,5,55,83,75,8,8
"2011","Cheshire East 004D","E01018594",829,344,146,198,45,367,17,350,66,56,10,7
"2011","Cheshire East 004E","E01018595",729,465,225,240,8,150,8,142,101,90,11,5
"2011","Cheshire East 004F","E01018596",916,296,81,215,13,474,20,454,123,115,8,10
"2011","Cheshire East 005A","E01018583",793,633,253,380,4,22,5,17,129,120,9,5
"2011","Cheshire East 005B","E01018584",716,633,283,350,1,9,1,8,71,69,2,2
"2011","Cheshire East 005C","E01018612",520,368,165,203,5,93,26,67,47,45,2,7
"2011","Cheshire East 005D","E01018613",706,414,176,238,15,179,32,147,90,83,7,8
"2011","Cheshire East 006A","E01018600",639,577,343,234,1,2,0,2,51,48,3,8
"2011","Cheshire East 006B","E01018601",836,595,320,275,2,75,13,62,152,142,10,12
"2011","Cheshire East 006C","E01018602",833,575,322,253,1,51,2,49,192,181,11,14
"2011","Cheshire East 006D","E01018652",603,529,262,267,1,8,0,8,61,60,1,4
"2011","Cheshire East 007A","E01018598",649,508,259,249,8,21,4,17,99,88,11,13
"2011","Cheshire East 007B","E01018599",488,407,242,165,4,24,2,22,45,43,2,8
"2011","Cheshire East 007C","E01018648",929,540,323,217,6,85,24,61,267,243,24,31
"2011","Cheshire East 007D","E01018649",586,532,360,172,3,8,7,1,38,33,5,5
"2011","Cheshire East 007E","E01018650",738,583,255,328,4,42,9,33,99,94,5,10
"2011","Cheshire East 007F","E01018651",501,361,198,163,0,44,4,40,82,69,13,14
"2011","Cheshire East 007G","E01018654",910,702,413,289,2,49,12,37,127,115,12,30
"2011","Cheshire East 008A","E01018588",633,553,250,303,0,3,2,1,71,66,5,6
"2011","Cheshire East 008B","E01018589",622,587,306,281,3,3,0,3,24,24,0,5
"2011","Cheshire East 008C","E01018590",746,650,340,310,1,35,4,31,54,48,6,6
"2011","Cheshire East 008D","E01018653",888,801,465,336,4,4,0,4,65,59,6,14
"2011","Cheshire East 009A","E01018605",494,431,268,163,1,11,4,7,45,42,3,6
"2011","Cheshire East 009B","E01018609",754,591,357,234,2,96,18,78,59,49,10,6
"2011","Cheshire East 009C","E01018610",899,574,243,331,5,194,41,153,116,105,11,10
"2011","Cheshire East 009D","E01018611",749,297,94,203,6,347,38,309,85,73,12,14
"2011","Cheshire East 011A","E01018666",715,655,396,259,2,8,1,7,42,36,6,8
"2011","Cheshire East 011B","E01018667",727,589,377,212,3,55,16,39,62,61,1,18
"2011","Cheshire East 011C","E01018668",651,566,344,222,1,10,3,7,60,53,7,14
"2011","Cheshire East 010A","E01018603",512,474,267,207,1,5,0,5,31,29,2,1
"2011","Cheshire East 010B","E01018604",617,441,209,232,2,97,16,81,69,66,3,8
"2011","Cheshire East 010C","E01018606",818,483,284,199,4,127,10,117,186,168,18,18
"2011","Cheshire East 010D","E01018607",516,467,272,195,0,3,1,2,42,39,3,4
"2011","Cheshire East 010E","E01018608",551,494,284,210,1,8,0,8,44,44,0,4
"2011","Cheshire East 012A","E01018572",746,654,388,266,0,16,8,8,68,65,3,8
"2011","Cheshire East 012B","E01018573",674,572,325,247,0,6,0,6,86,80,6,10
"2011","Cheshire East 012C","E01018574",988,615,321,294,1,145,28,117,206,197,9,21
"2011","Cheshire East 012D","E01018580",658,539,324,215,1,27,7,20,81,76,5,10
"2011","Cheshire East 012E","E01018581",558,444,277,167,1,56,7,49,48,45,3,9
"2011","Cheshire East 013A","E01018575",473,367,171,196,0,7,2,5,94,85,9,5
"2011","Cheshire East 013B","E01018576",872,588,258,330,0,25,6,19,253,243,10,6
"2011","Cheshire East 013C","E01018577",1118,853,438,415,2,97,26,71,156,144,12,10
"2011","Cheshire East 013D","E01018578",486,416,203,213,0,12,3,9,54,50,4,4
"2011","Cheshire East 013E","E01018579",488,294,134,160,1,156,39,117,30,26,4,7
"2011","Cheshire East 014A","E01018641",499,476,263,213,1,2,0,2,17,12,5,3
"2011","Cheshire East 014B","E01018642",535,495,224,271,1,1,0,1,35,32,3,3
"2011","Cheshire East 014C","E01018643",721,651,285,366,4,34,0,34,31,28,3,1
"2011","Cheshire East 014D","E01018644",647,559,331,228,0,2,0,2,79,73,6,7
"2011","Cheshire East 015A","E01018614",829,661,288,373,0,8,2,6,154,149,5,6
"2011","Cheshire East 015B","E01018618",601,365,135,230,9,157,37,120,64,58,6,6
"2011","Cheshire East 015C","E01018619",570,513,197,316,1,18,5,13,34,31,3,4
"2011","Cheshire East 015D","E01018620",580,356,169,187,2,161,41,120,52,49,3,9
"2011","Cheshire East 015E","E01018621",560,497,238,259,1,21,7,14,37,32,5,4
"2011","Cheshire East 016A","E01018626",1064,684,289,395,3,180,38,142,181,167,14,16
"2011","Cheshire East 016B","E01018628",652,566,296,270,0,43,7,36,36,32,4,7
"2011","Cheshire East 016C","E01018629",842,457,175,282,6,233,45,188,133,124,9,13
"2011","Cheshire East 016D","E01018630",629,447,200,247,7,82,23,59,85,76,9,8
"2011","Cheshire East 016E","E01018631",714,295,121,174,2,351,102,249,53,50,3,13
"2011","Cheshire East 017A","E01018615",515,395,159,236,21,9,2,7,87,79,8,3
"2011","Cheshire East 017B","E01018616",508,415,196,219,2,45,4,41,44,40,4,2
"2011","Cheshire East 017C","E01018617",692,529,277,252,11,89,29,60,61,52,9,2
"2011","Cheshire East 017D","E01018632",661,574,275,299,1,7,4,3,70,64,6,9
"2011","Cheshire East 017E","E01018633",616,590,345,245,0,2,0,2,20,17,3,4
"2011","Cheshire East 018A","E01018622",732,360,147,213,17,121,6,115,228,216,12,6
"2011","Cheshire East 018B","E01018623",699,513,227,286,4,34,0,34,144,133,11,4
"2011","Cheshire East 018C","E01018624",996,488,159,329,4,29,2,27,466,433,33,9
"2011","Cheshire East 018D","E01018625",657,447,172,275,1,4,0,4,201,192,9,4
"2011","Cheshire East 018E","E01018627",817,501,194,307,3,77,6,71,228,212,16,8
"2011","Cheshire East 018F","E01018635",589,387,165,222,1,40,1,39,159,150,9,2
"2011","Cheshire East 018G","E01018636",589,467,184,283,2,72,11,61,45,41,4,3
"2011","Cheshire East 019A","E01018634",766,682,357,325,3,32,6,26,46,44,2,3
"2011","Cheshire East 019B","E01018645",887,353,136,217,3,448,128,320,63,50,13,20
"2011","Cheshire East 019C","E01018646",733,439,167,272,0,236,88,148,44,35,9,14
"2011","Cheshire East 019D","E01018647",672,450,215,235,11,155,35,120,44,38,6,12
"2011","Cheshire East 020A","E01018591",1029,850,526,324,4,83,33,50,81,69,12,11
"2011","Cheshire East 020B","E01018597",1026,753,453,300,9,74,16,58,158,143,15,32
"2011","Cheshire East 020C","E01018669",1104,932,525,407,7,48,11,37,98,84,14,19
"2011","Cheshire East 020D","E01018670",1029,808,493,315,21,96,16,80,88,70,18,16
"2011","Cheshire East 021A","E01018637",693,333,99,234,17,288,83,205,50,46,4,5
"2011","Cheshire East 021B","E01018638",674,388,180,208,2,234,51,183,45,41,4,5
"2011","Cheshire East 021C","E01018639",674,402,136,266,7,89,19,70,168,155,13,8
"2011","Cheshire East 021D","E01018640",624,242,102,140,0,328,76,252,45,40,5,9
"2011","Cheshire West and Chester 022A","E01018308",782,580,345,235,7,88,14,74,93,74,19,14
"2011","Cheshire West and Chester 022B","E01018336",525,485,210,275,1,11,3,8,27,25,2,1
"2011","Cheshire West and Chester 022C","E01018337",555,452,212,240,7,34,9,25,52,49,3,10
"2011","Cheshire West and Chester 022D","E01018338",779,644,258,386,1,40,1,39,92,86,6,2
"2011","Cheshire West and Chester 022E","E01018358",475,394,190,204,1,26,7,19,46,41,5,8
"2011","Cheshire West and Chester 022F","E01018359",415,386,210,176,2,9,5,4,17,14,3,1
"2011","Cheshire West and Chester 025A","E01018360",771,529,303,226,0,38,10,28,194,68,126,10
"2011","Cheshire West and Chester 025B","E01018366",647,594,347,247,0,11,3,8,38,28,10,4
"2011","Cheshire West and Chester 025C","E01018367",793,601,306,295,3,116,46,70,63,57,6,10
"2011","Cheshire West and Chester 027A","E01018364",755,303,139,164,4,376,153,223,64,50,14,8
"2011","Cheshire West and Chester 027B","E01018365",857,713,416,297,2,70,24,46,63,52,11,9
"2011","Cheshire West and Chester 027C","E01018378",524,295,139,156,2,180,67,113,35,33,2,12
"2011","Cheshire West and Chester 027D","E01018379",605,505,326,179,3,62,26,36,29,25,4,6
"2011","Cheshire West and Chester 027E","E01018380",513,419,249,170,0,59,19,40,29,28,1,6
"2011","Cheshire West and Chester 028A","E01018362",635,541,275,266,13,19,2,17,52,48,4,10
"2011","Cheshire West and Chester 028B","E01018363",479,435,254,181,2,2,2,0,38,33,5,2
"2011","Cheshire West and Chester 028C","E01018374",785,539,264,275,4,39,3,36,194,177,17,9
"2011","Cheshire West and Chester 028D","E01018375",802,475,212,263,2,10,0,10,309,293,16,6
"2011","Cheshire West and Chester 028E","E01018376",630,523,285,238,3,33,8,25,64,50,14,7
"2011","Cheshire West and Chester 028F","E01018377",659,580,286,294,1,45,3,42,27,22,5,6
"2011","Cheshire West and Chester 029A","E01018309",657,471,216,255,1,132,47,85,48,41,7,5
"2011","Cheshire West and Chester 029B","E01018310",598,234,81,153,2,315,105,210,34,30,4,13
"2011","Cheshire West and Chester 029C","E01018311",649,185,43,142,1,399,131,268,55,46,9,9
"2011","Cheshire West and Chester 029D","E01018312",584,354,127,227,1,179,65,114,42,35,7,8
"2011","Cheshire West and Chester 031A","E01018313",581,465,249,216,3,77,25,52,30,26,4,6
"2011","Cheshire West and Chester 031B","E01018314",699,332,135,197,3,305,88,217,51,42,9,8
"2011","Cheshire West and Chester 031C","E01018315",490,380,210,170,7,55,21,34,43,36,7,5
"2011","Cheshire West and Chester 031D","E01018316",589,234,90,144,8,308,99,209,32,24,8,7
"2011","Cheshire West and Chester 031E","E01018317",744,202,68,134,9,479,162,317,42,32,10,12
"2011","Cheshire West and Chester 030A","E01018349",677,541,310,231,12,58,14,44,58,54,4,8
"2011","Cheshire West and Chester 030B","E01018350",790,738,435,303,3,8,3,5,35,31,4,6
"2011","Cheshire West and Chester 030C","E01018368",602,446,240,206,5,65,18,47,76,67,9,10
"2011","Cheshire West and Chester 030D","E01018370",534,488,286,202,1,7,2,5,36,31,5,2
"2011","Cheshire West and Chester 032A","E01018345",512,424,195,229,1,42,14,28,40,37,3,5
"2011","Cheshire West and Chester 032B","E01018346",542,481,233,248,0,16,6,10,43,41,2,2
"2011","Cheshire West and Chester 032C","E01018347",612,370,173,197,0,179,61,118,49,41,8,14
"2011","Cheshire West and Chester 032D","E01018383",601,521,262,259,2,19,4,15,51,48,3,8
"2011","Cheshire West and Chester 032E","E01018384",621,553,326,227,3,9,2,7,52,46,6,4
"2011","Cheshire West and Chester 033B","E01018327",1176,364,143,221,2,453,92,361,348,328,20,9
"2011","Cheshire West and Chester 033C","E01018343",786,304,127,177,2,151,25,126,319,303,16,10
"2011","Cheshire West and Chester 033D","E01018361",609,400,179,221,1,22,2,20,182,176,6,4
"2011","Cheshire West and Chester 033E","E01032930",1122,262,124,138,56,349,84,265,433,418,15,22
"2011","Cheshire West and Chester 033F","E01032931",581,231,95,136,34,54,9,45,256,242,14,6
"2011","Cheshire West and Chester 034A","E01018326",1175,424,254,170,20,243,31,212,454,420,34,34
"2011","Cheshire West and Chester 034B","E01018328",466,184,88,96,1,22,6,16,253,223,30,6
"2011","Cheshire West and Chester 034C","E01018329",1055,283,146,137,64,196,22,174,495,465,30,17
"2011","Cheshire West and Chester 034D","E01018330",459,310,149,161,6,7,0,7,133,123,10,3
"2011","Cheshire West and Chester 034E","E01018331",714,300,121,179,3,13,3,10,390,374,16,8
"2011","Cheshire West and Chester 036A","E01018319",993,588,229,359,2,125,36,89,266,247,19,12
"2011","Cheshire West and Chester 036B","E01018344",919,594,216,378,0,28,11,17,287,273,14,10
"2011","Cheshire West and Chester 036C","E01018381",517,425,218,207,4,8,3,5,77,73,4,3
"2011","Cheshire West and Chester 036D","E01018382",788,463,205,258,15,180,20,160,119,105,14,11
"2011","Cheshire West and Chester 039A","E01018323",562,437,224,213,1,52,16,36,66,62,4,6
"2011","Cheshire West and Chester 039B","E01018324",532,465,262,203,2,4,2,2,59,53,6,2
"2011","Cheshire West and Chester 039C","E01018325",586,518,276,242,0,42,6,36,23,22,1,3
"2011","Cheshire West and Chester 039D","E01018385",855,741,470,271,1,24,7,17,79,76,3,10
"2011","Cheshire West and Chester 041A","E01018320",616,568,336,232,3,5,1,4,34,29,5,6
"2011","Cheshire West and Chester 041B","E01018321",531,421,226,195,1,38,12,26,67,62,5,4
"2011","Cheshire West and Chester 041C","E01018322",506,469,300,169,1,8,3,5,25,22,3,3
"2011","Cheshire West and Chester 041D","E01018348",894,737,329,408,25,10,5,5,116,100,16,6
"2011","Cheshire West and Chester 043A","E01018332",476,368,190,178,0,61,6,55,41,38,3,6
"2011","Cheshire West and Chester 043B","E01018333",663,558,371,187,0,6,2,4,93,85,8,6
"2011","Cheshire West and Chester 043C","E01018334",651,598,361,237,1,11,1,10,35,33,2,6
"2011","Cheshire West and Chester 043D","E01018340",659,465,272,193,2,98,22,76,87,82,5,7
"2011","Cheshire West and Chester 043E","E01018341",517,431,287,144,1,28,7,21,50,47,3,7
"2011","Cheshire West and Chester 043F","E01018342",866,510,277,233,1,38,11,27,306,290,16,11
"2011","Cheshire West and Chester 044A","E01018351",656,166,51,115,2,445,163,282,26,22,4,17
"2011","Cheshire West and Chester 044B","E01018352",844,610,185,425,8,51,19,32,171,160,11,4
"2011","Cheshire West and Chester 044C","E01018353",628,493,220,273,0,65,26,39,62,55,7,8
"2011","Cheshire West and Chester 044D","E01018354",648,351,133,218,6,213,78,135,68,61,7,10
"2011","Cheshire West and Chester 046A","E01018335",874,524,276,248,9,45,11,34,222,203,19,74
"2011","Cheshire West and Chester 046B","E01018369",606,461,270,191,13,31,7,24,84,73,11,17
"2011","Cheshire West and Chester 046C","E01018371",760,464,261,203,22,133,25,108,119,110,9,22
"2011","Cheshire West and Chester 046D","E01018372",821,584,358,226,3,20,5,15,199,182,17,15
"2011","Cheshire West and Chester 047A","E01018339",893,698,387,311,3,87,20,67,92,82,10,13
"2011","Cheshire West and Chester 047B","E01018355",571,333,192,141,6,130,34,96,93,84,9,9
"2011","Cheshire West and Chester 047C","E01018356",599,431,215,216,15,32,4,28,110,100,10,11
"2011","Cheshire West and Chester 047D","E01018357",539,424,257,167,2,21,5,16,82,76,6,10
"2011","Cheshire West and Chester 047E","E01018373",843,654,370,284,18,37,9,28,117,97,20,17
"2011","Cheshire West and Chester 001A","E01018534",1195,534,220,314,5,480,261,219,164,157,7,12
"2011","Cheshire West and Chester 001B","E01018535",628,437,252,185,2,133,106,27,48,43,5,8
"2011","Cheshire West and Chester 001C","E01018536",743,622,355,267,2,18,12,6,90,83,7,11
"2011","Cheshire West and Chester 001D","E01018537",896,776,513,263,2,41,14,27,65,53,12,12
"2011","Cheshire West and Chester 004A","E01018518",671,608,391,217,3,6,3,3,49,43,6,5
"2011","Cheshire West and Chester 004B","E01018569",545,508,333,175,0,17,4,13,17,16,1,3
"2011","Cheshire West and Chester 004C","E01018570",521,422,227,195,1,25,22,3,62,56,6,11
"2011","Cheshire West and Chester 004D","E01018571",630,502,294,208,4,44,21,23,76,73,3,4
"2011","Cheshire West and Chester 005A","E01018546",646,400,173,227,0,150,120,30,92,87,5,4
"2011","Cheshire West and Chester 005B","E01018547",608,470,208,262,18,72,72,0,39,37,2,9
"2011","Cheshire West and Chester 005C","E01018548",702,448,206,242,11,193,175,18,42,35,7,8
"2011","Cheshire West and Chester 005D","E01018549",656,503,273,230,2,89,70,19,57,52,5,5
"2011","Cheshire West and Chester 006A","E01018532",853,557,283,274,2,197,159,38,82,74,8,15
"2011","Cheshire West and Chester 006B","E01018533",623,591,358,233,0,4,1,3,26,23,3,2
"2011","Cheshire West and Chester 006C","E01018544",645,573,296,277,2,10,7,3,53,46,7,7
"2011","Cheshire West and Chester 006D","E01018545",827,738,376,362,3,14,7,7,67,62,5,5
"2011","Cheshire West and Chester 007A","E01018519",670,369,148,221,3,75,46,29,217,210,7,6
"2011","Cheshire West and Chester 007B","E01018520",492,241,84,157,1,98,80,18,150,145,5,2
"2011","Cheshire West and Chester 007C","E01018525",525,234,84,150,1,234,226,8,46,39,7,10
"2011","Cheshire West and Chester 007D","E01018563",1040,285,59,226,17,566,408,158,153,150,3,19
"2011","Cheshire West and Chester 007E","E01018564",1119,532,182,350,27,249,171,78,286,267,19,25
"2011","Cheshire West and Chester 008A","E01018523",600,293,143,150,0,266,262,4,35,28,7,6
"2011","Cheshire West and Chester 008B","E01018524",604,161,49,112,2,394,322,72,31,25,6,16
"2011","Cheshire West and Chester 008C","E01018541",626,478,217,261,2,69,63,6,68,63,5,9
"2011","Cheshire West and Chester 008D","E01018542",494,137,38,99,1,310,299,11,40,37,3,6
"2011","Cheshire West and Chester 008E","E01018543",604,353,130,223,2,145,107,38,95,83,12,9
"2011","Cheshire West and Chester 009A","E01018528",496,464,213,251,0,3,2,1,27,24,3,2
"2011","Cheshire West and Chester 009B","E01018529",648,615,338,277,0,2,0,2,24,20,4,7
"2011","Cheshire West and Chester 009C","E01018530",563,504,184,320,9,11,1,10,34,33,1,5
"2011","Cheshire West and Chester 009D","E01018531",667,581,289,292,10,1,1,0,69,63,6,6
"2011","Cheshire West and Chester 009E","E01018560",471,438,197,241,1,2,0,2,23,18,5,7
"2011","Cheshire West and Chester 009F","E01018561",475,454,204,250,0,0,0,0,18,16,2,3
"2011","Cheshire West and Chester 009G","E01018562",524,480,120,360,0,2,2,0,40,36,4,2
"2011","Cheshire West and Chester 010A","E01018522",591,334,142,192,2,211,207,4,35,26,9,9
"2011","Cheshire West and Chester 010B","E01018538",451,228,104,124,0,190,188,2,23,20,3,10
"2011","Cheshire West and Chester 010C","E01018539",482,270,98,172,1,170,168,2,30,27,3,11
"2011","Cheshire West and Chester 010D","E01018540",611,504,235,269,1,50,49,1,52,47,5,4
"2011","Cheshire West and Chester 011A","E01018521",501,236,92,144,0,223,217,6,26,19,7,16
"2011","Cheshire West and Chester 011B","E01018550",481,137,45,92,1,304,276,28,36,34,2,3
"2011","Cheshire West and Chester 011C","E01018551",694,234,54,180,5,395,341,54,49,47,2,11
"2011","Cheshire West and Chester 011D","E01018552",641,371,142,229,13,186,160,26,64,57,7,7
"2011","Cheshire West and Chester 011E","E01018553",686,368,138,230,16,212,161,51,73,63,10,17
"2011","Cheshire West and Chester 013A","E01018556",635,545,302,243,1,46,45,1,29,23,6,14
"2011","Cheshire West and Chester 013B","E01018557",662,384,168,216,0,235,231,4,36,32,4,7
"2011","Cheshire West and Chester 013C","E01018558",500,453,157,296,1,7,6,1,36,27,9,3
"2011","Cheshire West and Chester 013D","E01018559",468,446,221,225,0,4,4,0,15,9,6,3
"2011","Cheshire West and Chester 014A","E01018565",618,561,306,255,1,25,24,1,27,25,2,4
"2011","Cheshire West and Chester 014B","E01018566",592,562,338,224,1,0,0,0,25,20,5,4
"2011","Cheshire West and Chester 014C","E01018567",590,551,288,263,0,9,5,4,28,26,2,2
"2011","Cheshire West and Chester 014D","E01018568",575,500,107,393,11,5,3,2,57,51,6,2
"2011","Cheshire West and Chester 016A","E01018526",666,608,323,285,2,2,2,0,53,45,8,1
"2011","Cheshire West and Chester 016B","E01018527",654,601,269,332,1,3,1,2,46,42,4,3
"2011","Cheshire West and Chester 016C","E01018554",993,929,425,504,8,2,0,2,49,43,6,5
"2011","Cheshire West and Chester 016D","E01018555",479,449,175,274,2,3,1,2,24,21,3,1
"2011","Cheshire West and Chester 002A","E01018685",601,244,98,146,16,296,120,176,29,26,3,16
"2011","Cheshire West and Chester 002B","E01018686",603,444,156,288,10,40,16,24,104,91,13,5
"2011","Cheshire West and Chester 002C","E01018687",585,543,352,191,0,19,9,10,18,16,2,5
"2011","Cheshire West and Chester 002D","E01018688",692,559,340,219,1,1,0,1,125,115,10,6
"2011","Cheshire West and Chester 002E","E01018689",676,545,332,213,5,37,17,20,81,71,10,8
"2011","Cheshire West and Chester 002F","E01018690",868,771,448,323,2,19,8,11,66,52,14,10
"2011","Cheshire West and Chester 003A","E01018675",871,779,429,350,4,45,16,29,32,24,8,11
"2011","Cheshire West and Chester 003B","E01018708",889,744,422,322,3,49,24,25,82,71,11,11
"2011","Cheshire West and Chester 003C","E01018721",921,763,403,360,10,76,23,53,59,55,4,13
"2011","Cheshire West and Chester 012A","E01018671",513,475,252,223,1,5,4,1,29,24,5,3
"2011","Cheshire West and Chester 012B","E01018672",667,391,164,227,4,193,112,81,62,53,9,17
"2011","Cheshire West and Chester 012C","E01018673",522,452,216,236,1,28,19,9,37,35,2,4
"2011","Cheshire West and Chester 012D","E01018674",691,518,226,292,2,57,31,26,110,98,12,4
"2011","Cheshire West and Chester 015A","E01018684",927,827,488,339,2,24,9,15,64,53,11,10
"2011","Cheshire West and Chester 015B","E01018695",738,590,277,313,9,21,3,18,114,99,15,4
"2011","Cheshire West and Chester 015C","E01018696",626,554,348,206,3,7,5,2,59,54,5,3
"2011","Cheshire West and Chester 015D","E01018697",779,591,279,312,6,114,47,67,58,55,3,10
"2011","Cheshire West and Chester 015E","E01018698",814,730,428,302,1,30,10,20,47,38,9,6
"2011","Cheshire West and Chester 017A","E01018704",541,409,251,158,3,92,40,52,31,24,7,6
"2011","Cheshire West and Chester 017B","E01018705",620,554,264,290,2,18,3,15,45,34,11,1
"2011","Cheshire West and Chester 017C","E01018706",526,384,171,213,0,76,50,26,61,54,7,5
"2011","Cheshire West and Chester 017D","E01018718",671,570,235,335,2,45,28,17,46,45,1,8
"2011","Cheshire West and Chester 017E","E01018722",941,795,503,292,4,53,26,27,77,61,16,12
"2011","Cheshire West and Chester 018A","E01018713",1144,854,343,511,10,75,10,65,199,187,12,6
"2011","Cheshire West and Chester 018B","E01018714",890,389,163,226,13,248,97,151,230,217,13,10
"2011","Cheshire West and Chester 018C","E01018715",766,452,174,278,5,102,16,86,201,188,13,6
"2011","Cheshire West and Chester 019A","E01018726",613,414,188,226,0,150,91,59,45,40,5,4
"2011","Cheshire West and Chester 019B","E01018727",749,642,392,250,5,22,4,18,71,70,1,9
"2011","Cheshire West and Chester 019C","E01018728",636,477,220,257,3,107,56,51,37,29,8,12
"2011","Cheshire West and Chester 019D","E01018729",757,423,178,245,5,269,156,113,52,43,9,8
"2011","Cheshire West and Chester 020A","E01018709",669,450,167,283,3,50,25,25,162,153,9,4
"2011","Cheshire West and Chester 020B","E01018710",579,325,133,192,6,182,66,116,57,49,8,9
"2011","Cheshire West and Chester 020C","E01018711",730,528,219,309,8,36,3,33,149,138,11,9
"2011","Cheshire West and Chester 020D","E01018712",752,452,189,263,14,124,58,66,158,149,9,4
"2011","Cheshire West and Chester 021A","E01018699",653,473,179,294,31,90,52,38,53,42,11,6
"2011","Cheshire West and Chester 021B","E01018701",622,317,144,173,1,265,141,124,30,28,2,9
"2011","Cheshire West and Chester 021C","E01018716",641,304,125,179,16,256,139,117,50,42,8,15
"2011","Cheshire West and Chester 021D","E01018717",766,550,241,309,4,59,22,37,146,136,10,7
"2011","Cheshire West and Chester 021E","E01018719",639,452,178,274,2,119,63,56,58,51,7,8
"2011","Cheshire West and Chester 021F","E01018720",668,387,174,213,1,230,121,109,40,36,4,10
"2011","Cheshire West and Chester 023A","E01018691",700,557,308,249,4,57,26,31,78,71,7,4
"2011","Cheshire West and Chester 023B","E01018693",626,583,293,290,3,3,2,1,31,26,5,6
"2011","Cheshire West and Chester 023C","E01018694",635,589,328,261,0,4,2,2,40,36,4,2
"2011","Cheshire West and Chester 023D","E01018700",761,652,160,492,1,9,5,4,96,91,5,3
"2011","Cheshire West and Chester 023E","E01018702",481,401,108,293,23,19,1,18,34,31,3,4
"2011","Cheshire West and Chester 023F","E01018703",828,629,241,388,22,15,8,7,158,153,5,4
"2011","Cheshire West and Chester 024A","E01018676",642,572,334,238,1,14,4,10,48,43,5,7
"2011","Cheshire West and Chester 024B","E01018677",648,568,342,226,2,22,8,14,49,43,6,7
"2011","Cheshire West and Chester 024C","E01018678",510,478,292,186,2,7,2,5,18,17,1,5
"2011","Cheshire West and Chester 024D","E01018679",725,494,222,272,2,151,74,77,70,57,13,8
"2011","Cheshire West and Chester 024E","E01018692",793,689,380,309,11,12,5,7,68,57,11,13
"2011","Cheshire West and Chester 026A","E01018680",647,547,260,287,2,8,1,7,80,69,11,10
"2011","Cheshire West and Chester 026B","E01018681",627,526,279,247,3,39,17,22,53,47,6,6
"2011","Cheshire West and Chester 026C","E01018682",491,319,151,168,2,128,51,77,30,27,3,12
"2011","Cheshire West and Chester 026D","E01018683",643,582,313,269,0,9,4,5,47,41,6,5
"2011","Cheshire West and Chester 035A","E01018733",611,535,315,220,2,29,16,13,42,37,5,3
"2011","Cheshire West and Chester 035B","E01018734",530,345,157,188,0,122,52,70,56,51,5,7
"2011","Cheshire West and Chester 035C","E01018748",507,172,62,110,1,269,170,99,54,52,2,11
"2011","Cheshire West and Chester 035D","E01018749",951,700,133,567,4,107,52,55,133,129,4,7
"2011","Cheshire West and Chester 037A","E01018736",657,500,189,311,2,53,14,39,97,84,13,5
"2011","Cheshire West and Chester 037B","E01018737",534,479,174,305,0,4,4,0,48,43,5,3
"2011","Cheshire West and Chester 037C","E01018743",625,533,228,305,5,30,12,18,54,51,3,3
"2011","Cheshire West and Chester 037D","E01018744",680,459,140,319,16,166,90,76,30,28,2,9
"2011","Cheshire West and Chester 038A","E01018732",554,430,163,267,2,35,13,22,83,74,9,4
"2011","Cheshire West and Chester 038B","E01018745",708,309,115,194,1,319,193,126,72,70,2,7
"2011","Cheshire West and Chester 038C","E01018746",708,445,192,253,8,181,96,85,70,57,13,4
"2011","Cheshire West and Chester 038D","E01018747",657,474,188,286,6,71,31,40,100,89,11,6
"2011","Cheshire West and Chester 040A","E01018730",635,404,213,191,4,186,100,86,31,23,8,10
"2011","Cheshire West and Chester 040B","E01018738",560,94,43,51,7,429,192,237,19,15,4,11
"2011","Cheshire West and Chester 040C","E01018739",575,219,58,161,22,256,130,126,68,64,4,10
"2011","Cheshire West and Chester 040D","E01018741",527,439,230,209,3,46,9,37,34,32,2,5
"2011","Cheshire West and Chester 042A","E01018731",676,472,211,261,2,46,20,26,149,135,14,7
"2011","Cheshire West and Chester 042B","E01018735",540,435,172,263,3,16,1,15,84,81,3,2
"2011","Cheshire West and Chester 042C","E01018740",608,260,102,158,2,298,17,281,43,34,9,5
"2011","Cheshire West and Chester 042D","E01018742",630,579,286,293,1,15,1,14,34,30,4,1
"2011","Cheshire West and Chester 045A","E01018707",736,591,364,227,2,64,15,49,66,58,8,13
"2011","Cheshire West and Chester 045B","E01018723",510,366,198,168,8,74,25,49,54,48,6,8
"2011","Cheshire West and Chester 045C","E01018724",666,556,334,222,13,13,5,8,72,64,8,12
"2011","Cheshire West and Chester 045D","E01018725",543,400,241,159,2,45,18,27,88,79,9,8
"2011","Halton 001A","E01012392",910,809,262,547,0,14,1,13,83,81,2,4
"2011","Halton 001B","E01012393",865,764,396,368,0,6,1,5,89,80,9,6
"2011","Halton 001C","E01012395",620,592,361,231,0,3,0,3,18,16,2,7
"2011","Halton 001D","E01012411",591,495,289,206,1,37,7,30,55,51,4,3
"2011","Halton 002A","E01012374",1075,939,342,597,1,9,1,8,119,109,10,7
"2011","Halton 002B","E01012375",559,534,221,313,1,4,1,3,17,17,0,3
"2011","Halton 002C","E01012376",922,837,161,676,0,9,1,8,76,73,3,0
"2011","Halton 002D","E01012421",536,509,207,302,0,2,1,1,20,18,2,5
"2011","Halton 002E","E01012423",640,513,186,327,5,59,0,59,60,55,5,3
"2011","Halton 003A","E01012368",849,513,205,308,2,194,36,158,127,120,7,13
"2011","Halton 003B","E01012410",533,477,225,252,1,14,2,12,41,37,4,0
"2011","Halton 003C","E01012412",684,384,168,216,2,176,55,121,108,99,9,14
"2011","Halton 003D","E01012413",663,339,165,174,1,235,44,191,82,70,12,6
"2011","Halton 003E","E01012414",504,453,234,219,0,8,2,6,37,32,5,6
"2011","Halton 004A","E01012377",745,402,192,210,2,279,92,187,48,39,9,14
"2011","Halton 004B","E01012390",678,443,239,204,1,166,60,106,49,44,5,19
"2011","Halton 004C","E01012419",486,215,71,144,1,244,86,158,18,18,0,8
"2011","Halton 004D","E01012420",746,174,71,103,1,511,73,438,38,36,2,22
"2011","Halton 004E","E01012422",632,273,113,160,5,297,86,211,46,42,4,11
"2011","Halton 005A","E01012369",619,409,195,214,1,163,46,117,37,29,8,9
"2011","Halton 005B","E01012394",675,418,214,204,2,188,49,139,53,46,7,14
"2011","Halton 005C","E01012425",692,402,197,205,0,208,79,129,76,70,6,6
"2011","Halton 005D","E01012426",572,492,252,240,0,27,9,18,47,38,9,6
"2011","Halton 005E","E01012427",649,445,154,291,0,145,60,85,57,49,8,2
"2011","Halton 006A","E01012378",640,566,323,243,0,38,17,21,32,29,3,4
"2011","Halton 006B","E01012379",634,466,202,264,0,56,15,41,108,101,7,4
"2011","Halton 006C","E01012380",571,259,101,158,0,270,91,179,32,28,4,10
"2011","Halton 006D","E01012388",730,412,147,265,4,247,80,167,57,50,7,10
"2011","Halton 006E","E01012442",618,240,90,150,2,329,108,221,38,34,4,9
"2011","Halton 007A","E01012367",776,292,138,154,10,310,70,240,158,137,21,6
"2011","Halton 007B","E01012370",811,481,209,272,1,37,10,27,286,269,17,6
"2011","Halton 007C","E01012424",761,251,103,148,2,437,170,267,57,51,6,14
"2011","Halton 007D","E01012441",1078,415,153,262,2,379,122,257,265,251,14,17
"2011","Halton 008A","E01012389",745,708,419,289,2,4,0,4,27,23,4,4
"2011","Halton 008B","E01012391",975,607,275,332,7,209,60,149,128,117,11,24
"2011","Halton 008C","E01012401",787,703,384,319,2,23,9,14,54,50,4,5
"2011","Halton 008D","E01012443",601,447,145,302,1,63,26,37,87,82,5,3
"2011","Halton 009A","E01012385",575,499,161,338,1,25,0,25,44,40,4,6
"2011","Halton 009B","E01012386",661,638,124,514,0,1,0,1,22,21,1,0
"2011","Halton 009C","E01012387",507,472,260,212,1,6,2,4,28,24,4,0
"2011","Halton 009D","E01012434",601,514,151,363,25,13,0,13,46,44,2,3
"2011","Halton 009E","E01012435",759,674,210,464,19,43,3,40,21,18,3,2
"2011","Halton 010A","E01012381",656,108,45,63,35,485,37,448,21,19,2,7
"2011","Halton 010B","E01012382",709,176,96,80,22,483,43,440,21,16,5,7
"2011","Halton 010C","E01012384",748,437,222,215,2,261,14,247,42,32,10,6
"2011","Halton 010D","E01012444",427,89,36,53,1,322,19,303,14,12,2,1
"2011","Halton 010E","E01012445",553,118,42,76,2,400,29,371,27,19,8,6
"2011","Halton 011A","E01012398",513,367,178,189,0,108,31,77,32,27,5,6
"2011","Halton 011B","E01012400",507,416,174,242,0,32,7,25,54,48,6,5
"2011","Halton 011C","E01012402",656,325,138,187,1,267,55,212,53,46,7,10
"2011","Halton 011D","E01012404",577,454,195,259,8,75,23,52,38,33,5,2
"2011","Halton 011E","E01012405",836,659,308,351,2,95,14,81,72,62,10,8
"2011","Halton 012A","E01012416",774,593,290,303,2,118,14,104,50,48,2,11
"2011","Halton 012B","E01012417",577,435,162,273,1,34,3,31,106,96,10,1
"2011","Halton 012C","E01012428",1024,601,224,377,0,143,15,128,275,266,9,5
"2011","Halton 012D","E01012429",627,379,164,215,2,170,40,130,63,55,8,13
"2011","Halton 012E","E01012430",884,268,113,155,3,364,43,321,240,232,8,9
"2011","Halton 012F","E01012431",1011,610,227,383,0,76,9,67,318,301,17,7
"2011","Halton 013A","E01012383",756,451,194,257,11,233,16,217,47,45,2,14
"2011","Halton 013B","E01012396",600,276,116,160,0,267,63,204,52,47,5,5
"2011","Halton 013C","E01012397",679,262,106,156,1,366,111,255,36,29,7,14
"2011","Halton 013D","E01012399",639,313,128,185,0,281,82,199,36,34,2,9
"2011","Halton 013E","E01012403",647,269,118,151,2,323,27,296,46,39,7,7
"2011","Halton 013F","E01012408",739,196,70,126,10,473,30,443,50,46,4,10
"2011","Halton 014A","E01012432",666,407,143,264,56,112,4,108,84,79,5,7
"2011","Halton 014B","E01012433",690,319,109,210,3,293,21,272,66,64,2,9
"2011","Halton 014C","E01012436",504,178,61,117,0,290,25,265,33,30,3,3
"2011","Halton 014D","E01012438",535,157,60,97,1,337,33,304,38,34,4,2
"2011","Halton 014E","E01012440",524,447,133,314,22,25,3,22,28,24,4,2
"2011","Halton 015A","E01012406",673,352,144,208,0,270,15,255,45,37,8,6
"2011","Halton 015B","E01012407",758,231,89,142,1,460,46,414,65,54,11,1
"2011","Halton 015C","E01012409",633,353,159,194,3,218,21,197,54,44,10,5
"2011","Halton 015D","E01012437",539,248,90,158,1,251,13,238,36,32,4,3
"2011","Halton 015E","E01012439",642,281,79,202,0,306,21,285,50,48,2,5
"2011","Halton 016A","E01012371",526,485,198,287,0,0,0,0,35,31,4,6
"2011","Halton 016B","E01012372",507,461,229,232,3,6,0,6,34,31,3,3
"2011","Halton 016C","E01012373",538,505,261,244,18,4,0,4,9,8,1,2
"2011","Halton 016D","E01012415",545,510,250,260,1,2,0,2,27,24,3,5
"2011","Halton 016E","E01012418",618,585,370,215,2,3,0,3,24,22,2,4
"2011","Warrington 001A","E01012471",507,461,259,202,2,2,1,1,38,32,6,4
"2011","Warrington 001B","E01012472",740,634,364,270,1,68,20,48,33,29,4,4
"2011","Warrington 001C","E01012476",668,531,278,253,1,63,47,16,65,55,10,8
"2011","Warrington 001D","E01012477",610,559,290,269,0,4,2,2,42,36,6,5
"2011","Warrington 002A","E01012473",678,613,381,232,1,29,19,10,29,25,4,6
"2011","Warrington 002B","E01012474",611,373,182,191,2,172,106,66,59,53,6,5
"2011","Warrington 002C","E01012475",643,490,234,256,1,71,42,29,79,69,10,2
"2011","Warrington 002D","E01012554",840,709,358,351,4,63,32,31,60,54,6,4
"2011","Warrington 003A","E01012467",522,499,319,180,2,2,1,1,16,15,1,3
"2011","Warrington 003B","E01012468",914,770,326,444,5,48,25,23,78,72,6,13
"2011","Warrington 003C","E01012469",624,513,217,296,1,39,23,16,65,57,8,6
"2011","Warrington 003D","E01012470",497,343,175,168,0,120,80,40,29,21,8,5
"2011","Warrington 004A","E01012460",629,340,122,218,2,227,36,191,56,50,6,4
"2011","Warrington 004B","E01012462",633,420,128,292,32,81,5,76,95,86,9,5
"2011","Warrington 004C","E01012463",506,474,287,187,0,7,0,7,23,21,2,2
"2011","Warrington 004D","E01012464",599,368,150,218,3,169,34,135,52,46,6,7
"2011","Warrington 005A","E01012459",622,252,77,175,1,325,41,284,43,34,9,1
"2011","Warrington 005B","E01012461",535,475,185,290,12,12,2,10,35,30,5,1
"2011","Warrington 005C","E01012465",608,415,131,284,7,93,16,77,87,81,6,6
"2011","Warrington 005D","E01012466",707,235,54,181,1,409,74,335,56,49,7,6
"2011","Warrington 006A","E01012526",654,218,68,150,2,368,293,75,62,59,3,4
"2011","Warrington 006B","E01012534",655,290,118,172,8,307,233,74,46,39,7,4
"2011","Warrington 006C","E01012535",701,340,122,218,0,297,238,59,56,46,10,8
"2011","Warrington 006D","E01012537",702,317,131,186,4,334,255,79,44,35,9,3
"2011","Warrington 006E","E01012539",697,390,150,240,1,275,197,78,21,16,5,10
"2011","Warrington 007A","E01012538",619,547,214,333,7,3,1,2,60,54,6,2
"2011","Warrington 007B","E01012540",587,504,229,275,2,46,6,40,29,27,2,6
"2011","Warrington 007C","E01012541",516,369,130,239,2,88,14,74,54,49,5,3
"2011","Warrington 007D","E01012542",633,435,208,227,6,125,9,116,55,50,5,12
"2011","Warrington 007E","E01012543",595,501,266,235,1,32,8,24,60,49,11,1
"2011","Warrington 007F","E01012544",588,433,226,207,1,106,15,91,42,37,5,6
"2011","Warrington 008A","E01012521",654,486,267,219,1,116,67,49,47,41,6,4
"2011","Warrington 008B","E01012522",613,335,136,199,1,226,161,65,43,32,11,8
"2011","Warrington 008C","E01012533",554,158,73,85,3,354,209,145,33,31,2,6
"2011","Warrington 008D","E01012536",631,345,145,200,7,244,157,87,30,19,11,5
"2011","Warrington 008E","E01012545",703,172,52,120,2,467,195,272,50,43,7,12
"2011","Warrington 008F","E01012546",682,149,22,127,0,494,54,440,31,26,5,8
"2011","Warrington 009A","E01012561",678,458,117,341,67,58,0,58,88,77,11,7
"2011","Warrington 009B","E01012562",610,520,134,386,0,2,1,1,85,80,5,3
"2011","Warrington 009C","E01012567",641,582,135,447,5,6,2,4,47,46,1,1
"2011","Warrington 009D","E01012568",963,787,136,651,18,38,4,34,116,108,8,4
"2011","Warrington 010A","E01012563",635,588,231,357,4,3,0,3,38,35,3,2
"2011","Warrington 010B","E01012564",526,446,145,301,29,3,2,1,45,43,2,3
"2011","Warrington 010C","E01012565",932,721,159,562,17,108,12,96,78,75,3,8
"2011","Warrington 010D","E01012566",729,622,133,489,18,13,7,6,75,70,5,1
"2011","Warrington 010E","E01012569",703,571,185,386,11,34,1,33,80,76,4,7
"2011","Warrington 010F","E01012570",604,284,123,161,0,262,29,233,46,42,4,12
"2011","Warrington 011A","E01012481",714,449,150,299,2,129,15,114,128,119,9,6
"2011","Warrington 011B","E01012482",869,411,163,248,27,315,118,197,103,90,13,13
"2011","Warrington 011C","E01012520",638,284,132,152,4,287,193,94,58,54,4,5
"2011","Warrington 011D","E01012523",621,443,190,253,0,52,40,12,114,105,9,12
"2011","Warrington 011E","E01012524",627,563,278,285,0,16,12,4,45,39,6,3
"2011","Warrington 011F","E01012525",635,441,175,266,0,90,55,35,97,82,15,7
"2011","Warrington 012A","E01012478",617,428,188,240,2,108,37,71,73,67,6,6
"2011","Warrington 012B","E01012547",682,598,281,317,0,37,22,15,41,34,7,6
"2011","Warrington 012C","E01012548",703,591,241,350,1,64,10,54,42,36,6,5
"2011","Warrington 012D","E01012549",639,597,369,228,0,11,2,9,27,22,5,4
"2011","Warrington 012E","E01012550",702,644,369,275,1,6,3,3,46,33,13,5
"2011","Warrington 013A","E01012453",654,259,79,180,0,330,206,124,53,46,7,12
"2011","Warrington 013B","E01012454",859,507,150,357,2,162,103,59,179,167,12,9
"2011","Warrington 013C","E01012455",876,296,111,185,2,442,286,156,126,112,14,10
"2011","Warrington 013D","E01012457",777,385,160,225,5,124,68,56,251,241,10,12
"2011","Warrington 014A","E01012551",598,567,261,306,1,3,2,1,24,21,3,3
"2011","Warrington 014B","E01012552",619,471,235,236,0,92,56,36,51,45,6,5
"2011","Warrington 014C","E01012553",499,480,202,278,0,1,0,1,12,11,1,6
"2011","Warrington 014D","E01012555",525,484,233,251,1,11,9,2,27,22,5,2
"2011","Warrington 014E","E01012556",621,568,315,253,0,22,9,13,26,21,5,5
"2011","Warrington 015A","E01012491",621,468,256,212,2,119,59,60,27,22,5,5
"2011","Warrington 015B","E01012492",609,574,320,254,1,4,2,2,25,21,4,5
"2011","Warrington 015C","E01012493",669,605,247,358,15,5,1,4,39,34,5,5
"2011","Warrington 015D","E01012494",649,588,205,383,5,6,1,5,49,47,2,1
"2011","Warrington 015E","E01012500",593,539,294,245,0,2,0,2,49,47,2,3
"2011","Warrington 016A","E01012495",643,533,161,372,9,4,0,4,95,88,7,2
"2011","Warrington 016B","E01012496",585,521,242,279,4,37,7,30,23,19,4,0
"2011","Warrington 016C","E01012497",516,299,113,186,1,184,19,165,30,24,6,2
"2011","Warrington 016D","E01012498",656,364,129,235,3,225,45,180,58,51,7,6
"2011","Warrington 016E","E01012499",739,629,204,425,15,23,2,21,70,62,8,2
"2011","Warrington 016F","E01012501",603,513,218,295,15,10,3,7,59,54,5,6
"2011","Warrington 017A","E01012479",793,350,135,215,8,242,114,128,191,177,14,2
"2011","Warrington 017B","E01012480",921,403,154,249,1,187,83,104,318,305,13,12
"2011","Warrington 017D","E01012510",868,456,200,256,1,178,91,87,227,206,21,6
"2011","Warrington 017E","E01012511",786,500,209,291,2,45,26,19,236,224,12,3
"2011","Warrington 017F","E01033299",971,445,94,351,49,114,12,102,359,346,13,4
"2011","Warrington 017G","E01033303",591,320,126,194,2,56,14,42,210,198,12,3
"2011","Warrington 018B","E01012458",1011,646,204,442,2,108,56,52,248,238,10,7
"2011","Warrington 018C","E01012483",883,298,116,182,2,443,219,224,123,111,12,17
"2011","Warrington 018D","E01012509",882,673,402,271,0,54,6,48,148,133,15,7
"2011","Warrington 018E","E01012512",739,637,400,237,2,9,3,6,84,76,8,7
"2011","Warrington 018F","E01033300",613,88,33,55,3,163,53,110,344,330,14,15
"2011","Warrington 018G","E01033302",740,327,106,221,23,200,117,83,178,165,13,12
"2011","Warrington 019A","E01012527",622,529,257,272,2,39,25,14,43,34,9,9
"2011","Warrington 019B","E01012528",500,471,283,188,0,5,1,4,23,22,1,1
"2011","Warrington 019C","E01012529",599,532,287,245,1,10,5,5,51,44,7,5
"2011","Warrington 019D","E01012530",529,475,209,266,0,3,2,1,44,42,2,7
"2011","Warrington 019E","E01012531",675,609,354,255,3,17,10,7,42,31,11,4
"2011","Warrington 019F","E01012532",601,567,342,225,3,3,0,3,25,22,3,3
"2011","Warrington 020A","E01012504",753,471,174,297,5,136,79,57,137,130,7,4
"2011","Warrington 020B","E01012505",652,362,152,210,2,216,86,130,63,59,4,9
"2011","Warrington 020C","E01012506",668,313,122,191,1,269,180,89,77,68,9,8
"2011","Warrington 020D","E01012507",943,466,197,269,2,150,52,98,318,305,13,7
"2011","Warrington 020E","E01012508",715,303,119,184,0,343,269,74,61,56,5,8
"2011","Warrington 021A","E01012513",805,623,307,316,2,59,49,10,111,105,6,10
"2011","Warrington 021B","E01012514",737,616,293,323,8,31,10,21,80,73,7,2
"2011","Warrington 021C","E01012515",659,476,241,235,0,98,66,32,77,67,10,8
"2011","Warrington 021D","E01012516",589,443,249,194,0,55,30,25,86,85,1,5
"2011","Warrington 021E","E01012517",900,758,312,446,5,13,9,4,120,113,7,4
"2011","Warrington 021F","E01012518",846,632,298,334,29,84,41,43,95,89,6,6
"2011","Warrington 021G","E01012519",635,528,292,236,1,46,30,16,53,46,7,7
"2011","Warrington 022A","E01012485",660,488,236,252,16,117,6,111,35,31,4,4
"2011","Warrington 022B","E01012486",631,574,276,298,3,9,0,9,34,32,2,11
"2011","Warrington 022C","E01012487",652,574,281,293,2,32,13,19,41,39,2,3
"2011","Warrington 022D","E01012489",681,640,311,329,0,4,3,1,34,31,3,3
"2011","Warrington 022E","E01012490",629,589,354,235,1,3,0,3,30,25,5,6
"2011","Warrington 023A","E01012450",633,520,317,203,35,29,17,12,40,38,2,9
"2011","Warrington 023B","E01012451",648,415,193,222,1,185,127,58,42,30,12,5
"2011","Warrington 023C","E01012557",755,546,223,323,0,36,24,12,157,142,15,16
"2011","Warrington 023D","E01012558",749,617,266,351,1,5,1,4,121,106,15,5
"2011","Warrington 023E","E01012559",593,547,269,278,0,16,2,14,27,22,5,3
"2011","Warrington 023F","E01012560",631,458,230,228,3,139,36,103,27,23,4,4
"2011","Warrington 024A","E01012448",498,463,219,244,1,5,3,2,29,27,2,0
"2011","Warrington 024B","E01012488",716,660,392,268,0,4,3,1,45,33,12,7
"2011","Warrington 024C","E01012502",629,580,271,309,0,6,3,3,36,31,5,7
"2011","Warrington 024D","E01012503",559,476,188,288,1,9,6,3,64,57,7,9
"2011","Warrington 025A","E01012446",527,512,276,236,0,6,3,3,9,9,0,0
"2011","Warrington 025B","E01012447",494,481,191,290,0,1,0,1,8,8,0,4
"2011","Warrington 025C","E01012449",641,624,400,224,1,2,1,1,13,8,5,1
"2011","Warrington 025D","E01012452",732,693,403,290,0,0,0,0,37,35,2,2
"2011","Allerdale 001A","E01019126",755,456,252,204,1,177,19,158,103,94,9,18
"2011","Allerdale 001B","E01019127",707,630,446,184,3,18,3,15,46,36,10,10
"2011","Allerdale 001C","E01019132",728,605,362,243,0,41,9,32,67,55,12,15
"2011","Allerdale 001D","E01019134",670,525,325,200,1,103,12,91,31,28,3,10
"2011","Allerdale 001E","E01019135",676,384,191,193,0,246,27,219,39,34,5,7
"2011","Allerdale 001F","E01019136",648,537,272,265,0,54,7,47,48,44,4,9
"2011","Allerdale 001G","E01019137",521,311,160,151,0,83,15,68,118,112,6,9
"2011","Allerdale 002A","E01019083",784,593,419,174,7,43,1,42,122,94,28,19
"2011","Allerdale 002B","E01019107",683,597,376,221,2,19,4,15,51,44,7,14
"2011","Allerdale 002C","E01019130",697,566,359,207,5,43,9,34,64,51,13,19
"2011","Allerdale 002D","E01019131",781,628,427,201,4,29,6,23,99,88,11,21
"2011","Allerdale 003A","E01019081",825,486,248,238,1,282,37,245,47,40,7,9
"2011","Allerdale 003B","E01019082",677,497,291,206,1,60,8,52,107,87,20,12
"2011","Allerdale 003C","E01019102",734,511,322,189,6,82,3,79,121,104,17,14
"2011","Allerdale 003D","E01019128",681,532,321,211,0,64,5,59,68,64,4,17
"2011","Allerdale 003E","E01019133",663,519,308,211,6,52,2,50,70,62,8,16
"2011","Allerdale 004A","E01019093",646,510,267,243,1,69,5,64,59,52,7,7
"2011","Allerdale 004B","E01019094",721,549,323,226,2,125,11,114,36,31,5,9
"2011","Allerdale 004C","E01019096",979,806,447,359,2,120,10,110,46,35,11,5
"2011","Allerdale 004D","E01019114",625,487,280,207,1,35,0,35,94,88,6,8
"2011","Allerdale 004E","E01019115",784,443,238,205,5,213,25,188,111,96,15,12
"2011","Allerdale 005A","E01019095",680,272,144,128,1,323,52,271,67,58,9,17
"2011","Allerdale 005B","E01019097",758,236,117,119,1,472,46,426,33,26,7,16
"2011","Allerdale 005C","E01019098",711,497,266,231,0,172,16,156,36,31,5,6
"2011","Allerdale 005D","E01019099",749,449,244,205,0,234,36,198,57,48,9,9
"2011","Allerdale 006A","E01019084",653,436,215,221,0,153,14,139,58,47,11,6
"2011","Allerdale 006B","E01019085",616,532,280,252,3,33,7,26,42,39,3,6
"2011","Allerdale 006C","E01019086",460,375,230,145,2,26,0,26,51,45,6,6
"2011","Allerdale 006D","E01019088",949,531,300,231,14,168,16,152,212,196,16,24
"2011","Allerdale 006E","E01019091",776,641,407,234,1,16,1,15,106,97,9,12
"2011","Allerdale 007A","E01019078",659,595,375,220,0,19,3,16,42,39,3,3
"2011","Allerdale 007B","E01019079",645,512,307,205,9,80,17,63,37,28,9,7
"2011","Allerdale 007C","E01019080",835,438,237,201,17,242,46,196,124,107,17,14
"2011","Allerdale 007D","E01019087",699,611,359,252,13,23,2,21,43,38,5,9
"2011","Allerdale 007E","E01019090",675,509,357,152,2,15,0,15,122,98,24,27
"2011","Allerdale 008A","E01019116",611,364,158,206,2,94,7,87,141,127,14,10
"2011","Allerdale 008B","E01019118",661,501,212,289,2,12,1,11,143,135,8,3
"2011","Allerdale 008C","E01019122",668,288,147,141,7,304,60,244,54,51,3,15
"2011","Allerdale 008D","E01019123",667,403,218,185,0,237,30,207,25,19,6,2
"2011","Allerdale 008E","E01019124",840,786,372,414,0,22,5,17,25,21,4,7
"2011","Allerdale 008F","E01019125",694,596,340,256,0,40,5,35,53,49,4,5
"2011","Allerdale 009A","E01019111",687,341,171,170,2,280,39,241,60,51,9,4
"2011","Allerdale 009B","E01019112",760,306,176,130,0,404,55,349,30,26,4,20
"2011","Allerdale 009C","E01019113",837,237,109,128,3,535,86,449,52,39,13,10
"2011","Allerdale 009D","E01019120",812,622,289,333,1,63,11,52,109,96,13,17
"2011","Allerdale 009E","E01019121",1036,530,278,252,0,278,41,237,203,188,15,25
"2011","Allerdale 010A","E01019108",629,267,119,148,0,329,26,303,24,19,5,9
"2011","Allerdale 010B","E01019109",752,464,245,219,5,241,55,186,26,18,8,16
"2011","Allerdale 010C","E01019110",865,319,158,161,8,492,97,395,29,20,9,17
"2011","Allerdale 010D","E01019117",579,519,267,252,1,20,1,19,39,33,6,0
"2011","Allerdale 010E","E01019119",636,564,356,208,31,13,5,8,23,21,2,5
"2011","Allerdale 011A","E01019089",710,438,217,221,0,202,29,173,55,51,4,15
"2011","Allerdale 011B","E01019100",718,610,305,305,0,33,3,30,67,61,6,8
"2011","Allerdale 011C","E01019101",619,583,348,235,1,9,1,8,22,19,3,4
"2011","Allerdale 011D","E01019129",702,649,351,298,0,3,0,3,43,41,2,7
"2011","Allerdale 012A","E01019092",642,502,344,158,4,48,5,43,67,42,25,21
"2011","Allerdale 012B","E01019103",516,341,195,146,0,132,40,92,30,26,4,13
"2011","Allerdale 012C","E01019104",699,371,261,110,9,231,21,210,68,53,15,20
"2011","Allerdale 012D","E01019105",525,309,198,111,5,69,11,58,125,109,16,17
"2011","Allerdale 012E","E01019106",630,501,380,121,8,63,15,48,52,44,8,6
"2011","Barrow-in-Furness 001A","E01019144",590,507,268,239,1,25,25,0,50,42,8,7
"2011","Barrow-in-Furness 001B","E01019145",837,756,344,412,1,0,0,0,69,59,10,11
"2011","Barrow-in-Furness 001C","E01019146",583,504,262,242,1,22,5,17,47,39,8,9
"2011","Barrow-in-Furness 001D","E01019147",670,545,229,316,1,6,5,1,108,95,13,10
"2011","Barrow-in-Furness 002A","E01019148",603,564,312,252,0,8,6,2,27,21,6,4
"2011","Barrow-in-Furness 002B","E01019149",653,528,238,290,1,22,8,14,93,83,10,9
"2011","Barrow-in-Furness 002C","E01019150",739,536,233,303,1,104,84,20,90,87,3,8
"2011","Barrow-in-Furness 002D","E01019151",623,503,262,241,1,81,81,0,28,21,7,10
"2011","Barrow-in-Furness 003A","E01019152",461,406,237,169,1,7,2,5,41,24,17,6
"2011","Barrow-in-Furness 003B","E01019153",460,443,253,190,0,1,1,0,14,11,3,2
"2011","Barrow-in-Furness 003C","E01019154",615,585,426,159,0,5,4,1,21,19,2,4
"2011","Barrow-in-Furness 003D","E01019155",680,638,491,147,1,0,0,0,31,19,12,10
"2011","Barrow-in-Furness 003E","E01019162",630,593,323,270,1,2,1,1,32,24,8,2
"2011","Barrow-in-Furness 003F","E01019163",504,462,250,212,1,2,1,1,36,29,7,3
"2011","Barrow-in-Furness 004A","E01019156",766,270,126,144,0,356,249,107,127,112,15,13
"2011","Barrow-in-Furness 004B","E01019159",505,384,178,206,1,20,12,8,91,86,5,9
"2011","Barrow-in-Furness 004C","E01019164",609,191,69,122,0,369,359,10,39,36,3,10
"2011","Barrow-in-Furness 004D","E01019165",659,419,170,249,1,165,133,32,63,51,12,11
"2011","Barrow-in-Furness 004E","E01019166",650,409,166,243,2,146,144,2,80,77,3,13
"2011","Barrow-in-Furness 005A","E01019167",723,597,254,343,1,11,10,1,105,98,7,9
"2011","Barrow-in-Furness 005B","E01019168",613,488,240,248,1,51,25,26,65,62,3,8
"2011","Barrow-in-Furness 005C","E01019169",515,464,204,260,0,4,2,2,45,38,7,2
"2011","Barrow-in-Furness 005D","E01019170",506,455,169,286,1,2,1,1,42,35,7,6
"2011","Barrow-in-Furness 005E","E01019171",633,458,183,275,0,8,5,3,157,147,10,10
"2011","Barrow-in-Furness 006A","E01019161",694,563,245,318,2,101,98,3,25,24,1,3
"2011","Barrow-in-Furness 006B","E01019176",708,682,395,287,0,4,3,1,19,15,4,3
"2011","Barrow-in-Furness 006C","E01019177",598,385,163,222,0,164,159,5,44,38,6,5
"2011","Barrow-in-Furness 006D","E01019178",704,631,310,321,0,5,3,2,56,44,12,12
"2011","Barrow-in-Furness 006E","E01019179",520,478,245,233,1,9,8,1,28,26,2,4
"2011","Barrow-in-Furness 007A","E01019140",483,206,103,103,0,181,100,81,91,85,6,5
"2011","Barrow-in-Furness 007B","E01019160",617,357,114,243,5,222,214,8,23,20,3,10
"2011","Barrow-in-Furness 007C","E01019172",641,458,203,255,1,15,12,3,153,141,12,14
"2011","Barrow-in-Furness 007D","E01019173",619,415,190,225,0,51,44,7,149,130,19,4
"2011","Barrow-in-Furness 007E","E01019174",472,305,118,187,0,107,105,2,54,45,9,6
"2011","Barrow-in-Furness 007F","E01019175",594,449,197,252,1,99,89,10,43,35,8,2
"2011","Barrow-in-Furness 008A","E01019141",692,260,129,131,0,147,46,101,280,259,21,5
"2011","Barrow-in-Furness 008B","E01019142",701,415,193,222,2,17,1,16,259,241,18,8
"2011","Barrow-in-Furness 008C","E01019143",718,336,167,169,2,115,24,91,259,240,19,6
"2011","Barrow-in-Furness 008D","E01019157",743,374,197,177,0,72,32,40,286,269,17,11
"2011","Barrow-in-Furness 008E","E01019158",568,317,144,173,1,51,13,38,192,179,13,7
"2011","Barrow-in-Furness 009A","E01019180",942,858,592,266,1,12,11,1,64,55,9,7
"2011","Barrow-in-Furness 009C","E01019182",625,531,275,256,0,27,6,21,61,56,5,6
"2011","Barrow-in-Furness 009E","E01019184",633,496,225,271,0,46,40,6,86,78,8,5
"2011","Barrow-in-Furness 009F","E01033160",888,563,215,348,0,250,240,10,60,52,8,15
"2011","Barrow-in-Furness 010A","E01019138",609,438,237,201,0,27,25,2,137,115,22,7
"2011","Barrow-in-Furness 010B","E01019139",856,224,105,119,0,216,175,41,410,398,12,6
"2011","Barrow-in-Furness 010C","E01019185",614,570,312,258,0,11,10,1,31,25,6,2
"2011","Barrow-in-Furness 010D","E01019186",601,496,254,242,1,7,4,3,94,87,7,3
"2011","Barrow-in-Furness 010E","E01019187",557,426,208,218,1,81,79,2,37,33,4,12
"2011","Carlisle 001A","E01019226",481,384,240,144,2,17,4,13,69,64,5,9
"2011","Carlisle 001B","E01019227",674,373,183,190,0,212,47,165,76,65,11,13
"2011","Carlisle 001C","E01019228",658,469,279,190,2,20,3,17,140,123,17,27
"2011","Carlisle 001D","E01019229",816,664,425,239,3,24,6,18,93,82,11,32
"2011","Carlisle 002A","E01019200",727,502,333,169,5,93,21,72,113,92,21,14
"2011","Carlisle 002B","E01019201",668,373,201,172,1,180,24,156,101,92,9,13
"2011","Carlisle 002C","E01019202",710,417,173,244,0,175,22,153,103,87,16,15
"2011","Carlisle 002D","E01019225",843,665,408,257,3,34,8,26,124,102,22,17
"2011","Carlisle 003A","E01019188",651,472,216,256,8,96,9,87,72,65,7,3
"2011","Carlisle 003B","E01019189",666,456,171,285,14,74,12,62,115,98,17,7
"2011","Carlisle 003C","E01019190",693,635,379,256,19,3,1,2,32,25,7,4
"2011","Carlisle 003D","E01019191",689,570,316,254,2,33,6,27,77,71,6,7
"2011","Carlisle 003E","E01019244",636,573,338,235,0,5,0,5,51,46,5,7
"2011","Carlisle 004A","E01019196",837,615,276,339,10,101,18,83,107,98,9,4
"2011","Carlisle 004B","E01019238",595,524,276,248,1,16,4,12,49,45,4,5
"2011","Carlisle 004C","E01019240",715,622,305,317,1,17,3,14,68,65,3,7
"2011","Carlisle 004D","E01019241",679,595,361,234,20,41,2,39,23,21,2,0
"2011","Carlisle 004E","E01019243",637,487,266,221,72,10,0,10,60,52,8,8
"2011","Carlisle 004F","E01019251",754,640,340,300,3,29,4,25,78,68,10,4
"2011","Carlisle 005A","E01019192",621,567,327,240,0,7,1,6,43,37,6,4
"2011","Carlisle 005B","E01019195",551,475,234,241,1,11,1,10,60,53,7,4
"2011","Carlisle 005C","E01019203",871,740,434,306,11,43,4,39,69,59,10,8
"2011","Carlisle 005D","E01019254",601,523,259,264,1,40,7,33,25,22,3,12
"2011","Carlisle 005E","E01019255",553,519,246,273,0,11,1,10,19,17,2,4
"2011","Carlisle 006A","E01019204",618,260,122,138,2,86,7,79,257,240,17,13
"2011","Carlisle 006B","E01019206",785,300,154,146,4,56,3,53,409,396,13,16
"2011","Carlisle 006C","E01019234",899,312,161,151,1,295,46,249,260,232,28,31
"2011","Carlisle 006D","E01019235",674,492,241,251,40,13,0,13,126,116,10,3
"2011","Carlisle 006E","E01019237",610,430,210,220,0,35,1,34,139,131,8,6
"2011","Carlisle 006F","E01019242",615,396,218,178,25,91,6,85,98,93,5,5
"2011","Carlisle 007A","E01019219",940,736,430,306,2,54,9,45,134,122,12,14
"2011","Carlisle 007B","E01019224",897,743,450,293,0,54,5,49,82,74,8,18
"2011","Carlisle 007C","E01019239",623,521,302,219,1,20,0,20,69,61,8,12
"2011","Carlisle 007D","E01019249",672,572,388,184,1,7,3,4,80,63,17,12
"2011","Carlisle 007E","E01019250",588,486,260,226,2,38,2,36,50,46,4,12
"2011","Carlisle 008A","E01019205",834,390,176,214,0,184,27,157,244,218,26,16
"2011","Carlisle 008B","E01019207",689,391,157,234,0,135,28,107,158,142,16,5
"2011","Carlisle 008C","E01019215",742,406,194,212,3,180,17,163,150,137,13,3
"2011","Carlisle 008D","E01019218",617,367,156,211,1,146,29,117,92,80,12,11
"2011","Carlisle 008E","E01019233",637,512,305,207,1,89,20,69,30,24,6,5
"2011","Carlisle 009A","E01019193",662,261,96,165,2,343,92,251,44,42,2,12
"2011","Carlisle 009B","E01019194",864,551,188,363,2,223,42,181,84,73,11,4
"2011","Carlisle 009C","E01019230",799,468,216,252,6,260,41,219,52,42,10,13
"2011","Carlisle 009D","E01019231",826,395,182,213,1,393,76,317,22,20,2,15
"2011","Carlisle 009E","E01019232",651,494,263,231,1,97,15,82,48,41,7,11
"2011","Carlisle 009F","E01019252",673,467,239,228,1,157,24,133,40,31,9,8
"2011","Carlisle 010A","E01019209",683,446,159,287,1,126,20,106,100,91,9,10
"2011","Carlisle 010B","E01019211",850,551,213,338,2,17,4,13,267,240,27,13
"2011","Carlisle 010C","E01019216",848,439,189,250,2,116,9,107,280,265,15,11
"2011","Carlisle 010D","E01019217",915,511,201,310,0,81,12,69,311,287,24,12
"2011","Carlisle 010E","E01019220",708,472,204,268,0,49,10,39,180,175,5,7
"2011","Carlisle 010F","E01019236",752,382,161,221,2,47,4,43,319,295,24,2
"2011","Carlisle 011A","E01019197",887,337,133,204,2,484,93,391,51,44,7,13
"2011","Carlisle 011B","E01019198",637,377,116,261,2,179,35,144,67,60,7,12
"2011","Carlisle 011C","E01019199",494,284,115,169,0,176,41,135,26,21,5,8
"2011","Carlisle 011D","E01019221",862,554,185,369,1,186,44,142,110,97,13,11
"2011","Carlisle 011E","E01019222",734,433,150,283,1,223,46,177,64,58,6,13
"2011","Carlisle 011F","E01019245",666,249,86,163,2,346,66,280,61,53,8,8
"2011","Carlisle 012A","E01019208",624,392,166,226,0,185,37,148,42,37,5,5
"2011","Carlisle 012B","E01019210",588,347,162,185,3,194,40,154,37,31,6,7
"2011","Carlisle 012C","E01019246",621,352,173,179,23,202,32,170,32,26,6,12
"2011","Carlisle 012D","E01019247",656,479,257,222,0,113,20,93,53,48,5,11
"2011","Carlisle 012E","E01019248",518,238,91,147,0,232,44,188,37,30,7,11
"2011","Carlisle 013A","E01019212",640,496,338,158,2,17,6,11,104,87,17,21
"2011","Carlisle 013B","E01019213",1155,931,449,482,1,54,6,48,155,144,11,14
"2011","Carlisle 013C","E01019214",826,660,431,229,3,65,6,59,82,71,11,16
"2011","Carlisle 013D","E01019223",669,582,336,246,9,34,5,29,38,36,2,6
"2011","Carlisle 013E","E01019253",768,677,345,332,1,20,2,18,63,52,11,7
"2011","Copeland 001A","E01019268",489,407,235,172,0,31,1,30,44,38,6,7
"2011","Copeland 001B","E01019269",680,321,151,170,0,308,92,216,38,36,2,13
"2011","Copeland 001C","E01019270",594,391,177,214,0,153,55,98,41,38,3,9
"2011","Copeland 001D","E01019297",546,426,192,234,0,65,22,43,50,45,5,5
"2011","Copeland 002A","E01019260",635,477,189,288,0,106,60,46,42,36,6,10
"2011","Copeland 002B","E01019280",1030,326,201,125,24,448,172,276,204,181,23,28
"2011","Copeland 002C","E01019281",569,398,230,168,31,85,30,55,40,37,3,15
"2011","Copeland 002D","E01019282",501,386,168,218,1,66,35,31,43,41,2,5
"2011","Copeland 003A","E01019261",686,652,316,336,0,13,5,8,20,20,0,1
"2011","Copeland 003B","E01019262",726,636,260,376,1,39,14,25,46,36,10,4
"2011","Copeland 003C","E01019284",582,351,157,194,0,187,43,144,36,26,10,8
"2011","Copeland 003D","E01019285",645,423,179,244,0,148,94,54,69,50,19,5
"2011","Copeland 003E","E01019286",630,470,262,208,0,85,31,54,70,57,13,5
"2011","Copeland 003F","E01019287",510,485,258,227,0,10,4,6,13,11,2,2
"2011","Copeland 003G","E01019288",546,520,229,291,0,6,4,2,16,14,2,4
"2011","Copeland 004A","E01019256",660,539,297,242,3,45,12,33,60,55,5,13
"2011","Copeland 004B","E01019263",491,266,141,125,0,189,45,144,33,28,5,3
"2011","Copeland 004C","E01019264",701,558,245,313,1,96,25,71,38,36,2,8
"2011","Copeland 004D","E01019265",612,392,205,187,1,136,33,103,80,74,6,3
"2011","Copeland 004E","E01019266",642,487,246,241,3,66,22,44,80,71,9,6
"2011","Copeland 004F","E01019267",603,269,154,115,1,293,65,228,34,28,6,6
"2011","Copeland 004G","E01019276",447,361,228,133,2,29,7,22,45,37,8,10
"2011","Copeland 004H","E01019277",552,285,151,134,0,223,89,134,34,28,6,10
"2011","Copeland 004I","E01019278",570,479,250,229,1,33,5,28,45,38,7,12
"2011","Copeland 005A","E01019291",599,375,174,201,0,157,55,102,57,51,6,10
"2011","Copeland 005B","E01019292",504,431,243,188,1,36,19,17,31,25,6,5
"2011","Copeland 005C","E01019294",619,433,200,233,1,150,86,64,28,21,7,7
"2011","Copeland 005D","E01019295",609,283,113,170,0,292,207,85,27,25,2,7
"2011","Copeland 005E","E01019296",595,397,167,230,0,163,76,87,23,17,6,12
"2011","Copeland 005F","E01019301",634,171,90,81,0,396,234,162,51,47,4,16
"2011","Copeland 005G","E01019302",423,305,154,151,2,71,40,31,41,31,10,4
"2011","Copeland 006A","E01019271",582,359,181,178,1,183,63,120,35,26,9,4
"2011","Copeland 006B","E01019272",609,369,159,210,0,175,105,70,58,48,10,7
"2011","Copeland 006C","E01019273",687,560,280,280,1,54,18,36,67,60,7,5
"2011","Copeland 006D","E01019274",790,488,260,228,2,193,77,116,96,84,12,11
"2011","Copeland 006E","E01019275",937,715,363,352,0,162,61,101,49,39,10,11
"2011","Copeland 007A","E01019257",643,508,298,210,0,89,41,48,40,37,3,6
"2011","Copeland 007B","E01019258",666,578,317,261,0,23,3,20,51,47,4,14
"2011","Copeland 007C","E01019279",644,522,367,155,3,28,1,27,80,71,9,11
"2011","Copeland 007D","E01019300",737,611,310,301,4,29,11,18,86,74,12,7
"2011","Copeland 007E","E01019303",654,575,306,269,0,12,4,8,57,52,5,10
"2011","Copeland 007F","E01019304",582,479,331,148,2,31,5,26,55,43,12,15
"2011","Copeland 008A","E01019259",584,419,278,141,2,53,14,39,91,81,10,19
"2011","Copeland 008B","E01019283",574,466,285,181,0,56,13,43,43,37,6,9
"2011","Copeland 008C","E01019289",598,407,229,178,2,151,14,137,31,26,5,7
"2011","Copeland 008D","E01019290",463,339,167,172,1,41,17,24,76,69,7,6
"2011","Copeland 008E","E01019293",571,477,301,176,2,20,2,18,57,48,9,15
"2011","Copeland 008F","E01019298",682,538,322,216,1,72,14,58,61,50,11,10
"2011","Copeland 008G","E01019299",903,561,299,262,2,171,27,144,153,145,8,16
"2011","Eden 001A","E01019305",996,673,412,261,5,137,24,113,155,137,18,26
"2011","Eden 001B","E01019314",531,409,263,146,1,32,0,32,74,62,12,15
"2011","Eden 001C","E01019320",600,450,284,166,1,38,6,32,93,84,9,18
"2011","Eden 001D","E01019321",644,477,291,186,12,55,6,49,81,70,11,19
"2011","Eden 002A","E01019315",732,561,346,215,2,28,8,20,120,114,6,21
"2011","Eden 002B","E01019316",528,383,209,174,0,11,3,8,106,98,8,28
"2011","Eden 002C","E01019322",625,424,262,162,10,69,12,57,104,92,12,18
"2011","Eden 002D","E01019338",608,456,291,165,2,13,2,11,110,97,13,27
"2011","Eden 003A","E01019327",667,389,213,176,1,152,19,133,114,97,17,11
"2011","Eden 003B","E01019332",663,338,178,160,1,237,30,207,76,68,8,11
"2011","Eden 003C","E01019333",536,270,139,131,7,135,21,114,118,99,19,6
"2011","Eden 003D","E01019335",656,386,153,233,7,150,20,130,98,90,8,15
"2011","Eden 003E","E01019336",832,448,194,254,25,142,22,120,199,179,20,18
"2011","Eden 004A","E01019312",635,515,350,165,0,28,1,27,84,69,15,8
"2011","Eden 004B","E01019326",696,575,365,210,20,30,3,27,67,57,10,4
"2011","Eden 004C","E01019328",533,449,266,183,4,51,12,39,27,23,4,2
"2011","Eden 004D","E01019329",501,414,272,142,0,11,3,8,62,54,8,14
"2011","Eden 004E","E01019330",656,457,274,183,2,55,13,42,133,113,20,9
"2011","Eden 004F","E01019331",666,509,278,231,5,73,13,60,71,65,6,8
"2011","Eden 004G","E01019334",624,481,298,183,20,61,8,53,51,41,10,11
"2011","Eden 005A","E01019308",620,330,233,97,2,118,9,109,150,122,28,20
"2011","Eden 005B","E01019311",637,470,302,168,5,36,8,28,114,96,18,12
"2011","Eden 005C","E01019313",639,464,331,133,2,51,10,41,97,82,15,25
"2011","Eden 005D","E01019339",595,438,312,126,4,40,0,40,86,68,18,27
"2011","Eden 006A","E01019306",651,421,286,135,7,92,7,85,121,110,11,10
"2011","Eden 006B","E01019307",764,539,332,207,45,49,6,43,124,107,17,7
"2011","Eden 006C","E01019310",574,424,265,159,3,20,1,19,110,98,12,17
"2011","Eden 006D","E01019319",640,438,249,189,1,63,5,58,113,98,15,25
"2011","Eden 006E","E01019323",538,433,278,155,2,14,1,13,68,57,11,21
"2011","Eden 006F","E01019324",532,414,269,145,4,13,1,12,88,80,8,13
"2011","Eden 006G","E01019337",620,450,276,174,3,68,13,55,83,71,12,16
"2011","Eden 007A","E01019309",982,707,468,239,4,50,4,46,191,170,21,30
"2011","Eden 007B","E01019317",549,464,329,135,0,8,0,8,67,55,12,10
"2011","Eden 007C","E01019318",621,330,213,117,0,135,14,121,137,122,15,19
"2011","Eden 007D","E01019325",589,448,270,178,2,41,2,39,88,79,9,10
"2011","Eden 007E","E01019340",563,424,297,127,2,15,0,15,105,92,13,17
"2011","South Lakeland 001A","E01019374",708,355,220,135,3,193,94,99,140,128,12,17
"2011","South Lakeland 001B","E01019375",690,447,340,107,2,117,57,60,102,91,11,22
"2011","South Lakeland 001C","E01019376",576,303,235,68,4,137,49,88,108,80,28,24
"2011","South Lakeland 001D","E01019395",950,524,379,145,7,173,60,113,228,207,21,18
"2011","South Lakeland 002A","E01019387",960,721,496,225,11,73,48,25,138,116,22,17
"2011","South Lakeland 002B","E01019396",937,664,434,230,6,99,38,61,161,146,15,7
"2011","South Lakeland 002C","E01019397",899,542,365,177,11,79,47,32,237,218,19,30
"2011","South Lakeland 002D","E01019398",481,259,106,153,2,132,118,14,82,71,11,6
"2011","South Lakeland 002E","E01019399",461,300,152,148,2,106,78,28,38,35,3,15
"2011","South Lakeland 003A","E01019346",849,569,345,224,4,151,65,86,114,98,16,11
"2011","South Lakeland 003B","E01019359",953,605,289,316,2,238,170,68,90,75,15,18
"2011","South Lakeland 003C","E01019365",1006,748,396,352,7,46,16,30,191,178,13,14
"2011","South Lakeland 003D","E01019370",1057,790,419,371,4,57,51,6,191,173,18,15
"2011","South Lakeland 004A","E01019360",1059,583,335,248,9,119,67,52,333,310,23,15
"2011","South Lakeland 004B","E01019363",949,536,297,239,2,172,122,50,227,207,20,12
"2011","South Lakeland 004C","E01019364",841,426,182,244,1,262,240,22,129,117,12,23
"2011","South Lakeland 004D","E01019371",934,567,280,287,9,247,131,116,96,84,12,15
"2011","South Lakeland 005A","E01019358",790,632,387,245,7,62,54,8,79,75,4,10
"2011","South Lakeland 005B","E01019362",900,808,464,344,4,6,4,2,70,63,7,12
"2011","South Lakeland 005C","E01019366",781,618,353,265,3,79,61,18,69,63,6,12
"2011","South Lakeland 005D","E01019394",926,760,468,292,3,28,20,8,115,101,14,20
"2011","South Lakeland 006A","E01019361",797,660,364,296,3,61,3,58,67,55,12,6
"2011","South Lakeland 006B","E01019367",1091,834,391,443,8,104,76,28,137,122,15,8
"2011","South Lakeland 006C","E01019368",840,748,360,388,5,12,5,7,70,65,5,5
"2011","South Lakeland 006D","E01019369",869,736,478,258,1,70,21,49,51,43,8,11
"2011","South Lakeland 007A","E01019356",684,395,297,98,4,84,29,55,170,150,20,31
"2011","South Lakeland 007B","E01019381",923,710,446,264,6,41,24,17,143,127,16,23
"2011","South Lakeland 007C","E01019386",797,556,376,180,2,36,24,12,185,165,20,18
"2011","South Lakeland 008A","E01019344",468,368,255,113,0,32,14,18,60,50,10,8
"2011","South Lakeland 008B","E01019345",530,433,283,150,1,32,29,3,56,41,15,8
"2011","South Lakeland 008C","E01019350",735,485,359,126,8,88,35,53,131,97,34,23
"2011","South Lakeland 008D","E01019351",760,594,371,223,1,32,20,12,122,107,15,11
"2011","South Lakeland 009A","E01019372",557,317,229,88,3,94,78,16,124,109,15,19
"2011","South Lakeland 009B","E01019373",543,373,237,136,14,24,16,8,110,99,11,22
"2011","South Lakeland 009C","E01019384",973,749,522,227,4,33,14,19,158,126,32,29
"2011","South Lakeland 009D","E01019385",588,342,211,131,1,115,102,13,110,81,29,20
"2011","South Lakeland 010A","E01019348",518,434,251,183,3,3,2,1,70,61,9,8
"2011","South Lakeland 010B","E01019352",902,740,419,321,4,18,16,2,122,106,16,18
"2011","South Lakeland 010C","E01019377",805,665,454,211,4,34,15,19,83,69,14,19
"2011","South Lakeland 010D","E01019383",882,761,538,223,3,19,12,7,85,83,2,14
"2011","South Lakeland 011A","E01019341",752,681,473,208,3,22,12,10,37,32,5,9
"2011","South Lakeland 011B","E01019342",508,372,261,111,2,76,16,60,51,45,6,7
"2011","South Lakeland 011C","E01019343",668,546,364,182,0,29,28,1,78,65,13,15
"2011","South Lakeland 011D","E01019347",781,633,335,298,3,44,36,8,94,84,10,7
"2011","South Lakeland 011E","E01019382",947,658,376,282,3,155,133,22,118,103,15,13
"2011","South Lakeland 012A","E01019388",774,530,290,240,1,152,137,15,79,65,14,12
"2011","South Lakeland 012B","E01019389",1005,658,274,384,1,220,207,13,117,108,9,9
"2011","South Lakeland 012C","E01019390",960,692,388,304,12,82,75,7,155,134,21,19
"2011","South Lakeland 012D","E01019392",1006,593,317,276,5,143,103,40,244,225,19,21
"2011","South Lakeland 013A","E01019349",822,684,453,231,1,47,27,20,80,64,16,10
"2011","South Lakeland 013B","E01019353",695,550,359,191,1,73,56,17,64,50,14,7
"2011","South Lakeland 013C","E01019354",737,526,414,112,2,97,85,12,86,73,13,26
"2011","South Lakeland 013D","E01019355",659,602,473,129,2,3,2,1,44,38,6,8
"2011","South Lakeland 013E","E01019357",831,606,381,225,10,33,12,21,146,132,14,36
"2011","South Lakeland 014A","E01019378",688,594,311,283,2,48,46,2,38,33,5,6
"2011","South Lakeland 014B","E01019379",633,529,347,182,0,36,33,3,57,53,4,11
"2011","South Lakeland 014C","E01019380",474,429,269,160,1,6,5,1,34,31,3,4
"2011","South Lakeland 014D","E01019391",739,636,366,270,2,62,29,33,37,30,7,2
"2011","South Lakeland 014E","E01019393",904,791,559,232,2,17,5,12,82,74,8,12
"2011","Bolton 001A","E01004768",605,569,241,328,0,5,3,2,29,24,5,2
"2011","Bolton 001B","E01004803",709,577,307,270,1,1,0,1,120,113,7,10
"2011","Bolton 001C","E01004804",602,548,298,250,0,17,16,1,34,29,5,3
"2011","Bolton 001D","E01004807",543,480,160,320,2,1,1,0,59,50,9,1
"2011","Bolton 001E","E01004808",687,619,326,293,1,3,2,1,58,55,3,6
"2011","Bolton 002A","E01004788",609,577,346,231,0,2,1,1,28,25,3,2
"2011","Bolton 002B","E01004790",644,513,289,224,1,73,0,73,54,47,7,3
"2011","Bolton 002C","E01004805",676,600,336,264,0,20,17,3,56,53,3,0
"2011","Bolton 002D","E01004806",650,576,363,213,1,19,18,1,47,40,7,7
"2011","Bolton 002E","E01004810",626,562,216,346,3,15,10,5,41,37,4,5
"2011","Bolton 003A","E01004769",685,618,283,335,4,2,1,1,55,47,8,6
"2011","Bolton 003B","E01004770",616,562,333,229,3,6,6,0,41,35,6,4
"2011","Bolton 003C","E01004771",636,578,292,286,1,1,1,0,49,43,6,7
"2011","Bolton 003D","E01004773",852,564,252,312,4,14,10,4,248,235,13,22
"2011","Bolton 003E","E01004809",893,561,246,315,5,155,108,47,159,144,15,13
"2011","Bolton 004A","E01004777",705,410,158,252,16,141,36,105,128,122,6,10
"2011","Bolton 004B","E01004881",748,407,211,196,2,190,125,65,135,114,21,14
"2011","Bolton 004C","E01004888",554,383,173,210,1,138,129,9,23,20,3,9
"2011","Bolton 004D","E01004889",608,387,178,209,5,154,133,21,54,43,11,8
"2011","Bolton 004E","E01004890",673,487,237,250,7,26,9,17,143,130,13,10
"2011","Bolton 005A","E01004766",795,490,243,247,4,112,70,42,166,146,20,23
"2011","Bolton 005B","E01004767",768,506,249,257,4,57,26,31,191,184,7,10
"2011","Bolton 005C","E01004772",731,324,105,219,0,359,336,23,39,35,4,9
"2011","Bolton 005D","E01004774",706,452,168,284,1,152,135,17,89,82,7,12
"2011","Bolton 005E","E01004824",496,333,214,119,0,80,15,65,70,63,7,13
"2011","Bolton 006A","E01004784",508,486,266,220,1,4,0,4,16,9,7,1
"2011","Bolton 006B","E01004785",641,514,283,231,1,84,53,31,36,29,7,6
"2011","Bolton 006C","E01004786",648,540,288,252,13,54,6,48,37,32,5,4
"2011","Bolton 006D","E01004789",591,551,313,238,1,4,1,3,33,25,8,2
"2011","Bolton 006E","E01004791",607,513,289,224,3,33,26,7,45,38,7,13
"2011","Bolton 006F","E01004792",642,604,365,239,0,1,0,1,32,29,3,5
"2011","Bolton 007A","E01004779",588,429,135,294,0,100,92,8,56,50,6,3
"2011","Bolton 007B","E01004781",792,582,211,371,6,43,5,38,154,145,9,7
"2011","Bolton 007C","E01004882",594,430,191,239,1,93,37,56,66,61,5,4
"2011","Bolton 007D","E01004883",627,505,223,282,2,18,9,9,99,91,8,3
"2011","Bolton 007E","E01004884",685,621,371,250,1,12,7,5,46,41,5,5
"2011","Bolton 008A","E01004864",697,528,229,299,3,62,33,29,98,86,12,6
"2011","Bolton 008B","E01004867",632,455,211,244,4,48,21,27,120,105,15,5
"2011","Bolton 008C","E01004921",737,569,292,277,0,59,34,25,99,89,10,10
"2011","Bolton 008D","E01004924",604,560,276,284,0,9,7,2,33,29,4,2
"2011","Bolton 008E","E01004925",646,550,266,284,3,26,4,22,59,48,11,8
"2011","Bolton 009A","E01004778",517,453,260,193,0,18,16,2,43,39,4,3
"2011","Bolton 009B","E01004780",871,735,312,423,2,17,10,7,110,102,8,7
"2011","Bolton 009C","E01004782",494,322,146,176,0,133,126,7,31,26,5,8
"2011","Bolton 009D","E01004783",636,567,288,279,4,13,12,1,45,40,5,7
"2011","Bolton 010A","E01004802",750,213,87,126,2,449,417,32,67,59,8,19
"2011","Bolton 010B","E01004926",510,186,86,100,1,285,271,14,32,30,2,6
"2011","Bolton 010C","E01004927",1008,284,100,184,14,439,330,109,252,239,13,19
"2011","Bolton 010D","E01004929",867,435,160,275,2,265,243,22,147,140,7,18
"2011","Bolton 011A","E01004820",645,221,110,111,11,296,232,64,98,97,1,19
"2011","Bolton 011B","E01004825",631,229,134,95,2,298,256,42,79,70,9,23
"2011","Bolton 011C","E01004826",634,279,125,154,3,187,46,141,155,142,13,10
"2011","Bolton 011D","E01004865",653,354,159,195,1,161,95,66,128,116,12,9
"2011","Bolton 011E","E01004866",780,236,113,123,7,417,249,168,93,89,4,27
"2011","Bolton 012A","E01004840",715,528,292,236,1,79,68,11,92,85,7,15
"2011","Bolton 012B","E01004841",669,154,58,96,4,450,420,30,40,35,5,21
"2011","Bolton 012C","E01004842",732,613,366,247,0,55,9,46,53,47,6,11
"2011","Bolton 012D","E01004919",656,555,285,270,10,12,10,2,73,64,9,6
"2011","Bolton 012E","E01004920",658,438,247,191,0,156,145,11,59,55,4,5
"2011","Bolton 013A","E01004787",778,208,60,148,2,496,430,66,48,45,3,24
"2011","Bolton 013B","E01004793",658,221,108,113,1,386,368,18,35,30,5,15
"2011","Bolton 013C","E01004794",678,238,125,113,0,385,340,45,42,34,8,13
"2011","Bolton 013D","E01004795",700,373,179,194,0,253,229,24,50,48,2,24
"2011","Bolton 013E","E01004797",507,231,106,125,1,228,216,12,38,36,2,9
"2011","Bolton 014A","E01004775",614,541,288,253,0,13,9,4,57,51,6,3
"2011","Bolton 014B","E01004885",530,498,255,243,0,11,10,1,18,17,1,3
"2011","Bolton 014C","E01004886",610,316,140,176,2,224,133,91,61,54,7,7
"2011","Bolton 014D","E01004887",618,371,188,183,4,210,125,85,28,23,5,5
"2011","Bolton 015A","E01004868",692,382,178,204,4,90,58,32,207,190,17,9
"2011","Bolton 015B","E01004869",848,339,182,157,1,184,117,67,303,289,14,21
"2011","Bolton 015C","E01004870",794,375,233,142,0,49,11,38,358,346,12,12
"2011","Bolton 015D","E01004871",545,312,164,148,1,49,26,23,174,161,13,9
"2011","Bolton 015E","E01004922",775,392,154,238,2,178,119,59,183,175,8,20
"2011","Bolton 016B","E01004822",625,222,137,85,5,275,178,97,91,81,10,32
"2011","Bolton 016C","E01004823",838,157,66,91,9,563,448,115,75,72,3,34
"2011","Bolton 016D","E01004848",714,132,65,67,4,442,332,110,112,101,11,24
"2011","Bolton 016E","E01033217",658,87,42,45,2,345,282,63,214,205,9,10
"2011","Bolton 016F","E01033220",745,126,59,67,6,468,236,232,114,109,5,31
"2011","Bolton 017A","E01004818",713,234,124,110,1,201,17,184,264,258,6,13
"2011","Bolton 017B","E01004819",596,433,252,181,2,46,27,19,103,98,5,12
"2011","Bolton 017C","E01004928",684,384,163,221,1,80,37,43,213,185,28,6
"2011","Bolton 017D","E01004930",646,547,281,266,2,42,38,4,51,45,6,4
"2011","Bolton 017E","E01004931",767,371,148,223,4,271,195,76,102,95,7,19
"2011","Bolton 017F","E01004932",717,467,183,284,5,33,8,25,202,187,15,10
"2011","Bolton 018A","E01004834",579,410,174,236,11,33,9,24,117,105,12,8
"2011","Bolton 018B","E01004838",642,344,169,175,3,152,129,23,125,114,11,18
"2011","Bolton 018C","E01004843",621,550,296,254,0,8,5,3,55,52,3,8
"2011","Bolton 018D","E01004845",692,504,237,267,0,42,29,13,134,131,3,12
"2011","Bolton 018E","E01004923",663,467,184,283,0,10,5,5,184,180,4,2
"2011","Bolton 019A","E01004796",643,535,237,298,1,25,19,6,76,68,8,6
"2011","Bolton 019B","E01004798",689,417,176,241,2,214,194,20,50,43,7,6
"2011","Bolton 019C","E01004799",598,541,323,218,0,7,5,2,41,37,4,9
"2011","Bolton 019D","E01004800",529,478,211,267,2,7,3,4,35,32,3,7
"2011","Bolton 019E","E01004801",690,168,65,103,7,446,246,200,59,50,9,10
"2011","Bolton 019F","E01004917",869,583,216,367,13,163,98,65,104,91,13,6
"2011","Bolton 020A","E01004835",577,515,307,208,0,26,9,17,30,28,2,6
"2011","Bolton 020B","E01004836",588,515,314,201,6,6,1,5,54,50,4,7
"2011","Bolton 020C","E01004837",599,566,324,242,2,7,4,3,20,18,2,4
"2011","Bolton 020D","E01004844",612,582,346,236,2,6,4,2,21,21,0,1
"2011","Bolton 020E","E01004897",474,418,196,222,0,4,1,3,46,40,6,6
"2011","Bolton 021A","E01004827",684,264,133,131,2,285,224,61,101,93,8,32
"2011","Bolton 021B","E01004849",548,298,229,69,1,115,78,37,116,112,4,18
"2011","Bolton 021C","E01004850",762,227,147,80,1,402,361,41,109,100,9,23
"2011","Bolton 021D","E01004851",674,200,145,55,1,361,257,104,84,75,9,28
"2011","Bolton 021E","E01004853",517,207,145,62,1,206,169,37,74,68,6,29
"2011","Bolton 022A","E01004811",633,247,130,117,12,227,132,95,132,125,7,15
"2011","Bolton 022B","E01004812",624,294,136,158,6,103,26,77,213,201,12,8
"2011","Bolton 022C","E01004813",530,279,143,136,0,111,35,76,127,119,8,13
"2011","Bolton 022D","E01004815",589,369,184,185,2,140,124,16,64,56,8,14
"2011","Bolton 022E","E01004817",754,290,130,160,24,230,63,167,187,178,9,23
"2011","Bolton 023A","E01004828",652,324,160,164,3,164,61,103,147,135,12,14
"2011","Bolton 023B","E01004829",498,250,157,93,4,95,23,72,136,119,17,13
"2011","Bolton 023C","E01004832",650,476,203,273,11,28,19,9,130,124,6,5
"2011","Bolton 023D","E01004854",460,273,205,68,1,57,12,45,116,105,11,13
"2011","Bolton 023E","E01004878",541,397,202,195,0,67,60,7,67,59,8,10
"2011","Bolton 024A","E01004911",745,405,181,224,0,237,196,41,88,73,15,15
"2011","Bolton 024B","E01004912",642,561,314,247,1,21,6,15,53,48,5,6
"2011","Bolton 024C","E01004913",768,521,158,363,16,95,83,12,130,116,14,6
"2011","Bolton 024D","E01004914",519,467,292,175,2,19,5,14,27,21,6,4
"2011","Bolton 024E","E01004915",536,500,283,217,0,7,1,6,27,25,2,2
"2011","Bolton 024F","E01004916",666,417,195,222,10,173,120,53,58,52,6,8
"2011","Bolton 024G","E01004918",520,471,244,227,2,6,4,2,39,24,15,2
"2011","Bolton 025A","E01004846",512,244,110,134,2,138,76,62,114,109,5,14
"2011","Bolton 025B","E01004847",638,266,126,140,2,248,150,98,104,100,4,18
"2011","Bolton 025C","E01004852",484,283,203,80,1,97,68,29,86,73,13,17
"2011","Bolton 025D","E01004877",689,156,80,76,1,448,373,75,55,48,7,29
"2011","Bolton 025E","E01004879",520,213,70,143,14,229,153,76,55,52,3,9
"2011","Bolton 026A","E01004830",741,376,171,205,1,186,45,141,165,154,11,13
"2011","Bolton 026B","E01004831",654,524,257,267,2,23,9,14,101,91,10,4
"2011","Bolton 026C","E01004833",636,533,295,238,1,20,2,18,76,69,7,6
"2011","Bolton 026D","E01004839",944,216,82,134,2,593,269,324,109,97,12,24
"2011","Bolton 027A","E01004814",582,335,133,202,25,97,30,67,119,109,10,6
"2011","Bolton 027B","E01004855",613,409,190,219,2,78,52,26,117,107,10,7
"2011","Bolton 027C","E01004856",637,289,132,157,2,210,156,54,124,109,15,12
"2011","Bolton 027D","E01004857",636,306,141,165,1,180,114,66,145,137,8,4
"2011","Bolton 028A","E01004891",756,615,322,293,3,59,32,27,70,59,11,9
"2011","Bolton 028B","E01004893",592,553,289,264,1,4,2,2,33,27,6,1
"2011","Bolton 028C","E01004894",797,568,255,313,1,76,27,49,143,132,11,9
"2011","Bolton 028E","E01004901",739,656,259,397,0,20,14,6,59,56,3,4
"2011","Bolton 028F","E01033218",648,461,109,352,15,33,3,30,138,130,8,1
"2011","Bolton 028G","E01033219",593,528,214,314,5,10,1,9,46,35,11,4
"2011","Bolton 029A","E01004816",513,345,162,183,6,96,90,6,56,54,2,10
"2011","Bolton 029B","E01004872",619,375,140,235,0,145,139,6,81,72,9,18
"2011","Bolton 029C","E01004873",626,350,119,231,1,203,193,10,58,57,1,14
"2011","Bolton 029D","E01004875",653,519,276,243,1,78,72,6,47,45,2,8
"2011","Bolton 029E","E01004880",508,449,222,227,0,12,12,0,43,40,3,4
"2011","Bolton 030A","E01004892",693,595,365,230,21,23,11,12,43,39,4,11
"2011","Bolton 030B","E01004896",556,522,352,170,0,4,4,0,25,21,4,5
"2011","Bolton 030C","E01004899",622,464,210,254,1,84,75,9,70,60,10,3
"2011","Bolton 030D","E01004900",624,509,143,366,1,23,3,20,87,80,7,4
"2011","Bolton 031A","E01004776",794,503,174,329,11,129,81,48,149,139,10,2
"2011","Bolton 031B","E01004895",588,367,172,195,0,169,119,50,40,34,6,12
"2011","Bolton 031C","E01004936",950,674,243,431,4,61,53,8,204,185,19,7
"2011","Bolton 031D","E01004938",632,232,90,142,1,349,262,87,36,31,5,14
"2011","Bolton 031E","E01004939",686,450,192,258,0,148,35,113,78,68,10,10
"2011","Bolton 032A","E01004858",755,372,121,251,4,220,168,52,142,126,16,17
"2011","Bolton 032B","E01004859",704,238,116,122,0,361,228,133,84,76,8,21
"2011","Bolton 032C","E01004860",691,460,227,233,1,121,54,67,99,87,12,10
"2011","Bolton 032D","E01004902",802,475,188,287,21,150,69,81,144,127,17,12
"2011","Bolton 032E","E01004906",810,391,157,234,3,291,177,114,103,95,8,22
"2011","Bolton 033A","E01004861",623,216,69,147,9,312,279,33,70,62,8,16
"2011","Bolton 033B","E01004862",610,180,69,111,15,335,198,137,62,58,4,18
"2011","Bolton 033C","E01004863",646,259,104,155,1,302,272,30,68,62,6,16
"2011","Bolton 033D","E01004874",683,416,168,248,6,206,197,9,50,46,4,5
"2011","Bolton 033E","E01004876",792,369,122,247,20,318,210,108,73,67,6,12
"2011","Bolton 034A","E01004903",575,500,177,323,2,30,8,22,39,36,3,4
"2011","Bolton 034B","E01004904",696,502,162,340,3,86,66,20,99,92,7,6
"2011","Bolton 034C","E01004905",679,440,162,278,0,157,128,29,74,66,8,8
"2011","Bolton 034D","E01004907",541,327,131,196,0,155,151,4,54,46,8,5
"2011","Bolton 034E","E01004908",570,469,282,187,1,59,57,2,40,34,6,1
"2011","Bolton 034F","E01004909",632,364,164,200,0,218,160,58,39,32,7,11
"2011","Bolton 034G","E01004910",970,599,222,377,1,79,59,20,285,267,18,6
"2011","Bolton 035A","E01004933",569,482,156,326,1,7,3,4,77,72,5,2
"2011","Bolton 035B","E01004934",560,391,120,271,9,118,7,111,38,28,10,4
"2011","Bolton 035C","E01004935",705,589,206,383,1,33,18,15,72,61,11,10
"2011","Bolton 035D","E01004937",558,499,190,309,2,15,11,4,39,35,4,3
"2011","Bolton 035E","E01004940",616,538,235,303,0,29,23,6,42,40,2,7
"2011","Bury 001A","E01005014",746,475,246,229,0,50,8,42,212,200,12,9
"2011","Bury 001B","E01005015",688,397,154,243,10,201,135,66,67,58,9,13
"2011","Bury 001C","E01005016",718,571,247,324,2,18,16,2,121,109,12,6
"2011","Bury 001D","E01005017",707,584,235,349,0,52,14,38,65,55,10,6
"2011","Bury 001E","E01005018",713,464,179,285,1,115,107,8,126,114,12,7
"2011","Bury 001F","E01005021",410,375,191,184,0,3,0,3,26,23,3,6
"2011","Bury 002A","E01005019",620,536,284,252,0,27,26,1,49,41,8,8
"2011","Bury 002B","E01005023",554,450,253,197,0,69,65,4,30,24,6,5
"2011","Bury 002C","E01005046",643,592,389,203,0,0,0,0,43,39,4,8
"2011","Bury 002D","E01005048",666,639,365,274,0,3,3,0,21,14,7,3
"2011","Bury 003A","E01005020",507,480,139,341,1,2,0,2,19,15,4,5
"2011","Bury 003B","E01005022",644,549,209,340,1,7,2,5,78,72,6,9
"2011","Bury 003C","E01005047",568,519,279,240,1,2,1,1,42,36,6,4
"2011","Bury 003D","E01005049",738,649,322,327,1,11,6,5,70,67,3,7
"2011","Bury 003E","E01005051",658,504,186,318,0,58,49,9,86,77,9,10
"2011","Bury 004A","E01004976",638,372,170,202,4,185,174,11,66,55,11,11
"2011","Bury 004B","E01004977",767,507,257,250,18,108,74,34,124,111,13,10
"2011","Bury 004C","E01004978",654,497,223,274,2,50,34,16,102,92,10,3
"2011","Bury 004D","E01004981",632,483,258,225,0,71,69,2,69,62,7,9
"2011","Bury 004E","E01004982",635,575,321,254,1,19,9,10,33,29,4,7
"2011","Bury 005A","E01004961",647,395,156,239,0,172,108,64,67,64,3,13
"2011","Bury 005B","E01004965",486,440,247,193,0,20,18,2,21,18,3,5
"2011","Bury 005C","E01004966",719,399,181,218,1,222,205,17,92,83,9,5
"2011","Bury 005D","E01004967",472,451,224,227,0,3,3,0,16,16,0,2
"2011","Bury 006A","E01004963",673,536,273,263,2,82,77,5,48,42,6,5
"2011","Bury 006B","E01004968",627,575,262,313,1,4,2,2,43,39,4,4
"2011","Bury 006C","E01005050",819,666,229,437,1,32,29,3,113,99,14,7
"2011","Bury 006D","E01005052",582,556,254,302,0,3,3,0,18,16,2,5
"2011","Bury 006E","E01005053",640,512,215,297,0,47,13,34,78,68,10,3
"2011","Bury 007A","E01004954",658,462,286,176,1,105,33,72,82,76,6,8
"2011","Bury 007B","E01004955",550,372,125,247,1,98,94,4,68,57,11,11
"2011","Bury 007C","E01004956",696,408,171,237,1,169,145,24,103,89,14,15
"2011","Bury 007D","E01004957",813,266,101,165,11,464,380,84,58,51,7,14
"2011","Bury 007E","E01004960",632,107,40,67,2,468,444,24,39,30,9,16
"2011","Bury 008A","E01004958",661,325,130,195,4,151,75,76,162,152,10,19
"2011","Bury 008B","E01004959",728,402,144,258,7,163,79,84,135,123,12,21
"2011","Bury 008C","E01004979",630,258,85,173,3,187,56,131,172,166,6,10
"2011","Bury 008D","E01004980",596,336,141,195,3,60,9,51,185,175,10,12
"2011","Bury 008E","E01005024",511,217,94,123,0,113,32,81,172,157,15,9
"2011","Bury 008F","E01005026",545,351,154,197,4,30,13,17,152,141,11,8
"2011","Bury 009A","E01004947",653,416,139,277,0,86,74,12,141,136,5,10
"2011","Bury 009B","E01004948",836,456,216,240,3,191,170,21,165,152,13,21
"2011","Bury 009C","E01004962",708,548,192,356,5,9,6,3,140,130,10,6
"2011","Bury 009D","E01004964",832,520,197,323,2,61,35,26,241,222,19,8
"2011","Bury 010A","E01004949",596,568,307,261,0,1,1,0,23,20,3,4
"2011","Bury 010B","E01004950",612,546,280,266,0,48,45,3,11,11,0,7
"2011","Bury 010C","E01004951",653,624,366,258,0,2,1,1,24,18,6,3
"2011","Bury 010D","E01004952",619,590,405,185,0,5,3,2,17,15,2,7
"2011","Bury 010E","E01004953",628,532,241,291,1,63,1,62,28,26,2,4
"2011","Bury 011A","E01005025",685,500,242,258,4,58,31,27,111,100,11,12
"2011","Bury 011B","E01005027",732,437,195,242,0,102,8,94,180,165,15,13
"2011","Bury 011C","E01005028",803,304,122,182,5,396,202,194,67,63,4,31
"2011","Bury 011D","E01005029",660,474,217,257,1,56,43,13,114,105,9,15
"2011","Bury 012A","E01005000",574,513,180,333,0,5,1,4,52,43,9,4
"2011","Bury 012B","E01005001",493,430,134,296,1,28,6,22,28,28,0,6
"2011","Bury 012C","E01005005",632,550,291,259,0,23,2,21,52,49,3,7
"2011","Bury 012D","E01005006",647,461,229,232,13,125,119,6,40,37,3,8
"2011","Bury 013A","E01005030",733,248,103,145,1,292,178,114,174,156,18,18
"2011","Bury 013B","E01005054",641,520,236,284,1,33,22,11,82,76,6,5
"2011","Bury 013C","E01005059",733,465,178,287,5,159,81,78,95,88,7,9
"2011","Bury 013D","E01005060",734,556,269,287,4,63,34,29,106,100,6,5
"2011","Bury 014A","E01004997",594,448,159,289,2,37,32,5,103,95,8,4
"2011","Bury 014B","E01004998",641,549,315,234,1,13,8,5,74,64,10,4
"2011","Bury 014C","E01004999",596,502,203,299,12,32,30,2,44,38,6,6
"2011","Bury 014D","E01005002",635,522,242,280,0,71,69,2,38,33,5,4
"2011","Bury 014E","E01005003",654,440,159,281,4,93,88,5,111,97,14,6
"2011","Bury 015A","E01004991",588,409,169,240,7,64,32,32,101,91,10,7
"2011","Bury 015B","E01004992",637,431,186,245,3,35,11,24,161,149,12,7
"2011","Bury 015C","E01004993",551,347,118,229,1,152,142,10,43,43,0,8
"2011","Bury 015D","E01004994",614,302,116,186,4,164,10,154,137,128,9,7
"2011","Bury 016A","E01004990",634,405,170,235,2,113,98,15,112,97,15,2
"2011","Bury 016B","E01004996",731,280,113,167,3,258,96,162,177,169,8,13
"2011","Bury 016C","E01005004",849,218,96,122,0,556,477,79,52,47,5,23
"2011","Bury 016D","E01005008",875,339,107,232,1,347,139,208,175,169,6,13
"2011","Bury 016E","E01005009",742,301,107,194,11,204,44,160,223,208,15,3
"2011","Bury 017A","E01004945",658,577,345,232,3,36,6,30,39,31,8,3
"2011","Bury 017B","E01005055",584,531,293,238,1,4,3,1,40,33,7,8
"2011","Bury 017C","E01005056",604,544,337,207,1,4,2,2,47,40,7,8
"2011","Bury 017D","E01005057",630,483,193,290,0,54,47,7,83,77,6,10
"2011","Bury 017E","E01005058",505,477,251,226,0,1,0,1,25,20,5,2
"2011","Bury 018A","E01004995",640,589,306,283,1,7,4,3,39,35,4,4
"2011","Bury 018B","E01005010",660,537,220,317,2,52,37,15,64,55,9,5
"2011","Bury 018C","E01005012",755,444,164,280,0,205,186,19,95,86,9,11
"2011","Bury 018D","E01005013",956,481,132,349,0,262,210,52,203,184,19,10
"2011","Bury 019A","E01004984",573,489,285,204,2,9,9,0,66,62,4,7
"2011","Bury 019B","E01004985",577,524,298,226,0,16,1,15,29,28,1,8
"2011","Bury 019C","E01004989",567,475,240,235,2,5,5,0,77,71,6,8
"2011","Bury 019D","E01005007",710,584,337,247,2,14,9,5,101,92,9,9
"2011","Bury 019E","E01005011",589,529,236,293,3,8,6,2,48,44,4,1
"2011","Bury 020A","E01004983",545,377,149,228,1,16,6,10,149,141,8,2
"2011","Bury 020B","E01004986",806,468,206,262,2,136,116,20,180,173,7,20
"2011","Bury 020C","E01004987",649,266,120,146,0,332,264,68,29,27,2,22
"2011","Bury 020D","E01004988",637,471,200,271,3,66,62,4,89,78,11,8
"2011","Bury 021A","E01004941",726,433,150,283,3,218,31,187,64,57,7,8
"2011","Bury 021B","E01004942",639,212,88,124,0,354,192,162,60,58,2,13
"2011","Bury 021C","E01004943",650,414,152,262,1,95,69,26,136,129,7,4
"2011","Bury 021D","E01004944",630,545,221,324,3,23,11,12,58,52,6,1
"2011","Bury 021E","E01004946",798,254,110,144,1,492,44,448,45,42,3,6
"2011","Bury 022A","E01004969",705,516,253,263,2,35,24,11,142,129,13,10
"2011","Bury 022B","E01004970",605,539,274,265,1,21,16,5,40,36,4,4
"2011","Bury 022C","E01004971",598,549,287,262,1,2,2,0,46,43,3,0
"2011","Bury 022D","E01005034",640,500,233,267,3,22,17,5,100,90,10,15
"2011","Bury 023A","E01004972",573,307,105,202,2,201,186,15,53,49,4,10
"2011","Bury 023B","E01004973",658,527,231,296,0,22,18,4,106,96,10,3
"2011","Bury 023C","E01004975",757,426,168,258,6,127,37,90,191,177,14,7
"2011","Bury 023D","E01005039",699,375,162,213,5,205,136,69,101,92,9,13
"2011","Bury 023E","E01005045",682,455,184,271,3,103,93,10,113,107,6,8
"2011","Bury 024A","E01004974",603,502,257,245,1,13,8,5,79,69,10,8
"2011","Bury 024B","E01005033",614,437,226,211,0,15,6,9,158,154,4,4
"2011","Bury 024C","E01005036",1030,339,150,189,1,365,116,249,304,284,20,21
"2011","Bury 024D","E01005037",628,533,243,290,1,5,5,0,84,79,5,5
"2011","Bury 025A","E01005031",627,405,169,236,2,154,130,24,54,52,2,12
"2011","Bury 025B","E01005032",523,235,107,128,1,195,136,59,83,76,7,9
"2011","Bury 025C","E01005035",626,473,207,266,1,60,14,46,88,87,1,4
"2011","Bury 025D","E01005038",531,471,200,271,0,6,4,2,50,43,7,4
"2011","Bury 026A","E01005040",696,525,217,308,1,59,43,16,101,93,8,10
"2011","Bury 026B","E01005041",519,457,218,239,1,3,2,1,55,48,7,3
"2011","Bury 026C","E01005042",608,463,223,240,1,57,45,12,81,71,10,6
"2011","Bury 026D","E01005043",496,390,158,232,0,3,2,1,99,87,12,4
"2011","Bury 026E","E01005044",471,264,116,148,2,32,5,27,165,159,6,8
"2011","Manchester 001A","E01005098",777,218,100,118,0,474,251,223,74,66,8,11
"2011","Manchester 001B","E01005099",726,169,71,98,2,502,406,96,39,36,3,14
"2011","Manchester 001C","E01005100",658,382,189,193,2,213,186,27,53,46,7,8
"2011","Manchester 001D","E01005102",626,470,214,256,2,47,39,8,101,97,4,6
"2011","Manchester 001E","E01005103",835,322,157,165,9,389,289,100,97,85,12,18
"2011","Manchester 002A","E01005101",723,315,107,208,10,298,262,36,93,83,10,7
"2011","Manchester 002B","E01005135",624,236,98,138,3,312,269,43,69,60,9,4
"2011","Manchester 002C","E01005136",637,404,185,219,1,151,45,106,73,66,7,8
"2011","Manchester 002D","E01005138",787,141,65,76,2,589,496,93,39,34,5,16
"2011","Manchester 002E","E01005140",1185,647,228,419,38,208,118,90,284,262,22,8
"2011","Manchester 003B","E01005139",714,486,197,289,4,151,127,24,66,59,7,7
"2011","Manchester 003C","E01005141",805,210,76,134,6,543,446,97,33,27,6,13
"2011","Manchester 003D","E01005251",633,299,120,179,1,265,228,37,62,56,6,6
"2011","Manchester 003E","E01005252",763,370,165,205,1,331,259,72,51,43,8,10
"2011","Manchester 003F","E01033685",652,351,84,267,4,119,93,26,168,155,13,10
"2011","Manchester 003G","E01033687",802,206,71,135,3,459,373,86,112,106,6,22
"2011","Manchester 004A","E01005104",842,248,94,154,3,379,295,84,200,190,10,12
"2011","Manchester 004B","E01005160",721,460,220,240,2,84,7,77,165,151,14,10
"2011","Manchester 004C","E01005161",657,506,215,291,3,11,2,9,134,115,19,3
"2011","Manchester 004D","E01005162",679,383,202,181,6,124,8,116,154,150,4,12
"2011","Manchester 004E","E01005163",661,452,228,224,8,41,8,33,152,138,14,8
"2011","Manchester 005A","E01005247",627,503,226,277,0,54,13,41,64,56,8,6
"2011","Manchester 005B","E01005248",573,513,264,249,1,25,19,6,28,26,2,6
"2011","Manchester 005C","E01005249",777,457,157,300,8,208,121,87,96,89,7,8
"2011","Manchester 005D","E01005250",750,345,152,193,11,286,240,46,87,76,11,21
"2011","Manchester 005E","E01005253",639,299,148,151,0,283,242,41,48,44,4,9
"2011","Manchester 005F","E01005254",683,547,220,327,2,53,28,25,72,66,6,9
"2011","Manchester 006A","E01005164",694,205,88,117,3,226,116,110,251,242,9,9
"2011","Manchester 006B","E01005205",937,226,81,145,6,516,392,124,177,169,8,12
"2011","Manchester 006C","E01005206",747,399,161,238,11,95,9,86,231,219,12,11
"2011","Manchester 006D","E01005207",817,375,187,188,22,52,29,23,357,348,9,11
"2011","Manchester 007A","E01005223",549,314,142,172,0,123,103,20,99,91,8,13
"2011","Manchester 007B","E01005224",715,327,111,216,4,83,56,27,296,274,22,5
"2011","Manchester 007C","E01005225",837,406,218,188,2,253,118,135,162,150,12,14
"2011","Manchester 007D","E01005226",683,381,177,204,1,34,10,24,262,252,10,5
"2011","Manchester 007E","E01005229",609,517,258,259,1,17,12,5,64,60,4,10
"2011","Manchester 008A","E01005145",801,357,196,161,2,80,8,72,346,321,25,16
"2011","Manchester 008B","E01005146",852,437,221,216,31,81,45,36,286,272,14,17
"2011","Manchester 008C","E01005149",474,284,166,118,0,37,4,33,146,135,11,7
"2011","Manchester 008D","E01005165",976,194,92,102,21,340,104,236,409,400,9,12
"2011","Manchester 008E","E01005166",716,263,115,148,2,126,11,115,305,294,11,20
"2011","Manchester 008F","E01005167",565,232,82,150,7,140,37,103,175,168,7,11
"2011","Manchester 009A","E01005202",783,175,91,84,1,432,278,154,158,154,4,17
"2011","Manchester 009B","E01005203",927,110,47,63,4,671,478,193,123,113,10,19
"2011","Manchester 009D","E01005227",698,254,116,138,25,186,47,139,220,212,8,13
"2011","Manchester 009E","E01005228",755,109,45,64,4,545,413,132,84,79,5,13
"2011","Manchester 009F","E01033678",688,128,39,89,5,445,295,150,89,77,12,21
"2011","Manchester 009G","E01033679",643,63,15,48,1,484,413,71,76,71,5,19
"2011","Manchester 011A","E01005256",854,239,85,154,9,409,298,111,178,165,13,19
"2011","Manchester 011B","E01005257",820,217,90,127,0,485,357,128,103,99,4,15
"2011","Manchester 011C","E01005258",781,408,177,231,3,205,121,84,149,141,8,16
"2011","Manchester 011D","E01005259",782,218,74,144,3,352,230,122,191,181,10,18
"2011","Manchester 011E","E01005260",592,452,209,243,3,37,15,22,91,81,10,9
"2011","Manchester 012A","E01005093",678,204,99,105,4,317,90,227,142,134,8,11
"2011","Manchester 012B","E01005094",660,186,92,94,2,291,61,230,165,156,9,16
"2011","Manchester 012C","E01005097",650,146,61,85,2,446,160,286,46,38,8,10
"2011","Manchester 012D","E01005255",824,146,65,81,7,582,400,182,71,69,2,18
"2011","Manchester 012E","E01005261",651,175,72,103,1,410,264,146,54,49,5,11
"2011","Manchester 013B","E01005129",709,67,32,35,0,492,332,160,135,129,6,15
"2011","Manchester 013C","E01005132",661,158,63,95,5,408,263,145,77,70,7,13
"2011","Manchester 013D","E01005133",596,98,28,70,1,341,236,105,137,135,2,19
"2011","Manchester 013E","E01033663",712,148,29,119,4,144,42,102,409,392,17,7
"2011","Manchester 013F","E01033684",649,64,11,53,2,12,1,11,571,564,7,0
"2011","Manchester 013G","E01033688",691,140,61,79,2,449,169,280,82,74,8,18
"2011","Manchester 015A","E01005092",720,218,118,100,3,288,89,199,193,188,5,18
"2011","Manchester 015C","E01005105",809,246,71,175,24,338,66,272,192,177,15,9
"2011","Manchester 015D","E01005106",825,221,118,103,0,378,119,259,203,185,18,23
"2011","Manchester 015E","E01005107",740,163,39,124,1,467,86,381,90,82,8,19
"2011","Manchester 015F","E01033668",598,90,21,69,27,143,41,102,328,317,11,10
"2011","Manchester 015G","E01033669",677,153,55,98,1,375,99,276,134,126,8,14
"2011","Manchester 017A","E01005108",1053,243,115,128,2,611,69,542,184,177,7,13
"2011","Manchester 017D","E01005189",826,168,70,98,18,495,180,315,130,117,13,15
"2011","Manchester 017E","E01005190",881,400,183,217,3,223,74,149,241,229,12,14
"2011","Manchester 017F","E01033666",1103,550,251,299,18,279,61,218,234,219,15,22
"2011","Manchester 018A","E01005061",743,51,17,34,2,629,205,424,42,35,7,19
"2011","Manchester 018B","E01005062",772,157,58,99,7,342,249,93,247,205,42,19
"2011","Manchester 018C","E01005063",614,118,45,73,1,414,224,190,60,54,6,21
"2011","Manchester 018D","E01005065",916,133,60,73,3,599,425,174,161,150,11,20
"2011","Manchester 018E","E01005066",501,61,25,36,3,340,321,19,87,83,4,10
"2011","Manchester 019A","E01005208",1110,223,48,175,2,355,62,293,521,501,20,9
"2011","Manchester 019B","E01005209",868,95,39,56,4,458,140,318,292,274,18,19
"2011","Manchester 019C","E01005210",638,58,32,26,2,367,123,244,199,188,11,12
"2011","Manchester 019D","E01005214",1013,329,54,275,5,190,27,163,477,450,27,12
"2011","Manchester 020A","E01005067",587,95,50,45,0,401,211,190,79,72,7,12
"2011","Manchester 020B","E01005186",945,356,132,224,4,346,155,191,224,211,13,15
"2011","Manchester 020C","E01005232",713,281,109,172,2,218,58,160,199,185,14,13
"2011","Manchester 020D","E01005235",719,194,77,117,0,387,145,242,104,88,16,34
"2011","Manchester 020E","E01005239",660,121,23,98,0,455,207,248,67,60,7,17
"2011","Manchester 021A","E01005187",787,301,132,169,3,143,31,112,317,301,16,23
"2011","Manchester 021B","E01005188",703,457,237,220,7,58,18,40,164,154,10,17
"2011","Manchester 021C","E01005191",800,300,142,158,2,243,63,180,239,226,13,16
"2011","Manchester 021D","E01005192",679,414,167,247,5,78,38,40,174,162,12,8
"2011","Manchester 021E","E01005193",818,429,151,278,11,108,20,88,257,240,17,13
"2011","Manchester 022B","E01005230",819,173,84,89,5,257,27,230,373,352,21,11
"2011","Manchester 022C","E01005231",633,93,57,36,0,54,4,50,484,472,12,2
"2011","Manchester 022D","E01005236",702,150,74,76,2,199,24,175,339,330,9,12
"2011","Manchester 022E","E01005237",533,267,119,148,4,81,29,52,162,149,13,19
"2011","Manchester 022F","E01033652",411,49,23,26,0,136,60,76,219,206,13,7
"2011","Manchester 022G","E01033657",435,48,17,31,4,158,40,118,216,208,8,9
"2011","Manchester 023A","E01005195",735,126,33,93,10,483,98,385,105,94,11,11
"2011","Manchester 023B","E01005196",894,201,42,159,9,502,205,297,172,164,8,10
"2011","Manchester 023C","E01005197",697,240,106,134,19,263,47,216,161,148,13,14
"2011","Manchester 023D","E01005198",649,162,63,99,3,403,153,250,67,61,6,14
"2011","Manchester 023E","E01005201",816,205,90,115,6,216,40,176,365,352,13,24
"2011","Manchester 024A","E01005240",1003,244,110,134,5,415,61,354,312,289,23,27
"2011","Manchester 024B","E01005243",1084,144,39,105,6,694,294,400,211,201,10,29
"2011","Manchester 024C","E01005245",871,118,52,66,6,625,220,405,93,84,9,29
"2011","Manchester 024D","E01005246",738,123,68,55,0,446,57,389,156,136,20,13
"2011","Manchester 025A","E01005241",1009,375,153,222,18,208,57,151,394,354,40,14
"2011","Manchester 025B","E01005242",1008,150,68,82,9,454,39,415,379,367,12,16
"2011","Manchester 025C","E01005244",926,182,122,60,4,248,50,198,473,461,12,19
"2011","Manchester 025D","E01005285",476,82,28,54,1,225,53,172,152,145,7,16
"2011","Manchester 025E","E01005288",640,144,72,72,1,156,43,113,323,310,13,16
"2011","Manchester 026A","E01005280",528,242,88,154,0,198,110,88,70,64,6,18
"2011","Manchester 026B","E01005281",542,135,69,66,8,128,21,107,254,240,14,17
"2011","Manchester 026C","E01005284",834,162,77,85,13,109,1,108,535,504,31,15
"2011","Manchester 026D","E01005286",738,244,113,131,2,74,21,53,406,382,24,12
"2011","Manchester 026E","E01005287",652,206,80,126,1,279,89,190,155,147,8,11
"2011","Manchester 027A","E01005194",940,350,140,210,2,171,25,146,386,365,21,31
"2011","Manchester 027B","E01005199",895,432,166,266,7,85,21,64,352,332,20,19
"2011","Manchester 027C","E01005200",764,378,135,243,3,195,69,126,178,168,10,10
"2011","Manchester 027D","E01005233",770,262,107,155,6,237,19,218,255,249,6,10
"2011","Manchester 027E","E01005234",633,215,82,133,6,194,30,164,201,184,17,17
"2011","Manchester 027F","E01005238",564,281,125,156,5,89,6,83,176,157,19,13
"2011","Manchester 028A","E01005297",916,387,164,223,14,152,19,133,352,338,14,11
"2011","Manchester 028B","E01005298",641,364,148,216,6,63,5,58,198,183,15,10
"2011","Manchester 028C","E01005302",930,277,101,176,1,190,8,182,450,437,13,12
"2011","Manchester 028E","E01033680",646,121,25,96,1,139,14,125,376,366,10,9
"2011","Manchester 028F","E01033686",608,211,78,133,3,184,10,174,209,199,10,1
"2011","Manchester 029A","E01005150",930,203,76,127,3,121,5,116,592,573,19,11
"2011","Manchester 029B","E01005151",717,342,140,202,0,168,3,165,206,201,5,1
"2011","Manchester 029C","E01005152",600,480,181,299,1,14,3,11,103,96,7,2
"2011","Manchester 029D","E01005159",621,381,152,229,0,28,1,27,209,200,9,3
"2011","Manchester 029E","E01005296",614,409,182,227,1,54,1,53,146,143,3,4
"2011","Manchester 029F","E01005299",533,403,186,217,1,21,4,17,105,96,9,3
"2011","Manchester 030A","E01005178",742,282,108,174,19,258,126,132,174,159,15,9
"2011","Manchester 030B","E01005179",953,355,133,222,7,134,12,122,442,422,20,15
"2011","Manchester 030C","E01005180",782,251,98,153,3,422,246,176,91,81,10,15
"2011","Manchester 030D","E01005181",683,350,151,199,2,84,10,74,237,229,8,10
"2011","Manchester 030E","E01005182",469,163,48,115,2,245,150,95,54,50,4,5
"2011","Manchester 030F","E01005183",670,224,76,148,11,362,193,169,61,54,7,12
"2011","Manchester 031A","E01005219",916,354,139,215,4,126,28,98,425,409,16,7
"2011","Manchester 031B","E01005220",728,388,145,243,5,69,7,62,260,236,24,6
"2011","Manchester 031C","E01005221",779,388,137,251,2,59,6,53,315,297,18,15
"2011","Manchester 031D","E01005222",897,400,126,274,36,212,18,194,242,234,8,7
"2011","Manchester 032A","E01005184",779,222,110,112,7,93,36,57,444,435,9,13
"2011","Manchester 032B","E01005185",534,59,33,26,2,54,13,41,413,385,28,6
"2011","Manchester 032C","E01005271",694,120,64,56,5,83,10,73,484,475,9,2
"2011","Manchester 032D","E01005282",550,309,146,163,0,69,26,43,165,151,14,7
"2011","Manchester 032E","E01005283",408,46,27,19,3,37,7,30,321,312,9,1
"2011","Manchester 033A","E01005154",669,272,104,168,1,40,2,38,354,347,7,2
"2011","Manchester 033B","E01005156",635,442,179,263,6,19,3,16,167,163,4,1
"2011","Manchester 033C","E01005158",711,326,112,214,11,196,37,159,171,165,6,7
"2011","Manchester 033D","E01005300",490,381,213,168,0,7,4,3,89,83,6,13
"2011","Manchester 033E","E01005301",612,406,208,198,1,14,6,8,184,181,3,7
"2011","Manchester 034A","E01005118",497,304,133,171,3,110,3,107,78,66,12,2
"2011","Manchester 034B","E01005120",661,382,125,257,22,153,47,106,91,81,10,13
"2011","Manchester 034C","E01005215",756,428,188,240,1,94,18,76,229,218,11,4
"2011","Manchester 034D","E01005216",611,452,186,266,3,38,2,36,109,94,15,9
"2011","Manchester 034E","E01005217",678,512,260,252,3,20,2,18,135,123,12,8
"2011","Manchester 034F","E01005218",632,297,164,133,11,143,15,128,175,163,12,6
"2011","Manchester 035A","E01005270",675,221,63,158,5,341,150,191,95,88,7,13
"2011","Manchester 035B","E01005272",755,208,72,136,17,447,143,304,63,54,9,20
"2011","Manchester 035C","E01005273",553,123,55,68,4,125,34,91,299,288,11,2
"2011","Manchester 035D","E01005278",541,250,138,112,1,64,33,31,213,205,8,13
"2011","Manchester 035E","E01005279",817,335,129,206,4,294,141,153,174,166,8,10
"2011","Manchester 036A","E01005305",592,346,188,158,6,8,5,3,223,215,8,9
"2011","Manchester 036B","E01005309",963,162,86,76,4,82,7,75,705,697,8,10
"2011","Manchester 036C","E01005310",579,79,41,38,10,187,73,114,295,291,4,8
"2011","Manchester 036D","E01005311",615,297,147,150,0,45,16,29,267,251,16,6
"2011","Manchester 036E","E01005312",618,104,56,48,6,136,23,113,363,348,15,9
"2011","Manchester 037A","E01005082",659,296,99,197,1,280,92,188,71,56,15,11
"2011","Manchester 037B","E01005153",820,425,164,261,2,148,9,139,243,232,11,2
"2011","Manchester 037C","E01005155",683,481,184,297,4,18,4,14,175,166,9,5
"2011","Manchester 037D","E01005157",614,518,213,305,18,6,2,4,65,61,4,7
"2011","Manchester 038A","E01005274",682,253,115,138,2,223,79,144,194,178,16,10
"2011","Manchester 038B","E01005275",818,240,95,145,3,49,8,41,523,514,9,3
"2011","Manchester 038C","E01005276",643,255,102,153,4,39,13,26,336,321,15,9
"2011","Manchester 038D","E01005277",778,390,172,218,1,22,4,18,362,348,14,3
"2011","Manchester 039A","E01005076",782,177,44,133,1,62,3,59,536,530,6,6
"2011","Manchester 039C","E01005081",784,229,63,166,4,484,187,297,48,43,5,19
"2011","Manchester 039D","E01005083",888,257,71,186,1,25,6,19,601,587,14,4
"2011","Manchester 039E","E01033670",655,266,37,229,10,8,1,7,368,357,11,3
"2011","Manchester 039F","E01033671",793,427,118,309,3,14,4,10,345,333,12,4
"2011","Manchester 040A","E01005125",635,298,116,182,1,227,94,133,102,90,12,7
"2011","Manchester 040B","E01005304",657,222,101,121,6,82,3,79,344,336,8,3
"2011","Manchester 040C","E01005306",687,439,210,229,3,63,6,57,175,168,7,7
"2011","Manchester 040D","E01005307",721,358,172,186,0,53,13,40,304,284,20,6
"2011","Manchester 040E","E01005308",625,274,108,166,2,216,88,128,122,119,3,11
"2011","Manchester 041A","E01005119",629,267,105,162,13,283,138,145,51,46,5,15
"2011","Manchester 041B","E01005121",599,209,64,145,2,306,158,148,67,57,10,15
"2011","Manchester 041C","E01005122",641,305,106,199,8,268,103,165,47,38,9,13
"2011","Manchester 041D","E01005123",622,199,76,123,3,371,167,204,37,33,4,12
"2011","Manchester 041E","E01005124",686,200,59,141,0,381,165,216,94,82,12,11
"2011","Manchester 042A","E01005077",630,184,59,125,2,378,170,208,47,45,2,19
"2011","Manchester 042B","E01005078",824,353,136,217,2,103,4,99,360,348,12,6
"2011","Manchester 042C","E01005079",628,389,161,228,3,149,55,94,77,72,5,10
"2011","Manchester 042D","E01005084",867,483,161,322,10,228,102,126,135,123,12,11
"2011","Manchester 043A","E01005172",803,413,206,207,0,85,10,75,300,291,9,5
"2011","Manchester 043B","E01005173",703,444,209,235,0,47,6,41,200,190,10,12
"2011","Manchester 043C","E01005174",624,475,234,241,0,12,1,11,131,124,7,6
"2011","Manchester 043D","E01005175",693,438,176,262,1,115,38,77,126,117,9,13
"2011","Manchester 043E","E01005176",936,403,157,246,5,88,5,83,433,405,28,7
"2011","Manchester 043F","E01005177",643,412,193,219,1,70,9,61,141,126,15,19
"2011","Manchester 044A","E01005115",785,444,162,282,3,276,131,145,54,44,10,8
"2011","Manchester 044B","E01005262",861,426,114,312,1,291,131,160,130,125,5,13
"2011","Manchester 044C","E01005264",617,287,87,200,3,262,107,155,53,46,7,12
"2011","Manchester 044D","E01005265",682,266,81,185,13,316,156,160,71,58,13,16
"2011","Manchester 044E","E01005266",835,357,136,221,0,354,150,204,112,101,11,12
"2011","Manchester 045A","E01005126",819,544,270,274,28,48,12,36,188,175,13,11
"2011","Manchester 045B","E01005168",522,427,200,227,0,29,6,23,55,53,2,11
"2011","Manchester 045C","E01005169",487,389,189,200,0,17,2,15,73,69,4,8
"2011","Manchester 045D","E01005170",584,464,238,226,1,7,2,5,107,101,6,5
"2011","Manchester 045E","E01005171",711,472,215,257,6,41,4,37,177,170,7,15
"2011","Manchester 046A","E01005263",825,351,122,229,12,356,90,266,93,88,5,13
"2011","Manchester 046B","E01005267",664,491,237,254,3,104,48,56,62,56,6,4
"2011","Manchester 046C","E01005268",994,644,271,373,10,77,17,60,252,235,17,11
"2011","Manchester 046D","E01005269",617,474,231,243,0,78,3,75,54,49,5,11
"2011","Manchester 047A","E01005069",641,478,156,322,2,79,5,74,82,75,7,0
"2011","Manchester 047B","E01005111",622,332,134,198,2,236,97,139,42,33,9,10
"2011","Manchester 047C","E01005113",830,271,91,180,6,483,158,325,61,55,6,9
"2011","Manchester 047D","E01005114",810,593,336,257,17,70,16,54,126,119,7,4
"2011","Manchester 047E","E01005116",973,490,105,385,21,295,97,198,144,132,12,23
"2011","Manchester 048A","E01005071",684,298,85,213,16,254,120,134,105,98,7,11
"2011","Manchester 048B","E01005072",811,345,77,268,1,318,159,159,134,124,10,13
"2011","Manchester 048C","E01005073",615,449,197,252,4,106,47,59,48,38,10,8
"2011","Manchester 048D","E01005112",676,360,147,213,2,252,133,119,57,50,7,5
"2011","Manchester 048E","E01005117",938,252,55,197,5,584,262,322,79,71,8,18
"2011","Manchester 049A","E01005085",599,167,48,119,0,315,101,214,111,108,3,6
"2011","Manchester 049B","E01005086",715,191,64,127,5,437,165,272,71,65,6,11
"2011","Manchester 049C","E01005089",699,170,57,113,0,439,142,297,76,71,5,14
"2011","Manchester 049D","E01005289",641,159,55,104,1,430,139,291,40,36,4,11
"2011","Manchester 049E","E01005295",1124,643,113,530,8,166,48,118,297,282,15,10
"2011","Manchester 050A","E01005087",792,153,46,107,5,506,172,334,115,104,11,13
"2011","Manchester 050B","E01005088",687,123,44,79,0,512,189,323,42,36,6,10
"2011","Manchester 050C","E01005090",745,118,29,89,5,551,152,399,50,43,7,21
"2011","Manchester 050D","E01005091",867,171,49,122,0,537,183,354,148,142,6,11
"2011","Manchester 050E","E01005291",714,173,57,116,1,485,157,328,36,34,2,19
"2011","Manchester 051A","E01005068",704,247,90,157,17,391,184,207,37,32,5,12
"2011","Manchester 051B","E01005070",740,205,72,133,2,421,171,250,102,68,34,10
"2011","Manchester 051C","E01005074",644,275,101,174,8,290,112,178,63,51,12,8
"2011","Manchester 051D","E01005075",612,295,86,209,4,236,86,150,63,55,8,14
"2011","Manchester 051E","E01005319",880,347,118,229,4,357,156,201,153,145,8,19
"2011","Manchester 052A","E01005290",675,218,68,150,0,400,128,272,50,42,8,7
"2011","Manchester 052B","E01005292",696,226,87,139,1,400,151,249,61,53,8,8
"2011","Manchester 052C","E01005293",521,395,141,254,9,56,13,43,59,48,11,2
"2011","Manchester 052D","E01005294",645,451,215,236,2,125,36,89,57,55,2,10
"2011","Manchester 052E","E01005317",774,342,143,199,13,326,118,208,80,70,10,13
"2011","Manchester 053A","E01005313",618,229,81,148,2,318,117,201,58,50,8,11
"2011","Manchester 053B","E01005314",635,279,109,170,1,294,120,174,49,40,9,12
"2011","Manchester 053C","E01005315",715,210,88,122,11,410,144,266,67,59,8,17
"2011","Manchester 053D","E01005316",702,327,92,235,3,197,81,116,159,146,13,16
"2011","Manchester 053E","E01005318",782,351,111,240,3,295,108,187,122,112,10,11
"2011","Manchester 054A","E01005130",767,92,41,51,0,586,441,145,75,68,7,14
"2011","Manchester 054B","E01033651",630,45,20,25,3,41,26,15,534,523,11,7
"2011","Manchester 054C","E01033658",711,189,58,131,18,33,4,29,451,442,9,20
"2011","Manchester 054D","E01033664",607,132,24,108,2,12,4,8,457,442,15,4
"2011","Manchester 054E","E01033667",653,154,43,111,63,108,43,65,320,306,14,8
"2011","Manchester 055A","E01005128",766,169,58,111,4,26,2,24,562,530,32,5
"2011","Manchester 055B","E01033653",1036,303,104,199,1,149,7,142,558,531,27,25
"2011","Manchester 055C","E01033654",617,118,37,81,6,41,3,38,441,418,23,11
"2011","Manchester 055D","E01033659",760,200,38,162,6,10,2,8,541,526,15,3
"2011","Manchester 055E","E01033661",706,145,35,110,3,144,93,51,408,394,14,6
"2011","Manchester 056A","E01005143",792,277,160,117,5,246,63,183,249,234,15,15
"2011","Manchester 056B","E01033655",694,86,30,56,0,20,12,8,586,575,11,2
"2011","Manchester 056C","E01033665",723,109,53,56,14,139,124,15,458,447,11,3
"2011","Manchester 056D","E01033676",730,130,59,71,0,510,369,141,76,67,9,14
"2011","Manchester 057A","E01005212",696,131,48,83,1,355,88,267,192,181,11,17
"2011","Manchester 057B","E01033656",761,76,36,40,3,69,5,64,609,580,29,4
"2011","Manchester 057C","E01033662",842,218,71,147,3,147,2,145,461,430,31,13
"2011","Manchester 058A","E01005142",729,94,43,51,2,553,400,153,58,54,4,22
"2011","Manchester 058B","E01005147",914,148,41,107,7,571,330,241,169,160,9,19
"2011","Manchester 058C","E01033674",647,129,26,103,7,124,7,117,380,369,11,7
"2011","Manchester 058D","E01033675",757,233,73,160,9,245,19,226,262,250,12,8
"2011","Manchester 059A","E01005213",1178,175,46,129,2,693,248,445,282,268,14,26
"2011","Manchester 059B","E01033660",698,145,24,121,3,10,3,7,535,529,6,5
"2011","Manchester 059C","E01033672",725,104,36,68,2,409,173,236,202,169,33,8
"2011","Manchester 059D","E01033673",673,143,25,118,9,7,2,5,511,498,13,3
"2011","Manchester 060A","E01033677",699,191,74,117,2,14,4,10,476,453,23,16
"2011","Manchester 060B","E01033681",844,261,85,176,1,6,0,6,564,542,22,12
"2011","Manchester 060C","E01033682",797,311,119,192,4,12,5,7,460,438,22,10
"2011","Manchester 060D","E01033683",747,154,41,113,8,13,2,11,561,548,13,11
"2011","Oldham 001A","E01005357",616,560,324,236,2,23,17,6,21,18,3,10
"2011","Oldham 001B","E01005358",735,477,175,302,3,168,89,79,78,70,8,9
"2011","Oldham 001C","E01005359",757,650,412,238,9,30,14,16,61,51,10,7
"2011","Oldham 001D","E01005360",648,434,290,144,3,171,110,61,33,28,5,7
"2011","Oldham 002A","E01005441",792,384,162,222,2,344,85,259,56,52,4,6
"2011","Oldham 002B","E01005442",588,526,270,256,1,14,10,4,38,34,4,9
"2011","Oldham 002C","E01005444",672,469,199,270,17,46,24,22,132,122,10,8
"2011","Oldham 002D","E01005445",672,370,147,223,2,110,40,70,180,165,15,10
"2011","Oldham 003A","E01005361",728,652,377,275,1,22,15,7,42,38,4,11
"2011","Oldham 003B","E01005443",552,521,263,258,0,5,2,3,23,21,2,3
"2011","Oldham 003C","E01005446",605,449,194,255,0,91,61,30,59,53,6,6
"2011","Oldham 003D","E01005447",701,341,138,203,4,230,141,89,113,105,8,13
"2011","Oldham 004A","E01005390",604,517,246,271,0,30,20,10,55,49,6,2
"2011","Oldham 004B","E01005394",654,549,303,246,1,58,32,26,40,32,8,6
"2011","Oldham 004C","E01005395",610,545,261,284,3,15,4,11,43,40,3,4
"2011","Oldham 004D","E01005396",589,479,253,226,2,80,59,21,25,20,5,3
"2011","Oldham 005A","E01005355",630,472,195,277,3,43,27,16,102,88,14,10
"2011","Oldham 005B","E01005356",503,443,148,295,1,17,8,9,40,36,4,2
"2011","Oldham 005C","E01005399",698,609,306,303,4,12,2,10,71,59,12,2
"2011","Oldham 005D","E01005403",644,516,164,352,4,54,31,23,64,52,12,6
"2011","Oldham 006A","E01005410",599,543,268,275,0,15,7,8,34,22,12,7
"2011","Oldham 006B","E01005411",721,524,310,214,18,86,24,62,80,68,12,13
"2011","Oldham 006C","E01005414",525,433,230,203,0,20,6,14,68,63,5,4
"2011","Oldham 006D","E01005415",508,355,198,157,2,119,60,59,25,18,7,7
"2011","Oldham 007C","E01005452",543,493,194,299,0,8,4,4,41,34,7,1
"2011","Oldham 007D","E01005453",537,488,205,283,2,8,3,5,37,34,3,2
"2011","Oldham 007E","E01032558",641,178,54,124,0,423,290,133,35,31,4,5
"2011","Oldham 007F","E01032559",1005,781,184,597,5,96,69,27,117,97,20,6
"2011","Oldham 008A","E01005391",651,481,235,246,2,131,71,60,31,25,6,6
"2011","Oldham 008B","E01005392",767,302,131,171,1,376,208,168,76,59,17,12
"2011","Oldham 008C","E01005393",524,437,245,192,24,41,25,16,20,15,5,2
"2011","Oldham 008D","E01005401",689,615,331,284,5,19,5,14,42,35,7,8
"2011","Oldham 009A","E01005397",637,475,213,262,1,87,52,35,68,59,9,6
"2011","Oldham 009B","E01005398",656,536,259,277,6,14,4,10,97,85,12,3
"2011","Oldham 009C","E01005400",753,360,206,154,2,333,61,272,52,46,6,6
"2011","Oldham 009D","E01005402",622,473,192,281,0,60,5,55,85,77,8,4
"2011","Oldham 010A","E01005335",540,482,243,239,3,4,3,1,43,32,11,8
"2011","Oldham 010B","E01005337",655,429,156,273,5,83,44,39,134,119,15,4
"2011","Oldham 010C","E01005339",589,548,338,210,1,11,5,6,23,22,1,6
"2011","Oldham 010D","E01005340",606,301,118,183,4,244,166,78,44,36,8,13
"2011","Oldham 011A","E01005421",735,382,130,252,12,168,114,54,170,155,15,3
"2011","Oldham 011B","E01005422",533,156,38,118,0,337,251,86,35,32,3,5
"2011","Oldham 011E","E01032920",880,489,231,258,6,233,101,132,145,129,16,7
"2011","Oldham 012A","E01005448",781,209,95,114,3,453,210,243,104,99,5,12
"2011","Oldham 012B","E01005449",578,251,99,152,10,253,145,108,57,49,8,7
"2011","Oldham 012C","E01005454",569,480,170,310,0,57,30,27,32,28,4,0
"2011","Oldham 012D","E01005455",619,501,166,335,1,24,16,8,89,76,13,4
"2011","Oldham 012E","E01005456",785,334,122,212,1,321,196,125,107,98,9,22
"2011","Oldham 013A","E01005407",724,625,314,311,1,3,2,1,91,78,13,4
"2011","Oldham 013B","E01005412",784,641,348,293,4,19,5,14,109,100,9,11
"2011","Oldham 013C","E01005416",599,488,245,243,2,4,1,3,98,90,8,7
"2011","Oldham 013D","E01005417",635,553,305,248,1,12,5,7,63,54,9,6
"2011","Oldham 014A","E01005348",625,253,98,155,2,302,204,98,55,49,6,13
"2011","Oldham 014B","E01005350",989,131,52,79,2,782,441,341,48,42,6,26
"2011","Oldham 014C","E01005432",648,144,57,87,18,401,248,153,77,72,5,8
"2011","Oldham 014D","E01005433",666,143,71,72,1,400,232,168,114,96,18,8
"2011","Oldham 015A","E01005329",616,551,232,319,0,4,0,4,59,46,13,2
"2011","Oldham 015B","E01005330",626,571,271,300,0,12,3,9,39,29,10,4
"2011","Oldham 015C","E01005333",499,476,246,230,0,3,0,3,14,11,3,6
"2011","Oldham 015D","E01005336",630,594,326,268,0,2,1,1,26,18,8,8
"2011","Oldham 016A","E01005349",538,308,117,191,4,105,15,90,108,97,11,13
"2011","Oldham 016B","E01005351",467,283,107,176,2,86,14,72,86,75,11,10
"2011","Oldham 016C","E01005352",461,228,95,133,1,165,83,82,59,51,8,8
"2011","Oldham 016D","E01005353",657,171,73,98,0,426,216,210,47,39,8,13
"2011","Oldham 016E","E01005354",541,330,102,228,1,114,10,104,89,70,19,7
"2011","Oldham 017A","E01005327",757,563,232,331,6,101,47,54,79,60,19,8
"2011","Oldham 017B","E01005328",696,244,104,140,0,379,269,110,61,51,10,12
"2011","Oldham 017C","E01005331",635,479,228,251,0,61,46,15,88,74,14,7
"2011","Oldham 017D","E01005334",541,501,170,331,0,6,4,2,33,28,5,1
"2011","Oldham 017E","E01005338",752,334,135,199,7,311,185,126,85,75,10,15
"2011","Oldham 018A","E01005387",631,516,226,290,0,31,23,8,79,65,14,5
"2011","Oldham 018B","E01005388",596,441,204,237,4,80,42,38,64,57,7,7
"2011","Oldham 018C","E01005389",727,330,131,199,1,270,172,98,119,109,10,7
"2011","Oldham 018D","E01005418",585,534,246,288,2,10,6,4,35,27,8,4
"2011","Oldham 019A","E01005428",532,329,168,161,0,32,13,19,142,126,16,29
"2011","Oldham 019B","E01005431",717,490,209,281,11,57,26,31,153,137,16,6
"2011","Oldham 019C","E01005450",627,349,166,183,3,87,43,44,173,158,15,15
"2011","Oldham 019D","E01005451",482,398,160,238,2,7,1,6,69,58,11,6
"2011","Oldham 020C","E01005408",794,623,303,320,1,73,35,38,92,79,13,5
"2011","Oldham 020D","E01005409",664,542,287,255,7,3,3,0,108,104,4,4
"2011","Oldham 020E","E01032922",1071,826,484,342,2,139,73,66,94,85,9,10
"2011","Oldham 021A","E01005406",594,530,287,243,0,14,1,13,44,41,3,6
"2011","Oldham 021B","E01005413",654,586,290,296,0,10,8,2,52,46,6,6
"2011","Oldham 021C","E01005419",638,516,236,280,4,6,6,0,101,92,9,11
"2011","Oldham 021D","E01005420",716,467,214,253,0,161,96,65,76,70,6,12
"2011","Oldham 022A","E01005321",596,306,157,149,0,142,50,92,139,111,28,9
"2011","Oldham 022B","E01005326",554,361,223,138,8,92,13,79,72,55,17,21
"2011","Oldham 022C","E01005427",497,273,175,98,2,130,37,93,64,52,12,28
"2011","Oldham 022D","E01005429",479,277,161,116,0,108,34,74,75,66,9,19
"2011","Oldham 022E","E01005430",714,458,221,237,2,85,22,63,155,137,18,14
"2011","Oldham 024A","E01005320",631,337,164,173,1,118,48,70,161,150,11,14
"2011","Oldham 024B","E01005434",657,212,103,109,1,255,126,129,171,156,15,18
"2011","Oldham 024C","E01005437",529,389,175,214,1,14,3,11,114,103,11,11
"2011","Oldham 024D","E01005459",407,146,94,52,1,209,70,139,37,29,8,14
"2011","Oldham 026A","E01005383",718,414,166,248,0,216,141,75,78,70,8,10
"2011","Oldham 026D","E01005386",626,225,84,141,4,339,201,138,45,41,4,13
"2011","Oldham 026E","E01032556",662,511,242,269,0,32,14,18,112,94,18,7
"2011","Oldham 026F","E01032557",745,180,59,121,3,495,335,160,49,44,5,18
"2011","Oldham 027A","E01005342",662,283,125,158,8,288,99,189,75,68,7,8
"2011","Oldham 027B","E01005343",547,332,138,194,0,167,101,66,43,40,3,5
"2011","Oldham 027C","E01005344",656,354,138,216,0,151,89,62,147,137,10,4
"2011","Oldham 027D","E01005381",642,224,97,127,1,327,100,227,73,65,8,17
"2011","Oldham 028A","E01005332",979,608,246,362,6,184,96,88,171,158,13,10
"2011","Oldham 028B","E01005341",602,437,158,279,0,85,46,39,71,66,5,9
"2011","Oldham 028C","E01005345",620,550,277,273,0,16,13,3,51,40,11,3
"2011","Oldham 028D","E01005346",610,508,260,248,1,50,19,31,48,44,4,3
"2011","Oldham 028E","E01005347",540,430,182,248,1,33,20,13,76,66,10,0
"2011","Oldham 029A","E01005322",523,151,61,90,1,259,79,180,108,101,7,4
"2011","Oldham 029B","E01005323",621,327,127,200,1,178,31,147,102,94,8,13
"2011","Oldham 029C","E01005324",612,186,70,116,1,377,58,319,41,31,10,7
"2011","Oldham 029D","E01005325",419,76,25,51,0,298,44,254,34,31,3,11
"2011","Oldham 029E","E01005438",966,624,231,393,1,91,35,56,233,209,24,17
"2011","Oldham 030A","E01005377",498,107,35,72,0,337,35,302,50,46,4,4
"2011","Oldham 030B","E01005379",507,102,50,52,1,364,44,320,36,34,2,4
"2011","Oldham 030C","E01005380",533,192,49,143,1,308,32,276,23,18,5,9
"2011","Oldham 030D","E01005382",598,270,120,150,2,212,66,146,100,94,6,14
"2011","Oldham 030E","E01005439",654,527,304,223,2,42,3,39,80,77,3,3
"2011","Oldham 031A","E01005362",612,480,245,235,2,59,25,34,64,50,14,7
"2011","Oldham 031B","E01005364",709,643,338,305,0,13,10,3,47,40,7,6
"2011","Oldham 031C","E01005368",729,418,132,286,1,136,34,102,162,149,13,12
"2011","Oldham 031D","E01005376",558,250,108,142,1,200,86,114,103,98,5,4
"2011","Oldham 031E","E01005378",663,481,224,257,3,43,19,24,130,118,12,6
"2011","Oldham 032A","E01005363",699,436,190,246,3,106,40,66,145,129,16,9
"2011","Oldham 032B","E01005369",655,331,122,209,2,158,44,114,158,149,9,6
"2011","Oldham 032C","E01005370",714,251,89,162,1,353,163,190,93,85,8,16
"2011","Oldham 032D","E01005371",554,342,124,218,0,74,20,54,134,125,9,4
"2011","Oldham 033A","E01005365",624,548,265,283,3,13,3,10,55,48,7,5
"2011","Oldham 033B","E01005366",699,364,147,217,1,287,168,119,33,28,5,14
"2011","Oldham 033C","E01005367",572,526,268,258,0,7,4,3,30,24,6,9
"2011","Oldham 033D","E01005440",625,395,160,235,0,176,110,66,44,37,7,10
"2011","Oldham 034A","E01005372",518,343,159,184,1,106,34,72,62,54,8,6
"2011","Oldham 034B","E01005373",507,455,255,200,0,17,10,7,30,27,3,5
"2011","Oldham 034C","E01005374",621,429,211,218,0,131,77,54,52,43,9,9
"2011","Oldham 034D","E01005375",652,595,355,240,2,11,6,5,36,32,4,8
"2011","Oldham 035A","E01005435",490,347,155,192,1,22,6,16,111,107,4,9
"2011","Oldham 035B","E01005436",520,434,207,227,4,9,1,8,65,56,9,8
"2011","Oldham 035C","E01005460",753,446,247,199,4,157,37,120,122,112,10,24
"2011","Oldham 035D","E01005461",536,366,201,165,0,78,5,73,79,68,11,13
"2011","Oldham 035E","E01005462",552,399,192,207,0,68,11,57,75,70,5,10
"2011","Oldham 035F","E01005463",406,160,117,43,3,151,48,103,70,63,7,22
"2011","Oldham 035G","E01032921",771,356,238,118,5,276,98,178,114,102,12,20
"2011","Rochdale 001A","E01005518",591,420,189,231,0,92,87,5,68,62,6,11
"2011","Rochdale 001B","E01005520",811,599,310,289,0,81,77,4,121,107,14,10
"2011","Rochdale 001C","E01005522",658,400,182,218,2,68,28,40,178,166,12,10
"2011","Rochdale 001D","E01005523",800,595,243,352,1,61,48,13,142,130,12,1
"2011","Rochdale 002A","E01005519",615,515,214,301,0,46,46,0,51,44,7,3
"2011","Rochdale 002B","E01005594",582,434,192,242,0,88,79,9,53,44,9,7
"2011","Rochdale 002C","E01005597",672,512,214,298,2,37,16,21,114,103,11,7
"2011","Rochdale 002D","E01005598",675,581,310,271,0,7,4,3,81,70,11,6
"2011","Rochdale 003A","E01005516",552,482,216,266,1,4,2,2,62,56,6,3
"2011","Rochdale 003B","E01005517",651,555,328,227,0,23,22,1,62,58,4,11
"2011","Rochdale 003C","E01005521",627,460,199,261,2,48,46,2,106,95,11,11
"2011","Rochdale 003D","E01005596",753,635,236,399,0,18,18,0,95,89,6,5
"2011","Rochdale 004A","E01005578",489,245,103,142,1,166,129,37,68,60,8,9
"2011","Rochdale 004B","E01005579",538,150,39,111,0,347,306,41,30,29,1,11
"2011","Rochdale 004C","E01005586",664,205,85,120,11,390,377,13,44,36,8,14
"2011","Rochdale 004D","E01005593",569,287,96,191,3,213,199,14,62,54,8,4
"2011","Rochdale 004E","E01005595",792,243,93,150,7,442,197,245,87,83,4,13
"2011","Rochdale 005A","E01005489",503,424,221,203,0,26,12,14,47,44,3,6
"2011","Rochdale 005B","E01005490",410,205,76,129,0,151,146,5,45,41,4,9
"2011","Rochdale 005C","E01005491",697,467,201,266,1,142,123,19,75,71,4,12
"2011","Rochdale 005D","E01005493",669,586,269,317,1,11,7,4,67,60,7,4
"2011","Rochdale 005E","E01005494",704,499,196,303,3,89,28,61,103,94,9,10
"2011","Rochdale 005F","E01005495",684,473,236,237,4,97,82,15,102,90,12,8
"2011","Rochdale 006A","E01005488",581,517,151,366,0,2,1,1,57,50,7,5
"2011","Rochdale 006B","E01005492",614,568,293,275,0,9,3,6,32,29,3,5
"2011","Rochdale 006C","E01005499",649,501,247,254,2,34,19,15,102,87,15,10
"2011","Rochdale 006D","E01005571",653,581,260,321,0,7,3,4,60,53,7,5
"2011","Rochdale 007A","E01005570",572,470,266,204,4,11,4,7,86,75,11,1
"2011","Rochdale 007B","E01005572",638,574,268,306,3,5,2,3,50,39,11,6
"2011","Rochdale 007C","E01005573",561,501,240,261,0,33,32,1,23,22,1,4
"2011","Rochdale 007D","E01005574",680,565,310,255,1,19,16,3,88,80,8,7
"2011","Rochdale 007E","E01005587",508,460,146,314,2,6,6,0,37,33,4,3
"2011","Rochdale 007F","E01005588",688,378,221,157,0,233,225,8,66,61,5,11
"2011","Rochdale 008A","E01005580",585,389,155,234,6,34,23,11,149,137,12,7
"2011","Rochdale 008B","E01005581",599,288,129,159,3,197,179,18,98,93,5,13
"2011","Rochdale 008D","E01005583",464,219,115,104,0,146,70,76,84,80,4,15
"2011","Rochdale 008F","E01005585",463,304,111,193,1,60,21,39,86,76,10,12
"2011","Rochdale 008G","E01033258",795,492,224,268,1,144,23,121,148,134,14,10
"2011","Rochdale 009A","E01005496",537,191,66,125,1,301,272,29,35,30,5,9
"2011","Rochdale 009B","E01005589",653,448,206,242,2,41,20,21,156,144,12,6
"2011","Rochdale 009C","E01005590",527,322,149,173,2,91,59,32,109,103,6,3
"2011","Rochdale 009D","E01005591",626,462,215,247,0,60,11,49,98,87,11,6
"2011","Rochdale 009E","E01005592",615,291,143,148,0,248,224,24,69,61,8,7
"2011","Rochdale 010A","E01005472",663,311,122,189,10,234,175,59,95,90,5,13
"2011","Rochdale 010B","E01005473",492,311,160,151,3,79,58,21,92,85,7,7
"2011","Rochdale 010C","E01005482",1173,142,72,70,4,872,791,81,119,111,8,36
"2011","Rochdale 010D","E01005483",812,197,108,89,1,491,439,52,99,88,11,24
"2011","Rochdale 010E","E01005484",907,203,119,84,2,541,364,177,102,95,7,59
"2011","Rochdale 010F","E01005486",566,301,114,187,2,51,23,28,204,189,15,8
"2011","Rochdale 010G","E01005487",568,338,164,174,0,74,37,37,141,132,9,15
"2011","Rochdale 011A","E01005474",480,389,223,166,1,39,36,3,49,47,2,2
"2011","Rochdale 011B","E01005575",722,611,357,254,1,6,3,3,98,85,13,6
"2011","Rochdale 011C","E01005576",557,512,297,215,0,4,3,1,38,36,2,3
"2011","Rochdale 011D","E01005577",637,550,311,239,3,17,3,14,64,57,7,3
"2011","Rochdale 012A","E01005469",716,563,274,289,1,26,12,14,115,110,5,11
"2011","Rochdale 012B","E01005563",631,381,163,218,1,94,11,83,149,141,8,6
"2011","Rochdale 012C","E01005565",558,278,78,200,1,234,228,6,39,36,3,6
"2011","Rochdale 012D","E01005566",810,442,116,326,2,206,172,34,153,134,19,7
"2011","Rochdale 012E","E01005568",632,142,60,82,2,379,135,244,93,90,3,16
"2011","Rochdale 012F","E01005569",641,334,180,154,1,237,149,88,58,48,10,11
"2011","Rochdale 013A","E01005556",669,494,203,291,2,17,14,3,147,135,12,9
"2011","Rochdale 013B","E01005559",691,272,108,164,1,341,312,29,72,70,2,5
"2011","Rochdale 013C","E01005560",695,555,302,253,1,16,12,4,120,113,7,3
"2011","Rochdale 013D","E01005567",647,402,130,272,1,134,68,66,101,95,6,9
"2011","Rochdale 014A","E01005555",525,432,195,237,2,30,29,1,51,47,4,10
"2011","Rochdale 014B","E01005557",499,458,244,214,3,6,5,1,24,20,4,8
"2011","Rochdale 014C","E01005558",711,443,156,287,1,155,120,35,98,86,12,14
"2011","Rochdale 014D","E01005561",598,446,208,238,0,47,33,14,91,85,6,14
"2011","Rochdale 014E","E01005562",691,430,158,272,3,149,121,28,99,92,7,10
"2011","Rochdale 015A","E01005470",474,272,144,128,1,75,27,48,116,109,7,10
"2011","Rochdale 015B","E01005471",562,387,208,179,1,48,17,31,116,104,12,10
"2011","Rochdale 015C","E01005475",597,306,146,160,0,191,94,97,91,79,12,9
"2011","Rochdale 015D","E01005485",622,328,224,104,4,127,31,96,134,127,7,29
"2011","Rochdale 015E","E01005564",641,309,139,170,1,146,35,111,174,162,12,11
"2011","Rochdale 016A","E01005464",643,236,102,134,1,336,265,71,60,52,8,10
"2011","Rochdale 016B","E01005465",761,443,174,269,1,140,128,12,169,159,10,8
"2011","Rochdale 016C","E01005466",1072,222,72,150,4,764,723,41,63,57,6,19
"2011","Rochdale 016D","E01005467",800,240,93,147,1,464,441,23,81,69,12,14
"2011","Rochdale 016E","E01005468",602,509,237,272,2,15,12,3,65,61,4,11
"2011","Rochdale 017A","E01005476",708,523,219,304,1,42,9,33,135,125,10,7
"2011","Rochdale 017B","E01005477",815,359,149,210,6,179,30,149,257,240,17,14
"2011","Rochdale 017C","E01005478",682,482,259,223,2,109,95,14,84,75,9,5
"2011","Rochdale 017D","E01005479",711,511,238,273,1,104,68,36,83,79,4,12
"2011","Rochdale 017E","E01005480",739,480,259,221,0,184,173,11,60,52,8,15
"2011","Rochdale 017F","E01005481",602,429,169,260,13,85,80,5,66,57,9,9
"2011","Rochdale 018A","E01005497",682,310,144,166,1,305,267,38,59,54,5,7
"2011","Rochdale 018B","E01005501",892,255,103,152,12,438,204,234,169,154,15,18
"2011","Rochdale 018C","E01005502",715,433,196,237,1,144,90,54,129,117,12,8
"2011","Rochdale 018D","E01005504",638,378,163,215,0,141,93,48,104,95,9,15
"2011","Rochdale 018E","E01005505",780,477,204,273,17,166,111,55,113,106,7,7
"2011","Rochdale 018F","E01005509",964,304,141,163,2,499,445,54,141,128,13,18
"2011","Rochdale 019A","E01005510",440,407,172,235,0,13,4,9,18,14,4,2
"2011","Rochdale 019B","E01005511",503,411,182,229,2,50,43,7,40,34,6,0
"2011","Rochdale 019C","E01005512",685,431,192,239,1,160,90,70,83,71,12,10
"2011","Rochdale 019D","E01005513",599,218,81,137,1,315,110,205,55,50,5,10
"2011","Rochdale 019E","E01005514",658,347,130,217,0,234,40,194,72,69,3,5
"2011","Rochdale 019F","E01005515",706,208,89,119,0,429,69,360,57,46,11,12
"2011","Rochdale 020A","E01005498",587,370,136,234,3,57,17,40,144,131,13,13
"2011","Rochdale 020B","E01005500",647,489,200,289,2,69,40,29,83,73,10,4
"2011","Rochdale 020C","E01005503",522,489,223,266,3,2,2,0,26,24,2,2
"2011","Rochdale 020D","E01005506",671,390,166,224,10,192,167,25,70,64,6,9
"2011","Rochdale 020E","E01005507",711,486,213,273,2,35,4,31,186,174,12,2
"2011","Rochdale 020F","E01005508",729,655,293,362,12,17,6,11,38,35,3,7
"2011","Rochdale 021A","E01005524",638,460,188,272,20,74,43,31,76,68,8,8
"2011","Rochdale 021B","E01005525",818,304,134,170,10,413,376,37,71,59,12,20
"2011","Rochdale 021C","E01005526",678,378,134,244,1,196,147,49,92,81,11,11
"2011","Rochdale 021D","E01005528",674,376,187,189,10,212,160,52,66,61,5,10
"2011","Rochdale 021E","E01005536",653,415,162,253,1,106,99,7,128,120,8,3
"2011","Rochdale 021F","E01005543",523,417,201,216,1,51,47,4,43,36,7,11
"2011","Rochdale 022A","E01005527",636,209,77,132,1,369,93,276,47,45,2,10
"2011","Rochdale 022B","E01005529",795,260,101,159,2,461,142,319,64,60,4,8
"2011","Rochdale 022C","E01005551",797,296,91,205,9,417,97,320,63,61,2,12
"2011","Rochdale 022D","E01005552",882,259,97,162,4,528,165,363,76,72,4,15
"2011","Rochdale 022E","E01005553",759,352,153,199,0,302,83,219,97,90,7,8
"2011","Rochdale 022F","E01005554",583,435,155,280,5,79,18,61,52,41,11,12
"2011","Rochdale 023A","E01005534",642,418,137,281,2,113,72,41,102,90,12,7
"2011","Rochdale 023B","E01005535",690,431,164,267,0,121,76,45,130,120,10,8
"2011","Rochdale 023C","E01005537",566,515,211,304,0,9,4,5,38,35,3,4
"2011","Rochdale 023D","E01005538",581,319,86,233,7,180,171,9,65,55,10,10
"2011","Rochdale 023E","E01005540",581,458,179,279,2,37,21,16,79,63,16,5
"2011","Rochdale 023F","E01005541",704,511,169,342,0,63,29,34,126,109,17,4
"2011","Rochdale 023G","E01005542",623,320,110,210,0,234,175,59,61,56,5,8
"2011","Rochdale 024A","E01005533",836,549,224,325,2,128,53,75,142,127,15,15
"2011","Rochdale 024B","E01005539",694,392,167,225,1,168,152,16,127,114,13,6
"2011","Rochdale 024C","E01005546",618,395,191,204,1,177,139,38,40,37,3,5
"2011","Rochdale 024D","E01005547",630,449,175,274,0,92,81,11,83,77,6,6
"2011","Rochdale 024E","E01005548",655,301,116,185,17,247,229,18,76,67,9,14
"2011","Rochdale 025A","E01005530",645,606,372,234,0,7,5,2,24,23,1,8
"2011","Rochdale 025B","E01005531",509,355,172,183,17,49,47,2,86,77,9,2
"2011","Rochdale 025C","E01005532",669,296,119,177,2,296,244,52,58,52,6,17
"2011","Rochdale 025D","E01005544",609,569,318,251,0,5,5,0,32,31,1,3
"2011","Rochdale 025E","E01005545",481,439,245,194,0,10,8,2,24,24,0,8
"2011","Rochdale 025F","E01005549",588,557,298,259,1,8,5,3,18,17,1,4
"2011","Rochdale 025G","E01005550",630,584,356,228,0,13,10,3,22,20,2,11
"2011","Salford 001A","E01005659",631,335,146,189,1,204,161,43,79,68,11,12
"2011","Salford 001B","E01005660",675,206,62,144,3,397,284,113,48,42,6,21
"2011","Salford 001C","E01005663",618,295,114,181,9,202,144,58,107,100,7,5
"2011","Salford 001D","E01005664",630,162,68,94,0,407,286,121,49,45,4,12
"2011","Salford 001E","E01005665",629,110,33,77,2,469,263,206,33,30,3,15
"2011","Salford 002A","E01005703",704,265,104,161,0,365,264,101,50,46,4,24
"2011","Salford 002B","E01005704",591,413,169,244,0,97,64,33,72,66,6,9
"2011","Salford 002C","E01005706",655,302,131,171,1,266,190,76,69,66,3,17
"2011","Salford 002D","E01005708",750,362,138,224,2,215,146,69,145,136,9,26
"2011","Salford 003A","E01005702",927,547,210,337,9,205,150,55,148,127,21,18
"2011","Salford 003B","E01005705",869,533,201,332,2,197,125,72,129,124,5,8
"2011","Salford 003C","E01005707",783,309,130,179,12,346,176,170,102,97,5,14
"2011","Salford 004A","E01005661",725,378,123,255,4,244,175,69,83,78,5,16
"2011","Salford 004B","E01005662",617,175,69,106,0,377,247,130,48,45,3,17
"2011","Salford 004C","E01005709",605,196,77,119,0,359,269,90,38,33,5,12
"2011","Salford 004D","E01005710",608,469,245,224,0,106,77,29,31,28,3,2
"2011","Salford 005A","E01005670",822,336,126,210,1,318,166,152,147,141,6,20
"2011","Salford 005B","E01005672",608,416,140,276,3,56,22,34,125,114,11,8
"2011","Salford 005C","E01005676",554,478,267,211,0,11,5,6,63,59,4,2
"2011","Salford 005D","E01005677",696,488,231,257,0,90,60,30,107,103,4,11
"2011","Salford 006A","E01005686",621,414,180,234,1,91,59,32,105,92,13,10
"2011","Salford 006B","E01005688",657,471,245,226,0,131,94,37,51,46,5,4
"2011","Salford 006C","E01005691",697,517,323,194,1,71,48,23,101,97,4,7
"2011","Salford 006D","E01005692",734,249,100,149,1,327,179,148,143,137,6,14
"2011","Salford 007A","E01005711",659,521,229,292,12,41,25,16,81,72,9,4
"2011","Salford 007B","E01005712",728,439,186,253,2,123,48,75,157,145,12,7
"2011","Salford 007C","E01005713",632,583,329,254,1,7,2,5,36,28,8,5
"2011","Salford 007D","E01005714",617,361,141,220,3,215,150,65,24,22,2,14
"2011","Salford 007E","E01005715",724,617,302,315,0,35,18,17,70,63,7,2
"2011","Salford 007F","E01005718",822,522,235,287,4,144,78,66,135,121,14,17
"2011","Salford 008A","E01005673",642,396,144,252,4,127,80,47,102,96,6,13
"2011","Salford 008B","E01005675",712,479,165,314,2,49,20,29,180,165,15,2
"2011","Salford 008C","E01005678",653,297,104,193,3,307,229,78,35,33,2,11
"2011","Salford 008D","E01005679",670,229,100,129,2,387,274,113,41,38,3,11
"2011","Salford 009A","E01005687",800,524,185,339,3,110,74,36,150,131,19,13
"2011","Salford 009B","E01005689",575,183,68,115,2,342,312,30,38,36,2,10
"2011","Salford 009C","E01005690",678,513,222,291,1,94,66,28,62,50,12,8
"2011","Salford 009D","E01005693",611,532,267,265,0,11,7,4,67,66,1,1
"2011","Salford 010A","E01005646",527,246,127,119,0,98,11,87,180,166,14,3
"2011","Salford 010B","E01005649",682,397,247,150,2,58,40,18,207,192,15,18
"2011","Salford 010C","E01005650",597,196,84,112,7,237,98,139,136,126,10,21
"2011","Salford 010D","E01005651",537,241,106,135,0,167,71,96,119,108,11,10
"2011","Salford 011A","E01005647",675,371,207,164,1,83,5,78,211,197,14,9
"2011","Salford 011B","E01005648",861,525,227,298,2,58,39,19,268,256,12,8
"2011","Salford 011C","E01005652",548,312,124,188,2,173,158,15,56,54,2,5
"2011","Salford 011D","E01005653",626,186,97,89,1,279,249,30,131,123,8,29
"2011","Salford 012A","E01005671",745,341,137,204,5,271,127,144,111,101,10,17
"2011","Salford 012B","E01005674",574,357,140,217,2,138,88,50,69,65,4,8
"2011","Salford 012C","E01005694",686,537,206,331,1,42,23,19,101,91,10,5
"2011","Salford 012D","E01005696",626,471,201,270,1,94,62,32,55,46,9,5
"2011","Salford 012E","E01005698",801,251,114,137,2,437,304,133,92,81,11,19
"2011","Salford 012F","E01005700",661,466,209,257,1,91,51,40,98,85,13,5
"2011","Salford 013A","E01005716",668,597,242,355,0,5,1,4,60,56,4,6
"2011","Salford 013B","E01005717",543,500,148,352,1,3,1,2,36,31,5,3
"2011","Salford 013C","E01005734",618,440,182,258,2,86,56,30,80,76,4,10
"2011","Salford 013D","E01005735",579,529,273,256,0,4,3,1,43,38,5,3
"2011","Salford 013E","E01005736",626,543,284,259,0,5,0,5,77,70,7,1
"2011","Salford 013F","E01005737",604,554,306,248,1,6,4,2,38,32,6,5
"2011","Salford 013G","E01005739",614,548,216,332,3,3,1,2,57,52,5,3
"2011","Salford 014A","E01005695",620,568,302,266,2,4,3,1,44,39,5,2
"2011","Salford 014B","E01005697",676,580,277,303,4,26,17,9,57,50,7,9
"2011","Salford 014C","E01005738",768,645,348,297,0,9,0,9,103,95,8,11
"2011","Salford 014D","E01005740",708,590,314,276,1,30,17,13,80,71,9,7
"2011","Salford 014E","E01005741",685,576,297,279,0,45,2,43,56,51,5,8
"2011","Salford 014F","E01005742",673,564,258,306,0,29,4,25,77,66,11,3
"2011","Salford 015A","E01005625",601,468,217,251,3,36,2,34,90,85,5,4
"2011","Salford 015B","E01005627",477,428,204,224,0,15,11,4,32,30,2,2
"2011","Salford 015C","E01005699",639,575,293,282,2,13,2,11,48,41,7,1
"2011","Salford 015D","E01005701",619,532,259,273,1,25,13,12,59,54,5,2
"2011","Salford 016A","E01005609",852,141,22,119,21,535,223,312,134,119,15,21
"2011","Salford 016B","E01005611",898,228,98,130,13,444,46,398,188,175,13,25
"2011","Salford 016C","E01005612",1031,78,34,44,3,820,439,381,93,88,5,37
"2011","Salford 016D","E01005613",984,153,82,71,3,564,271,293,234,226,8,30
"2011","Salford 016E","E01005614",529,182,86,96,2,169,70,99,162,149,13,14
"2011","Salford 016F","E01005615",695,215,124,91,20,186,39,147,256,244,12,18
"2011","Salford 017A","E01005624",677,252,94,158,10,358,267,91,37,34,3,20
"2011","Salford 017B","E01005680",723,162,72,90,0,333,89,244,218,215,3,10
"2011","Salford 017C","E01005683",777,93,53,40,2,571,505,66,85,83,2,26
"2011","Salford 017F","E01032919",976,308,171,137,5,273,196,77,367,361,6,23
"2011","Salford 018A","E01005622",665,414,142,272,9,100,6,94,137,129,8,5
"2011","Salford 018B","E01005623",498,430,182,248,0,12,3,9,50,49,1,6
"2011","Salford 018C","E01005626",507,461,218,243,0,5,1,4,30,28,2,11
"2011","Salford 018D","E01005628",692,443,220,223,0,59,4,55,183,171,12,7
"2011","Salford 019A","E01005725",559,174,64,110,0,308,207,101,61,61,0,16
"2011","Salford 019B","E01005726",615,370,151,219,2,138,86,52,99,89,10,6
"2011","Salford 019C","E01005727",653,349,105,244,1,116,61,55,176,168,8,11
"2011","Salford 019D","E01005728",584,501,264,237,1,21,11,10,55,50,5,6
"2011","Salford 019E","E01005733",503,240,106,134,1,220,156,64,32,32,0,10
"2011","Salford 020A","E01005631",1021,148,75,73,2,675,415,260,155,146,9,41
"2011","Salford 020B","E01005632",916,462,167,295,1,142,65,77,305,287,18,6
"2011","Salford 020C","E01005633",597,338,149,189,1,213,162,51,40,29,11,5
"2011","Salford 020D","E01005634",601,522,235,287,0,11,5,6,62,59,3,6
"2011","Salford 020E","E01005635",704,393,191,202,3,88,30,58,210,205,5,10
"2011","Salford 020F","E01005636",680,455,219,236,9,80,32,48,125,120,5,11
"2011","Salford 020G","E01005637",628,394,184,210,8,118,70,48,103,88,15,5
"2011","Salford 021A","E01005629",618,403,207,196,2,135,25,110,74,67,7,4
"2011","Salford 021B","E01005630",648,439,190,249,3,94,84,10,103,97,6,9
"2011","Salford 021C","E01005719",915,317,151,166,1,330,227,103,237,228,9,30
"2011","Salford 021D","E01005720",1121,361,161,200,1,239,106,133,506,493,13,14
"2011","Salford 021E","E01005722",709,297,126,171,1,249,191,58,148,138,10,14
"2011","Salford 021F","E01005723",639,231,90,141,2,317,226,91,79,70,9,10
"2011","Salford 021G","E01005724",643,489,260,229,3,91,45,46,52,48,4,8
"2011","Salford 022D","E01005610",472,79,31,48,1,355,330,25,21,19,2,16
"2011","Salford 022E","E01032684",631,165,35,130,1,146,106,40,313,262,51,6
"2011","Salford 022F","E01032687",716,170,49,121,3,89,73,16,443,422,21,11
"2011","Salford 022G","E01032906",712,73,22,51,14,311,215,96,306,295,11,8
"2011","Salford 022H","E01032907",659,90,20,70,1,333,148,185,225,214,11,10
"2011","Salford 022I","E01032909",837,124,41,83,3,15,8,7,688,675,13,7
"2011","Salford 022J","E01032911",731,133,35,98,2,85,34,51,502,493,9,9
"2011","Salford 022K","E01033330",875,88,51,37,21,688,518,170,59,52,7,19
"2011","Salford 023A","E01005654",754,321,122,199,46,110,24,86,264,243,21,13
"2011","Salford 023B","E01005656",645,335,147,188,3,126,13,113,176,166,10,5
"2011","Salford 023C","E01005657",709,378,159,219,7,188,19,169,129,123,6,7
"2011","Salford 023D","E01005721",766,374,197,177,15,189,123,66,169,164,5,19
"2011","Salford 024A","E01005655",716,41,20,21,3,438,359,79,216,215,1,18
"2011","Salford 024B","E01005658",662,97,40,57,1,525,446,79,20,20,0,19
"2011","Salford 024C","E01005681",568,53,23,30,0,447,337,110,49,47,2,19
"2011","Salford 024D","E01005682",1035,26,15,11,5,957,645,312,21,14,7,26
"2011","Salford 025A","E01005729",743,131,63,68,5,512,316,196,77,72,5,18
"2011","Salford 025B","E01005730",711,525,197,328,2,79,37,42,97,85,12,8
"2011","Salford 025C","E01005731",594,221,90,131,1,317,212,105,47,41,6,8
"2011","Salford 025D","E01005732",558,240,110,130,0,272,176,96,29,24,5,17
"2011","Salford 026A","E01005599",809,288,117,171,3,409,260,149,97,87,10,12
"2011","Salford 026B","E01005600",612,355,115,240,9,115,47,68,124,114,10,9
"2011","Salford 026C","E01005601",662,259,105,154,5,283,140,143,101,91,10,14
"2011","Salford 026D","E01005602",775,183,54,129,12,489,286,203,73,64,9,18
"2011","Salford 027A","E01005603",653,359,122,237,0,113,29,84,171,164,7,10
"2011","Salford 027B","E01005604",702,444,195,249,31,150,100,50,69,65,4,8
"2011","Salford 027C","E01005605",668,417,176,241,4,96,58,38,144,129,15,7
"2011","Salford 027D","E01005638",759,322,108,214,5,222,107,115,189,178,11,21
"2011","Salford 028B","E01005667",879,187,41,146,6,579,501,78,91,88,3,16
"2011","Salford 028E","E01032685",945,305,90,215,2,21,13,8,605,592,13,12
"2011","Salford 028F","E01032686",880,134,44,90,1,36,19,17,706,697,9,3
"2011","Salford 028G","E01032912",779,173,51,122,3,403,296,107,180,171,9,20
"2011","Salford 028H","E01032914",943,178,46,132,4,98,25,73,657,645,12,6
"2011","Salford 028I","E01032915",693,130,27,103,3,374,296,78,170,164,6,16
"2011","Salford 028J","E01032917",591,135,31,104,2,145,131,14,302,292,10,7
"2011","Salford 029A","E01005639",605,150,52,98,0,414,247,167,33,28,5,8
"2011","Salford 029B","E01005640",546,275,84,191,2,218,120,98,46,44,2,5
"2011","Salford 029C","E01005641",640,353,134,219,0,206,94,112,75,65,10,6
"2011","Salford 029D","E01005642",512,433,154,279,3,14,9,5,58,49,9,4
"2011","Salford 029E","E01005643",671,529,311,218,0,75,41,34,64,63,1,3
"2011","Salford 029F","E01005644",631,539,162,377,1,15,1,14,70,60,10,6
"2011","Salford 029G","E01005645",603,532,296,236,0,35,8,27,31,30,1,5
"2011","Salford 030A","E01005616",620,338,157,181,0,238,169,69,37,29,8,7
"2011","Salford 030B","E01005617",611,473,210,263,1,69,52,17,64,58,6,4
"2011","Salford 030C","E01005618",666,330,109,221,4,240,171,69,82,71,11,10
"2011","Salford 030D","E01005619",528,330,117,213,3,123,77,46,66,61,5,6
"2011","Salford 030E","E01005620",1060,709,235,474,1,137,68,69,192,177,15,21
"2011","Salford 030F","E01005621",768,403,145,258,1,193,94,99,154,142,12,17
"2011","Stockport 001A","E01005886",656,436,158,278,1,94,59,35,118,113,5,7
"2011","Stockport 001B","E01005888",592,451,169,282,2,83,70,13,54,47,7,2
"2011","Stockport 001C","E01005889",686,447,181,266,2,151,17,134,83,80,3,3
"2011","Stockport 001D","E01005891",569,516,268,248,0,8,5,3,43,39,4,2
"2011","Stockport 001E","E01005894",573,478,197,281,0,22,15,7,69,63,6,4
"2011","Stockport 002A","E01005887",595,318,92,226,23,175,122,53,65,60,5,14
"2011","Stockport 002B","E01005890",579,389,146,243,8,104,96,8,70,64,6,8
"2011","Stockport 002C","E01005893",837,404,151,253,2,142,98,44,277,268,9,12
"2011","Stockport 002D","E01005896",776,519,193,326,5,54,13,41,191,177,14,7
"2011","Stockport 002E","E01005919",716,307,113,194,32,310,194,116,55,47,8,12
"2011","Stockport 003A","E01005862",604,526,258,268,0,41,6,35,36,30,6,1
"2011","Stockport 003B","E01005892",560,392,170,222,1,64,57,7,97,92,5,6
"2011","Stockport 003C","E01005895",491,331,136,195,0,105,72,33,50,42,8,5
"2011","Stockport 003D","E01005920",636,574,266,308,1,19,15,4,40,37,3,2
"2011","Stockport 003E","E01005921",690,406,159,247,2,112,50,62,158,144,14,12
"2011","Stockport 003F","E01005922",635,507,231,276,21,25,6,19,77,70,7,5
"2011","Stockport 004A","E01005753",672,230,97,133,27,349,335,14,47,42,5,19
"2011","Stockport 004B","E01005754",945,199,74,125,2,682,624,58,37,29,8,25
"2011","Stockport 004C","E01005755",672,278,107,171,11,322,300,22,47,41,6,14
"2011","Stockport 004D","E01005756",764,152,73,79,8,565,525,40,18,15,3,21
"2011","Stockport 005A","E01005745",595,459,199,260,3,60,34,26,68,56,12,5
"2011","Stockport 005B","E01005746",777,298,140,158,3,421,299,122,36,34,2,19
"2011","Stockport 005C","E01005747",587,519,253,266,2,7,7,0,58,51,7,1
"2011","Stockport 005D","E01005748",659,604,368,236,20,12,12,0,18,14,4,5
"2011","Stockport 006A","E01005863",776,569,301,268,2,46,15,31,154,144,10,5
"2011","Stockport 006B","E01005864",624,413,185,228,0,24,3,21,182,173,9,5
"2011","Stockport 006C","E01005866",821,427,175,252,1,77,6,71,308,300,8,8
"2011","Stockport 006D","E01005869",610,516,245,271,0,54,50,4,33,29,4,7
"2011","Stockport 007A","E01005914",675,492,232,260,1,106,94,12,72,65,7,4
"2011","Stockport 007B","E01005915",722,420,156,264,0,178,158,20,112,102,10,12
"2011","Stockport 007C","E01005916",708,481,214,267,2,68,44,24,151,140,11,6
"2011","Stockport 007D","E01005917",847,429,153,276,1,204,72,132,203,188,15,10
"2011","Stockport 008A","E01005859",625,381,177,204,3,34,2,32,201,193,8,6
"2011","Stockport 008B","E01005865",632,511,287,224,0,14,1,13,102,99,3,5
"2011","Stockport 008C","E01005867",660,519,286,233,0,34,3,31,101,99,2,6
"2011","Stockport 008D","E01005868",576,513,252,261,2,2,0,2,56,55,1,3
"2011","Stockport 009A","E01005743",583,495,263,232,2,11,5,6,72,62,10,3
"2011","Stockport 009B","E01005744",605,410,184,226,18,74,57,17,93,85,8,10
"2011","Stockport 009C","E01005749",731,591,244,347,23,13,4,9,100,86,14,4
"2011","Stockport 009D","E01005750",703,577,237,340,1,14,3,11,111,101,10,0
"2011","Stockport 009E","E01005751",586,471,172,299,4,8,3,5,97,83,14,6
"2011","Stockport 010A","E01005897",599,400,162,238,3,140,119,21,48,44,4,8
"2011","Stockport 010B","E01005898",723,550,300,250,5,112,102,10,45,40,5,11
"2011","Stockport 010C","E01005900",770,480,253,227,5,184,79,105,90,84,6,11
"2011","Stockport 010D","E01005903",623,594,375,219,0,4,1,3,21,16,5,4
"2011","Stockport 010E","E01005904",624,548,294,254,2,18,15,3,43,40,3,13
"2011","Stockport 011A","E01005853",655,394,160,234,2,207,180,27,47,45,2,5
"2011","Stockport 011B","E01005856",661,534,253,281,9,28,24,4,81,75,6,9
"2011","Stockport 011C","E01005860",580,520,263,257,3,18,17,1,38,36,2,1
"2011","Stockport 011D","E01005861",714,524,250,274,0,110,19,91,75,70,5,5
"2011","Stockport 012A","E01005752",626,335,134,201,17,219,123,96,47,44,3,8
"2011","Stockport 012B","E01005899",744,594,364,230,18,51,12,39,74,68,6,7
"2011","Stockport 012C","E01005901",621,541,320,221,4,40,10,30,31,28,3,5
"2011","Stockport 012D","E01005902",736,354,143,211,6,325,96,229,41,33,8,10
"2011","Stockport 012E","E01005905",614,287,97,190,6,269,85,184,46,42,4,6
"2011","Stockport 013A","E01005852",695,484,223,261,1,41,2,39,162,150,12,7
"2011","Stockport 013B","E01005854",739,630,292,338,2,6,1,5,95,93,2,6
"2011","Stockport 013C","E01005855",594,497,251,246,11,0,0,0,82,78,4,4
"2011","Stockport 013D","E01005857",595,499,219,280,3,10,0,10,75,65,10,8
"2011","Stockport 013E","E01005858",790,626,312,314,2,1,0,1,152,142,10,9
"2011","Stockport 014A","E01005757",709,441,163,278,13,92,59,33,159,147,12,4
"2011","Stockport 014B","E01005758",1148,147,53,94,45,795,593,202,137,126,11,24
"2011","Stockport 014C","E01005766",695,305,136,169,2,165,61,104,218,204,14,5
"2011","Stockport 014D","E01005918",894,99,39,60,3,724,529,195,42,35,7,26
"2011","Stockport 015A","E01005870",600,435,159,276,10,40,3,37,111,97,14,4
"2011","Stockport 015B","E01005871",597,429,168,261,7,24,7,17,127,115,12,10
"2011","Stockport 015C","E01005873",578,503,224,279,2,27,25,2,42,37,5,4
"2011","Stockport 015D","E01005875",656,565,230,335,3,13,6,7,70,62,8,5
"2011","Stockport 016A","E01005764",777,471,139,332,1,147,58,89,155,146,9,3
"2011","Stockport 016B","E01005816",699,473,146,327,3,32,17,15,185,175,10,6
"2011","Stockport 016C","E01005817",636,448,163,285,5,55,10,45,125,116,9,3
"2011","Stockport 016D","E01005822",886,259,93,166,29,407,320,87,176,162,14,15
"2011","Stockport 017A","E01005880",643,530,289,241,1,33,31,2,72,63,9,7
"2011","Stockport 017B","E01005881",506,474,259,215,0,3,1,2,27,26,1,2
"2011","Stockport 017C","E01005883",663,596,366,230,0,6,5,1,57,50,7,4
"2011","Stockport 017D","E01005908",575,545,319,226,1,0,0,0,23,19,4,6
"2011","Stockport 018A","E01005765",578,501,197,304,2,12,8,4,61,56,5,2
"2011","Stockport 018B","E01005818",557,362,128,234,4,116,111,5,72,62,10,3
"2011","Stockport 018C","E01005819",651,577,247,330,3,14,10,4,56,50,6,1
"2011","Stockport 018D","E01005820",642,462,198,264,2,55,13,42,118,112,6,5
"2011","Stockport 018E","E01005821",679,460,189,271,17,95,38,57,103,97,6,4
"2011","Stockport 018F","E01005823",696,460,141,319,14,135,117,18,86,77,9,1
"2011","Stockport 019A","E01005825",692,500,192,308,12,93,5,88,79,76,3,8
"2011","Stockport 019B","E01005872",802,539,189,350,3,105,15,90,150,137,13,5
"2011","Stockport 019C","E01005874",924,280,114,166,15,447,246,201,172,157,15,10
"2011","Stockport 019D","E01005876",610,510,221,289,0,30,21,9,66,63,3,4
"2011","Stockport 019E","E01005877",617,393,176,217,8,113,10,103,101,95,6,2
"2011","Stockport 020A","E01005878",637,355,166,189,1,221,96,125,55,44,11,5
"2011","Stockport 020B","E01005879",592,431,218,213,3,92,84,8,62,52,10,4
"2011","Stockport 020C","E01005882",489,459,271,188,2,4,1,3,21,18,3,3
"2011","Stockport 020D","E01005884",585,555,322,233,1,9,5,4,17,14,3,3
"2011","Stockport 020E","E01005885",637,474,297,177,1,37,29,8,120,109,11,5
"2011","Stockport 021A","E01005832",623,486,243,243,0,84,30,54,46,43,3,7
"2011","Stockport 021B","E01005833",464,294,131,163,0,134,19,115,30,27,3,6
"2011","Stockport 021C","E01005835",564,512,249,263,2,10,6,4,36,30,6,4
"2011","Stockport 021D","E01005837",672,584,236,348,1,19,14,5,63,52,11,5
"2011","Stockport 021E","E01005843",619,571,263,308,0,9,3,6,38,34,4,1
"2011","Stockport 022A","E01005769",663,494,192,302,0,28,20,8,133,124,9,8
"2011","Stockport 022B","E01005778",641,500,205,295,1,54,30,24,82,76,6,4
"2011","Stockport 022C","E01005779",580,486,196,290,2,17,8,9,72,68,4,3
"2011","Stockport 022D","E01005780",557,443,132,311,4,34,14,20,72,65,7,4
"2011","Stockport 022E","E01005781",820,345,150,195,2,360,208,152,96,82,14,17
"2011","Stockport 023A","E01005759",690,511,162,349,25,39,28,11,107,100,7,8
"2011","Stockport 023B","E01005760",848,469,164,305,18,89,43,46,267,249,18,5
"2011","Stockport 023C","E01005797",670,387,130,257,0,107,83,24,173,162,11,3
"2011","Stockport 023D","E01005800",693,591,279,312,6,27,21,6,61,56,5,8
"2011","Stockport 023E","E01005804",481,284,104,180,5,111,84,27,77,66,11,4
"2011","Stockport 024A","E01005824",610,474,186,288,25,64,42,22,43,38,5,4
"2011","Stockport 024B","E01005826",597,274,111,163,2,278,226,52,34,31,3,9
"2011","Stockport 024C","E01005827",598,516,294,222,0,41,38,3,31,26,5,10
"2011","Stockport 024D","E01005828",586,147,52,95,1,393,155,238,35,30,5,10
"2011","Stockport 024E","E01005829",498,281,125,156,2,189,171,18,24,20,4,2
"2011","Stockport 025A","E01005768",615,563,308,255,1,5,1,4,44,39,5,2
"2011","Stockport 025B","E01005770",629,492,235,257,11,43,4,39,73,69,4,10
"2011","Stockport 025C","E01005771",545,462,193,269,3,23,2,21,52,50,2,5
"2011","Stockport 025D","E01005775",624,566,271,295,1,15,9,6,34,29,5,8
"2011","Stockport 026A","E01005761",550,329,103,226,1,150,134,16,67,64,3,3
"2011","Stockport 026B","E01005762",664,176,76,100,10,441,259,182,30,30,0,7
"2011","Stockport 026C","E01005763",648,339,108,231,3,249,149,100,46,42,4,11
"2011","Stockport 026D","E01005799",701,267,55,212,19,343,324,19,61,57,4,11
"2011","Stockport 027A","E01005798",787,480,259,221,14,125,4,121,155,144,11,13
"2011","Stockport 027B","E01005801",634,468,189,279,2,30,3,27,130,116,14,4
"2011","Stockport 027C","E01005802",597,520,211,309,3,19,16,3,55,49,6,0
"2011","Stockport 027D","E01005803",602,537,253,284,25,2,0,2,37,33,4,1
"2011","Stockport 027E","E01005830",707,480,215,265,33,96,5,91,94,88,6,4
"2011","Stockport 027F","E01005831",664,503,214,289,14,24,12,12,117,108,9,6
"2011","Stockport 028A","E01005767",591,544,358,186,2,9,8,1,27,24,3,9
"2011","Stockport 028B","E01005772",573,471,259,212,8,37,29,8,51,46,5,6
"2011","Stockport 028C","E01005773",635,508,286,222,3,54,35,19,62,56,6,8
"2011","Stockport 028D","E01005774",684,273,107,166,3,348,309,39,44,32,12,16
"2011","Stockport 028E","E01005776",598,522,301,221,6,11,10,1,51,41,10,8
"2011","Stockport 029A","E01005909",645,565,340,225,1,36,14,22,38,36,2,5
"2011","Stockport 029B","E01005910",707,436,213,223,1,197,144,53,66,50,16,7
"2011","Stockport 029C","E01005911",540,485,277,208,13,20,18,2,20,15,5,2
"2011","Stockport 029D","E01005912",610,540,305,235,1,2,0,2,62,58,4,5
"2011","Stockport 030A","E01005782",552,499,276,223,1,9,6,3,40,34,6,3
"2011","Stockport 030B","E01005783",654,537,292,245,2,55,49,6,52,48,4,8
"2011","Stockport 030C","E01005784",529,491,268,223,0,3,3,0,33,29,4,2
"2011","Stockport 030D","E01005785",641,540,256,284,2,27,20,7,66,59,7,6
"2011","Stockport 030E","E01005786",610,540,261,279,13,5,2,3,48,36,12,4
"2011","Stockport 031A","E01005834",631,400,134,266,2,167,153,14,51,49,2,11
"2011","Stockport 031B","E01005836",851,664,365,299,29,50,26,24,97,92,5,11
"2011","Stockport 031C","E01005838",852,570,251,319,9,28,26,2,236,217,19,9
"2011","Stockport 031D","E01005840",732,514,247,267,2,90,62,28,116,102,14,10
"2011","Stockport 032A","E01005927",491,464,210,254,1,7,0,7,17,15,2,2
"2011","Stockport 032B","E01005928",674,461,173,288,7,142,18,124,58,53,5,6
"2011","Stockport 032C","E01005929",610,546,347,199,0,10,5,5,52,49,3,2
"2011","Stockport 032D","E01005930",600,562,328,234,0,7,5,2,26,26,0,5
"2011","Stockport 033A","E01005806",495,469,247,222,0,2,1,1,19,13,6,5
"2011","Stockport 033B","E01005813",612,546,267,279,2,2,1,1,57,49,8,5
"2011","Stockport 033C","E01005814",547,524,310,214,1,2,1,1,19,18,1,1
"2011","Stockport 033D","E01005815",586,558,287,271,1,1,0,1,23,20,3,3
"2011","Stockport 034A","E01005777",682,499,264,235,7,116,46,70,56,45,11,4
"2011","Stockport 034B","E01005787",474,454,247,207,1,7,6,1,12,12,0,0
"2011","Stockport 034C","E01005788",603,517,245,272,2,27,7,20,45,39,6,12
"2011","Stockport 034D","E01005790",511,354,141,213,4,119,111,8,26,22,4,8
"2011","Stockport 035A","E01005805",591,534,254,280,0,28,1,27,29,29,0,0
"2011","Stockport 035B","E01005807",623,594,345,249,1,3,2,1,23,21,2,2
"2011","Stockport 035C","E01005839",522,503,280,223,0,3,1,2,16,15,1,0
"2011","Stockport 035D","E01005841",625,540,290,250,13,21,16,5,47,41,6,4
"2011","Stockport 036A","E01005844",553,485,289,196,3,3,2,1,55,48,7,7
"2011","Stockport 036B","E01005845",604,535,287,248,2,11,10,1,47,42,5,9
"2011","Stockport 036C","E01005849",607,577,309,268,1,1,1,0,24,23,1,4
"2011","Stockport 036D","E01005851",611,566,313,253,0,1,1,0,38,32,6,6
"2011","Stockport 037A","E01005808",526,488,251,237,0,2,1,1,29,27,2,7
"2011","Stockport 037B","E01005809",498,446,215,231,2,1,1,0,44,43,1,5
"2011","Stockport 037C","E01005810",658,542,318,224,3,23,2,21,83,74,9,7
"2011","Stockport 037D","E01005811",636,534,254,280,16,6,2,4,76,70,6,4
"2011","Stockport 037E","E01005812",479,454,236,218,1,1,1,0,19,14,5,4
"2011","Stockport 038A","E01005842",673,618,332,286,1,5,2,3,43,40,3,6
"2011","Stockport 038B","E01005906",646,618,393,225,0,1,1,0,21,18,3,6
"2011","Stockport 038C","E01005907",609,554,366,188,2,5,2,3,40,36,4,8
"2011","Stockport 038D","E01005913",649,572,316,256,2,37,30,7,32,28,4,6
"2011","Stockport 039A","E01005789",655,546,274,272,1,20,17,3,82,79,3,6
"2011","Stockport 039B","E01005791",647,516,235,281,1,72,65,7,53,48,5,5
"2011","Stockport 039C","E01005793",621,492,272,220,1,22,18,4,98,89,9,8
"2011","Stockport 039D","E01005795",527,485,249,236,1,6,5,1,33,28,5,2
"2011","Stockport 039E","E01005796",497,451,235,216,0,3,2,1,38,33,5,5
"2011","Stockport 040A","E01005846",614,526,257,269,2,37,28,9,43,36,7,6
"2011","Stockport 040B","E01005847",619,527,246,281,4,11,6,5,70,59,11,7
"2011","Stockport 040C","E01005848",730,649,342,307,12,4,1,3,60,56,4,5
"2011","Stockport 040D","E01005850",759,545,253,292,2,144,60,84,62,47,15,6
"2011","Stockport 041A","E01005792",603,563,319,244,1,3,1,2,31,29,2,5
"2011","Stockport 041B","E01005794",504,478,275,203,1,1,0,1,19,17,2,5
"2011","Stockport 041C","E01005923",626,599,339,260,2,2,2,0,19,19,0,4
"2011","Stockport 041D","E01005931",643,568,340,228,0,31,0,31,39,36,3,5
"2011","Stockport 042A","E01005924",528,482,258,224,0,0,0,0,43,37,6,3
"2011","Stockport 042B","E01005925",612,505,305,200,3,50,39,11,48,43,5,6
"2011","Stockport 042C","E01005926",485,445,238,207,0,3,3,0,30,26,4,7
"2011","Stockport 042D","E01005932",535,511,281,230,1,5,4,1,15,15,0,3
"2011","Tameside 001A","E01006053",818,675,298,377,1,12,1,11,122,108,14,8
"2011","Tameside 001B","E01006054",759,408,181,227,2,266,59,207,66,59,7,17
"2011","Tameside 001C","E01006055",639,503,193,310,1,29,2,27,103,92,11,3
"2011","Tameside 001D","E01006057",644,517,204,313,2,15,2,13,107,96,11,3
"2011","Tameside 001E","E01006058",945,609,244,365,2,51,8,43,275,259,16,8
"2011","Tameside 001F","E01006059",612,499,192,307,3,20,4,16,84,75,9,6
"2011","Tameside 002A","E01005938",670,449,235,214,2,153,43,110,58,51,7,8
"2011","Tameside 002B","E01005939",494,448,266,182,0,7,0,7,37,34,3,2
"2011","Tameside 002C","E01005940",596,473,267,206,1,72,24,48,35,28,7,15
"2011","Tameside 002D","E01005955",632,573,248,325,1,9,1,8,44,40,4,5
"2011","Tameside 003A","E01006056",507,160,65,95,0,295,96,199,42,35,7,10
"2011","Tameside 003B","E01006061",962,522,167,355,3,372,99,273,57,49,8,8
"2011","Tameside 003C","E01006062",813,715,299,416,3,14,2,12,78,71,7,3
"2011","Tameside 003D","E01006063",564,500,202,298,0,25,7,18,34,24,10,5
"2011","Tameside 004A","E01005936",637,524,260,264,0,67,22,45,46,41,5,0
"2011","Tameside 004B","E01005937",692,400,212,188,2,193,60,133,91,82,9,6
"2011","Tameside 004C","E01005945",743,296,100,196,2,341,115,226,93,87,6,11
"2011","Tameside 004D","E01005946",676,447,170,277,0,73,17,56,146,137,9,10
"2011","Tameside 004E","E01005947",756,359,150,209,3,183,38,145,198,188,10,13
"2011","Tameside 005A","E01005954",777,397,172,225,1,296,90,206,76,62,14,7
"2011","Tameside 005B","E01005956",578,456,218,238,19,64,9,55,29,25,4,10
"2011","Tameside 005C","E01005957",589,480,230,250,0,29,4,25,73,68,5,7
"2011","Tameside 005D","E01005958",659,316,121,195,2,278,90,188,49,42,7,14
"2011","Tameside 005E","E01005959",655,375,179,196,3,218,80,138,51,46,5,8
"2011","Tameside 006A","E01005933",548,203,54,149,2,298,109,189,38,32,6,7
"2011","Tameside 006B","E01005934",614,461,214,247,0,110,42,68,40,38,2,3
"2011","Tameside 006C","E01005935",656,235,92,143,2,314,117,197,99,90,9,6
"2011","Tameside 006D","E01005949",715,428,197,231,1,121,24,97,155,139,16,10
"2011","Tameside 006E","E01005960",723,325,129,196,3,240,42,198,150,143,7,5
"2011","Tameside 007A","E01005941",731,346,166,180,3,156,35,121,210,198,12,16
"2011","Tameside 007B","E01005942",701,537,249,288,4,49,22,27,106,94,12,5
"2011","Tameside 007C","E01005943",828,564,249,315,2,50,13,37,211,185,26,1
"2011","Tameside 007D","E01005944",554,449,195,254,1,20,4,16,77,71,6,7
"2011","Tameside 008A","E01006060",687,276,95,181,3,254,64,190,138,120,18,16
"2011","Tameside 008B","E01006064",724,280,133,147,0,384,130,254,48,42,6,12
"2011","Tameside 008C","E01006065",500,224,90,134,0,250,71,179,21,21,0,5
"2011","Tameside 008D","E01006066",598,384,155,229,6,83,25,58,118,108,10,7
"2011","Tameside 009A","E01006067",727,642,212,430,3,20,6,14,59,50,9,3
"2011","Tameside 009B","E01006068",834,376,150,226,3,184,26,158,257,243,14,14
"2011","Tameside 009C","E01006069",650,296,106,190,0,297,112,185,49,41,8,8
"2011","Tameside 009D","E01006073",721,326,90,236,2,249,100,149,134,122,12,10
"2011","Tameside 010A","E01005993",615,499,258,241,1,61,17,44,46,35,11,8
"2011","Tameside 010B","E01005995",508,468,171,297,0,15,4,11,24,22,2,1
"2011","Tameside 010C","E01005996",804,557,202,355,2,123,21,102,117,105,12,5
"2011","Tameside 010D","E01005997",673,478,217,261,3,88,14,74,91,82,9,13
"2011","Tameside 010E","E01006000",822,320,166,154,12,352,57,295,124,111,13,14
"2011","Tameside 011A","E01005994",605,419,159,260,2,65,16,49,108,97,11,11
"2011","Tameside 011B","E01005999",840,405,163,242,0,218,36,182,204,192,12,13
"2011","Tameside 011C","E01006002",560,408,184,224,2,73,12,61,69,62,7,8
"2011","Tameside 011D","E01006004",603,519,255,264,0,8,4,4,74,71,3,2
"2011","Tameside 011E","E01006005",634,281,118,163,0,242,74,168,105,96,9,6
"2011","Tameside 011F","E01006007",655,444,170,274,1,47,19,28,154,140,14,9
"2011","Tameside 012A","E01005998",729,558,225,333,3,20,0,20,138,130,8,10
"2011","Tameside 012B","E01006001",647,489,215,274,0,55,4,51,100,92,8,3
"2011","Tameside 012C","E01006003",617,504,240,264,1,16,2,14,89,75,14,7
"2011","Tameside 012D","E01006006",604,515,251,264,1,4,1,3,81,70,11,3
"2011","Tameside 013A","E01005948",959,190,81,109,2,411,73,338,337,314,23,19
"2011","Tameside 013B","E01005950",584,287,139,148,1,110,9,101,178,163,15,8
"2011","Tameside 013C","E01005951",731,403,160,243,3,140,23,117,178,162,16,7
"2011","Tameside 013D","E01005952",1181,86,41,45,1,941,44,897,138,129,9,15
"2011","Tameside 013E","E01005953",797,327,150,177,3,271,24,247,179,166,13,17
"2011","Tameside 014A","E01005961",562,457,219,238,2,14,0,14,83,71,12,6
"2011","Tameside 014B","E01005962",597,494,246,248,4,47,2,45,48,34,14,4
"2011","Tameside 014C","E01005968",628,546,253,293,0,4,1,3,73,69,4,5
"2011","Tameside 014D","E01005969",573,491,266,225,2,12,2,10,61,53,8,7
"2011","Tameside 015A","E01006022",790,454,197,257,13,106,3,103,207,193,14,10
"2011","Tameside 015B","E01006023",790,330,119,211,7,356,116,240,82,73,9,15
"2011","Tameside 015C","E01006070",628,504,224,280,0,11,3,8,111,104,7,2
"2011","Tameside 015D","E01006071",650,590,350,240,1,24,2,22,27,27,0,8
"2011","Tameside 015E","E01006072",671,636,318,318,0,5,1,4,28,24,4,2
"2011","Tameside 016A","E01006009",569,446,200,246,2,43,21,22,71,56,15,7
"2011","Tameside 016B","E01006017",536,512,222,290,0,1,0,1,17,17,0,6
"2011","Tameside 016C","E01006018",560,524,290,234,0,7,2,5,23,18,5,6
"2011","Tameside 016D","E01006021",610,515,260,255,1,24,8,16,66,57,9,4
"2011","Tameside 017A","E01006008",615,450,138,312,3,64,17,47,93,85,8,5
"2011","Tameside 017B","E01006010",671,290,113,177,0,264,39,225,108,98,10,9
"2011","Tameside 017C","E01006012",777,533,225,308,0,101,33,68,132,121,11,11
"2011","Tameside 017D","E01006015",531,461,145,316,0,32,2,30,38,36,2,0
"2011","Tameside 017E","E01006016",979,295,121,174,1,509,149,360,161,144,17,13
"2011","Tameside 018A","E01006011",682,283,93,190,2,330,92,238,56,54,2,11
"2011","Tameside 018B","E01006013",548,411,211,200,0,72,16,56,61,55,6,4
"2011","Tameside 018C","E01006014",478,303,116,187,0,142,42,100,29,28,1,4
"2011","Tameside 018D","E01006019",803,308,131,177,3,430,125,305,48,37,11,14
"2011","Tameside 018E","E01006020",607,414,185,229,1,154,57,97,35,28,7,3
"2011","Tameside 019A","E01005963",509,414,185,229,2,34,12,22,53,47,6,6
"2011","Tameside 019B","E01005964",660,513,221,292,1,42,3,39,100,80,20,4
"2011","Tameside 019C","E01005965",662,292,116,176,1,289,55,234,71,64,7,9
"2011","Tameside 019D","E01005966",539,360,115,245,1,97,27,70,78,66,12,3
"2011","Tameside 019E","E01005967",694,258,105,153,7,373,73,300,42,37,5,14
"2011","Tameside 020A","E01006031",661,277,103,174,0,306,94,212,73,64,9,5
"2011","Tameside 020B","E01006032",547,288,96,192,2,193,59,134,55,51,4,9
"2011","Tameside 020C","E01006033",635,363,135,228,0,168,54,114,98,89,9,6
"2011","Tameside 020D","E01006034",931,501,149,352,2,298,92,206,117,108,9,13
"2011","Tameside 020E","E01006035",954,542,181,361,3,272,74,198,129,114,15,8
"2011","Tameside 020F","E01006036",819,431,144,287,1,236,58,178,143,132,11,8
"2011","Tameside 021A","E01005970",652,577,315,262,4,8,2,6,61,55,6,2
"2011","Tameside 021B","E01005972",737,441,150,291,3,138,26,112,147,136,11,8
"2011","Tameside 021C","E01005974",742,446,189,257,2,78,18,60,208,197,11,8
"2011","Tameside 021D","E01005975",680,416,189,227,0,125,36,89,131,116,15,8
"2011","Tameside 022A","E01006024",675,609,236,373,18,5,1,4,39,35,4,4
"2011","Tameside 022B","E01006026",744,488,171,317,2,119,22,97,124,111,13,11
"2011","Tameside 022C","E01006037",605,570,244,326,0,5,0,5,26,21,5,4
"2011","Tameside 022D","E01006038",655,540,247,293,0,55,21,34,55,50,5,5
"2011","Tameside 023A","E01006047",572,415,187,228,2,75,21,54,74,67,7,6
"2011","Tameside 023B","E01006048",729,543,304,239,7,56,8,48,119,107,12,4
"2011","Tameside 023C","E01006049",714,504,248,256,16,84,15,69,106,95,11,4
"2011","Tameside 023D","E01006051",735,559,264,295,0,90,23,67,82,71,11,4
"2011","Tameside 024A","E01005985",709,627,372,255,0,28,2,26,45,41,4,9
"2011","Tameside 024B","E01005987",711,638,357,281,0,4,0,4,60,44,16,9
"2011","Tameside 024C","E01005988",636,565,254,311,1,4,1,3,63,58,5,3
"2011","Tameside 024D","E01005990",620,531,296,235,1,31,2,29,55,50,5,2
"2011","Tameside 024E","E01005991",617,496,210,286,0,54,2,52,56,46,10,11
"2011","Tameside 025A","E01005971",632,456,203,253,0,55,13,42,111,100,11,10
"2011","Tameside 025B","E01005986",531,387,140,247,2,85,34,51,48,43,5,9
"2011","Tameside 025C","E01005989",512,463,247,216,0,8,3,5,37,34,3,4
"2011","Tameside 025D","E01005992",592,372,161,211,1,101,34,67,113,102,11,5
"2011","Tameside 026A","E01005973",597,509,254,255,2,28,12,16,54,45,9,4
"2011","Tameside 026B","E01005976",624,328,124,204,3,241,73,168,38,32,6,14
"2011","Tameside 026C","E01005977",658,535,268,267,0,50,9,41,66,53,13,7
"2011","Tameside 026D","E01005978",605,302,121,181,2,242,60,182,53,48,5,6
"2011","Tameside 027A","E01006025",593,234,99,135,0,333,109,224,20,17,3,6
"2011","Tameside 027B","E01006027",621,221,81,140,1,344,102,242,43,39,4,12
"2011","Tameside 027C","E01006050",797,241,89,152,2,513,152,361,28,27,1,13
"2011","Tameside 027D","E01006052",661,283,117,166,4,327,89,238,37,34,3,10
"2011","Tameside 028A","E01006028",883,334,124,210,2,401,78,323,128,116,12,18
"2011","Tameside 028B","E01006029",718,432,146,286,5,127,12,115,150,144,6,4
"2011","Tameside 028C","E01006030",748,410,154,256,11,245,59,186,79,67,12,3
"2011","Tameside 028D","E01006039",440,277,126,151,2,76,8,68,83,75,8,2
"2011","Tameside 028E","E01006040",564,291,99,192,10,97,11,86,158,147,11,8
"2011","Tameside 028F","E01006041",662,474,184,290,0,40,2,38,144,133,11,4
"2011","Tameside 029A","E01005979",777,505,255,250,0,199,43,156,58,52,6,15
"2011","Tameside 029B","E01005980",641,334,126,208,5,229,39,190,62,54,8,11
"2011","Tameside 029C","E01005981",791,339,162,177,2,375,59,316,59,53,6,16
"2011","Tameside 029D","E01005982",583,353,197,156,0,195,44,151,31,30,1,4
"2011","Tameside 029E","E01005983",707,603,323,280,2,22,5,17,72,63,9,8
"2011","Tameside 029F","E01005984",773,225,110,115,2,462,61,401,70,64,6,14
"2011","Tameside 030A","E01006042",770,608,292,316,1,43,3,40,114,102,12,4
"2011","Tameside 030B","E01006043",606,451,212,239,1,66,19,47,80,69,11,8
"2011","Tameside 030C","E01006044",612,493,266,227,0,83,17,66,32,27,5,4
"2011","Tameside 030D","E01006045",542,499,295,204,4,3,0,3,32,28,4,4
"2011","Tameside 030E","E01006046",618,538,274,264,1,8,0,8,67,63,4,4
"2011","Trafford 001A","E01006109",781,87,43,44,3,618,247,371,62,57,5,11
"2011","Trafford 001B","E01006110",671,397,191,206,7,140,16,124,113,99,14,14
"2011","Trafford 001C","E01006111",568,163,79,84,2,290,45,245,103,97,6,10
"2011","Trafford 001D","E01006112",561,224,128,96,4,240,71,169,90,87,3,3
"2011","Trafford 001E","E01006185",1015,240,105,135,6,426,137,289,323,317,6,20
"2011","Trafford 001F","E01006188",566,304,141,163,0,96,8,88,155,148,7,11
"2011","Trafford 002A","E01006116",536,461,196,265,0,9,3,6,60,56,4,6
"2011","Trafford 002B","E01006117",637,578,275,303,1,35,22,13,18,14,4,5
"2011","Trafford 002C","E01006118",608,373,151,222,6,175,73,102,40,35,5,14
"2011","Trafford 002D","E01006119",636,572,275,297,2,30,12,18,30,26,4,2
"2011","Trafford 002E","E01006121",614,521,238,283,4,35,18,17,51,40,11,3
"2011","Trafford 003A","E01006141",585,400,171,229,4,117,44,73,61,50,11,3
"2011","Trafford 003B","E01006186",792,420,159,261,4,156,46,110,204,194,10,8
"2011","Trafford 003C","E01006187",1156,676,206,470,2,206,72,134,265,249,16,7
"2011","Trafford 003D","E01006189",918,596,234,362,0,163,67,96,148,131,17,11
"2011","Trafford 004A","E01006113",468,382,209,173,0,17,6,11,64,59,5,5
"2011","Trafford 004B","E01006114",574,322,149,173,3,178,58,120,65,63,2,6
"2011","Trafford 004C","E01006115",632,349,178,171,5,165,5,160,94,88,6,19
"2011","Trafford 004D","E01006145",677,314,142,172,1,271,138,133,74,66,8,17
"2011","Trafford 004E","E01006146",658,538,241,297,0,37,22,15,71,65,6,12
"2011","Trafford 005A","E01006122",672,610,353,257,1,21,13,8,36,34,2,4
"2011","Trafford 005B","E01006123",659,553,276,277,0,31,20,11,69,60,9,6
"2011","Trafford 005C","E01006124",596,558,310,248,4,9,7,2,18,18,0,7
"2011","Trafford 005D","E01006128",720,598,276,322,13,36,14,22,65,56,9,8
"2011","Trafford 005E","E01006131",646,535,238,297,0,44,26,18,62,58,4,5
"2011","Trafford 006A","E01006155",676,512,223,289,4,36,12,24,119,114,5,5
"2011","Trafford 006B","E01006157",609,443,195,248,9,81,5,76,67,56,11,9
"2011","Trafford 006C","E01006159",715,386,146,240,0,269,119,150,50,43,7,10
"2011","Trafford 006D","E01006182",598,524,249,275,3,18,7,11,46,39,7,7
"2011","Trafford 006E","E01006183",632,521,238,283,1,39,7,32,68,57,11,3
"2011","Trafford 007A","E01006125",602,489,240,249,1,78,34,44,33,29,4,1
"2011","Trafford 007B","E01006126",711,387,165,222,3,274,140,134,36,33,3,11
"2011","Trafford 007C","E01006127",631,543,205,338,0,41,20,21,40,39,1,7
"2011","Trafford 007D","E01006130",752,609,264,345,11,75,32,43,51,48,3,6
"2011","Trafford 007E","E01006132",673,500,201,299,2,117,30,87,49,44,5,5
"2011","Trafford 008A","E01006156",676,440,187,253,16,174,43,131,36,33,3,10
"2011","Trafford 008B","E01006158",772,394,163,231,2,301,143,158,62,56,6,13
"2011","Trafford 008C","E01006179",854,440,190,250,1,320,92,228,81,77,4,12
"2011","Trafford 008D","E01006184",731,435,198,237,17,217,47,170,56,48,8,6
"2011","Trafford 009A","E01006198",667,412,155,257,3,131,28,103,107,97,10,14
"2011","Trafford 009B","E01006199",742,438,169,269,7,179,53,126,111,103,8,7
"2011","Trafford 009C","E01006200",671,408,198,210,1,203,61,142,52,47,5,7
"2011","Trafford 009D","E01006201",657,444,154,290,21,87,17,70,100,100,0,5
"2011","Trafford 009E","E01006202",626,396,208,188,2,83,13,70,138,135,3,7
"2011","Trafford 010A","E01006120",560,520,275,245,0,2,0,2,36,33,3,2
"2011","Trafford 010B","E01006129",632,412,208,204,0,175,60,115,34,30,4,11
"2011","Trafford 010C","E01006133",664,619,347,272,2,5,1,4,31,30,1,7
"2011","Trafford 010D","E01006197",600,476,219,257,27,26,9,17,67,60,7,4
"2011","Trafford 010E","E01006203",516,476,205,271,6,5,0,5,26,25,1,3
"2011","Trafford 011A","E01006142",751,495,266,229,4,166,66,100,81,73,8,5
"2011","Trafford 011B","E01006143",709,508,256,252,2,70,10,60,126,124,2,3
"2011","Trafford 011C","E01006144",718,235,98,137,1,353,118,235,117,107,10,12
"2011","Trafford 011D","E01006180",794,481,178,303,2,86,18,68,218,207,11,7
"2011","Trafford 011E","E01006181",656,423,184,239,3,134,38,96,94,82,12,2
"2011","Trafford 012A","E01006147",542,506,244,262,2,3,0,3,27,25,2,4
"2011","Trafford 012B","E01006149",659,438,192,246,9,108,30,78,98,92,6,6
"2011","Trafford 012C","E01006150",709,486,245,241,5,55,3,52,151,144,7,12
"2011","Trafford 012D","E01006154",634,491,171,320,2,23,5,18,109,102,7,9
"2011","Trafford 012E","E01006165",874,560,200,360,1,81,23,58,225,215,10,7
"2011","Trafford 013A","E01006166",705,442,183,259,2,189,48,141,62,53,9,10
"2011","Trafford 013B","E01006169",683,567,280,287,1,42,20,22,61,56,5,12
"2011","Trafford 013C","E01006170",687,509,219,290,1,113,37,76,58,52,6,6
"2011","Trafford 013D","E01006171",799,397,153,244,1,329,41,288,64,55,9,8
"2011","Trafford 014A","E01006098",515,470,279,191,1,1,0,1,42,37,5,1
"2011","Trafford 014B","E01006099",558,447,191,256,0,21,9,12,87,82,5,3
"2011","Trafford 014C","E01006164",727,572,304,268,0,74,8,66,77,71,6,4
"2011","Trafford 014D","E01006174",815,607,306,301,1,41,4,37,161,153,8,5
"2011","Trafford 014E","E01006178",781,616,269,347,0,52,20,32,106,96,10,7
"2011","Trafford 015A","E01006097",852,550,329,221,4,38,12,26,250,242,8,10
"2011","Trafford 015B","E01006160",963,384,158,226,2,239,42,197,329,315,14,9
"2011","Trafford 015C","E01006161",900,541,259,282,30,28,3,25,292,285,7,9
"2011","Trafford 015D","E01006162",701,518,237,281,1,3,1,2,177,168,9,2
"2011","Trafford 015E","E01006163",826,547,178,369,2,8,1,7,265,253,12,4
"2011","Trafford 016A","E01006148",690,537,293,244,2,25,1,24,119,110,9,7
"2011","Trafford 016B","E01006151",562,515,277,238,0,10,1,9,33,31,2,4
"2011","Trafford 016C","E01006152",621,591,327,264,1,2,2,0,24,22,2,3
"2011","Trafford 016D","E01006153",637,570,325,245,2,31,11,20,24,20,4,10
"2011","Trafford 016E","E01006172",678,554,317,237,2,86,25,61,28,25,3,8
"2011","Trafford 017A","E01006104",747,544,259,285,1,94,25,69,99,86,13,9
"2011","Trafford 017B","E01006105",777,244,94,150,1,474,40,434,50,44,6,8
"2011","Trafford 017C","E01006106",617,402,172,230,1,162,15,147,43,42,1,9
"2011","Trafford 017D","E01006107",723,366,145,221,6,249,69,180,94,78,16,8
"2011","Trafford 017E","E01006108",680,149,39,110,0,498,37,461,24,22,2,9
"2011","Trafford 018A","E01006102",574,427,204,223,0,99,42,57,36,30,6,12
"2011","Trafford 018B","E01006173",606,553,272,281,1,17,7,10,32,30,2,3
"2011","Trafford 018C","E01006175",749,320,128,192,0,388,189,199,32,30,2,9
"2011","Trafford 018D","E01006176",757,549,251,298,9,94,53,41,99,87,12,6
"2011","Trafford 018E","E01006177",613,289,77,212,0,275,154,121,38,35,3,11
"2011","Trafford 019A","E01006091",980,694,152,542,22,109,18,91,152,142,10,3
"2011","Trafford 019B","E01006092",515,189,54,135,2,279,102,177,34,28,6,11
"2011","Trafford 019C","E01006095",682,604,242,362,11,8,3,5,56,48,8,3
"2011","Trafford 019D","E01006167",772,180,77,103,19,540,26,514,24,22,2,9
"2011","Trafford 019E","E01006168",837,185,55,130,26,565,31,534,49,45,4,12
"2011","Trafford 020A","E01006090",906,590,261,329,36,120,5,115,154,141,13,6
"2011","Trafford 020B","E01006094",593,555,311,244,1,5,1,4,30,27,3,2
"2011","Trafford 020C","E01006096",559,487,217,270,2,3,1,2,65,61,4,2
"2011","Trafford 020D","E01006100",611,459,187,272,0,64,14,50,79,74,5,9
"2011","Trafford 020E","E01006103",602,557,234,323,1,2,0,2,42,37,5,0
"2011","Trafford 021A","E01006101",557,528,251,277,0,0,0,0,28,24,4,1
"2011","Trafford 021B","E01006190",647,602,330,272,0,4,0,4,40,37,3,1
"2011","Trafford 021C","E01006195",658,608,292,316,0,6,0,6,41,39,2,3
"2011","Trafford 021D","E01006196",692,643,249,394,4,5,2,3,39,35,4,1
"2011","Trafford 021E","E01006210",675,537,253,284,1,91,22,69,42,39,3,4
"2011","Trafford 022A","E01006204",692,550,303,247,1,77,16,61,50,44,6,14
"2011","Trafford 022B","E01006206",776,481,184,297,21,206,66,140,64,60,4,4
"2011","Trafford 022C","E01006207",795,237,84,153,20,467,134,333,60,59,1,11
"2011","Trafford 022D","E01006208",653,418,173,245,2,189,40,149,40,37,3,4
"2011","Trafford 022E","E01006211",642,402,162,240,0,188,69,119,35,31,4,17
"2011","Trafford 023A","E01006093",608,523,220,303,12,11,2,9,60,57,3,2
"2011","Trafford 023B","E01006191",645,579,305,274,0,12,5,7,49,42,7,5
"2011","Trafford 023C","E01006192",632,563,300,263,3,15,10,5,45,42,3,6
"2011","Trafford 023D","E01006205",563,495,259,236,0,27,0,27,38,37,1,3
"2011","Trafford 023E","E01006209",630,577,328,249,0,19,5,14,30,27,3,4
"2011","Trafford 024A","E01006078",856,490,174,316,0,92,12,80,269,256,13,5
"2011","Trafford 024B","E01006080",788,581,267,314,0,45,9,36,154,150,4,8
"2011","Trafford 024C","E01006089",632,449,171,278,4,51,21,30,125,119,6,3
"2011","Trafford 024D","E01006193",624,549,282,267,0,12,4,8,60,57,3,3
"2011","Trafford 024E","E01006194",983,599,206,393,11,108,50,58,261,255,6,4
"2011","Trafford 025A","E01006074",619,355,128,227,7,199,88,111,40,39,1,18
"2011","Trafford 025B","E01006075",887,598,322,276,12,38,3,35,224,213,11,15
"2011","Trafford 025C","E01006076",779,591,372,219,0,40,11,29,136,128,8,12
"2011","Trafford 025D","E01006079",879,587,272,315,11,35,13,22,240,229,11,6
"2011","Trafford 025E","E01006087",584,410,229,181,3,71,15,56,81,64,17,19
"2011","Trafford 026A","E01006083",488,440,219,221,1,3,2,1,39,38,1,5
"2011","Trafford 026B","E01006084",641,537,247,290,0,5,2,3,95,89,6,4
"2011","Trafford 026C","E01006088",654,498,204,294,0,28,6,22,124,115,9,4
"2011","Trafford 026D","E01006139",709,574,250,324,3,3,1,2,125,120,5,4
"2011","Trafford 026E","E01006140",639,514,204,310,1,49,14,35,69,64,5,6
"2011","Trafford 027A","E01006077",776,427,192,235,0,119,44,75,216,207,9,14
"2011","Trafford 027B","E01006081",503,475,269,206,0,0,0,0,27,23,4,1
"2011","Trafford 027C","E01006082",675,546,335,211,1,3,3,0,118,115,3,7
"2011","Trafford 027D","E01006085",622,511,255,256,16,15,6,9,75,68,7,5
"2011","Trafford 027E","E01006086",675,464,242,222,2,131,34,97,67,61,6,11
"2011","Trafford 028A","E01006134",528,488,265,223,0,1,0,1,33,31,2,6
"2011","Trafford 028B","E01006135",619,547,327,220,0,23,7,16,46,45,1,3
"2011","Trafford 028C","E01006136",614,550,308,242,0,2,1,1,58,54,4,4
"2011","Trafford 028D","E01006137",492,461,263,198,0,3,1,2,22,20,2,6
"2011","Trafford 028E","E01006138",794,561,311,250,0,155,63,92,62,54,8,16
"2011","Wigan 001A","E01006315",518,472,261,211,0,4,4,0,31,30,1,11
"2011","Wigan 001B","E01006316",618,537,279,258,1,18,16,2,57,52,5,5
"2011","Wigan 001C","E01006317",662,483,253,230,3,107,63,44,54,48,6,15
"2011","Wigan 001D","E01006319",523,438,117,321,0,23,23,0,59,50,9,3
"2011","Wigan 002A","E01006229",669,552,345,207,0,8,4,4,100,94,6,9
"2011","Wigan 002B","E01006230",584,502,245,257,0,48,47,1,27,25,2,7
"2011","Wigan 002C","E01006233",555,530,252,278,0,4,4,0,18,18,0,3
"2011","Wigan 002D","E01006237",603,536,218,318,0,29,28,1,36,35,1,2
"2011","Wigan 002E","E01006238",762,365,175,190,0,282,256,26,94,85,9,21
"2011","Wigan 003A","E01006259",542,433,203,230,0,55,52,3,48,46,2,6
"2011","Wigan 003B","E01006312",618,556,318,238,1,9,7,2,44,39,5,8
"2011","Wigan 003C","E01006313",458,238,123,115,0,177,134,43,30,24,6,13
"2011","Wigan 003D","E01006314",740,641,370,271,3,8,5,3,71,65,6,17
"2011","Wigan 003E","E01006318",627,584,348,236,0,8,7,1,33,27,6,2
"2011","Wigan 003F","E01006320",560,521,276,245,1,3,3,0,31,30,1,4
"2011","Wigan 003G","E01006321",703,637,265,372,2,12,10,2,50,44,6,2
"2011","Wigan 004A","E01006231",620,547,290,257,2,34,33,1,32,26,6,5
"2011","Wigan 004B","E01006232",761,632,282,350,1,13,12,1,110,102,8,5
"2011","Wigan 004C","E01006234",536,403,243,160,0,87,86,1,37,33,4,9
"2011","Wigan 004D","E01006235",698,304,132,172,0,317,288,29,52,47,5,25
"2011","Wigan 005A","E01006253",666,403,230,173,0,189,178,11,59,52,7,15
"2011","Wigan 005B","E01006254",634,209,81,128,2,373,368,5,42,37,5,8
"2011","Wigan 005C","E01006255",655,572,301,271,1,14,13,1,64,55,9,4
"2011","Wigan 005D","E01006256",606,452,201,251,1,40,31,9,104,92,12,9
"2011","Wigan 005E","E01006260",638,332,137,195,0,258,237,21,37,35,2,11
"2011","Wigan 006A","E01006370",834,426,216,210,1,75,29,46,317,293,24,15
"2011","Wigan 006B","E01006372",660,583,338,245,0,2,1,1,70,69,1,5
"2011","Wigan 006C","E01006373",642,553,293,260,1,7,5,2,78,74,4,3
"2011","Wigan 006D","E01006374",693,615,339,276,2,10,10,0,62,56,6,4
"2011","Wigan 006E","E01006390",699,500,304,196,1,117,113,4,70,64,6,11
"2011","Wigan 007A","E01006236",660,577,323,254,1,15,6,9,62,52,10,5
"2011","Wigan 007B","E01006388",744,462,189,273,3,228,220,8,41,37,4,10
"2011","Wigan 007C","E01006389",512,378,116,262,6,76,21,55,50,44,6,2
"2011","Wigan 007D","E01006391",667,589,333,256,2,34,11,23,41,36,5,1
"2011","Wigan 008A","E01006257",532,421,203,218,2,5,1,4,100,90,10,4
"2011","Wigan 008B","E01006258",715,537,250,287,0,52,13,39,123,114,9,3
"2011","Wigan 008C","E01006369",910,425,184,241,0,241,68,173,230,219,11,14
"2011","Wigan 008D","E01006371",661,550,246,304,0,7,2,5,100,95,5,4
"2011","Wigan 008E","E01006375",674,499,234,265,1,17,14,3,152,143,9,5
"2011","Wigan 009A","E01006306",861,231,113,118,2,448,403,45,150,142,8,30
"2011","Wigan 009B","E01006307",635,325,149,176,1,233,157,76,69,59,10,7
"2011","Wigan 009C","E01006386",984,126,59,67,8,756,643,113,67,62,5,27
"2011","Wigan 009D","E01006387",539,381,187,194,1,60,35,25,90,85,5,7
"2011","Wigan 009E","E01006392",622,201,71,130,1,321,294,27,74,69,5,25
"2011","Wigan 010A","E01006350",742,203,56,147,2,445,437,8,62,59,3,30
"2011","Wigan 010B","E01006351",930,172,61,111,0,630,604,26,96,93,3,32
"2011","Wigan 010C","E01006357",654,159,55,104,2,443,433,10,32,31,1,18
"2011","Wigan 010D","E01006360",729,180,73,107,3,498,479,19,31,29,2,17
"2011","Wigan 010E","E01006361",690,227,83,144,3,382,361,21,61,52,9,17
"2011","Wigan 011A","E01006356",608,300,123,177,1,263,256,7,30,23,7,14
"2011","Wigan 011B","E01006396",566,496,229,267,0,12,10,2,54,47,7,4
"2011","Wigan 011C","E01006397",576,294,145,149,0,242,174,68,28,24,4,12
"2011","Wigan 011D","E01006398",507,287,105,182,1,148,143,5,60,51,9,11
"2011","Wigan 011E","E01006399",701,457,222,235,2,110,63,47,125,115,10,7
"2011","Wigan 012A","E01006305",707,232,123,109,2,409,391,18,45,39,6,19
"2011","Wigan 012B","E01006308",684,356,159,197,3,188,153,35,131,120,11,6
"2011","Wigan 012C","E01006309",633,315,124,191,1,194,134,60,109,99,10,14
"2011","Wigan 012D","E01006310",698,293,113,180,0,245,202,43,143,133,10,17
"2011","Wigan 012E","E01006311",650,347,140,207,0,228,214,14,61,54,7,14
"2011","Wigan 013A","E01006269",735,494,225,269,2,146,142,4,78,73,5,15
"2011","Wigan 013B","E01006271",742,585,282,303,0,41,19,22,108,97,11,8
"2011","Wigan 013C","E01006272",701,493,184,309,0,64,57,7,136,123,13,8
"2011","Wigan 013D","E01006273",662,405,200,205,1,177,171,6,74,66,8,5
"2011","Wigan 013E","E01006276",868,723,241,482,0,22,14,8,117,108,9,6
"2011","Wigan 014A","E01006353",656,536,288,248,1,40,30,10,75,69,6,4
"2011","Wigan 014B","E01006354",648,358,159,199,1,199,138,61,75,69,6,15
"2011","Wigan 014C","E01006355",694,543,254,289,5,20,8,12,117,106,11,9
"2011","Wigan 014D","E01006358",805,477,238,239,0,182,172,10,135,125,10,11
"2011","Wigan 014E","E01006359",610,371,175,196,1,146,118,28,79,76,3,13
"2011","Wigan 015A","E01006349",886,459,173,286,2,100,37,63,313,298,15,12
"2011","Wigan 015B","E01006352",754,452,197,255,2,105,99,6,182,167,15,13
"2011","Wigan 015C","E01006404",703,388,137,251,1,183,164,19,125,118,7,6
"2011","Wigan 015D","E01006405",646,365,164,201,6,194,140,54,72,71,1,9
"2011","Wigan 015E","E01006411",834,193,49,144,0,551,370,181,72,69,3,18
"2011","Wigan 016A","E01006270",664,308,155,153,0,302,296,6,38,37,1,16
"2011","Wigan 016B","E01006274",663,327,142,185,0,248,169,79,74,67,7,14
"2011","Wigan 016C","E01006275",654,254,108,146,1,338,315,23,45,43,2,16
"2011","Wigan 016D","E01006277",628,583,148,435,4,14,13,1,23,22,1,4
"2011","Wigan 016E","E01006286",642,542,313,229,0,60,59,1,31,30,1,9
"2011","Wigan 017A","E01006239",1008,346,131,215,1,575,548,27,61,52,9,25
"2011","Wigan 017B","E01006240",629,193,83,110,0,389,375,14,39,36,3,8
"2011","Wigan 017C","E01006241",762,400,159,241,0,275,269,6,82,78,4,5
"2011","Wigan 017D","E01006287",478,439,214,225,0,9,9,0,27,26,1,3
"2011","Wigan 017E","E01006289",863,284,122,162,3,486,468,18,55,50,5,35
"2011","Wigan 018A","E01006362",748,673,369,304,0,11,8,3,63,60,3,1
"2011","Wigan 018B","E01006363",725,680,450,230,0,7,2,5,28,27,1,10
"2011","Wigan 018C","E01006364",814,517,202,315,0,211,206,5,73,66,7,13
"2011","Wigan 018D","E01006365",820,704,267,437,1,21,21,0,83,77,6,11
"2011","Wigan 018E","E01006366",798,538,303,235,1,188,180,8,59,41,18,12
"2011","Wigan 018F","E01006367",699,648,330,318,1,20,17,3,27,22,5,3
"2011","Wigan 018G","E01006368",716,581,323,258,2,51,48,3,74,71,3,8
"2011","Wigan 019A","E01006278",697,579,322,257,3,59,57,2,53,45,8,3
"2011","Wigan 019B","E01006279",613,562,237,325,1,6,6,0,42,36,6,2
"2011","Wigan 019C","E01006280",627,462,248,214,1,95,91,4,58,52,6,11
"2011","Wigan 019D","E01006281",725,650,277,373,1,4,3,1,66,58,8,4
"2011","Wigan 019E","E01006285",714,662,314,348,1,4,3,1,42,35,7,5
"2011","Wigan 020A","E01006406",626,544,323,221,0,31,30,1,48,40,8,3
"2011","Wigan 020B","E01006407",591,540,209,331,2,8,7,1,39,35,4,2
"2011","Wigan 020C","E01006408",644,367,152,215,2,213,183,30,55,48,7,7
"2011","Wigan 020D","E01006409",590,559,330,229,2,6,6,0,21,16,5,2
"2011","Wigan 020E","E01006410",538,495,248,247,1,16,3,13,23,16,7,3
"2011","Wigan 021A","E01006393",605,550,227,323,1,2,1,1,49,48,1,3
"2011","Wigan 021B","E01006394",648,624,334,290,1,2,1,1,19,16,3,2
"2011","Wigan 021C","E01006395",859,815,180,635,1,3,3,0,38,28,10,2
"2011","Wigan 021D","E01006400",504,477,142,335,0,2,2,0,25,24,1,0
"2011","Wigan 021E","E01006401",565,535,247,288,2,3,2,1,22,16,6,3
"2011","Wigan 021F","E01006402",471,452,222,230,1,4,2,2,12,10,2,2
"2011","Wigan 021G","E01006403",682,644,331,313,0,2,2,0,32,26,6,4
"2011","Wigan 022A","E01006290",619,551,301,250,1,7,6,1,56,48,8,4
"2011","Wigan 022B","E01006291",676,435,188,247,3,128,96,32,99,95,4,11
"2011","Wigan 022C","E01006292",648,536,307,229,6,30,28,2,66,62,4,10
"2011","Wigan 022D","E01006293",729,412,153,259,6,211,201,10,81,75,6,19
"2011","Wigan 023A","E01006242",760,594,313,281,5,65,46,19,85,75,10,11
"2011","Wigan 023B","E01006243",876,707,308,399,1,18,16,2,143,130,13,7
"2011","Wigan 023C","E01006244",848,464,244,220,3,155,108,47,211,198,13,15
"2011","Wigan 023D","E01006245",1081,745,284,461,7,123,118,5,197,185,12,9
"2011","Wigan 024A","E01006213",710,293,108,185,1,244,185,59,164,156,8,8
"2011","Wigan 024B","E01006215",735,326,145,181,1,284,246,38,107,99,8,17
"2011","Wigan 024C","E01006217",934,571,178,393,0,233,148,85,119,113,6,11
"2011","Wigan 024D","E01006218",864,507,185,322,1,123,71,52,226,216,10,7
"2011","Wigan 024E","E01006219",523,440,220,220,0,9,8,1,64,58,6,10
"2011","Wigan 025A","E01006288",736,289,117,172,2,396,388,8,31,28,3,18
"2011","Wigan 025B","E01006294",909,574,180,394,1,60,36,24,268,252,16,6
"2011","Wigan 025C","E01006295",803,474,169,305,2,183,128,55,130,120,10,14
"2011","Wigan 025D","E01006377",667,610,294,316,3,13,12,1,39,37,2,2
"2011","Wigan 025E","E01006378",591,541,300,241,4,8,6,2,35,28,7,3
"2011","Wigan 026A","E01006212",570,471,244,227,1,53,34,19,39,36,3,6
"2011","Wigan 026B","E01006214",596,375,152,223,0,90,81,9,123,116,7,8
"2011","Wigan 026C","E01006216",883,672,235,437,5,82,73,9,118,108,10,6
"2011","Wigan 026D","E01006322",677,378,157,221,0,140,114,26,146,136,10,13
"2011","Wigan 026E","E01006329",476,272,125,147,0,116,107,9,79,68,11,9
"2011","Wigan 027A","E01006282",686,465,207,258,0,150,145,5,57,46,11,14
"2011","Wigan 027B","E01006283",682,327,128,199,2,246,238,8,90,86,4,17
"2011","Wigan 027C","E01006284",649,368,123,245,1,197,192,5,68,59,9,15
"2011","Wigan 027D","E01006336",734,182,78,104,0,490,434,56,44,43,1,18
"2011","Wigan 027E","E01006337",658,477,213,264,4,115,79,36,56,50,6,6
"2011","Wigan 028A","E01006376",694,344,139,205,2,293,266,27,44,33,11,11
"2011","Wigan 028B","E01006381",709,592,177,415,8,24,24,0,81,77,4,4
"2011","Wigan 028C","E01006382",517,488,214,274,0,6,6,0,23,20,3,0
"2011","Wigan 028D","E01006383",636,518,168,350,2,78,77,1,35,30,5,3
"2011","Wigan 028E","E01006384",601,525,207,318,4,8,7,1,61,57,4,3
"2011","Wigan 029A","E01006250",676,596,275,321,0,4,3,1,65,56,9,11
"2011","Wigan 029B","E01006251",604,530,235,295,0,8,7,1,60,54,6,6
"2011","Wigan 029C","E01006379",689,584,286,298,1,18,15,3,80,63,17,6
"2011","Wigan 029D","E01006380",746,344,128,216,0,327,320,7,54,47,7,21
"2011","Wigan 029E","E01006385",611,574,278,296,1,10,9,1,23,18,5,3
"2011","Wigan 030A","E01006328",680,378,170,208,1,54,32,22,236,220,16,11
"2011","Wigan 030B","E01006333",843,517,194,323,7,81,11,70,227,216,11,11
"2011","Wigan 030C","E01006334",837,458,203,255,0,41,10,31,324,309,15,14
"2011","Wigan 030D","E01006338",735,467,206,261,1,100,95,5,162,154,8,5
"2011","Wigan 031A","E01006248",796,185,78,107,1,565,546,19,27,25,2,18
"2011","Wigan 031B","E01006249",642,331,144,187,6,257,246,11,41,36,5,7
"2011","Wigan 031C","E01006330",668,581,305,276,16,23,15,8,43,40,3,5
"2011","Wigan 031D","E01006331",640,583,248,335,1,21,17,4,29,25,4,6
"2011","Wigan 031E","E01006332",856,546,181,365,2,75,38,37,226,217,9,7
"2011","Wigan 032A","E01006262",623,304,112,192,1,266,261,5,40,37,3,12
"2011","Wigan 032B","E01006263",641,606,375,231,2,8,6,2,23,20,3,2
"2011","Wigan 032C","E01006266",626,579,355,224,0,10,9,1,30,24,6,7
"2011","Wigan 032D","E01006267",790,282,109,173,1,453,443,10,33,31,2,21
"2011","Wigan 032E","E01006268",717,488,215,273,0,94,87,7,125,122,3,10
"2011","Wigan 033A","E01006323",638,354,156,198,0,90,18,72,190,182,8,4
"2011","Wigan 033B","E01006324",614,365,168,197,0,155,63,92,88,82,6,6
"2011","Wigan 033C","E01006325",628,491,203,288,0,53,43,10,84,82,2,0
"2011","Wigan 033D","E01006326",659,443,196,247,1,64,8,56,143,130,13,8
"2011","Wigan 033E","E01006327",620,218,92,126,0,339,302,37,61,54,7,2
"2011","Wigan 034A","E01006246",732,447,244,203,5,200,189,11,68,57,11,12
"2011","Wigan 034B","E01006247",555,479,241,238,1,40,37,3,30,27,3,5
"2011","Wigan 034C","E01006252",639,558,301,257,1,20,10,10,58,52,6,2
"2011","Wigan 034D","E01006297",772,294,135,159,12,326,307,19,129,121,8,11
"2011","Wigan 034E","E01006335",777,475,170,305,2,79,42,37,216,202,14,5
"2011","Wigan 035A","E01006220",768,421,178,243,2,259,247,12,71,64,7,15
"2011","Wigan 035B","E01006221",695,569,275,294,0,10,7,3,112,108,4,4
"2011","Wigan 035C","E01006222",644,588,277,311,2,9,9,0,42,39,3,3
"2011","Wigan 035D","E01006224",518,477,100,377,2,2,1,1,34,31,3,3
"2011","Wigan 035E","E01006226",750,622,303,319,2,37,34,3,81,71,10,8
"2011","Wigan 036A","E01006223",717,552,246,306,3,16,9,7,141,125,16,5
"2011","Wigan 036B","E01006225",645,537,311,226,1,42,40,2,58,56,2,7
"2011","Wigan 036C","E01006261",655,462,230,232,0,126,125,1,52,47,5,15
"2011","Wigan 036D","E01006264",523,497,252,245,0,6,6,0,17,14,3,3
"2011","Wigan 036E","E01006265",619,478,234,244,0,35,30,5,96,89,7,10
"2011","Wigan 037A","E01006296",710,281,86,195,0,321,295,26,96,85,11,12
"2011","Wigan 037B","E01006298",677,281,109,172,17,278,165,113,85,80,5,16
"2011","Wigan 037C","E01006299",827,685,284,401,1,25,19,6,110,97,13,6
"2011","Wigan 037D","E01006300",610,547,333,214,0,33,31,2,23,21,2,7
"2011","Wigan 037E","E01006301",532,492,250,242,0,15,10,5,23,18,5,2
"2011","Wigan 038A","E01006227",621,513,225,288,2,49,44,5,53,47,6,4
"2011","Wigan 038B","E01006228",730,502,195,307,1,55,41,14,167,162,5,5
"2011","Wigan 038C","E01006342",686,357,160,197,2,229,216,13,82,78,4,16
"2011","Wigan 038D","E01006344",596,280,121,159,1,261,257,4,44,39,5,10
"2011","Wigan 038E","E01006346",974,623,271,352,9,129,58,71,200,185,15,13
"2011","Wigan 039A","E01006339",595,536,287,249,0,19,17,2,39,33,6,1
"2011","Wigan 039B","E01006340",645,371,139,232,0,182,160,22,87,80,7,5
"2011","Wigan 039C","E01006343",649,573,186,387,12,11,8,3,49,41,8,4
"2011","Wigan 039D","E01006345",672,609,298,311,0,25,21,4,33,30,3,5
"2011","Wigan 039E","E01006348",680,628,329,299,0,5,4,1,43,39,4,4
"2011","Wigan 040A","E01006302",658,541,196,345,2,29,7,22,82,65,17,4
"2011","Wigan 040B","E01006303",601,535,294,241,0,7,3,4,54,48,6,5
"2011","Wigan 040C","E01006304",632,491,251,240,1,89,83,6,41,37,4,10
"2011","Wigan 040D","E01006341",755,389,136,253,1,239,196,43,108,104,4,18
"2011","Wigan 040E","E01006347",642,590,295,295,4,5,3,2,34,22,12,9
"2011","Burnley 001A","E01024859",689,525,174,351,3,15,3,12,141,132,9,5
"2011","Burnley 001B","E01024861",530,470,225,245,0,22,1,21,36,27,9,2
"2011","Burnley 001C","E01024862",661,558,268,290,2,14,1,13,77,67,10,10
"2011","Burnley 001D","E01024891",645,428,247,181,2,157,57,100,52,42,10,6
"2011","Burnley 001E","E01024892",628,479,275,204,0,88,25,63,56,49,7,5
"2011","Burnley 001F","E01024894",528,396,172,224,1,85,24,61,39,34,5,7
"2011","Burnley 002A","E01024893",654,356,170,186,0,20,0,20,273,251,22,5
"2011","Burnley 002B","E01024896",583,447,225,222,0,67,22,45,61,55,6,8
"2011","Burnley 002C","E01024897",537,424,256,168,3,17,6,11,84,72,12,9
"2011","Burnley 002D","E01024898",708,418,195,223,1,18,6,12,269,250,19,2
"2011","Burnley 003A","E01024856",604,379,193,186,0,23,5,18,194,180,14,8
"2011","Burnley 003B","E01024875",412,250,182,68,2,37,8,29,109,99,10,14
"2011","Burnley 003C","E01024876",451,249,164,85,1,52,4,48,129,118,11,20
"2011","Burnley 003D","E01024877",538,209,113,96,3,124,16,108,185,166,19,17
"2011","Burnley 003E","E01024878",427,275,174,101,0,29,2,27,108,92,16,15
"2011","Burnley 003F","E01024895",587,293,150,143,1,28,1,27,256,226,30,9
"2011","Burnley 004A","E01024883",655,334,133,201,0,239,90,149,66,55,11,16
"2011","Burnley 004B","E01024884",695,488,262,226,1,134,21,113,62,58,4,10
"2011","Burnley 004C","E01024885",866,405,186,219,2,57,13,44,393,371,22,9
"2011","Burnley 004D","E01024886",633,392,188,204,3,16,2,14,219,203,16,3
"2011","Burnley 004E","E01024889",626,402,219,183,6,63,12,51,145,139,6,10
"2011","Burnley 004F","E01024890",639,308,130,178,2,198,73,125,119,111,8,12
"2011","Burnley 005A","E01024879",571,376,167,209,0,90,36,54,95,78,17,10
"2011","Burnley 005B","E01024880",632,449,231,218,0,128,29,99,49,41,8,6
"2011","Burnley 005C","E01024912",584,558,296,262,0,2,1,1,20,14,6,4
"2011","Burnley 005D","E01024913",504,461,126,335,0,2,0,2,38,36,2,3
"2011","Burnley 005E","E01024914",615,579,297,282,0,6,1,5,26,24,2,4
"2011","Burnley 006A","E01024881",621,427,196,231,6,16,1,15,163,154,9,9
"2011","Burnley 006B","E01024882",720,397,152,245,2,91,25,66,223,214,9,7
"2011","Burnley 006C","E01024902",701,474,194,280,2,66,17,49,148,128,20,11
"2011","Burnley 006D","E01024911",803,486,219,267,3,168,17,151,133,126,7,13
"2011","Burnley 007A","E01024855",779,297,148,149,2,275,44,231,181,171,10,24
"2011","Burnley 007B","E01024857",631,309,126,183,3,188,34,154,124,111,13,7
"2011","Burnley 007C","E01024858",640,214,122,92,0,79,16,63,339,324,15,8
"2011","Burnley 007D","E01024864",740,539,245,294,1,36,3,33,161,141,20,3
"2011","Burnley 008A","E01024863",617,371,166,205,1,178,55,123,60,49,11,7
"2011","Burnley 008B","E01024865",771,340,153,187,2,351,119,232,62,52,10,16
"2011","Burnley 008C","E01024866",858,481,201,280,1,289,71,218,72,66,6,15
"2011","Burnley 008D","E01024867",598,566,337,229,0,7,1,6,21,19,2,4
"2011","Burnley 009A","E01024860",529,451,220,231,1,32,6,26,38,29,9,7
"2011","Burnley 009B","E01024868",520,416,212,204,0,19,7,12,77,68,9,8
"2011","Burnley 009C","E01024869",646,596,358,238,2,3,0,3,39,35,4,6
"2011","Burnley 009D","E01024870",516,435,246,189,2,17,10,7,52,48,4,10
"2011","Burnley 010A","E01024872",660,234,108,126,0,326,109,217,85,75,10,15
"2011","Burnley 010B","E01024899",677,369,171,198,0,181,75,106,108,98,10,19
"2011","Burnley 010C","E01024900",685,237,101,136,2,326,116,210,102,94,8,18
"2011","Burnley 010D","E01024907",579,341,189,152,0,20,3,17,210,203,7,8
"2011","Burnley 010E","E01024908",557,193,90,103,1,139,43,96,218,203,15,6
"2011","Burnley 010F","E01024909",706,336,136,200,1,130,25,105,234,222,12,5
"2011","Burnley 011A","E01024874",436,399,193,206,0,3,0,3,29,24,5,5
"2011","Burnley 011B","E01024887",598,429,172,257,1,88,28,60,77,69,8,3
"2011","Burnley 011C","E01024888",723,607,288,319,2,23,5,18,89,81,8,2
"2011","Burnley 011D","E01024901",767,639,227,412,0,5,0,5,122,113,9,1
"2011","Burnley 014D","E01024871",520,438,224,214,1,16,3,13,58,53,5,7
"2011","Burnley 014E","E01024873",610,475,224,251,0,94,19,75,38,33,5,3
"2011","Burnley 014F","E01024903",482,277,111,166,2,156,59,97,44,40,4,3
"2011","Burnley 014A","E01024904",720,511,254,257,3,43,6,37,149,142,7,14
"2011","Burnley 014G","E01024905",502,456,203,253,0,10,4,6,32,28,4,4
"2011","Burnley 014B","E01024906",800,349,202,147,2,159,34,125,280,276,4,10
"2011","Burnley 014C","E01024910",636,411,209,202,3,16,4,12,198,185,13,8
"2011","Chorley 001A","E01024951",472,158,47,111,0,291,16,275,20,18,2,3
"2011","Chorley 001B","E01024952",604,252,90,162,0,306,4,302,44,37,7,2
"2011","Chorley 001C","E01024953",646,175,54,121,1,432,19,413,34,28,6,4
"2011","Chorley 001D","E01024954",638,456,216,240,4,100,9,91,76,68,8,2
"2011","Chorley 002A","E01024921",857,740,417,323,1,11,0,11,91,85,6,14
"2011","Chorley 002B","E01024978",573,449,201,248,12,63,2,61,47,42,5,2
"2011","Chorley 002C","E01024979",591,520,268,252,3,8,1,7,55,45,10,5
"2011","Chorley 002D","E01024980",581,486,274,212,2,51,19,32,36,30,6,6
"2011","Chorley 003A","E01024946",526,452,203,249,3,44,4,40,25,23,2,2
"2011","Chorley 003B","E01024947",499,461,151,310,0,7,1,6,29,26,3,2
"2011","Chorley 003C","E01024955",656,567,247,320,11,7,0,7,69,54,15,2
"2011","Chorley 003D","E01024956",619,578,276,302,2,5,0,5,31,28,3,3
"2011","Chorley 003E","E01024957",592,558,323,235,2,4,0,4,24,21,3,4
"2011","Chorley 003F","E01024958",565,386,141,245,1,137,2,135,38,32,6,3
"2011","Chorley 004A","E01024948",642,577,266,311,1,17,6,11,41,39,2,6
"2011","Chorley 004B","E01024949",996,705,172,533,15,122,31,91,149,140,9,5
"2011","Chorley 004C","E01024950",536,505,215,290,0,1,0,1,28,25,3,2
"2011","Chorley 004D","E01024977",899,774,327,447,4,46,8,38,68,59,9,7
"2011","Chorley 005A","E01024967",532,498,289,209,1,1,0,1,26,19,7,6
"2011","Chorley 005B","E01024968",738,660,222,438,0,11,3,8,61,54,7,6
"2011","Chorley 005C","E01024969",598,427,218,209,10,124,45,79,29,23,6,8
"2011","Chorley 005D","E01024970",575,536,246,290,3,8,0,8,24,20,4,4
"2011","Chorley 005E","E01024971",528,445,239,206,0,14,2,12,64,58,6,5
"2011","Chorley 005F","E01024972",535,503,259,244,0,4,0,4,25,20,5,3
"2011","Chorley 006A","E01024929",545,266,113,153,13,201,62,139,58,52,6,7
"2011","Chorley 006B","E01024930",633,459,195,264,2,72,18,54,93,82,11,7
"2011","Chorley 006C","E01024931",666,446,213,233,1,95,9,86,121,106,15,3
"2011","Chorley 006D","E01024932",417,380,201,179,0,11,1,10,25,22,3,1
"2011","Chorley 006E","E01024933",629,402,229,173,2,145,31,114,67,59,8,13
"2011","Chorley 006F","E01024937",638,569,338,231,1,13,2,11,48,41,7,7
"2011","Chorley 007A","E01024964",620,527,301,226,3,30,8,22,52,42,10,8
"2011","Chorley 007B","E01024974",642,549,299,250,0,25,6,19,60,52,8,8
"2011","Chorley 007C","E01024975",535,447,208,239,15,17,4,13,51,46,5,5
"2011","Chorley 007D","E01024976",659,491,239,252,8,83,30,53,72,63,9,5
"2011","Chorley 008A","E01024919",1113,576,135,441,5,339,8,331,183,171,12,10
"2011","Chorley 008B","E01024920",920,726,417,309,4,111,2,109,73,67,6,6
"2011","Chorley 008C","E01024934",621,532,322,210,1,34,6,28,46,42,4,8
"2011","Chorley 008D","E01024935",627,571,352,219,24,9,1,8,22,17,5,1
"2011","Chorley 009A","E01024925",761,340,150,190,4,265,100,165,131,111,20,21
"2011","Chorley 009B","E01024926",854,463,160,303,13,292,64,228,73,61,12,13
"2011","Chorley 009C","E01024927",732,561,284,277,4,58,7,51,103,93,10,6
"2011","Chorley 009D","E01024928",656,469,218,251,0,88,7,81,94,78,16,5
"2011","Chorley 010A","E01024936",754,540,261,279,2,30,5,25,174,163,11,8
"2011","Chorley 010B","E01024938",699,618,335,283,4,17,5,12,52,43,9,8
"2011","Chorley 010C","E01024939",701,642,339,303,5,9,2,7,41,33,8,4
"2011","Chorley 010D","E01024940",851,381,146,235,3,198,47,151,257,242,15,12
"2011","Chorley 010E","E01024941",742,360,137,223,0,267,104,163,106,85,21,9
"2011","Chorley 011A","E01024923",523,473,271,202,0,17,6,11,31,28,3,2
"2011","Chorley 011B","E01024924",600,507,278,229,4,56,25,31,24,23,1,9
"2011","Chorley 011C","E01024963",673,552,308,244,16,50,18,32,50,44,6,5
"2011","Chorley 011D","E01024965",570,534,313,221,3,3,0,3,27,24,3,3
"2011","Chorley 011E","E01024966",657,565,287,278,17,5,1,4,62,52,10,8
"2011","Chorley 012A","E01024942",779,341,137,204,2,361,156,205,60,54,6,15
"2011","Chorley 012B","E01024943",946,570,162,408,11,181,65,116,178,164,14,6
"2011","Chorley 012C","E01024944",636,544,147,397,2,36,7,29,51,46,5,3
"2011","Chorley 012D","E01024945",1162,734,238,496,9,197,81,116,211,188,23,11
"2011","Chorley 013A","E01024922",587,496,238,258,5,32,16,16,48,45,3,6
"2011","Chorley 013B","E01024959",753,408,158,250,3,213,102,111,119,105,14,10
"2011","Chorley 013C","E01024960",639,441,167,274,0,129,53,76,61,50,11,8
"2011","Chorley 013D","E01024961",662,560,264,296,0,33,14,19,65,61,4,4
"2011","Chorley 013E","E01024962",623,577,328,249,0,7,3,4,35,29,6,4
"2011","Chorley 014A","E01024915",961,696,323,373,2,129,73,56,116,105,11,18
"2011","Chorley 014B","E01024916",725,656,365,291,2,2,1,1,57,49,8,8
"2011","Chorley 014C","E01024917",773,511,192,319,2,118,43,75,133,124,9,9
"2011","Chorley 014D","E01024918",760,671,374,297,3,17,1,16,65,60,5,4
"2011","Chorley 014E","E01024973",877,764,403,361,12,34,10,24,58,50,8,9
"2011","Fylde 001A","E01024993",626,546,306,240,1,25,6,19,41,32,9,13
"2011","Fylde 001B","E01025026",554,440,281,159,1,30,4,26,70,51,19,13
"2011","Fylde 001C","E01025027",708,434,185,249,0,63,10,53,200,101,99,11
"2011","Fylde 001D","E01025028",545,434,205,229,0,65,9,56,45,37,8,1
"2011","Fylde 001E","E01025031",535,472,336,136,4,10,6,4,40,35,5,9
"2011","Fylde 002A","E01025007",501,434,192,242,0,6,1,5,55,53,2,6
"2011","Fylde 002B","E01025008",498,452,249,203,1,6,1,5,31,28,3,8
"2011","Fylde 002C","E01025009",728,468,251,217,5,105,10,95,136,117,19,14
"2011","Fylde 002D","E01025011",675,378,158,220,3,129,46,83,156,138,18,9
"2011","Fylde 002E","E01025012",795,654,275,379,17,68,8,60,45,33,12,11
"2011","Fylde 002F","E01025013",716,396,143,253,17,154,19,135,145,132,13,4
"2011","Fylde 002G","E01025019",620,539,343,196,2,18,3,15,52,45,7,9
"2011","Fylde 003A","E01024998",721,484,274,210,3,155,63,92,71,59,12,8
"2011","Fylde 003B","E01025010",524,468,239,229,0,26,12,14,23,20,3,7
"2011","Fylde 003C","E01025014",685,535,260,275,0,72,26,46,71,58,13,7
"2011","Fylde 003D","E01025015",634,561,269,292,0,24,8,16,40,33,7,9
"2011","Fylde 004A","E01025004",600,514,266,248,2,15,0,15,61,52,9,8
"2011","Fylde 004B","E01025006",667,293,121,172,1,229,51,178,130,115,15,14
"2011","Fylde 004C","E01025023",604,540,290,250,4,15,1,14,44,40,4,1
"2011","Fylde 004D","E01025024",699,499,315,184,6,45,2,43,142,132,10,7
"2011","Fylde 004E","E01025025",695,503,207,296,4,44,6,38,135,121,14,9
"2011","Fylde 005A","E01025001",793,514,341,173,2,159,36,123,100,91,9,18
"2011","Fylde 005B","E01025002",664,503,209,294,0,31,6,25,127,105,22,3
"2011","Fylde 005C","E01025005",736,616,430,186,1,22,3,19,92,87,5,5
"2011","Fylde 005D","E01025016",1024,900,499,401,2,6,2,4,105,95,10,11
"2011","Fylde 005E","E01025018",565,493,319,174,1,8,2,6,59,51,8,4
"2011","Fylde 006A","E01024984",670,538,323,215,1,12,0,12,113,104,9,6
"2011","Fylde 006B","E01024985",627,536,304,232,0,14,3,11,72,62,10,5
"2011","Fylde 006C","E01024986",916,479,328,151,9,25,6,19,390,370,20,13
"2011","Fylde 006D","E01024987",753,222,82,140,1,75,5,70,449,429,20,6
"2011","Fylde 006E","E01024988",844,469,299,170,1,25,5,20,327,317,10,22
"2011","Fylde 006F","E01024989",656,492,240,252,1,6,0,6,147,140,7,10
"2011","Fylde 006G","E01024996",639,302,182,120,1,23,0,23,305,300,5,8
"2011","Fylde 007A","E01024997",671,587,334,253,2,8,0,8,64,53,11,10
"2011","Fylde 007B","E01024999",691,546,290,256,2,81,22,59,54,46,8,8
"2011","Fylde 007C","E01025000",596,505,286,219,2,14,1,13,70,60,10,5
"2011","Fylde 007D","E01025029",924,761,474,287,3,38,10,28,112,101,11,10
"2011","Fylde 007E","E01025030",683,417,155,262,3,134,31,103,123,91,32,6
"2011","Fylde 008A","E01024981",685,550,359,191,3,21,2,19,103,97,6,8
"2011","Fylde 008B","E01024982",622,433,279,154,3,42,4,38,129,122,7,15
"2011","Fylde 008C","E01024983",625,502,212,290,3,12,2,10,101,95,6,7
"2011","Fylde 008D","E01024994",722,591,365,226,5,3,1,2,114,105,9,9
"2011","Fylde 008E","E01024995",664,516,318,198,0,6,0,6,135,122,13,7
"2011","Fylde 008F","E01025003",792,680,428,252,4,1,0,1,96,87,9,11
"2011","Fylde 008G","E01025017",813,459,268,191,0,281,32,249,62,42,20,11
"2011","Fylde 009A","E01024990",815,516,302,214,1,37,5,32,250,227,23,11
"2011","Fylde 009B","E01024991",517,352,253,99,1,23,0,23,130,115,15,11
"2011","Fylde 009C","E01024992",734,643,480,163,3,8,0,8,61,58,3,19
"2011","Fylde 009D","E01025020",559,357,162,195,2,97,17,80,99,94,5,4
"2011","Fylde 009E","E01025021",681,498,255,243,0,48,8,40,128,111,17,7
"2011","Fylde 009F","E01025022",874,601,273,328,7,43,4,39,216,202,14,7
"2011","Hyndburn 001A","E01025060",602,395,199,196,2,7,3,4,195,186,9,3
"2011","Hyndburn 001B","E01025061",682,519,376,143,20,93,7,86,44,38,6,6
"2011","Hyndburn 001C","E01025062",715,361,191,170,0,68,14,54,278,267,11,8
"2011","Hyndburn 001D","E01025063",694,432,211,221,2,188,64,124,58,48,10,14
"2011","Hyndburn 001E","E01025064",689,627,367,260,2,17,1,16,40,34,6,3
"2011","Hyndburn 001F","E01025065",764,497,198,299,0,56,18,38,202,188,14,9
"2011","Hyndburn 001G","E01025066",642,535,215,320,1,19,4,15,84,78,6,3
"2011","Hyndburn 002A","E01025032",617,373,176,197,0,141,75,66,94,87,7,9
"2011","Hyndburn 002B","E01025033",807,704,171,533,2,11,4,7,84,72,12,6
"2011","Hyndburn 002C","E01025034",719,539,252,287,2,15,2,13,154,143,11,9
"2011","Hyndburn 002D","E01025048",689,582,312,270,0,44,3,41,58,47,11,5
"2011","Hyndburn 002E","E01025049",780,400,182,218,7,156,55,101,210,192,18,7
"2011","Hyndburn 002F","E01025050",638,470,177,293,1,43,3,40,118,103,15,6
"2011","Hyndburn 002G","E01025053",641,493,193,300,2,43,22,21,98,90,8,5
"2011","Hyndburn 003A","E01025070",493,261,124,137,0,99,22,77,131,123,8,2
"2011","Hyndburn 003B","E01025071",616,400,166,234,0,67,20,47,147,142,5,2
"2011","Hyndburn 003C","E01025072",641,384,179,205,1,42,8,34,207,193,14,7
"2011","Hyndburn 003D","E01025073",591,464,248,216,2,13,4,9,105,92,13,7
"2011","Hyndburn 003E","E01025074",571,528,299,229,0,3,0,3,38,36,2,2
"2011","Hyndburn 004A","E01025051",602,327,160,167,2,210,93,117,57,52,5,6
"2011","Hyndburn 004B","E01025052",638,572,284,288,1,9,5,4,52,43,9,4
"2011","Hyndburn 004C","E01025057",692,557,290,267,1,14,2,12,108,89,19,12
"2011","Hyndburn 004D","E01025058",655,390,198,192,1,190,67,123,64,59,5,10
"2011","Hyndburn 004E","E01025059",672,404,220,184,2,184,91,93,72,66,6,10
"2011","Hyndburn 004F","E01025067",709,401,186,215,0,36,5,31,267,257,10,5
"2011","Hyndburn 004G","E01025068",738,333,151,182,1,123,24,99,271,251,20,10
"2011","Hyndburn 004H","E01025069",632,437,190,247,1,17,2,15,164,155,9,13
"2011","Hyndburn 005A","E01025044",500,332,183,149,2,25,7,18,132,121,11,9
"2011","Hyndburn 005B","E01025045",514,201,84,117,0,267,116,151,43,38,5,3
"2011","Hyndburn 005C","E01025046",628,260,138,122,1,193,61,132,164,156,8,10
"2011","Hyndburn 005D","E01025081",662,581,247,334,0,5,4,1,71,56,15,5
"2011","Hyndburn 006A","E01025041",660,275,190,85,3,247,4,243,124,112,12,11
"2011","Hyndburn 006B","E01025042",619,408,293,115,4,51,13,38,135,121,14,21
"2011","Hyndburn 006E","E01025082",664,295,130,165,1,293,158,135,66,53,13,9
"2011","Hyndburn 006F","E01025083",811,416,203,213,1,89,26,63,298,287,11,7
"2011","Hyndburn 006G","E01025084",551,371,227,144,3,55,24,31,108,101,7,14
"2011","Hyndburn 006H","E01033231",880,515,344,171,1,147,19,128,206,182,24,11
"2011","Hyndburn 007A","E01025055",708,403,189,214,3,126,45,81,160,142,18,16
"2011","Hyndburn 007B","E01025075",779,496,194,302,1,94,36,58,180,164,16,8
"2011","Hyndburn 007C","E01025076",637,360,148,212,1,137,2,135,129,107,22,10
"2011","Hyndburn 007D","E01025077",632,377,196,181,1,164,61,103,79,72,7,11
"2011","Hyndburn 007E","E01025078",631,563,249,314,0,11,0,11,55,51,4,2
"2011","Hyndburn 008A","E01025035",647,455,197,258,0,129,51,78,49,45,4,14
"2011","Hyndburn 008B","E01025036",783,330,194,136,0,113,16,97,331,321,10,9
"2011","Hyndburn 008C","E01025037",624,417,229,188,1,108,23,85,93,82,11,5
"2011","Hyndburn 008D","E01025038",600,517,283,234,0,31,5,26,46,43,3,6
"2011","Hyndburn 008E","E01025039",492,454,199,255,0,4,1,3,32,27,5,2
"2011","Hyndburn 008F","E01025040",624,537,251,286,0,8,1,7,78,71,7,1
"2011","Hyndburn 009A","E01025054",769,487,222,265,3,167,69,98,98,92,6,14
"2011","Hyndburn 009B","E01025056",606,571,337,234,1,0,0,0,32,29,3,2
"2011","Hyndburn 009C","E01025079",723,654,362,292,3,8,3,5,54,44,10,4
"2011","Hyndburn 009D","E01025080",668,578,260,318,1,9,4,5,72,63,9,8
"2011","Lancaster 001A","E01025088",455,386,185,201,10,5,3,2,50,42,8,4
"2011","Lancaster 001B","E01025096",675,583,253,330,3,7,4,3,78,69,9,4
"2011","Lancaster 001C","E01025097",646,402,185,217,4,170,162,8,53,47,6,17
"2011","Lancaster 001D","E01025098",596,472,272,200,0,5,2,3,114,102,12,5
"2011","Lancaster 001E","E01025148",941,794,531,263,3,45,34,11,84,72,12,15
"2011","Lancaster 001F","E01025168",523,413,229,184,6,23,11,12,78,67,11,3
"2011","Lancaster 001G","E01025169",543,468,277,191,0,36,35,1,33,25,8,6
"2011","Lancaster 002A","E01025130",956,785,518,267,1,41,33,8,107,85,22,22
"2011","Lancaster 002B","E01025132",590,474,319,155,3,13,13,0,78,63,15,22
"2011","Lancaster 002C","E01025166",541,420,285,135,4,34,20,14,70,60,10,13
"2011","Lancaster 002D","E01025167",478,353,213,140,4,17,16,1,85,70,15,19
"2011","Lancaster 003A","E01025089",627,518,298,220,3,42,37,5,56,53,3,8
"2011","Lancaster 003B","E01025090",751,688,402,286,1,2,2,0,56,52,4,4
"2011","Lancaster 003C","E01025158",620,580,379,201,0,4,2,2,35,31,4,1
"2011","Lancaster 003D","E01025159",612,519,303,216,0,22,18,4,63,57,6,8
"2011","Lancaster 003E","E01025160",554,525,361,164,0,3,1,2,25,21,4,1
"2011","Lancaster 004A","E01025085",604,500,291,209,2,6,3,3,90,84,6,6
"2011","Lancaster 004B","E01025086",656,575,384,191,2,3,0,3,71,63,8,5
"2011","Lancaster 004C","E01025087",683,439,306,133,4,19,0,19,207,196,11,14
"2011","Lancaster 004D","E01025161",627,564,421,143,1,1,0,1,55,50,5,6
"2011","Lancaster 005A","E01025108",533,422,240,182,2,62,38,24,44,39,5,3
"2011","Lancaster 005B","E01025109",447,389,227,162,3,11,11,0,40,33,7,4
"2011","Lancaster 005C","E01025131",654,506,303,203,4,61,52,9,73,57,16,10
"2011","Lancaster 005D","E01025133",676,553,345,208,4,40,34,6,66,56,10,13
"2011","Lancaster 006A","E01025112",779,329,156,173,21,207,2,205,218,200,18,4
"2011","Lancaster 006B","E01025136",715,298,119,179,13,192,8,184,206,192,14,6
"2011","Lancaster 006C","E01025138",585,406,169,237,4,18,3,15,150,130,20,7
"2011","Lancaster 006D","E01025139",853,269,139,130,17,20,0,20,530,512,18,17
"2011","Lancaster 006E","E01025140",644,355,181,174,2,54,8,46,222,211,11,11
"2011","Lancaster 008A","E01025111",728,563,234,329,6,35,23,12,112,99,13,12
"2011","Lancaster 008B","E01025113",639,520,244,276,0,6,3,3,108,97,11,5
"2011","Lancaster 008C","E01025118",478,339,156,183,3,12,1,11,124,110,14,0
"2011","Lancaster 008D","E01025119",577,473,233,240,0,1,1,0,100,90,10,3
"2011","Lancaster 009A","E01025110",697,187,88,99,26,78,14,64,396,381,15,10
"2011","Lancaster 009B","E01025116",660,394,211,183,11,39,0,39,209,195,14,7
"2011","Lancaster 009C","E01025117",646,202,92,110,5,40,1,39,397,388,9,2
"2011","Lancaster 009D","E01025120",633,342,130,212,10,11,0,11,266,258,8,4
"2011","Lancaster 010A","E01025170",834,655,388,267,6,47,6,41,121,105,16,5
"2011","Lancaster 010B","E01025171",794,396,254,142,1,300,210,90,83,75,8,14
"2011","Lancaster 010C","E01025172",656,476,213,263,0,37,9,28,139,126,13,4
"2011","Lancaster 010D","E01025173",775,487,270,217,3,195,189,6,75,63,12,15
"2011","Lancaster 011A","E01025149",970,702,234,468,7,71,18,53,179,158,21,11
"2011","Lancaster 011B","E01025150",609,484,213,271,3,56,51,5,59,49,10,7
"2011","Lancaster 011C","E01025151",777,294,101,193,5,279,231,48,178,160,18,21
"2011","Lancaster 011D","E01025152",616,404,173,231,21,132,126,6,56,44,12,3
"2011","Lancaster 011E","E01025154",633,200,64,136,3,368,334,34,40,34,6,22
"2011","Lancaster 013A","E01025091",645,388,162,226,2,176,169,7,65,56,9,14
"2011","Lancaster 013B","E01025092",513,290,111,179,1,197,190,7,20,15,5,5
"2011","Lancaster 013C","E01025095",500,382,177,205,4,8,5,3,102,92,10,4
"2011","Lancaster 013D","E01025126",763,613,233,380,2,8,5,3,131,125,6,9
"2011","Lancaster 014A","E01025093",713,202,107,95,14,77,39,38,412,368,44,8
"2011","Lancaster 014B","E01025094",616,295,130,165,2,158,74,84,155,149,6,6
"2011","Lancaster 014C","E01025099",781,326,160,166,10,95,34,61,340,326,14,10
"2011","Lancaster 014E","E01033071",572,158,63,95,5,49,6,43,346,322,24,14
"2011","Lancaster 014F","E01033073",695,330,179,151,5,75,22,53,270,250,20,15
"2011","Lancaster 015A","E01025125",379,181,85,96,2,13,7,6,181,170,11,2
"2011","Lancaster 015B","E01025128",646,327,133,194,0,52,0,52,257,242,15,10
"2011","Lancaster 015C","E01025129",473,229,110,119,1,12,0,12,229,220,9,2
"2011","Lancaster 015D","E01025147",607,418,203,215,4,28,15,13,151,139,12,6
"2011","Lancaster 016A","E01025114",681,580,340,240,0,7,5,2,88,78,10,6
"2011","Lancaster 016B","E01025115",660,419,171,248,0,128,124,4,105,90,15,8
"2011","Lancaster 016C","E01025121",739,612,264,348,0,23,15,8,97,85,12,7
"2011","Lancaster 016D","E01025122",781,647,354,293,1,8,6,2,114,94,20,11
"2011","Lancaster 016E","E01025123",905,753,259,494,11,32,4,28,103,86,17,6
"2011","Lancaster 016F","E01025124",676,365,165,200,2,200,143,57,94,81,13,15
"2011","Lancaster 016I","E01033072",1070,912,504,408,3,22,18,4,118,101,17,15
"2011","Lancaster 017A","E01025100",668,463,178,285,3,69,61,8,129,119,10,4
"2011","Lancaster 017B","E01025101",631,244,94,150,1,265,167,98,111,101,10,10
"2011","Lancaster 017C","E01025102",533,393,216,177,2,10,4,6,122,114,8,6
"2011","Lancaster 017D","E01025103",520,466,231,235,2,5,3,2,44,36,8,3
"2011","Lancaster 017E","E01025144",797,425,184,241,8,145,114,31,213,193,20,6
"2011","Lancaster 017F","E01025146",784,661,360,301,22,8,2,6,85,75,10,8
"2011","Lancaster 018A","E01025127",600,544,322,222,1,2,0,2,50,44,6,3
"2011","Lancaster 018B","E01025141",606,465,239,226,0,68,36,32,65,54,11,8
"2011","Lancaster 018C","E01025143",639,338,169,169,0,226,157,69,64,56,8,11
"2011","Lancaster 018D","E01025145",614,418,171,247,2,23,22,1,165,150,15,6
"2011","Lancaster 019A","E01025105",517,356,217,139,2,3,2,1,121,103,18,35
"2011","Lancaster 019B","E01025106",754,571,276,295,11,42,33,9,119,107,12,11
"2011","Lancaster 019C","E01025107",679,551,316,235,3,7,6,1,105,92,13,13
"2011","Lancaster 019D","E01025142",621,563,349,214,1,13,11,2,40,34,6,4
"2011","Lancaster 020A","E01025137",604,476,235,241,1,36,31,5,81,64,17,10
"2011","Lancaster 020F","E01025153",499,433,195,238,1,25,18,7,35,30,5,5
"2011","Lancaster 020G","E01025155",510,464,214,250,2,6,4,2,32,29,3,6
"2011","Lancaster 020H","E01025156",444,126,35,91,0,272,264,8,31,28,3,15
"2011","Lancaster 020I","E01025157",572,287,134,153,0,257,20,237,24,20,4,4
"2011","Lancaster 020B","E01025162",682,618,427,191,3,9,4,5,46,37,9,6
"2011","Lancaster 020C","E01025163",628,581,378,203,0,9,6,3,31,23,8,7
"2011","Lancaster 020D","E01025164",632,526,287,239,1,14,5,9,89,81,8,2
"2011","Lancaster 020E","E01025165",587,500,164,336,1,10,9,1,70,65,5,6
"2011","Pendle 001A","E01025191",530,445,229,216,3,18,3,15,59,51,8,5
"2011","Pendle 001B","E01025192",604,413,167,246,0,41,22,19,145,130,15,5
"2011","Pendle 001C","E01025193",609,445,224,221,2,111,56,55,44,38,6,7
"2011","Pendle 001D","E01025194",623,422,184,238,1,46,11,35,144,134,10,10
"2011","Pendle 002A","E01025195",518,449,211,238,0,3,1,2,59,52,7,7
"2011","Pendle 002B","E01025196",810,470,205,265,0,39,5,34,291,274,17,10
"2011","Pendle 002C","E01025197",569,504,295,209,1,2,2,0,56,53,3,6
"2011","Pendle 002D","E01025198",602,418,226,192,0,67,43,24,105,96,9,12
"2011","Pendle 003A","E01025199",733,571,298,273,2,22,7,15,130,121,9,8
"2011","Pendle 003B","E01025200",661,462,242,220,3,93,29,64,95,87,8,8
"2011","Pendle 003C","E01025201",689,487,255,232,0,87,54,33,105,98,7,10
"2011","Pendle 003D","E01025202",595,483,264,219,1,40,28,12,65,57,8,6
"2011","Pendle 004A","E01025205",606,402,158,244,4,35,18,17,158,147,11,7
"2011","Pendle 004B","E01025206",511,426,258,168,0,39,25,14,41,35,6,5
"2011","Pendle 004C","E01025207",681,350,170,180,3,113,54,59,207,191,16,8
"2011","Pendle 004D","E01025208",664,281,142,139,0,261,167,94,95,87,8,27
"2011","Pendle 005A","E01025220",655,261,108,153,1,263,182,81,113,102,11,17
"2011","Pendle 005B","E01025221",521,320,116,204,0,131,89,42,66,59,7,4
"2011","Pendle 005C","E01025222",616,507,272,235,1,41,25,16,61,56,5,6
"2011","Pendle 005D","E01025223",621,367,182,185,0,144,26,118,106,101,5,4
"2011","Pendle 006A","E01025178",793,614,329,285,3,54,13,41,109,102,7,13
"2011","Pendle 006B","E01025179",701,572,257,315,0,20,6,14,107,93,14,2
"2011","Pendle 006C","E01025180",774,666,292,374,1,30,24,6,66,55,11,11
"2011","Pendle 006D","E01025203",748,627,362,265,1,20,11,9,91,79,12,9
"2011","Pendle 007A","E01025226",784,357,167,190,0,175,73,102,234,222,12,18
"2011","Pendle 007B","E01025227",977,442,236,206,6,192,44,148,329,308,21,8
"2011","Pendle 007C","E01025228",648,528,228,300,1,21,10,11,93,80,13,5
"2011","Pendle 008A","E01025174",613,543,295,248,1,16,4,12,50,48,2,3
"2011","Pendle 008B","E01025175",661,572,285,287,0,17,12,5,69,67,2,3
"2011","Pendle 008C","E01025176",1015,614,238,376,1,134,56,78,244,228,16,22
"2011","Pendle 008D","E01025177",784,686,393,293,2,7,0,7,69,58,11,20
"2011","Pendle 008E","E01025204",723,619,334,285,2,14,7,7,77,61,16,11
"2011","Pendle 008F","E01025211",663,550,313,237,0,46,26,20,58,47,11,9
"2011","Pendle 009A","E01025181",618,247,110,137,1,281,201,80,74,66,8,15
"2011","Pendle 009B","E01025182",611,292,200,92,0,149,41,108,154,137,17,16
"2011","Pendle 009C","E01025183",700,380,228,152,4,83,57,26,218,209,9,15
"2011","Pendle 009D","E01025184",522,327,239,88,4,23,11,12,158,142,16,10
"2011","Pendle 010A","E01025188",886,414,254,160,4,225,58,167,225,212,13,18
"2011","Pendle 010B","E01025189",687,404,209,195,3,58,3,55,209,197,12,13
"2011","Pendle 010C","E01025210",803,488,219,269,0,128,77,51,173,165,8,14
"2011","Pendle 010D","E01025217",635,347,203,144,1,56,20,36,217,208,9,14
"2011","Pendle 010E","E01025218",510,184,119,65,4,199,115,84,113,104,9,10
"2011","Pendle 010F","E01025219",537,289,166,123,1,31,3,28,202,189,13,14
"2011","Pendle 011A","E01025224",768,492,314,178,1,83,42,41,173,156,17,19
"2011","Pendle 011B","E01025225",653,535,279,256,1,11,2,9,99,91,8,7
"2011","Pendle 011C","E01025229",659,471,320,151,0,31,14,17,142,130,12,15
"2011","Pendle 011D","E01025230",547,310,208,102,0,67,31,36,146,136,10,24
"2011","Pendle 012A","E01025187",575,436,236,200,2,73,43,30,47,35,12,17
"2011","Pendle 012B","E01025190",647,542,263,279,1,34,25,9,63,52,11,7
"2011","Pendle 012C","E01025209",693,476,244,232,1,168,94,74,43,37,6,5
"2011","Pendle 012D","E01025216",714,514,218,296,1,91,55,36,95,85,10,13
"2011","Pendle 013A","E01025185",721,515,320,195,0,46,18,28,140,125,15,20
"2011","Pendle 013B","E01025186",596,401,219,182,1,25,14,11,158,147,11,11
"2011","Pendle 013C","E01025212",527,485,302,183,0,8,2,6,27,23,4,7
"2011","Pendle 013D","E01025213",405,340,185,155,0,24,12,12,37,34,3,4
"2011","Pendle 013E","E01025214",533,495,262,233,1,3,0,3,31,31,0,3
"2011","Pendle 013F","E01025215",499,323,183,140,2,94,33,61,75,64,11,5
"2011","Preston 001A","E01025278",1003,863,418,445,13,14,4,10,99,86,13,14
"2011","Preston 001B","E01025279",722,629,376,253,2,9,2,7,72,53,19,10
"2011","Preston 001C","E01025282",568,519,292,227,2,4,2,2,38,32,6,5
"2011","Preston 002A","E01025257",505,483,247,236,1,5,2,3,11,10,1,5
"2011","Preston 002B","E01025277",737,641,407,234,4,42,9,33,40,35,5,10
"2011","Preston 002C","E01025280",703,606,281,325,0,23,1,22,55,44,11,19
"2011","Preston 002D","E01025281",583,535,306,229,1,1,0,1,34,26,8,12
"2011","Preston 003A","E01025256",636,519,280,239,3,60,0,60,46,40,6,8
"2011","Preston 003B","E01025258",635,592,352,240,1,4,1,3,30,27,3,8
"2011","Preston 003C","E01025259",874,817,440,377,3,7,0,7,44,36,8,3
"2011","Preston 003D","E01025299",624,561,314,247,2,6,0,6,53,46,7,2
"2011","Preston 003E","E01025301",469,353,140,213,10,43,0,43,62,59,3,1
"2011","Preston 003F","E01025302",504,443,236,207,1,0,0,0,53,48,5,7
"2011","Preston 004A","E01025253",692,575,121,454,3,10,2,8,102,92,10,2
"2011","Preston 004B","E01025254",470,436,201,235,2,4,1,3,26,23,3,2
"2011","Preston 004C","E01025255",588,495,144,351,24,4,2,2,61,56,5,4
"2011","Preston 004D","E01025300",557,328,218,110,3,165,4,161,51,41,10,10
"2011","Preston 004E","E01025303",608,516,223,293,11,7,1,6,71,65,6,3
"2011","Preston 005A","E01025260",765,294,98,196,17,381,117,264,56,49,7,17
"2011","Preston 005B","E01025262",719,395,182,213,3,271,26,245,41,34,7,9
"2011","Preston 005C","E01025263",640,267,120,147,5,305,14,291,61,55,6,2
"2011","Preston 005D","E01025264",652,279,113,166,1,292,11,281,76,70,6,4
"2011","Preston 006A","E01025239",663,481,265,216,30,95,13,82,44,37,7,13
"2011","Preston 006B","E01025241",666,575,340,235,3,9,1,8,74,73,1,5
"2011","Preston 006C","E01025242",625,577,356,221,1,9,2,7,33,28,5,5
"2011","Preston 006D","E01025243",786,518,248,270,2,99,3,96,156,147,9,11
"2011","Preston 006E","E01025251",559,360,209,151,8,103,10,93,77,44,33,11
"2011","Preston 007A","E01025234",563,374,142,232,0,138,53,85,36,32,4,15
"2011","Preston 007B","E01025235",675,593,310,283,2,29,6,23,43,42,1,8
"2011","Preston 007C","E01025237",653,406,178,228,0,185,68,117,51,45,6,11
"2011","Preston 007D","E01025238",649,288,88,200,1,293,73,220,47,39,8,20
"2011","Preston 007E","E01025245",928,483,211,272,3,342,107,235,82,67,15,18
"2011","Preston 007F","E01025252",631,402,189,213,2,149,10,139,67,55,12,11
"2011","Preston 008A","E01025233",523,467,207,260,0,9,3,6,42,36,6,5
"2011","Preston 008B","E01025240",652,604,325,279,1,2,1,1,40,37,3,5
"2011","Preston 008C","E01025261",651,543,293,250,12,16,7,9,70,61,9,10
"2011","Preston 008D","E01025266",520,491,267,224,0,4,0,4,24,20,4,1
"2011","Preston 008E","E01025309",514,413,214,199,1,51,15,36,48,45,3,1
"2011","Preston 009A","E01025236",573,231,102,129,3,287,95,192,41,39,2,11
"2011","Preston 009B","E01025283",627,242,72,170,0,319,149,170,57,51,6,9
"2011","Preston 009C","E01025284",665,444,159,285,43,120,42,78,53,44,9,5
"2011","Preston 009D","E01025285",513,327,142,185,1,133,48,85,42,37,5,10
"2011","Preston 009E","E01025286",685,240,74,166,1,391,145,246,33,23,10,20
"2011","Preston 009F","E01025287",991,362,136,226,13,518,150,368,67,56,11,31
"2011","Preston 010A","E01025270",666,538,201,337,3,59,2,57,62,53,9,4
"2011","Preston 010B","E01025272",616,529,199,330,0,28,2,26,52,47,5,7
"2011","Preston 010C","E01025273",501,474,131,343,0,3,0,3,23,22,1,1
"2011","Preston 010D","E01025288",899,399,153,246,4,121,13,108,364,351,13,11
"2011","Preston 011A","E01025246",531,387,220,167,3,31,9,22,101,93,8,9
"2011","Preston 011B","E01025274",818,314,117,197,6,120,5,115,372,349,23,6
"2011","Preston 011C","E01025275",772,325,133,192,1,210,23,187,226,215,11,10
"2011","Preston 011D","E01025294",667,385,156,229,5,43,5,38,225,206,19,9
"2011","Preston 012A","E01025276",652,410,192,218,2,35,2,33,198,181,17,7
"2011","Preston 012B","E01025308",741,371,134,237,3,30,4,26,329,310,19,8
"2011","Preston 012C","E01025310",709,413,153,260,1,51,11,40,237,212,25,7
"2011","Preston 012D","E01025311",666,425,162,263,2,51,4,47,185,175,10,3
"2011","Preston 012E","E01025312",762,465,149,316,2,24,4,20,261,241,20,10
"2011","Preston 012F","E01025313",652,180,79,101,2,275,34,241,183,169,14,12
"2011","Preston 012G","E01025314",823,388,141,247,2,83,5,78,343,323,20,7
"2011","Preston 013A","E01025231",591,478,268,210,1,14,0,14,87,85,2,11
"2011","Preston 013B","E01025232",760,383,118,265,2,57,3,54,308,285,23,10
"2011","Preston 013C","E01025265",648,482,171,311,13,90,26,64,54,47,7,9
"2011","Preston 013D","E01025267",627,421,185,236,2,157,57,100,40,35,5,7
"2011","Preston 013E","E01025268",811,413,157,256,4,317,88,229,64,56,8,13
"2011","Preston 013F","E01025269",649,377,138,239,3,203,63,140,57,51,6,9
"2011","Preston 013G","E01025271",620,371,190,181,4,210,6,204,32,28,4,3
"2011","Preston 014A","E01025295",1090,313,126,187,9,415,93,322,327,307,20,26
"2011","Preston 014B","E01025296",762,343,140,203,4,276,74,202,123,111,12,16
"2011","Preston 014C","E01025297",829,409,170,239,2,146,38,108,261,245,16,11
"2011","Preston 014D","E01025298",614,333,151,182,2,99,35,64,169,155,14,11
"2011","Preston 015A","E01025244",511,332,203,129,2,42,2,40,127,115,12,8
"2011","Preston 015B","E01025292",753,119,64,55,3,329,59,270,281,261,20,21
"2011","Preston 015C","E01025293",924,254,141,113,3,456,75,381,183,175,8,28
"2011","Preston 016A","E01025247",667,301,158,143,2,128,17,111,224,213,11,12
"2011","Preston 016B","E01025248",509,146,67,79,1,298,79,219,57,52,5,7
"2011","Preston 016C","E01025249",436,312,160,152,2,70,5,65,50,41,9,2
"2011","Preston 016D","E01025250",642,308,136,172,0,165,63,102,162,152,10,7
"2011","Preston 016E","E01025304",611,474,279,195,0,46,5,41,83,79,4,8
"2011","Preston 016F","E01025305",664,404,247,157,5,108,15,93,134,124,10,13
"2011","Preston 017A","E01025289",739,304,152,152,9,130,10,120,278,263,15,18
"2011","Preston 017B","E01025290",785,216,119,97,19,129,13,116,412,403,9,9
"2011","Preston 017C","E01025291",657,396,199,197,1,107,10,97,147,137,10,6
"2011","Preston 017D","E01025306",854,197,101,96,4,108,10,98,535,514,21,10
"2011","Preston 017F","E01033223",606,20,10,10,1,289,35,254,278,268,10,18
"2011","Preston 017G","E01033224",600,110,68,42,21,236,33,203,213,201,12,20
"2011","Preston 017H","E01033226",567,123,81,42,3,314,22,292,109,105,4,18
"2011","Ribble Valley 001A","E01025315",544,338,194,144,1,11,0,11,172,131,41,22
"2011","Ribble Valley 001B","E01025320",536,328,204,124,4,4,1,3,187,164,23,13
"2011","Ribble Valley 001C","E01025331",563,430,260,170,2,32,3,29,85,77,8,14
"2011","Ribble Valley 001D","E01025348",728,577,419,158,15,43,3,40,84,74,10,9
"2011","Ribble Valley 001E","E01025349",573,455,247,208,1,30,3,27,79,64,15,8
"2011","Ribble Valley 002A","E01025334",681,529,318,211,0,38,9,29,108,96,12,6
"2011","Ribble Valley 002B","E01025344",624,396,220,176,5,113,8,105,100,91,9,10
"2011","Ribble Valley 002C","E01025345",626,510,303,207,4,18,2,16,82,69,13,12
"2011","Ribble Valley 002D","E01025346",652,457,224,233,3,44,17,27,136,128,8,12
"2011","Ribble Valley 002E","E01025347",683,489,223,266,3,72,1,71,112,103,9,7
"2011","Ribble Valley 003A","E01025329",614,432,255,177,2,117,28,89,47,39,8,16
"2011","Ribble Valley 003B","E01025330",603,409,225,184,4,124,29,95,61,55,6,5
"2011","Ribble Valley 003C","E01025335",706,365,206,159,6,230,65,165,81,68,13,24
"2011","Ribble Valley 003D","E01025338",723,491,236,255,6,67,12,55,150,129,21,9
"2011","Ribble Valley 003E","E01025339",649,477,234,243,3,110,31,79,50,44,6,9
"2011","Ribble Valley 004A","E01025322",544,398,239,159,0,36,8,28,95,83,12,15
"2011","Ribble Valley 004B","E01025326",629,520,311,209,1,12,3,9,89,77,12,7
"2011","Ribble Valley 004C","E01025327",541,447,235,212,4,26,9,17,59,52,7,5
"2011","Ribble Valley 004D","E01025342",667,525,311,214,2,45,2,43,77,65,12,18
"2011","Ribble Valley 005A","E01025321",565,361,193,168,1,58,8,50,136,128,8,9
"2011","Ribble Valley 005B","E01025340",609,484,268,216,2,31,5,26,87,79,8,5
"2011","Ribble Valley 005C","E01025341",482,451,261,190,1,4,0,4,20,17,3,6
"2011","Ribble Valley 005D","E01025343",614,480,236,244,1,60,5,55,67,60,7,6
"2011","Ribble Valley 005E","E01025354",572,447,255,192,2,21,9,12,95,83,12,7
"2011","Ribble Valley 006A","E01025316",567,512,260,252,0,5,3,2,49,43,6,1
"2011","Ribble Valley 006B","E01025317",484,349,179,170,7,16,5,11,107,94,13,5
"2011","Ribble Valley 006C","E01025325",737,413,179,234,4,176,36,140,139,124,15,5
"2011","Ribble Valley 006D","E01025328",503,424,258,166,1,8,3,5,68,60,8,2
"2011","Ribble Valley 007A","E01025318",454,375,180,195,0,36,13,23,40,33,7,3
"2011","Ribble Valley 007B","E01025319",801,672,282,390,0,19,2,17,98,87,11,12
"2011","Ribble Valley 007C","E01025333",536,428,243,185,33,24,1,23,44,37,7,7
"2011","Ribble Valley 007D","E01025350",562,441,248,193,1,64,10,54,48,47,1,8
"2011","Ribble Valley 007E","E01025351",979,780,377,403,1,29,1,28,155,112,43,14
"2011","Ribble Valley 008A","E01025323",478,378,230,148,0,36,7,29,50,35,15,14
"2011","Ribble Valley 008B","E01025324",593,526,260,266,1,3,0,3,51,41,10,12
"2011","Ribble Valley 008C","E01025332",430,400,235,165,1,3,2,1,20,16,4,6
"2011","Ribble Valley 008D","E01025336",489,401,228,173,18,14,0,14,53,44,9,3
"2011","Ribble Valley 008E","E01025337",695,579,336,243,3,52,21,31,53,39,14,8
"2011","Ribble Valley 008F","E01025352",554,535,303,232,2,0,0,0,13,11,2,4
"2011","Ribble Valley 008G","E01025353",455,414,211,203,0,5,0,5,31,31,0,5
"2011","Rossendale 001A","E01025355",837,775,320,455,0,10,0,10,47,39,8,5
"2011","Rossendale 001B","E01025361",892,715,280,435,9,33,9,24,123,114,9,12
"2011","Rossendale 001C","E01025362",822,641,254,387,2,115,22,93,58,51,7,6
"2011","Rossendale 001D","E01025393",611,465,200,265,0,51,13,38,83,68,15,12
"2011","Rossendale 002A","E01025363",551,401,194,207,1,99,18,81,40,34,6,10
"2011","Rossendale 002B","E01025364",537,484,256,228,1,5,0,5,45,41,4,2
"2011","Rossendale 002C","E01025366",594,323,132,191,0,85,41,44,173,157,16,13
"2011","Rossendale 002D","E01025395",712,549,291,258,2,34,10,24,125,112,13,2
"2011","Rossendale 002E","E01025396",660,240,109,131,1,304,55,249,103,96,7,12
"2011","Rossendale 002F","E01025397",652,408,179,229,1,57,14,43,172,156,16,14
"2011","Rossendale 002G","E01025398",557,332,122,210,1,144,52,92,72,60,12,8
"2011","Rossendale 003A","E01025367",682,574,206,368,0,13,5,8,90,81,9,5
"2011","Rossendale 003B","E01025368",701,506,260,246,1,54,21,33,134,122,12,6
"2011","Rossendale 003C","E01025369",554,255,114,141,1,118,43,75,174,160,14,6
"2011","Rossendale 003D","E01025381",618,368,174,194,2,177,98,79,62,54,8,9
"2011","Rossendale 003E","E01025382",798,368,156,212,5,289,99,190,122,108,14,14
"2011","Rossendale 003F","E01025383",928,736,264,472,0,56,23,33,128,110,18,8
"2011","Rossendale 004A","E01025356",625,391,183,208,2,78,24,54,138,130,8,16
"2011","Rossendale 004C","E01025373",678,520,282,238,8,57,13,44,86,83,3,7
"2011","Rossendale 004D","E01025385",588,219,82,137,0,280,138,142,75,65,10,14
"2011","Rossendale 004F","E01025387",501,396,181,215,1,67,17,50,33,30,3,4
"2011","Rossendale 004G","E01033281",1111,731,337,394,3,152,45,107,212,193,19,13
"2011","Rossendale 007A","E01025377",554,496,235,261,1,11,1,10,43,38,5,3
"2011","Rossendale 007B","E01025378",647,547,236,311,8,9,2,7,80,72,8,3
"2011","Rossendale 007C","E01025379",621,343,171,172,2,213,67,146,52,40,12,11
"2011","Rossendale 007D","E01025380",583,534,277,257,2,3,1,2,35,24,11,9
"2011","Rossendale 008A","E01025357",608,438,181,257,3,83,19,64,79,71,8,5
"2011","Rossendale 008B","E01025358",943,808,379,429,7,12,4,8,105,97,8,11
"2011","Rossendale 008C","E01025365",656,560,276,284,3,11,6,5,72,61,11,10
"2011","Rossendale 008D","E01025384",533,443,238,205,2,38,11,27,43,37,6,7
"2011","Rossendale 009A","E01025359",708,575,299,276,2,49,27,22,73,67,6,9
"2011","Rossendale 009B","E01025360",919,591,262,329,0,168,65,103,145,123,22,15
"2011","Rossendale 009C","E01025375",682,580,236,344,1,18,7,11,81,69,12,2
"2011","Rossendale 009D","E01025376",983,527,206,321,2,274,86,188,170,156,14,10
"2011","Rossendale 010F","E01025370",513,424,226,198,4,8,3,5,74,67,7,3
"2011","Rossendale 010A","E01025371",648,339,151,188,1,195,47,148,101,94,7,12
"2011","Rossendale 010B","E01025374",629,401,184,217,2,164,59,105,45,41,4,17
"2011","Rossendale 010G","E01025388",657,448,222,226,1,56,19,37,150,143,7,2
"2011","Rossendale 010H","E01025389",548,327,150,177,2,107,47,60,101,95,6,11
"2011","Rossendale 010I","E01025390",517,278,130,148,1,173,52,121,56,50,6,9
"2011","Rossendale 010C","E01025391",660,399,171,228,1,195,102,93,61,56,5,4
"2011","Rossendale 010D","E01025392",573,396,196,200,0,49,6,43,119,106,13,9
"2011","Rossendale 010E","E01025394",667,399,158,241,1,130,25,105,126,112,14,11
"2011","South Ribble 001A","E01025424",505,462,228,234,1,5,2,3,34,26,8,3
"2011","South Ribble 001B","E01025425",532,501,234,267,0,0,0,0,29,26,3,2
"2011","South Ribble 001C","E01025426",502,470,254,216,0,3,0,3,23,21,2,6
"2011","South Ribble 001D","E01025466",619,554,287,267,3,25,0,25,31,28,3,6
"2011","South Ribble 002A","E01025413",770,668,356,312,1,42,2,40,52,51,1,7
"2011","South Ribble 002B","E01025414",680,642,388,254,3,9,0,9,21,17,4,5
"2011","South Ribble 002C","E01025456",472,407,235,172,0,17,4,13,40,34,6,8
"2011","South Ribble 002D","E01025458",674,499,222,277,0,80,7,73,87,82,5,8
"2011","South Ribble 003A","E01025408",651,591,359,232,1,4,0,4,53,51,2,2
"2011","South Ribble 003B","E01025409",578,488,236,252,2,13,0,13,71,57,14,4
"2011","South Ribble 003C","E01025410",512,489,199,290,1,3,0,3,16,15,1,3
"2011","South Ribble 003D","E01025467",874,824,516,308,2,2,0,2,38,31,7,8
"2011","South Ribble 004A","E01025403",786,698,221,477,0,5,0,5,82,74,8,1
"2011","South Ribble 004B","E01025457",627,532,270,262,1,5,0,5,82,72,10,7
"2011","South Ribble 004C","E01025463",574,513,207,306,3,3,0,3,49,45,4,6
"2011","South Ribble 004D","E01025464",502,474,226,248,2,4,0,4,21,16,5,1
"2011","South Ribble 004E","E01025465",503,399,193,206,1,44,7,37,56,50,6,3
"2011","South Ribble 005A","E01025411",878,728,332,396,4,15,0,15,123,118,5,8
"2011","South Ribble 005B","E01025448",700,587,276,311,4,20,1,19,79,72,7,10
"2011","South Ribble 005C","E01025449",425,336,184,152,28,36,2,34,22,18,4,3
"2011","South Ribble 005D","E01025450",415,280,108,172,1,89,2,87,43,39,4,2
"2011","South Ribble 006A","E01025412",676,467,211,256,9,149,6,143,45,42,3,6
"2011","South Ribble 006B","E01025427",741,419,196,223,6,240,5,235,72,66,6,4
"2011","South Ribble 006C","E01025428",630,442,184,258,2,126,18,108,52,47,5,8
"2011","South Ribble 006D","E01025429",617,273,79,194,9,265,27,238,61,52,9,9
"2011","South Ribble 007A","E01025404",551,517,354,163,1,4,0,4,25,21,4,4
"2011","South Ribble 007B","E01025405",560,387,190,197,1,84,6,78,79,74,5,9
"2011","South Ribble 007C","E01025406",548,444,233,211,0,66,3,63,35,35,0,3
"2011","South Ribble 007D","E01025407",862,454,168,286,1,188,10,178,211,196,15,8
"2011","South Ribble 008A","E01025399",618,361,150,211,2,170,19,151,80,72,8,5
"2011","South Ribble 008B","E01025400",715,594,268,326,2,75,1,74,40,34,6,4
"2011","South Ribble 008C","E01025401",651,538,265,273,1,12,0,12,91,73,18,9
"2011","South Ribble 008D","E01025402",605,429,148,281,24,49,4,45,95,87,8,8
"2011","South Ribble 009A","E01025442",520,330,109,221,4,103,8,95,79,71,8,4
"2011","South Ribble 009B","E01025443",603,551,278,273,2,5,0,5,43,34,9,2
"2011","South Ribble 009C","E01025444",559,464,179,285,1,10,0,10,75,60,15,9
"2011","South Ribble 009D","E01025461",737,686,306,380,0,10,1,9,40,38,2,1
"2011","South Ribble 009E","E01025462",706,623,281,342,5,2,1,1,74,61,13,2
"2011","South Ribble 010A","E01025439",579,531,325,206,1,2,1,1,38,32,6,7
"2011","South Ribble 010B","E01025453",670,603,319,284,4,6,1,5,52,43,9,5
"2011","South Ribble 010C","E01025454",506,437,247,190,0,47,0,47,17,15,2,5
"2011","South Ribble 010D","E01025455",642,570,357,213,9,12,3,9,46,37,9,5
"2011","South Ribble 011A","E01025436",912,823,431,392,1,22,0,22,60,54,6,6
"2011","South Ribble 011B","E01025437",781,627,319,308,4,49,0,49,87,77,10,14
"2011","South Ribble 011C","E01025438",523,493,269,224,0,3,0,3,24,20,4,3
"2011","South Ribble 011D","E01025440",603,548,331,217,1,2,0,2,39,37,2,13
"2011","South Ribble 011E","E01025441",662,554,327,227,4,51,2,49,41,34,7,12
"2011","South Ribble 012A","E01025417",622,530,250,280,0,55,7,48,31,30,1,6
"2011","South Ribble 012B","E01025418",611,519,253,266,0,21,2,19,68,59,9,3
"2011","South Ribble 012C","E01025419",665,507,229,278,2,92,4,88,59,48,11,5
"2011","South Ribble 012D","E01025420",1057,917,368,549,3,68,1,67,61,54,7,8
"2011","South Ribble 013A","E01025421",912,630,168,462,1,92,8,84,185,173,12,4
"2011","South Ribble 013B","E01025422",639,452,207,245,1,125,10,115,56,49,7,5
"2011","South Ribble 013C","E01025431",772,539,143,396,2,60,6,54,168,155,13,3
"2011","South Ribble 013D","E01025433",753,635,271,364,1,28,0,28,83,74,9,6
"2011","South Ribble 014A","E01025416",610,545,238,307,1,33,1,32,28,28,0,3
"2011","South Ribble 014B","E01025451",733,685,255,430,1,11,1,10,30,27,3,6
"2011","South Ribble 014C","E01025452",738,374,128,246,4,287,11,276,66,59,7,7
"2011","South Ribble 015A","E01025415",846,630,265,365,1,124,16,108,85,72,13,6
"2011","South Ribble 015B","E01025423",604,226,90,136,2,332,32,300,37,32,5,7
"2011","South Ribble 015C","E01025435",674,491,264,227,2,89,8,81,83,75,8,9
"2011","South Ribble 015D","E01025446",663,527,244,283,11,68,0,68,47,37,10,10
"2011","South Ribble 016A","E01025430",796,695,334,361,0,24,3,21,67,62,5,10
"2011","South Ribble 016C","E01025434",827,792,512,280,0,11,1,10,19,15,4,5
"2011","South Ribble 016D","E01032928",826,498,98,400,18,76,6,70,228,219,9,6
"2011","South Ribble 016E","E01032929",497,399,205,194,1,51,1,50,40,38,2,6
"2011","South Ribble 017A","E01025445",536,229,101,128,0,265,29,236,38,34,4,4
"2011","South Ribble 017B","E01025447",533,159,53,106,0,347,34,313,24,22,2,3
"2011","South Ribble 017C","E01025459",710,576,285,291,2,34,4,30,95,76,19,3
"2011","South Ribble 017D","E01025460",922,475,173,302,10,376,25,351,57,52,5,4
"2011","West Lancashire 001A","E01025496",481,379,187,192,1,49,48,1,46,32,14,6
"2011","West Lancashire 001B","E01025497",563,510,205,305,3,8,3,5,42,38,4,0
"2011","West Lancashire 001C","E01025498",520,454,247,207,7,4,3,1,53,50,3,2
"2011","West Lancashire 001D","E01025530",620,573,297,276,2,9,9,0,32,31,1,4
"2011","West Lancashire 001E","E01025532",600,552,268,284,1,6,6,0,36,29,7,5
"2011","West Lancashire 001F","E01025533",709,518,273,245,10,74,62,12,92,85,7,15
"2011","West Lancashire 002A","E01025507",678,586,318,268,3,4,2,2,78,70,8,7
"2011","West Lancashire 002B","E01025508",616,501,303,198,5,23,2,21,76,59,17,11
"2011","West Lancashire 002C","E01025509",553,382,217,165,3,101,64,37,55,45,10,12
"2011","West Lancashire 002D","E01025513",822,704,367,337,15,48,33,15,42,40,2,13
"2011","West Lancashire 002E","E01025531",488,440,283,157,0,19,15,4,26,14,12,3
"2011","West Lancashire 003A","E01025474",458,324,186,138,0,54,47,7,73,66,7,7
"2011","West Lancashire 003B","E01025495",867,738,400,338,0,39,35,4,80,63,17,10
"2011","West Lancashire 003C","E01025514",966,813,451,362,2,27,14,13,115,91,24,9
"2011","West Lancashire 003D","E01025515",680,572,361,211,12,37,34,3,47,35,12,12
"2011","West Lancashire 004A","E01025483",958,587,271,316,4,245,124,121,111,97,14,11
"2011","West Lancashire 004B","E01025484",791,706,339,367,7,11,6,5,59,50,9,8
"2011","West Lancashire 004C","E01025485",702,530,244,286,1,42,33,9,120,110,10,9
"2011","West Lancashire 004D","E01025486",654,541,240,301,0,43,39,4,63,57,6,7
"2011","West Lancashire 004E","E01025487",624,484,219,265,1,84,81,3,45,41,4,10
"2011","West Lancashire 005A","E01025510",514,488,317,171,0,3,1,2,14,13,1,9
"2011","West Lancashire 005B","E01025511",469,417,249,168,0,8,8,0,36,28,8,8
"2011","West Lancashire 005C","E01025512",563,460,237,223,18,22,20,2,57,49,8,6
"2011","West Lancashire 005D","E01025538",660,567,345,222,6,25,22,3,45,39,6,17
"2011","West Lancashire 005E","E01025539",560,470,224,246,1,42,41,1,39,36,3,8
"2011","West Lancashire 006A","E01025499",596,441,238,203,0,54,50,4,94,86,8,7
"2011","West Lancashire 006B","E01025501",493,473,314,159,2,1,0,1,13,9,4,4
"2011","West Lancashire 006C","E01025502",639,585,323,262,8,9,5,4,32,30,2,5
"2011","West Lancashire 006D","E01025516",631,531,284,247,3,35,33,2,55,50,5,7
"2011","West Lancashire 006E","E01025517",595,376,180,196,3,139,132,7,67,62,5,10
"2011","West Lancashire 006F","E01025519",505,468,286,182,2,1,1,0,34,32,2,0
"2011","West Lancashire 007A","E01025488",743,368,176,192,50,118,86,32,201,192,9,6
"2011","West Lancashire 007B","E01025489",505,389,191,198,0,25,23,2,83,76,7,8
"2011","West Lancashire 007C","E01025490",495,291,157,134,13,69,1,68,122,117,5,0
"2011","West Lancashire 007D","E01025500",664,406,227,179,1,94,72,22,150,140,10,13
"2011","West Lancashire 007E","E01025518",629,295,163,132,2,154,104,50,162,153,9,16
"2011","West Lancashire 008A","E01025479",837,657,346,311,0,47,45,2,115,107,8,18
"2011","West Lancashire 008B","E01025491",575,502,299,203,7,24,24,0,39,33,6,3
"2011","West Lancashire 008C","E01025506",842,737,428,309,1,29,12,17,59,50,9,16
"2011","West Lancashire 009A","E01025468",595,538,139,399,3,25,25,0,29,22,7,0
"2011","West Lancashire 009B","E01025469",761,400,117,283,10,266,252,14,78,71,7,7
"2011","West Lancashire 009C","E01025470",542,499,154,345,1,8,6,2,32,27,5,2
"2011","West Lancashire 009D","E01025522",507,373,208,165,0,89,37,52,44,40,4,1
"2011","West Lancashire 010A","E01025471",574,308,78,230,1,182,176,6,76,73,3,7
"2011","West Lancashire 010B","E01025480",503,285,52,233,3,153,147,6,55,53,2,7
"2011","West Lancashire 010C","E01025481",640,299,78,221,1,265,259,6,70,65,5,5
"2011","West Lancashire 010D","E01025482",578,211,76,135,0,305,301,4,56,54,2,6
"2011","West Lancashire 010E","E01025520",522,268,109,159,0,197,194,3,48,46,2,9
"2011","West Lancashire 010F","E01025521",659,397,137,260,2,180,167,13,75,72,3,5
"2011","West Lancashire 011A","E01025523",685,469,163,306,0,100,65,35,108,101,7,8
"2011","West Lancashire 011B","E01025524",746,298,118,180,0,359,348,11,80,75,5,9
"2011","West Lancashire 011C","E01025525",629,466,187,279,1,101,95,6,53,43,10,8
"2011","West Lancashire 011D","E01025526",774,510,224,286,1,120,110,10,124,117,7,19
"2011","West Lancashire 012A","E01025472",543,518,296,222,1,6,5,1,14,13,1,4
"2011","West Lancashire 012B","E01025473",607,450,227,223,5,86,79,7,46,41,5,20
"2011","West Lancashire 012C","E01025475",606,573,347,226,0,5,5,0,23,21,2,5
"2011","West Lancashire 012D","E01025476",547,464,265,199,21,8,6,2,51,43,8,3
"2011","West Lancashire 012E","E01025477",478,418,204,214,2,27,26,1,29,27,2,2
"2011","West Lancashire 012F","E01025478",478,455,276,179,0,3,3,0,15,14,1,5
"2011","West Lancashire 013A","E01025492",503,391,149,242,1,60,56,4,49,42,7,2
"2011","West Lancashire 013B","E01025527",621,266,109,157,1,279,228,51,66,57,9,9
"2011","West Lancashire 013C","E01025528",685,315,85,230,3,289,245,44,65,61,4,13
"2011","West Lancashire 013D","E01025529",709,430,151,279,4,173,151,22,89,85,4,13
"2011","West Lancashire 014A","E01025493",660,177,70,107,0,405,392,13,63,63,0,15
"2011","West Lancashire 014B","E01025494",676,258,106,152,1,272,266,6,131,123,8,14
"2011","West Lancashire 014C","E01025503",499,269,83,186,0,134,116,18,93,88,5,3
"2011","West Lancashire 014D","E01025504",472,171,67,104,2,216,181,35,68,57,11,15
"2011","West Lancashire 014E","E01025505",632,451,185,266,1,107,99,8,71,60,11,2
"2011","West Lancashire 015A","E01025534",686,575,275,300,2,50,49,1,50,45,5,9
"2011","West Lancashire 015B","E01025535",582,464,188,276,8,58,54,4,43,36,7,9
"2011","West Lancashire 015C","E01025536",646,359,149,210,0,228,177,51,46,40,6,13
"2011","West Lancashire 015D","E01025537",683,556,313,243,2,49,47,2,66,57,9,10
"2011","West Lancashire 015E","E01025540",488,426,227,199,0,25,4,21,30,26,4,7
"2011","Wyre 001A","E01025573",590,510,254,256,1,13,2,11,62,57,5,4
"2011","Wyre 001B","E01025574",741,342,158,184,2,165,23,142,210,197,13,22
"2011","Wyre 001C","E01025581",587,436,197,239,4,9,0,9,125,114,11,13
"2011","Wyre 001D","E01025582",581,301,134,167,1,53,9,44,222,211,11,4
"2011","Wyre 001E","E01025583",602,382,164,218,1,28,1,27,186,166,20,5
"2011","Wyre 001F","E01025584",851,300,162,138,2,149,9,140,384,366,18,16
"2011","Wyre 002A","E01025605",565,513,278,235,0,13,0,13,31,31,0,8
"2011","Wyre 002B","E01025606",516,259,105,154,1,176,36,140,75,67,8,5
"2011","Wyre 002C","E01025607",630,539,266,273,3,39,7,32,43,39,4,6
"2011","Wyre 002D","E01025608",658,562,275,287,8,8,2,6,77,69,8,3
"2011","Wyre 003A","E01025590",622,278,118,160,0,266,61,205,67,58,9,11
"2011","Wyre 003B","E01025591",748,689,443,246,4,9,1,8,41,34,7,5
"2011","Wyre 003C","E01025592",638,208,97,111,7,384,100,284,28,25,3,11
"2011","Wyre 003D","E01025593",654,559,370,189,7,15,5,10,59,34,25,14
"2011","Wyre 004A","E01025563",455,412,264,148,1,2,1,1,36,32,4,4
"2011","Wyre 004B","E01025564",719,595,349,246,15,28,1,27,68,60,8,13
"2011","Wyre 004C","E01025565",642,580,361,219,3,9,0,9,43,37,6,7
"2011","Wyre 004D","E01025586",715,610,380,230,6,18,0,18,74,61,13,7
"2011","Wyre 004E","E01025587",694,579,353,226,0,32,0,32,74,65,9,9
"2011","Wyre 004F","E01025588",704,552,379,173,5,28,0,28,116,101,15,3
"2011","Wyre 004G","E01025589",489,354,165,189,1,47,7,40,80,68,12,7
"2011","Wyre 005A","E01025557",683,602,274,328,11,22,1,21,45,40,5,3
"2011","Wyre 005B","E01025575",551,153,82,71,3,311,50,261,71,59,12,13
"2011","Wyre 005C","E01025578",629,417,180,237,0,143,27,116,65,61,4,4
"2011","Wyre 005D","E01025579",513,289,119,170,3,134,35,99,81,75,6,6
"2011","Wyre 005E","E01025580",497,432,258,174,2,24,5,19,34,31,3,5
"2011","Wyre 006A","E01025547",669,481,305,176,11,56,0,56,100,80,20,21
"2011","Wyre 006B","E01025549",842,705,365,340,11,25,0,25,93,83,10,8
"2011","Wyre 006C","E01025609",826,623,369,254,3,47,4,43,137,125,12,16
"2011","Wyre 007A","E01025548",747,678,511,167,8,8,1,7,47,40,7,6
"2011","Wyre 007B","E01025553",1031,856,421,435,28,29,2,27,108,97,11,10
"2011","Wyre 007C","E01025558",822,647,460,187,1,91,15,76,71,63,8,12
"2011","Wyre 007D","E01025559",776,520,293,227,3,98,11,87,142,130,12,13
"2011","Wyre 007E","E01025560",647,581,428,153,5,5,0,5,45,42,3,11
"2011","Wyre 008A","E01025554",764,605,393,212,0,76,12,64,74,63,11,9
"2011","Wyre 008B","E01025556",638,512,269,243,0,42,7,35,81,75,6,3
"2011","Wyre 008C","E01025570",678,329,220,109,0,16,3,13,328,308,20,5
"2011","Wyre 008D","E01025571",586,417,211,206,2,18,0,18,145,135,10,4
"2011","Wyre 008E","E01025572",642,542,367,175,0,25,2,23,66,62,4,9
"2011","Wyre 008F","E01025604",653,488,251,237,3,5,0,5,147,141,6,10
"2011","Wyre 009A","E01025561",591,525,280,245,3,11,1,10,39,36,3,13
"2011","Wyre 009B","E01025562",871,698,416,282,5,59,2,57,93,81,12,16
"2011","Wyre 009C","E01025585",890,753,438,315,5,45,8,37,76,61,15,11
"2011","Wyre 010A","E01025542",684,610,296,314,2,2,0,2,69,65,4,1
"2011","Wyre 010B","E01025555",685,594,374,220,3,12,0,12,71,57,14,5
"2011","Wyre 010C","E01025601",621,573,364,209,1,1,0,1,37,33,4,9
"2011","Wyre 010D","E01025602",691,552,238,314,3,12,1,11,120,111,9,4
"2011","Wyre 010E","E01025603",710,623,401,222,4,4,0,4,72,61,11,7
"2011","Wyre 011A","E01025541",693,522,207,315,5,29,0,29,132,123,9,5
"2011","Wyre 011B","E01025543",747,542,203,339,13,35,0,35,153,145,8,4
"2011","Wyre 011C","E01025544",755,550,294,256,1,93,16,77,104,97,7,7
"2011","Wyre 011D","E01025576",1069,875,454,421,2,20,1,19,160,141,19,12
"2011","Wyre 011E","E01025577",646,435,197,238,1,107,16,91,94,86,8,9
"2011","Wyre 012A","E01025550",671,612,350,262,1,4,0,4,52,48,4,2
"2011","Wyre 012B","E01025552",497,467,201,266,0,6,0,6,21,20,1,3
"2011","Wyre 012C","E01025594",744,637,423,214,2,2,1,1,92,85,7,11
"2011","Wyre 012D","E01025595",628,579,357,222,1,1,1,0,40,37,3,7
"2011","Wyre 012E","E01025596",820,716,296,420,11,22,0,22,65,57,8,6
"2011","Wyre 012F","E01025597",480,427,233,194,1,4,0,4,48,44,4,0
"2011","Wyre 013A","E01025545",789,675,419,256,7,11,1,10,85,78,7,11
"2011","Wyre 013B","E01025546",716,474,225,249,2,51,5,46,177,160,17,12
"2011","Wyre 013C","E01025551",552,483,217,266,1,16,4,12,44,41,3,8
"2011","Wyre 013D","E01025567",756,527,290,237,1,107,15,92,108,100,8,13
"2011","Wyre 013E","E01025598",765,531,313,218,1,56,6,50,170,155,15,7
"2011","Wyre 014A","E01025566",847,791,489,302,1,10,1,9,41,39,2,4
"2011","Wyre 014B","E01025568",792,687,402,285,0,3,0,3,95,84,11,7
"2011","Wyre 014C","E01025569",877,795,486,309,1,4,1,3,67,57,10,10
"2011","Wyre 014D","E01025599",432,392,213,179,1,6,2,4,29,25,4,4
"2011","Wyre 014E","E01025600",667,594,299,295,1,2,0,2,62,62,0,8
"2011","Knowsley 001A","E01006448",720,286,109,177,1,321,180,141,101,95,6,11
"2011","Knowsley 001B","E01006492",515,354,129,225,0,122,69,53,35,30,5,4
"2011","Knowsley 001C","E01006493",433,106,24,82,2,286,161,125,27,24,3,12
"2011","Knowsley 001D","E01006494",526,172,72,100,0,309,165,144,42,40,2,3
"2011","Knowsley 001E","E01006495",689,352,58,294,8,255,167,88,66,60,6,8
"2011","Knowsley 002A","E01006454",512,438,205,233,3,39,3,36,29,27,2,3
"2011","Knowsley 002B","E01006456",670,469,168,301,11,138,74,64,45,37,8,7
"2011","Knowsley 002C","E01006457",522,471,285,186,18,11,5,6,19,18,1,3
"2011","Knowsley 002D","E01006458",593,403,164,239,1,110,55,55,70,64,6,9
"2011","Knowsley 002E","E01006490",1032,855,137,718,3,19,12,7,153,141,12,2
"2011","Knowsley 002F","E01006491",761,664,126,538,1,8,2,6,86,77,9,2
"2011","Knowsley 003A","E01006415",825,512,189,323,2,216,87,129,84,74,10,11
"2011","Knowsley 003B","E01006417",711,187,103,84,1,446,225,221,68,67,1,9
"2011","Knowsley 003C","E01006436",636,263,107,156,0,294,146,148,57,52,5,22
"2011","Knowsley 003D","E01006437",618,305,124,181,3,248,89,159,58,56,2,4
"2011","Knowsley 003E","E01006447",632,225,69,156,0,254,141,113,137,137,0,16
"2011","Knowsley 004A","E01006455",701,334,151,183,1,208,131,77,148,143,5,10
"2011","Knowsley 004B","E01006506",550,431,129,302,1,9,5,4,107,106,1,2
"2011","Knowsley 004C","E01006507",636,309,122,187,1,232,131,101,81,76,5,13
"2011","Knowsley 004D","E01006508",576,395,132,263,1,102,49,53,74,67,7,4
"2011","Knowsley 004E","E01006509",695,328,121,207,4,265,90,175,93,81,12,5
"2011","Knowsley 004F","E01006510",493,422,197,225,0,15,10,5,54,51,3,2
"2011","Knowsley 005A","E01006416",665,320,144,176,6,244,105,139,78,75,3,17
"2011","Knowsley 005B","E01006418",549,277,123,154,1,216,62,154,48,44,4,7
"2011","Knowsley 005C","E01006434",631,319,119,200,2,210,120,90,95,85,10,5
"2011","Knowsley 005D","E01006435",653,367,189,178,2,237,107,130,41,38,3,6
"2011","Knowsley 005E","E01006438",510,402,240,162,1,48,21,27,50,46,4,9
"2011","Knowsley 005F","E01006439",686,410,174,236,1,149,71,78,94,83,11,32
"2011","Knowsley 005G","E01006446",566,307,136,171,0,186,105,81,68,66,2,5
"2011","Knowsley 006A","E01006412",591,207,111,96,1,328,25,303,48,45,3,7
"2011","Knowsley 006B","E01006413",866,120,37,83,6,674,58,616,52,46,6,14
"2011","Knowsley 006C","E01006414",610,261,139,122,1,307,24,283,33,33,0,8
"2011","Knowsley 006D","E01006441",993,600,169,431,21,277,65,212,81,76,5,14
"2011","Knowsley 007A","E01006460",661,221,90,131,0,373,202,171,59,56,3,8
"2011","Knowsley 007B","E01006461",619,309,142,167,1,253,139,114,45,38,7,11
"2011","Knowsley 007C","E01006463",971,387,145,242,19,315,132,183,238,221,17,12
"2011","Knowsley 007D","E01006464",727,457,241,216,0,209,107,102,38,34,4,23
"2011","Knowsley 007E","E01006466",776,489,191,298,1,164,72,92,107,94,13,15
"2011","Knowsley 008A","E01006453",515,182,73,109,1,295,161,134,26,25,1,11
"2011","Knowsley 008B","E01006467",558,149,68,81,0,369,221,148,25,24,1,15
"2011","Knowsley 008E","E01006470",585,224,92,132,1,312,159,153,36,32,4,12
"2011","Knowsley 008F","E01033228",810,237,93,144,1,512,286,226,43,41,2,17
"2011","Knowsley 009A","E01006459",614,484,199,285,0,39,10,29,87,82,5,4
"2011","Knowsley 009B","E01006462",639,518,266,252,0,42,21,21,71,62,9,8
"2011","Knowsley 009C","E01006496",606,407,174,233,3,149,80,69,42,38,4,5
"2011","Knowsley 009D","E01006498",548,477,160,317,2,25,16,9,41,38,3,3
"2011","Knowsley 009E","E01006499",681,508,227,281,1,59,24,35,109,101,8,4
"2011","Knowsley 010A","E01006440",622,241,99,142,1,280,140,140,85,78,7,15
"2011","Knowsley 010B","E01006442",614,164,62,102,0,404,205,199,32,27,5,14
"2011","Knowsley 010C","E01006443",667,279,131,148,0,318,131,187,60,58,2,10
"2011","Knowsley 010D","E01006444",521,191,76,115,1,262,155,107,56,54,2,11
"2011","Knowsley 010E","E01006445",539,224,90,134,0,266,174,92,38,37,1,11
"2011","Knowsley 011A","E01006465",635,542,203,339,1,55,8,47,34,30,4,3
"2011","Knowsley 011B","E01006482",587,367,177,190,6,132,59,73,76,69,7,6
"2011","Knowsley 011C","E01006483",614,352,165,187,2,199,98,101,54,48,6,7
"2011","Knowsley 011D","E01006484",567,303,123,180,8,185,76,109,62,58,4,9
"2011","Knowsley 012A","E01006449",623,396,168,228,2,133,71,62,82,76,6,10
"2011","Knowsley 012B","E01006450",619,273,123,150,0,249,100,149,84,81,3,13
"2011","Knowsley 012C","E01006451",606,384,172,212,0,135,38,97,82,73,9,5
"2011","Knowsley 012D","E01006452",618,440,155,285,0,39,20,19,134,130,4,5
"2011","Knowsley 013A","E01006497",472,370,186,184,1,54,26,28,37,34,3,10
"2011","Knowsley 013B","E01006500",464,239,123,116,1,196,118,78,22,20,2,6
"2011","Knowsley 013C","E01006501",562,420,125,295,13,45,26,19,81,74,7,3
"2011","Knowsley 013D","E01006504",573,253,84,169,3,263,159,104,47,43,4,7
"2011","Knowsley 013E","E01006505",700,322,138,184,1,318,169,149,43,39,4,16
"2011","Knowsley 014A","E01006472",638,564,305,259,0,25,7,18,44,40,4,5
"2011","Knowsley 014B","E01006485",615,526,244,282,0,32,17,15,57,53,4,0
"2011","Knowsley 014C","E01006486",491,442,226,216,0,3,0,3,45,42,3,1
"2011","Knowsley 014D","E01006487",630,559,289,270,1,7,2,5,60,57,3,3
"2011","Knowsley 014E","E01006488",686,645,289,356,2,4,1,3,30,28,2,5
"2011","Knowsley 014F","E01006489",581,473,233,240,1,40,14,26,65,58,7,2
"2011","Knowsley 015A","E01006477",575,387,153,234,0,113,69,44,69,62,7,6
"2011","Knowsley 015B","E01006478",613,334,152,182,1,170,82,88,89,85,4,19
"2011","Knowsley 015C","E01006479",590,413,179,234,1,108,44,64,59,51,8,9
"2011","Knowsley 015D","E01006480",613,263,115,148,17,270,160,110,55,48,7,8
"2011","Knowsley 015E","E01006481",642,318,168,150,2,252,101,151,55,47,8,15
"2011","Knowsley 016A","E01006471",624,572,310,262,0,6,0,6,40,38,2,6
"2011","Knowsley 016B","E01006473",490,441,220,221,2,17,4,13,29,27,2,1
"2011","Knowsley 016C","E01006474",637,561,293,268,13,8,1,7,47,43,4,8
"2011","Knowsley 016D","E01006475",555,489,256,233,3,6,1,5,52,42,10,5
"2011","Knowsley 016E","E01006476",568,541,250,291,3,3,0,3,16,12,4,5
"2011","Knowsley 017A","E01006420",764,648,239,409,2,29,8,21,73,68,5,12
"2011","Knowsley 017B","E01006424",803,727,275,452,1,14,3,11,57,48,9,4
"2011","Knowsley 017C","E01006502",767,699,379,320,0,3,2,1,60,51,9,5
"2011","Knowsley 017D","E01006503",544,484,296,188,2,24,11,13,26,22,4,8
"2011","Knowsley 018A","E01006421",428,386,104,282,4,10,1,9,26,24,2,2
"2011","Knowsley 018B","E01006425",559,403,138,265,1,108,53,55,38,35,3,9
"2011","Knowsley 018C","E01006430",611,199,85,114,5,349,119,230,41,36,5,17
"2011","Knowsley 018D","E01006433",633,431,205,226,0,161,73,88,33,28,5,8
"2011","Knowsley 019A","E01006419",628,554,162,392,5,7,1,6,59,54,5,3
"2011","Knowsley 019B","E01006422",528,483,279,204,2,13,7,6,25,23,2,5
"2011","Knowsley 019C","E01006423",528,476,178,298,4,11,2,9,34,28,6,3
"2011","Knowsley 019D","E01006427",618,510,284,226,41,33,7,26,33,27,6,1
"2011","Knowsley 020A","E01006426",556,229,79,150,5,275,125,150,42,39,3,5
"2011","Knowsley 020B","E01006428",630,388,127,261,2,192,100,92,43,35,8,5
"2011","Knowsley 020C","E01006429",463,208,83,125,0,220,97,123,32,25,7,3
"2011","Knowsley 020D","E01006431",765,485,198,287,19,155,88,67,95,87,8,11
"2011","Knowsley 020E","E01006432",671,378,176,202,1,233,116,117,53,50,3,6
"2011","Liverpool 001A","E01006651",592,525,116,409,0,21,2,19,44,39,5,2
"2011","Liverpool 001B","E01006653",656,368,138,230,9,199,56,143,73,65,8,7
"2011","Liverpool 001C","E01006655",706,418,189,229,1,172,36,136,106,73,33,9
"2011","Liverpool 001D","E01006658",634,246,121,125,0,301,110,191,74,69,5,13
"2011","Liverpool 001E","E01006660",616,318,126,192,0,227,48,179,58,51,7,13
"2011","Liverpool 002A","E01006652",633,473,211,262,1,14,0,14,134,127,7,11
"2011","Liverpool 002B","E01006656",669,462,183,279,2,33,3,30,168,154,14,4
"2011","Liverpool 002C","E01006657",582,336,141,195,0,73,10,63,166,157,9,7
"2011","Liverpool 002D","E01006780",619,446,192,254,0,32,4,28,133,123,10,8
"2011","Liverpool 002E","E01006783",645,439,187,252,0,30,4,26,168,164,4,8
"2011","Liverpool 003A","E01006781",600,511,189,322,2,28,5,23,56,48,8,3
"2011","Liverpool 003B","E01006782",691,438,184,254,0,52,6,46,195,190,5,6
"2011","Liverpool 003C","E01006784",586,408,155,253,2,23,3,20,149,137,12,4
"2011","Liverpool 003D","E01006785",781,451,190,261,1,46,12,34,269,264,5,14
"2011","Liverpool 003E","E01006786",764,574,237,337,0,77,18,59,105,95,10,8
"2011","Liverpool 004A","E01006661",749,272,112,160,0,376,106,270,73,62,11,28
"2011","Liverpool 004B","E01006662",785,266,107,159,10,409,79,330,80,76,4,20
"2011","Liverpool 004C","E01006663",510,247,57,190,3,180,62,118,72,67,5,8
"2011","Liverpool 004D","E01006664",822,303,120,183,7,314,62,252,190,186,4,8
"2011","Liverpool 004E","E01006669",551,411,95,316,9,65,16,49,60,55,5,6
"2011","Liverpool 005A","E01006654",627,380,111,269,0,112,6,106,133,124,9,2
"2011","Liverpool 005B","E01006659",548,211,76,135,0,213,40,173,116,110,6,8
"2011","Liverpool 005C","E01006734",625,154,70,84,0,405,93,312,55,52,3,11
"2011","Liverpool 005D","E01006735",571,218,91,127,2,290,88,202,53,47,6,8
"2011","Liverpool 005E","E01006736",582,275,118,157,0,238,74,164,60,57,3,9
"2011","Liverpool 005F","E01006737",562,256,117,139,1,253,64,189,47,41,6,5
"2011","Liverpool 006A","E01006787",691,280,106,174,1,109,18,91,292,283,9,9
"2011","Liverpool 006B","E01006788",681,496,197,299,0,47,13,34,131,120,11,7
"2011","Liverpool 006C","E01006790",801,209,100,109,0,389,32,357,194,187,7,9
"2011","Liverpool 006D","E01006791",873,274,105,169,1,379,99,280,198,188,10,21
"2011","Liverpool 007A","E01006665",630,525,135,390,10,12,1,11,83,76,7,0
"2011","Liverpool 007B","E01006666",514,444,106,338,15,7,0,7,43,37,6,5
"2011","Liverpool 007C","E01006667",618,410,156,254,10,134,36,98,58,50,8,6
"2011","Liverpool 007D","E01006668",590,494,104,390,9,8,1,7,77,71,6,2
"2011","Liverpool 007E","E01006670",607,495,171,324,2,34,5,29,71,67,4,5
"2011","Liverpool 008A","E01006607",641,334,151,183,2,245,65,180,44,39,5,16
"2011","Liverpool 008B","E01006612",740,255,113,142,4,415,129,286,52,49,3,14
"2011","Liverpool 008C","E01006729",539,165,79,86,2,337,83,254,24,19,5,11
"2011","Liverpool 008F","E01032510",776,464,172,292,0,124,43,81,177,176,1,11
"2011","Liverpool 008G","E01032511",616,398,184,214,1,155,56,99,60,54,6,2
"2011","Liverpool 009A","E01006608",563,294,125,169,14,124,8,116,124,113,11,7
"2011","Liverpool 009B","E01006609",576,331,145,186,1,101,12,89,137,134,3,6
"2011","Liverpool 009C","E01006610",669,281,125,156,0,229,12,217,154,146,8,5
"2011","Liverpool 009D","E01006613",611,339,181,158,0,212,52,160,52,44,8,8
"2011","Liverpool 009E","E01006705",689,338,135,203,1,60,1,59,277,262,15,13
"2011","Liverpool 010A","E01006598",604,138,64,74,0,416,93,323,45,41,4,5
"2011","Liverpool 010B","E01006599",482,96,45,51,0,343,110,233,40,35,5,3
"2011","Liverpool 010E","E01006672",798,309,129,180,4,387,89,298,95,90,5,3
"2011","Liverpool 010F","E01033759",480,206,80,126,0,192,39,153,70,64,6,12
"2011","Liverpool 011A","E01006600",592,320,164,156,2,199,62,137,57,53,4,14
"2011","Liverpool 011B","E01006603",594,337,176,161,0,203,53,150,43,38,5,11
"2011","Liverpool 011C","E01006730",542,244,118,126,0,269,79,190,26,21,5,3
"2011","Liverpool 011D","E01006731",486,228,93,135,1,186,54,132,61,58,3,10
"2011","Liverpool 011E","E01006732",644,62,43,19,1,552,152,400,22,21,1,7
"2011","Liverpool 012A","E01006611",742,267,119,148,0,138,11,127,328,320,8,9
"2011","Liverpool 012B","E01006614",667,326,153,173,2,105,8,97,231,224,7,3
"2011","Liverpool 012C","E01006615",663,266,109,157,4,167,23,144,211,201,10,15
"2011","Liverpool 012D","E01006698",725,412,170,242,1,95,3,92,211,201,10,6
"2011","Liverpool 012E","E01006700",653,275,134,141,0,167,14,153,205,198,7,6
"2011","Liverpool 013A","E01006623",527,494,228,266,0,11,2,9,18,18,0,4
"2011","Liverpool 013B","E01006624",702,416,160,256,2,158,17,141,117,112,5,9
"2011","Liverpool 013C","E01006627",600,437,201,236,4,86,13,73,61,56,5,12
"2011","Liverpool 013D","E01006671",499,343,121,222,0,113,41,72,35,29,6,8
"2011","Liverpool 014A","E01006699",777,173,91,82,0,479,111,368,112,103,9,13
"2011","Liverpool 014B","E01006701",671,360,168,192,5,188,34,154,110,103,7,8
"2011","Liverpool 014C","E01006702",740,274,142,132,6,301,47,254,150,140,10,9
"2011","Liverpool 014D","E01006703",818,225,107,118,8,458,120,338,120,111,9,7
"2011","Liverpool 014E","E01006778",1124,244,123,121,7,551,154,397,307,298,9,15
"2011","Liverpool 015A","E01006541",803,435,203,232,1,221,49,172,134,123,11,12
"2011","Liverpool 015B","E01006543",509,419,183,236,1,27,3,24,58,50,8,4
"2011","Liverpool 015C","E01006544",738,225,102,123,1,328,33,295,171,161,10,13
"2011","Liverpool 015D","E01006616",613,333,150,183,12,195,59,136,64,62,2,9
"2011","Liverpool 015E","E01006762",725,332,146,186,0,274,17,257,104,90,14,15
"2011","Liverpool 016A","E01006604",571,347,156,191,3,161,63,98,46,42,4,14
"2011","Liverpool 016B","E01006605",696,314,141,173,2,306,98,208,61,57,4,13
"2011","Liverpool 016C","E01006618",692,448,218,230,3,184,54,130,49,43,6,8
"2011","Liverpool 016D","E01006625",609,495,245,250,1,52,8,44,53,49,4,8
"2011","Liverpool 016E","E01006626",593,467,226,241,4,78,11,67,39,32,7,5
"2011","Liverpool 017A","E01006637",670,210,66,144,4,363,95,268,85,75,10,8
"2011","Liverpool 017B","E01006638",518,158,71,87,0,280,74,206,68,65,3,12
"2011","Liverpool 017C","E01006639",640,411,142,269,3,115,20,95,111,107,4,0
"2011","Liverpool 017D","E01006644",963,417,156,261,0,336,78,258,196,183,13,14
"2011","Liverpool 017E","E01006645",690,208,107,101,3,410,92,318,54,52,2,15
"2011","Liverpool 018A","E01006542",583,278,123,155,2,142,0,142,155,146,9,6
"2011","Liverpool 018B","E01006558",739,194,118,76,4,293,27,266,235,233,2,13
"2011","Liverpool 018E","E01006562",714,220,123,97,1,333,36,297,150,143,7,10
"2011","Liverpool 018F","E01033747",496,80,35,45,5,298,17,281,101,99,2,12
"2011","Liverpool 019A","E01006545",646,397,175,222,0,18,8,10,220,209,11,11
"2011","Liverpool 019B","E01006546",583,305,152,153,2,30,7,23,237,231,6,9
"2011","Liverpool 019C","E01006547",718,265,146,119,5,110,10,100,329,318,11,9
"2011","Liverpool 019D","E01006548",759,342,173,169,0,93,5,88,306,288,18,18
"2011","Liverpool 019E","E01006766",574,209,93,116,2,119,5,114,239,236,3,5
"2011","Liverpool 019F","E01006767",779,352,124,228,1,135,5,130,281,276,5,10
"2011","Liverpool 020A","E01006606",723,418,174,244,1,154,37,117,143,128,15,7
"2011","Liverpool 020B","E01006761",793,356,156,200,3,224,28,196,200,188,12,10
"2011","Liverpool 020C","E01006763",652,394,148,246,3,36,2,34,213,201,12,6
"2011","Liverpool 020D","E01006764",667,309,138,171,2,84,5,79,266,247,19,6
"2011","Liverpool 020E","E01006765",659,375,163,212,21,119,38,81,137,132,5,7
"2011","Liverpool 020F","E01006768",587,310,142,168,3,63,1,62,204,195,9,7
"2011","Liverpool 021A","E01006617",650,457,203,254,1,50,11,39,131,117,14,11
"2011","Liverpool 021B","E01006619",734,506,246,260,0,42,11,31,172,158,14,14
"2011","Liverpool 021C","E01006620",625,458,248,210,0,110,12,98,48,41,7,9
"2011","Liverpool 021D","E01006621",584,496,260,236,0,22,5,17,57,52,5,9
"2011","Liverpool 021E","E01006622",586,535,266,269,0,6,1,5,41,40,1,4
"2011","Liverpool 021F","E01006640",760,556,260,296,1,113,8,105,81,69,12,9
"2011","Liverpool 022B","E01006776",844,244,79,165,25,452,28,424,115,105,10,8
"2011","Liverpool 022D","E01006779",902,177,65,112,22,620,166,454,61,53,8,22
"2011","Liverpool 022E","E01033764",1172,213,112,101,1,738,208,530,191,180,11,29
"2011","Liverpool 023A","E01006560",996,145,82,63,2,782,143,639,56,50,6,11
"2011","Liverpool 023B","E01006564",800,441,250,191,2,251,66,185,93,81,12,13
"2011","Liverpool 023C","E01006646",1006,205,64,141,13,491,75,416,274,262,12,23
"2011","Liverpool 023D","E01006648",1075,212,72,140,10,476,79,397,363,347,16,14
"2011","Liverpool 024A","E01006540",771,183,81,102,2,290,17,273,282,259,23,14
"2011","Liverpool 024B","E01006563",908,110,53,57,3,607,88,519,174,172,2,14
"2011","Liverpool 024C","E01006647",636,87,50,37,10,494,85,409,26,21,5,19
"2011","Liverpool 024D","E01006693",838,229,122,107,0,491,60,431,105,96,9,13
"2011","Liverpool 025A","E01006572",501,184,83,101,0,269,81,188,37,37,0,11
"2011","Liverpool 025B","E01006574",612,308,133,175,1,246,62,184,56,52,4,1
"2011","Liverpool 025C","E01006641",633,492,67,425,1,39,11,28,97,84,13,4
"2011","Liverpool 025D","E01006642",590,210,96,114,2,317,94,223,52,48,4,9
"2011","Liverpool 025E","E01006643",740,306,115,191,0,324,99,225,101,98,3,9
"2011","Liverpool 026A","E01006567",892,334,158,176,0,439,87,352,100,93,7,19
"2011","Liverpool 026B","E01006568",629,443,140,303,7,99,13,86,78,66,12,2
"2011","Liverpool 026C","E01006570",595,454,214,240,1,31,3,28,105,99,6,4
"2011","Liverpool 026D","E01006571",612,319,136,183,14,225,56,169,49,44,5,5
"2011","Liverpool 027A","E01006711",685,339,146,193,2,129,8,121,197,172,25,18
"2011","Liverpool 027D","E01006717",576,441,207,234,0,17,1,16,110,103,7,8
"2011","Liverpool 027E","E01006718",678,446,198,248,2,100,3,97,119,114,5,11
"2011","Liverpool 027F","E01006719",638,430,196,234,2,51,16,35,149,136,13,6
"2011","Liverpool 027G","E01032508",847,260,115,145,0,384,68,316,185,170,15,18
"2011","Liverpool 027H","E01032509",665,336,150,186,0,114,8,106,211,201,10,4
"2011","Liverpool 028A","E01006690",801,194,85,109,1,276,19,257,319,304,15,11
"2011","Liverpool 028B","E01006692",989,371,175,196,16,255,16,239,336,317,19,11
"2011","Liverpool 028C","E01006695",1029,197,87,110,1,373,30,343,430,420,10,28
"2011","Liverpool 028D","E01006759",460,250,115,135,1,47,9,38,153,148,5,9
"2011","Liverpool 028E","E01006760",826,193,90,103,0,226,32,194,398,380,18,9
"2011","Liverpool 029A","E01006565",638,425,200,225,0,146,33,113,59,54,5,8
"2011","Liverpool 029B","E01006569",613,356,180,176,1,197,62,135,40,33,7,19
"2011","Liverpool 029C","E01006573",778,347,133,214,3,245,17,228,166,158,8,17
"2011","Liverpool 029D","E01006712",569,367,159,208,1,34,7,27,161,155,6,6
"2011","Liverpool 029E","E01006713",604,435,208,227,0,19,1,18,147,137,10,3
"2011","Liverpool 030A","E01006691",647,210,126,84,5,172,8,164,248,241,7,12
"2011","Liverpool 030B","E01006694",891,219,110,109,2,171,13,158,480,463,17,19
"2011","Liverpool 030C","E01006696",768,260,123,137,7,252,33,219,231,218,13,18
"2011","Liverpool 030D","E01006697",828,289,153,136,2,145,9,136,372,352,20,20
"2011","Liverpool 030E","E01006746",655,187,122,65,0,294,69,225,162,155,7,12
"2011","Liverpool 031A","E01006512",799,161,84,77,9,220,14,206,401,367,34,8
"2011","Liverpool 031B","E01006747",857,125,75,50,1,279,29,250,436,413,23,16
"2011","Liverpool 031C","E01006748",756,219,145,74,7,136,7,129,389,371,18,5
"2011","Liverpool 031F","E01006751",831,159,78,81,4,440,91,349,209,204,5,19
"2011","Liverpool 031G","E01033763",820,108,64,44,1,476,38,438,223,208,15,12
"2011","Liverpool 032A","E01006566",577,462,191,271,1,55,22,33,54,51,3,5
"2011","Liverpool 032B","E01006585",641,257,120,137,0,317,95,222,45,41,4,22
"2011","Liverpool 032C","E01006586",921,427,169,258,6,236,37,199,233,214,19,19
"2011","Liverpool 032D","E01006587",717,393,158,235,12,161,4,157,147,141,6,4
"2011","Liverpool 032E","E01006716",701,323,136,187,1,167,18,149,203,188,15,7
"2011","Liverpool 034A","E01006575",578,396,197,199,4,83,33,50,90,85,5,5
"2011","Liverpool 034B","E01006576",713,601,240,361,0,13,0,13,94,91,3,5
"2011","Liverpool 034C","E01006577",597,528,248,280,0,5,2,3,54,52,2,10
"2011","Liverpool 034D","E01006579",618,569,298,271,0,6,3,3,42,33,9,1
"2011","Liverpool 034E","E01006584",611,462,230,232,6,65,7,58,76,72,4,2
"2011","Liverpool 035A","E01006720",905,216,98,118,3,269,26,243,411,393,18,6
"2011","Liverpool 035B","E01006725",739,332,160,172,0,154,11,143,244,225,19,9
"2011","Liverpool 035C","E01006726",659,258,127,131,5,117,4,113,270,257,13,9
"2011","Liverpool 035D","E01006727",665,401,169,232,2,36,4,32,217,204,13,9
"2011","Liverpool 035E","E01006728",855,243,118,125,2,295,18,277,303,294,9,12
"2011","Liverpool 035F","E01006752",489,225,96,129,0,100,14,86,159,158,1,5
"2011","Liverpool 036A","E01006578",554,456,170,286,1,12,1,11,84,77,7,1
"2011","Liverpool 036B","E01006580",515,480,233,247,0,6,1,5,24,22,2,5
"2011","Liverpool 036C","E01006581",607,545,270,275,0,6,1,5,54,45,9,2
"2011","Liverpool 036D","E01006773",554,480,209,271,1,18,4,14,51,46,5,4
"2011","Liverpool 036E","E01006774",552,476,182,294,0,33,7,26,33,27,6,10
"2011","Liverpool 037A","E01006514",1115,108,58,50,6,512,20,492,474,348,126,15
"2011","Liverpool 037B","E01006515",641,62,17,45,24,402,68,334,140,123,17,13
"2011","Liverpool 037D","E01006673",954,73,31,42,5,598,74,524,263,255,8,15
"2011","Liverpool 037E","E01033757",715,33,19,14,9,343,10,333,328,315,13,2
"2011","Liverpool 037F","E01033768",835,53,20,33,13,570,26,544,195,184,11,4
"2011","Liverpool 038A","E01006550",483,168,76,92,4,37,0,37,272,259,13,2
"2011","Liverpool 038B","E01006557",635,208,110,98,9,28,2,26,385,365,20,5
"2011","Liverpool 038C","E01006721",912,222,94,128,9,341,27,314,331,322,9,9
"2011","Liverpool 038D","E01006722",608,215,101,114,9,42,4,38,333,308,25,9
"2011","Liverpool 038E","E01006723",749,240,137,103,5,126,11,115,374,356,18,4
"2011","Liverpool 038F","E01006724",554,242,119,123,3,44,2,42,258,246,12,7
"2011","Liverpool 039A","E01006552",869,167,90,77,18,372,20,352,301,284,17,11
"2011","Liverpool 039B","E01006556",1016,130,81,49,3,522,34,488,334,315,19,27
"2011","Liverpool 039C","E01006674",826,99,56,43,2,602,123,479,108,98,10,15
"2011","Liverpool 039D","E01006679",920,93,55,38,7,651,146,505,150,134,16,19
"2011","Liverpool 040A","E01006709",685,307,119,188,22,314,44,270,34,27,7,8
"2011","Liverpool 040B","E01006769",712,189,90,99,30,440,60,380,33,28,5,20
"2011","Liverpool 040C","E01006770",445,214,101,113,1,195,34,161,27,25,2,8
"2011","Liverpool 040D","E01006771",694,206,99,107,0,405,47,358,65,55,10,18
"2011","Liverpool 040E","E01006772",480,329,155,174,18,95,29,66,29,25,4,9
"2011","Liverpool 040F","E01006775",556,192,100,92,1,322,51,271,25,25,0,16
"2011","Liverpool 041A","E01006582",585,523,249,274,1,8,1,7,47,44,3,6
"2011","Liverpool 041B","E01006589",599,533,235,298,0,19,5,14,39,34,5,8
"2011","Liverpool 041C","E01006591",671,470,180,290,1,10,1,9,183,172,11,7
"2011","Liverpool 041D","E01006592",624,536,290,246,1,9,1,8,72,71,1,6
"2011","Liverpool 041E","E01006597",683,583,310,273,0,13,1,12,80,75,5,7
"2011","Liverpool 042A","E01006553",642,263,109,154,3,45,1,44,326,301,25,5
"2011","Liverpool 042C","E01006588",702,429,194,235,1,53,13,40,211,196,15,8
"2011","Liverpool 042D","E01006590",701,397,185,212,4,39,3,36,257,241,16,4
"2011","Liverpool 042E","E01006593",662,396,149,247,0,20,2,18,237,222,15,9
"2011","Liverpool 042F","E01033749",1039,65,33,32,0,228,31,197,743,223,520,3
"2011","Liverpool 042G","E01033766",424,234,106,128,3,25,2,23,160,144,16,2
"2011","Liverpool 043A","E01006520",1182,196,62,134,1,360,13,347,619,600,19,6
"2011","Liverpool 043B","E01006549",949,129,64,65,7,240,21,219,561,557,4,12
"2011","Liverpool 043C","E01006675",1132,159,88,71,22,423,23,400,514,487,27,14
"2011","Liverpool 043D","E01006677",477,83,50,33,1,335,35,300,46,41,5,12
"2011","Liverpool 044A","E01006518",835,197,95,102,10,451,48,403,154,135,19,23
"2011","Liverpool 044B","E01006630",555,63,23,40,0,424,99,325,55,38,17,13
"2011","Liverpool 044C","E01006632",884,237,107,130,19,476,70,406,141,131,10,11
"2011","Liverpool 044D","E01006676",761,155,90,65,2,455,67,388,126,110,16,23
"2011","Liverpool 044E","E01006678",1059,187,94,93,34,656,87,569,161,155,6,21
"2011","Liverpool 045A","E01006706",582,186,100,86,1,360,62,298,29,25,4,6
"2011","Liverpool 045B","E01006707",553,213,115,98,1,316,74,242,18,17,1,5
"2011","Liverpool 045C","E01006708",754,383,121,262,28,275,32,243,57,44,13,11
"2011","Liverpool 045D","E01006710",592,411,192,219,2,70,11,59,106,102,4,3
"2011","Liverpool 046A","E01006792",557,479,280,199,11,37,3,34,26,22,4,4
"2011","Liverpool 046B","E01006794",711,511,275,236,0,38,5,33,151,141,10,11
"2011","Liverpool 046C","E01006800",679,604,380,224,1,8,0,8,57,47,10,9
"2011","Liverpool 046D","E01006801",609,562,324,238,1,3,0,3,39,30,9,4
"2011","Liverpool 047A","E01006532",617,559,309,250,0,25,0,25,30,24,6,3
"2011","Liverpool 047B","E01006539",601,522,283,239,1,8,1,7,68,61,7,2
"2011","Liverpool 047C","E01006583",467,445,246,199,0,4,3,1,14,10,4,4
"2011","Liverpool 047D","E01006594",579,509,274,235,2,10,4,6,53,49,4,5
"2011","Liverpool 047E","E01006796",581,539,289,250,0,6,1,5,29,29,0,7
"2011","Liverpool 048A","E01006522",1094,210,62,148,3,350,19,331,523,499,24,8
"2011","Liverpool 048B","E01006524",583,351,191,160,0,15,3,12,207,181,26,10
"2011","Liverpool 048C","E01006526",654,473,218,255,2,78,4,74,94,89,5,7
"2011","Liverpool 048D","E01006529",559,431,181,250,2,21,4,17,101,83,18,4
"2011","Liverpool 048E","E01006551",751,99,51,48,4,520,10,510,118,111,7,10
"2011","Liverpool 048F","E01006554",649,223,92,131,1,107,3,104,316,306,10,2
"2011","Liverpool 049A","E01006525",486,422,221,201,0,7,5,2,55,42,13,2
"2011","Liverpool 049B","E01006595",812,616,276,340,1,43,2,41,147,129,18,5
"2011","Liverpool 049C","E01006596",597,486,237,249,0,8,2,6,101,95,6,2
"2011","Liverpool 049D","E01006689",717,579,257,322,9,43,7,36,79,73,6,7
"2011","Liverpool 050B","E01006633",699,153,58,95,3,432,102,330,102,95,7,9
"2011","Liverpool 050F","E01032505",563,351,167,184,1,118,9,109,88,83,5,5
"2011","Liverpool 050G","E01032506",656,386,173,213,0,98,6,92,164,159,5,8
"2011","Liverpool 050H","E01032507",666,415,188,227,0,36,3,33,213,204,9,2
"2011","Liverpool 050I","E01033748",772,243,64,179,1,19,5,14,501,476,25,8
"2011","Liverpool 050J","E01033767",562,196,120,76,0,175,34,141,182,175,7,9
"2011","Liverpool 051A","E01006793",759,405,234,171,1,165,20,145,177,166,11,11
"2011","Liverpool 051B","E01006795",628,508,248,260,0,14,3,11,95,92,3,11
"2011","Liverpool 051C","E01006797",707,378,171,207,1,251,57,194,62,62,0,15
"2011","Liverpool 051D","E01006798",609,515,275,240,1,22,8,14,69,64,5,2
"2011","Liverpool 051E","E01006799",1145,428,231,197,4,502,21,481,191,178,13,20
"2011","Liverpool 052A","E01006521",928,389,210,179,0,244,8,236,288,277,11,7
"2011","Liverpool 052B","E01006523",830,258,103,155,6,280,6,274,282,263,19,4
"2011","Liverpool 052C","E01006528",613,355,135,220,3,72,15,57,176,168,8,7
"2011","Liverpool 052D","E01006628",651,456,196,260,4,58,1,57,126,118,8,7
"2011","Liverpool 052E","E01006629",573,376,187,189,1,98,6,92,90,84,6,8
"2011","Liverpool 053A","E01006527",638,384,181,203,0,179,4,175,71,63,8,4
"2011","Liverpool 053B","E01006680",605,561,284,277,0,15,2,13,26,26,0,3
"2011","Liverpool 053C","E01006682",498,465,248,217,0,4,0,4,27,25,2,2
"2011","Liverpool 053D","E01006683",594,557,295,262,0,10,2,8,24,24,0,3
"2011","Liverpool 053E","E01006686",531,483,257,226,2,7,2,5,32,29,3,7
"2011","Liverpool 054A","E01006534",649,427,182,245,0,172,38,134,45,43,2,5
"2011","Liverpool 054B","E01006535",656,452,200,252,1,147,34,113,39,31,8,17
"2011","Liverpool 054C","E01006536",815,477,203,274,1,240,66,174,84,74,10,13
"2011","Liverpool 054D","E01006681",719,423,228,195,2,193,59,134,87,78,9,14
"2011","Liverpool 055A","E01006530",616,553,324,229,6,11,2,9,40,35,5,6
"2011","Liverpool 055B","E01006531",674,555,344,211,2,81,9,72,29,26,3,7
"2011","Liverpool 055C","E01006533",614,445,251,194,2,112,14,98,47,44,3,8
"2011","Liverpool 055D","E01006537",964,566,245,321,3,83,7,76,307,296,11,5
"2011","Liverpool 055E","E01006538",527,429,204,225,2,31,13,18,60,53,7,5
"2011","Liverpool 056A","E01006519",514,474,249,225,1,10,2,8,28,26,2,1
"2011","Liverpool 056B","E01006684",999,717,333,384,2,10,1,9,266,250,16,4
"2011","Liverpool 056C","E01006685",604,489,251,238,0,15,2,13,97,90,7,3
"2011","Liverpool 056D","E01006687",933,580,242,338,6,211,25,186,122,106,16,14
"2011","Liverpool 056E","E01006688",712,447,225,222,2,72,10,62,181,161,20,10
"2011","Liverpool 057A","E01006740",604,144,64,80,1,396,53,343,58,53,5,5
"2011","Liverpool 057B","E01006742",591,361,137,224,2,147,27,120,76,70,6,5
"2011","Liverpool 057C","E01006744",739,431,144,287,26,95,6,89,178,167,11,9
"2011","Liverpool 057D","E01006745",907,326,150,176,2,164,22,142,407,392,15,8
"2011","Liverpool 058A","E01006738",662,318,153,165,0,275,55,220,65,64,1,4
"2011","Liverpool 058B","E01006739",707,209,81,128,0,433,84,349,55,42,13,10
"2011","Liverpool 058C","E01006741",778,364,166,198,0,345,88,257,59,54,5,10
"2011","Liverpool 058D","E01006743",1008,484,162,322,4,235,36,199,278,265,13,7
"2011","Liverpool 059A","E01006753",666,238,100,138,5,361,87,274,56,53,3,6
"2011","Liverpool 059B","E01006754",781,263,120,143,3,380,105,275,127,119,8,8
"2011","Liverpool 059C","E01006755",690,140,49,91,1,466,112,354,68,65,3,15
"2011","Liverpool 059D","E01006756",757,217,93,124,3,427,116,311,103,101,2,7
"2011","Liverpool 059E","E01006757",621,244,109,135,1,302,60,242,63,55,8,11
"2011","Liverpool 059F","E01006758",639,269,114,155,0,318,79,239,46,39,7,6
"2011","Liverpool 060A","E01006513",909,115,55,60,28,131,13,118,625,582,43,10
"2011","Liverpool 060B","E01033758",475,25,12,13,1,221,27,194,225,218,7,3
"2011","Liverpool 060C","E01033760",529,58,16,42,10,77,6,71,378,351,27,6
"2011","Liverpool 060D","E01033761",832,69,19,50,55,53,2,51,650,629,21,5
"2011","Liverpool 060E","E01033762",456,59,24,35,3,102,10,92,290,281,9,2
"2011","Liverpool 061A","E01033750",905,238,82,156,1,22,1,21,629,609,20,15
"2011","Liverpool 061B","E01033754",838,141,58,83,1,173,25,148,514,500,14,9
"2011","Liverpool 061C","E01033756",733,183,97,86,5,51,1,50,486,467,19,8
"2011","Liverpool 061D","E01033765",659,180,71,109,1,329,115,214,136,125,11,13
"2011","Liverpool 062A","E01033751",603,197,73,124,1,134,19,115,266,256,10,5
"2011","Liverpool 062B","E01033752",790,95,25,70,2,12,1,11,673,655,18,8
"2011","Liverpool 062C","E01033753",714,80,20,60,0,8,1,7,623,609,14,3
"2011","Liverpool 062D","E01033755",675,140,34,106,11,14,1,13,496,486,10,14
"2011","Sefton 001A","E01006946",680,599,383,216,2,19,4,15,57,50,7,3
"2011","Sefton 001B","E01007028",593,503,253,250,2,16,6,10,66,54,12,6
"2011","Sefton 001C","E01007029",612,567,402,165,2,12,5,7,26,23,3,5
"2011","Sefton 001D","E01007030",636,483,197,286,3,57,13,44,86,72,14,7
"2011","Sefton 001E","E01007036",538,491,289,202,2,3,0,3,42,35,7,0
"2011","Sefton 002A","E01006947",609,554,329,225,1,6,1,5,45,40,5,3
"2011","Sefton 002B","E01007031",586,502,258,244,0,34,9,25,44,39,5,6
"2011","Sefton 002C","E01007032",550,489,269,220,0,5,2,3,50,40,10,6
"2011","Sefton 002D","E01007033",646,561,324,237,1,10,2,8,71,64,7,3
"2011","Sefton 002E","E01007035",620,479,271,208,0,23,3,20,109,98,11,9
"2011","Sefton 003A","E01006944",902,544,415,129,23,90,8,82,230,219,11,15
"2011","Sefton 003B","E01006948",655,332,162,170,1,243,54,189,68,60,8,11
"2011","Sefton 003C","E01006949",730,503,327,176,0,142,4,138,78,72,6,7
"2011","Sefton 003D","E01006951",773,572,381,191,1,50,2,48,145,136,9,5
"2011","Sefton 003E","E01007034",579,516,292,224,4,12,2,10,36,34,2,11
"2011","Sefton 004A","E01006945",802,459,305,154,6,13,2,11,316,307,9,8
"2011","Sefton 004B","E01006950",800,242,137,105,32,113,1,112,406,395,11,7
"2011","Sefton 004C","E01006968",1052,335,219,116,5,120,6,114,575,553,22,17
"2011","Sefton 004D","E01006969",667,349,178,171,23,16,1,15,270,258,12,9
"2011","Sefton 004F","E01033094",565,184,110,74,28,54,2,52,291,280,11,8
"2011","Sefton 004G","E01033097",600,234,136,98,1,51,0,51,309,294,15,5
"2011","Sefton 005A","E01007055",580,270,116,154,3,215,45,170,88,81,7,4
"2011","Sefton 005B","E01007056",672,518,205,313,1,14,2,12,129,113,16,10
"2011","Sefton 005C","E01007057",656,499,226,273,2,9,0,9,142,125,17,4
"2011","Sefton 005D","E01007062",597,487,222,265,0,13,0,13,90,86,4,7
"2011","Sefton 005E","E01007063",635,488,213,275,0,42,1,41,102,90,12,3
"2011","Sefton 006A","E01007058",630,451,195,256,2,8,2,6,160,143,17,9
"2011","Sefton 006B","E01007059",608,509,205,304,0,12,1,11,83,71,12,4
"2011","Sefton 006C","E01007060",590,367,147,220,13,110,3,107,92,81,11,8
"2011","Sefton 006D","E01007061",567,434,163,271,8,18,0,18,101,94,7,6
"2011","Sefton 006E","E01007064",473,404,173,231,0,14,0,14,43,41,2,12
"2011","Sefton 007A","E01006934",648,495,250,245,2,17,0,17,125,114,11,9
"2011","Sefton 007B","E01006970",770,364,208,156,4,19,1,18,372,357,15,11
"2011","Sefton 007C","E01006994",649,396,156,240,1,12,1,11,228,218,10,12
"2011","Sefton 007D","E01006996",645,375,170,205,18,17,5,12,226,217,9,9
"2011","Sefton 007E","E01006998",699,464,181,283,1,24,1,23,206,192,14,4
"2011","Sefton 008A","E01006995",488,404,192,212,10,22,1,21,52,44,8,0
"2011","Sefton 008B","E01006997",613,470,181,289,1,12,1,11,126,113,13,4
"2011","Sefton 008C","E01006999",685,538,284,254,8,46,5,41,88,77,11,5
"2011","Sefton 008D","E01007000",517,327,140,187,1,128,1,127,57,48,9,4
"2011","Sefton 008E","E01007001",670,458,204,254,2,58,6,52,142,126,16,10
"2011","Sefton 008F","E01007002",585,514,274,240,0,6,1,5,57,52,5,8
"2011","Sefton 009A","E01006928",583,485,252,233,10,42,0,42,42,39,3,4
"2011","Sefton 009B","E01006935",688,546,268,278,0,3,1,2,131,126,5,8
"2011","Sefton 009C","E01006971",807,547,379,168,26,11,1,10,215,203,12,8
"2011","Sefton 009D","E01006972",907,634,457,177,3,146,0,146,114,107,7,10
"2011","Sefton 009E","E01006973",643,510,344,166,9,12,1,11,103,98,5,9
"2011","Sefton 009F","E01006974",681,584,368,216,0,4,0,4,83,76,7,10
"2011","Sefton 010A","E01006929",616,495,210,285,3,16,4,12,97,91,6,5
"2011","Sefton 010B","E01006930",620,471,219,252,1,73,24,49,73,62,11,2
"2011","Sefton 010C","E01006931",642,568,298,270,0,24,1,23,45,37,8,5
"2011","Sefton 010D","E01006932",592,545,274,271,1,3,1,2,38,33,5,5
"2011","Sefton 010E","E01006933",595,475,203,272,0,39,18,21,75,67,8,6
"2011","Sefton 011A","E01006920",699,536,269,267,16,49,20,29,85,76,9,13
"2011","Sefton 011B","E01006924",681,367,178,189,1,232,63,169,73,62,11,8
"2011","Sefton 011C","E01006925",598,405,198,207,4,131,40,91,46,41,5,12
"2011","Sefton 011D","E01006927",755,579,307,272,0,95,22,73,68,61,7,13
"2011","Sefton 012A","E01006921",596,561,378,183,4,5,2,3,19,13,6,7
"2011","Sefton 012B","E01006922",605,570,363,207,1,2,1,1,30,16,14,2
"2011","Sefton 012C","E01006923",682,647,442,205,0,0,0,0,30,28,2,5
"2011","Sefton 012D","E01006926",717,658,411,247,5,6,4,2,43,41,2,5
"2011","Sefton 013A","E01006985",599,557,321,236,1,17,0,17,22,20,2,2
"2011","Sefton 013B","E01006986",515,488,314,174,1,0,0,0,24,15,9,2
"2011","Sefton 013C","E01006987",540,499,339,160,0,4,1,3,31,26,5,6
"2011","Sefton 013D","E01006989",557,532,349,183,0,1,0,1,19,17,2,5
"2011","Sefton 013E","E01006990",477,455,269,186,0,1,0,1,17,16,1,4
"2011","Sefton 014A","E01006988",625,463,259,204,1,111,26,85,44,39,5,6
"2011","Sefton 014B","E01007079",650,568,353,215,7,10,2,8,62,56,6,3
"2011","Sefton 014C","E01007080",612,523,281,242,10,22,7,15,52,49,3,5
"2011","Sefton 014D","E01007081",722,613,395,218,1,19,3,16,71,62,9,18
"2011","Sefton 015A","E01006991",603,584,368,216,1,1,1,0,16,15,1,1
"2011","Sefton 015B","E01006992",444,362,198,164,1,51,14,37,24,20,4,6
"2011","Sefton 015C","E01006993",586,566,336,230,0,3,2,1,13,11,2,4
"2011","Sefton 015D","E01007078",646,593,353,240,0,7,1,6,43,36,7,3
"2011","Sefton 016A","E01007075",615,550,331,219,2,3,0,3,55,50,5,5
"2011","Sefton 016B","E01007076",575,492,271,221,1,15,8,7,63,52,11,4
"2011","Sefton 016C","E01007077",593,519,260,259,1,23,8,15,43,35,8,7
"2011","Sefton 016D","E01007082",614,548,314,234,0,3,1,2,59,53,6,4
"2011","Sefton 017A","E01007067",591,524,274,250,1,2,1,1,58,52,6,6
"2011","Sefton 017B","E01007068",481,460,198,262,0,5,1,4,13,11,2,3
"2011","Sefton 017C","E01007069",660,507,269,238,0,87,38,49,59,51,8,7
"2011","Sefton 017D","E01007070",602,575,323,252,0,1,0,1,22,19,3,4
"2011","Sefton 017E","E01007101",608,572,348,224,2,0,0,0,34,33,1,0
"2011","Sefton 018C","E01007095",706,640,392,248,1,3,1,2,54,50,4,8
"2011","Sefton 018D","E01007096",567,536,306,230,1,3,1,2,25,19,6,2
"2011","Sefton 018E","E01007100",593,519,282,237,1,35,8,27,34,29,5,4
"2011","Sefton 018F","E01033096",989,894,498,396,0,34,3,31,58,41,17,3
"2011","Sefton 019A","E01007074",622,455,210,245,6,109,41,68,42,38,4,10
"2011","Sefton 019B","E01007097",654,592,347,245,0,10,1,9,48,45,3,4
"2011","Sefton 019C","E01007098",624,561,316,245,2,24,6,18,32,29,3,5
"2011","Sefton 019D","E01007099",655,507,305,202,20,58,6,52,53,50,3,17
"2011","Sefton 020A","E01007065",501,454,194,260,0,3,0,3,39,31,8,5
"2011","Sefton 020B","E01007066",601,515,226,289,0,18,2,16,66,57,9,2
"2011","Sefton 020C","E01007071",503,472,248,224,0,19,2,17,11,10,1,1
"2011","Sefton 020D","E01007072",685,588,404,184,1,44,14,30,42,38,4,10
"2011","Sefton 020E","E01007073",499,483,226,257,0,0,0,0,14,13,1,2
"2011","Sefton 021A","E01007020",580,361,157,204,1,175,83,92,38,33,5,5
"2011","Sefton 021B","E01007022",597,351,173,178,0,158,67,91,78,75,3,10
"2011","Sefton 021C","E01007023",529,487,268,219,0,6,2,4,30,27,3,6
"2011","Sefton 021D","E01007027",892,824,450,374,0,13,9,4,47,38,9,8
"2011","Sefton 021E","E01007037",656,578,308,270,0,33,13,20,32,23,9,13
"2011","Sefton 021F","E01007038",611,430,203,227,1,136,64,72,34,32,2,10
"2011","Sefton 022A","E01006936",765,623,388,235,2,5,2,3,126,117,9,9
"2011","Sefton 022B","E01006937",482,462,227,235,0,0,0,0,14,11,3,6
"2011","Sefton 022C","E01006938",535,448,279,169,0,42,2,40,38,33,5,7
"2011","Sefton 022D","E01006939",663,510,231,279,2,27,3,24,113,107,6,11
"2011","Sefton 022E","E01006940",599,480,266,214,0,12,0,12,104,93,11,3
"2011","Sefton 022F","E01006943",479,466,245,221,0,1,1,0,12,11,1,0
"2011","Sefton 023A","E01007083",476,355,170,185,1,78,47,31,31,28,3,11
"2011","Sefton 023B","E01007085",580,266,103,163,0,254,148,106,48,38,10,12
"2011","Sefton 023C","E01007086",501,232,101,131,1,223,119,104,39,39,0,6
"2011","Sefton 023D","E01007091",607,387,187,200,15,151,52,99,45,44,1,9
"2011","Sefton 023E","E01007092",459,269,124,145,0,149,70,79,36,34,2,5
"2011","Sefton 024A","E01006979",619,231,110,121,1,329,164,165,54,48,6,4
"2011","Sefton 024B","E01006980",656,233,93,140,0,370,159,211,39,34,5,14
"2011","Sefton 024C","E01007024",478,191,71,120,5,253,121,132,21,19,2,8
"2011","Sefton 024D","E01007026",515,286,140,146,0,185,89,96,32,24,8,12
"2011","Sefton 024E","E01007089",603,317,127,190,3,233,119,114,36,32,4,14
"2011","Sefton 025A","E01007021",541,507,287,220,2,1,1,0,23,20,3,8
"2011","Sefton 025B","E01007025",534,513,278,235,0,6,1,5,10,9,1,5
"2011","Sefton 025C","E01007105",709,520,221,299,2,96,2,94,83,79,4,8
"2011","Sefton 025D","E01007106",630,484,216,268,0,95,15,80,46,43,3,5
"2011","Sefton 025E","E01007107",485,454,204,250,0,2,0,2,28,23,5,1
"2011","Sefton 025F","E01007108",599,536,245,291,0,29,11,18,30,28,2,4
"2011","Sefton 026A","E01007039",512,448,176,272,0,24,10,14,36,29,7,4
"2011","Sefton 026B","E01007040",747,619,232,387,0,40,9,31,83,73,10,5
"2011","Sefton 026C","E01007042",546,460,241,219,0,43,21,22,37,28,9,6
"2011","Sefton 026D","E01007044",621,548,358,190,1,42,17,25,25,25,0,5
"2011","Sefton 026E","E01007045",486,443,241,202,1,16,9,7,22,18,4,4
"2011","Sefton 027A","E01007041",570,441,229,212,3,74,2,72,48,43,5,4
"2011","Sefton 027B","E01007043",611,561,335,226,0,16,5,11,26,25,1,8
"2011","Sefton 027C","E01007046",637,540,220,320,0,38,3,35,54,47,7,5
"2011","Sefton 027D","E01007053",556,455,209,246,1,48,22,26,48,43,5,4
"2011","Sefton 027E","E01007084",539,499,158,341,2,6,1,5,28,25,3,4
"2011","Sefton 028A","E01006941",696,552,279,273,2,14,5,9,118,111,7,10
"2011","Sefton 028B","E01006942",640,475,203,272,0,52,1,51,110,97,13,3
"2011","Sefton 028C","E01006954",680,428,193,235,3,63,7,56,175,167,8,11
"2011","Sefton 028D","E01007104",563,474,217,257,1,9,2,7,73,70,3,6
"2011","Sefton 028E","E01007109",675,482,215,267,0,74,6,68,112,102,10,7
"2011","Sefton 029A","E01007048",635,247,77,170,15,315,116,199,54,49,5,4
"2011","Sefton 029B","E01007054",613,352,191,161,15,185,84,101,56,51,5,5
"2011","Sefton 029C","E01007087",614,236,99,137,12,310,96,214,39,33,6,17
"2011","Sefton 029D","E01007088",575,366,132,234,9,164,67,97,25,20,5,11
"2011","Sefton 029E","E01007090",543,230,88,142,5,277,134,143,22,19,3,9
"2011","Sefton 030A","E01006955",621,497,155,342,0,28,10,18,91,79,12,5
"2011","Sefton 030B","E01006956",679,414,141,273,2,49,0,49,207,196,11,7
"2011","Sefton 030C","E01006958",718,362,150,212,4,124,30,94,221,214,7,7
"2011","Sefton 030D","E01007102",579,456,180,276,1,10,2,8,110,102,8,2
"2011","Sefton 030E","E01007103",614,559,270,289,1,5,1,4,48,45,3,1
"2011","Sefton 031A","E01006978",569,485,216,269,1,21,12,9,58,55,3,4
"2011","Sefton 031B","E01006981",618,264,102,162,2,273,115,158,75,71,4,4
"2011","Sefton 031C","E01006982",557,399,199,200,1,50,27,23,105,102,3,2
"2011","Sefton 031D","E01006983",686,514,191,323,1,58,26,32,103,99,4,10
"2011","Sefton 031E","E01006984",498,200,70,130,0,244,135,109,48,42,6,6
"2011","Sefton 032A","E01006952",627,224,90,134,0,327,113,214,69,63,6,7
"2011","Sefton 032B","E01006953",666,317,133,184,1,243,86,157,95,91,4,10
"2011","Sefton 032C","E01006957",857,294,139,155,11,352,66,286,193,179,14,7
"2011","Sefton 032D","E01006959",666,470,231,239,1,56,7,49,133,125,8,6
"2011","Sefton 032E","E01006977",880,307,129,178,13,462,77,385,86,82,4,12
"2011","Sefton 033A","E01006976",594,456,163,293,3,76,44,32,54,48,6,5
"2011","Sefton 033B","E01007014",650,545,252,293,1,55,25,30,42,41,1,7
"2011","Sefton 033E","E01007047",655,381,161,220,25,206,85,121,32,27,5,11
"2011","Sefton 033F","E01033095",747,639,319,320,1,52,13,39,51,40,11,4
"2011","Sefton 034A","E01007004",654,254,93,161,5,283,49,234,104,99,5,8
"2011","Sefton 034B","E01007005",602,154,65,89,1,340,63,277,99,92,7,8
"2011","Sefton 034C","E01007011",666,171,67,104,1,368,55,313,113,110,3,13
"2011","Sefton 034D","E01007016",738,346,127,219,13,234,31,203,138,123,15,7
"2011","Sefton 034E","E01007017",746,294,112,182,1,328,63,265,119,113,6,4
"2011","Sefton 035A","E01007019",530,150,41,109,0,329,170,159,40,35,5,11
"2011","Sefton 035B","E01007049",652,408,155,253,0,180,70,110,56,51,5,8
"2011","Sefton 035C","E01007050",488,389,173,216,1,63,23,40,31,27,4,4
"2011","Sefton 035D","E01007051",509,225,95,130,0,240,111,129,36,32,4,8
"2011","Sefton 035E","E01007052",548,308,122,186,2,193,98,95,39,35,4,6
"2011","Sefton 036A","E01006964",645,321,132,189,1,164,12,152,154,141,13,5
"2011","Sefton 036B","E01007003",568,196,82,114,3,177,21,156,183,178,5,9
"2011","Sefton 036C","E01007006",605,216,88,128,8,256,33,223,117,104,13,8
"2011","Sefton 036D","E01007012",600,341,122,219,20,110,16,94,124,121,3,5
"2011","Sefton 036E","E01007013",684,290,123,167,2,165,13,152,225,220,5,2
"2011","Sefton 037A","E01006967",753,277,125,152,15,314,62,252,138,129,9,9
"2011","Sefton 037B","E01007007",635,126,40,86,9,456,118,338,35,31,4,9
"2011","Sefton 037C","E01007008",644,202,92,110,9,312,81,231,114,106,8,7
"2011","Sefton 037D","E01007009",654,128,56,72,15,313,101,212,183,177,6,15
"2011","Sefton 037E","E01007010",519,148,75,73,8,281,44,237,80,78,2,2
"2011","Sefton 038A","E01006960",445,395,192,203,1,7,3,4,34,29,5,8
"2011","Sefton 038B","E01006961",632,345,129,216,3,121,16,105,156,149,7,7
"2011","Sefton 038C","E01006962",647,388,164,224,0,183,35,148,70,66,4,6
"2011","Sefton 038D","E01006963",633,256,116,140,1,189,12,177,180,174,6,7
"2011","Sefton 038E","E01006965",580,307,121,186,1,223,119,104,43,37,6,6
"2011","Sefton 038F","E01006966",640,383,134,249,9,127,31,96,113,106,7,8
"2011","St. Helens 001A","E01006882",499,467,297,170,1,13,7,6,14,10,4,4
"2011","St. Helens 001B","E01006883",607,515,337,178,1,25,4,21,58,54,4,8
"2011","St. Helens 001C","E01006884",623,529,328,201,0,57,13,44,31,25,6,6
"2011","St. Helens 001D","E01006885",546,491,291,200,2,15,6,9,32,27,5,6
"2011","St. Helens 001E","E01006886",578,539,322,217,1,6,4,2,29,24,5,3
"2011","St. Helens 001F","E01006887",592,421,232,189,5,103,26,77,47,42,5,16
"2011","St. Helens 002A","E01006802",747,538,283,255,3,146,37,109,50,46,4,10
"2011","St. Helens 002B","E01006804",660,540,311,229,0,74,15,59,32,30,2,14
"2011","St. Helens 002C","E01006806",623,584,353,231,0,10,2,8,24,21,3,5
"2011","St. Helens 002D","E01006807",587,562,353,209,1,7,2,5,12,10,2,5
"2011","St. Helens 003A","E01006803",601,550,306,244,0,8,3,5,32,24,8,11
"2011","St. Helens 003B","E01006805",620,424,198,226,0,146,67,79,37,34,3,13
"2011","St. Helens 003C","E01006808",539,507,232,275,0,4,3,1,26,21,5,2
"2011","St. Helens 003D","E01006809",608,563,316,247,0,7,3,4,36,32,4,2
"2011","St. Helens 004A","E01006849",648,260,124,136,2,346,103,243,23,20,3,17
"2011","St. Helens 004B","E01006850",738,336,171,165,1,338,93,245,48,43,5,15
"2011","St. Helens 004C","E01006851",559,434,232,202,2,90,20,70,25,22,3,8
"2011","St. Helens 004D","E01006852",525,495,239,256,1,10,1,9,18,16,2,1
"2011","St. Helens 004E","E01006853",577,472,213,259,2,65,6,59,34,28,6,4
"2011","St. Helens 004F","E01006854",640,453,214,239,1,109,31,78,69,60,9,8
"2011","St. Helens 004G","E01006855",638,445,257,188,0,146,57,89,36,31,5,11
"2011","St. Helens 005A","E01006836",600,393,211,182,1,146,59,87,52,43,9,8
"2011","St. Helens 005B","E01006839",572,421,207,214,1,114,33,81,29,24,5,7
"2011","St. Helens 005C","E01006840",669,546,272,274,0,62,27,35,56,49,7,5
"2011","St. Helens 005D","E01006842",657,274,88,186,0,288,96,192,75,72,3,20
"2011","St. Helens 006A","E01006837",614,466,240,226,1,84,29,55,57,53,4,6
"2011","St. Helens 006B","E01006838",718,427,208,219,29,135,26,109,120,105,15,7
"2011","St. Helens 006C","E01006841",645,570,212,358,0,42,11,31,20,17,3,13
"2011","St. Helens 006D","E01006843",543,364,213,151,2,114,40,74,54,45,9,9
"2011","St. Helens 007A","E01006914",527,499,310,189,3,6,1,5,15,13,2,4
"2011","St. Helens 007B","E01006915",671,423,203,220,2,170,39,131,65,49,16,11
"2011","St. Helens 007C","E01006916",660,487,234,253,1,80,20,60,81,72,9,11
"2011","St. Helens 007D","E01006917",674,623,336,287,1,22,5,17,22,22,0,6
"2011","St. Helens 007E","E01006918",511,428,181,247,0,15,3,12,60,54,6,8
"2011","St. Helens 007F","E01006919",643,265,123,142,2,282,87,195,84,78,6,10
"2011","St. Helens 008A","E01006810",493,469,255,214,2,11,3,8,9,6,3,2
"2011","St. Helens 008B","E01006811",613,461,263,198,1,114,39,75,30,21,9,7
"2011","St. Helens 008C","E01006812",593,268,124,144,0,276,115,161,34,30,4,15
"2011","St. Helens 008D","E01006813",697,426,216,210,2,165,42,123,91,84,7,13
"2011","St. Helens 008E","E01006814",602,567,266,301,2,13,5,8,18,16,2,2
"2011","St. Helens 008F","E01006815",557,384,218,166,4,120,33,87,43,39,4,6
"2011","St. Helens 008G","E01006818",530,464,230,234,0,37,12,25,26,19,7,3
"2011","St. Helens 009A","E01006822",559,507,265,242,2,23,9,14,25,21,4,2
"2011","St. Helens 009B","E01006823",570,542,383,159,1,4,1,3,15,11,4,8
"2011","St. Helens 009C","E01006824",517,493,267,226,1,3,2,1,15,13,2,5
"2011","St. Helens 009D","E01006825",607,556,345,211,8,2,1,1,32,30,2,9
"2011","St. Helens 010A","E01006866",642,289,105,184,5,289,105,184,39,36,3,20
"2011","St. Helens 010B","E01006867",784,646,213,433,6,65,21,44,61,53,8,6
"2011","St. Helens 010C","E01006868",656,316,146,170,1,264,80,184,65,58,7,10
"2011","St. Helens 010D","E01006869",655,387,174,213,1,177,60,117,81,75,6,9
"2011","St. Helens 011A","E01006819",608,418,168,250,1,130,53,77,56,50,6,3
"2011","St. Helens 011B","E01006820",611,285,136,149,6,219,72,147,90,85,5,11
"2011","St. Helens 011C","E01006821",652,266,140,126,1,308,114,194,68,60,8,9
"2011","St. Helens 011D","E01006871",669,239,101,138,2,313,104,209,96,87,9,19
"2011","St. Helens 012A","E01006832",781,398,81,317,4,230,42,188,136,129,7,13
"2011","St. Helens 012B","E01006834",610,325,141,184,1,137,15,122,139,135,4,8
"2011","St. Helens 012C","E01006877",734,361,178,183,4,218,53,165,131,120,11,20
"2011","St. Helens 012D","E01006880",763,276,124,152,8,331,54,277,136,131,5,12
"2011","St. Helens 012E","E01006881",735,282,135,147,28,262,62,200,148,144,4,15
"2011","St. Helens 013A","E01006863",829,324,138,186,37,273,42,231,179,160,19,16
"2011","St. Helens 013B","E01006864",818,613,217,396,1,52,2,50,146,138,8,6
"2011","St. Helens 013C","E01006865",840,349,169,180,16,394,143,251,66,57,9,15
"2011","St. Helens 014A","E01006845",685,441,190,251,0,72,20,52,157,145,12,15
"2011","St. Helens 014B","E01006870",648,394,208,186,10,64,8,56,168,157,11,12
"2011","St. Helens 014C","E01006872",777,253,125,128,3,265,67,198,250,241,9,6
"2011","St. Helens 014D","E01006873",495,125,61,64,6,309,109,200,40,38,2,15
"2011","St. Helens 014E","E01006874",583,170,73,97,0,262,67,195,139,133,6,12
"2011","St. Helens 015A","E01006856",614,476,191,285,7,20,2,18,101,99,2,10
"2011","St. Helens 015B","E01006857",606,533,266,267,1,29,5,24,40,36,4,3
"2011","St. Helens 015C","E01006858",597,315,137,178,5,211,75,136,63,59,4,3
"2011","St. Helens 015D","E01006859",694,558,263,295,23,25,6,19,84,79,5,4
"2011","St. Helens 015E","E01006860",625,379,169,210,2,165,47,118,62,59,3,17
"2011","St. Helens 015F","E01006861",631,169,49,120,7,408,83,325,39,37,2,8
"2011","St. Helens 015G","E01006862",581,283,116,167,0,252,53,199,32,28,4,14
"2011","St. Helens 016A","E01006831",662,439,181,258,5,81,16,65,133,129,4,4
"2011","St. Helens 016B","E01006833",754,551,261,290,20,30,5,25,142,130,12,11
"2011","St. Helens 016C","E01006835",647,494,249,245,0,68,3,65,77,69,8,8
"2011","St. Helens 016D","E01006876",679,495,264,231,4,32,5,27,136,127,9,12
"2011","St. Helens 016E","E01006878",648,482,220,262,1,69,22,47,93,85,8,3
"2011","St. Helens 016F","E01006879",598,364,149,215,1,173,48,125,46,44,2,14
"2011","St. Helens 016G","E01006904",670,425,197,228,0,166,64,102,71,68,3,8
"2011","St. Helens 017A","E01006816",706,216,92,124,10,372,172,200,90,84,6,18
"2011","St. Helens 017B","E01006817",623,188,82,106,1,361,162,199,62,55,7,11
"2011","St. Helens 017C","E01006875",509,265,129,136,1,125,42,83,108,105,3,10
"2011","St. Helens 017D","E01006899",813,502,184,318,2,130,36,94,171,159,12,8
"2011","St. Helens 018A","E01006826",648,344,179,165,3,260,77,183,26,23,3,15
"2011","St. Helens 018B","E01006827",614,550,216,334,0,10,3,7,52,48,4,2
"2011","St. Helens 018C","E01006828",877,796,460,336,2,16,4,12,52,50,2,11
"2011","St. Helens 018D","E01006829",518,436,237,199,0,12,3,9,65,64,1,5
"2011","St. Helens 019A","E01006830",538,162,52,110,1,312,118,194,48,43,5,15
"2011","St. Helens 019C","E01006903",752,317,149,168,2,322,98,224,93,81,12,18
"2011","St. Helens 019D","E01006905",584,257,131,126,1,295,97,198,22,20,2,9
"2011","St. Helens 019E","E01006906",661,488,210,278,0,42,7,35,125,112,13,6
"2011","St. Helens 019F","E01006907",668,483,217,266,4,107,33,74,69,66,3,5
"2011","St. Helens 019G","E01006912",613,284,111,173,0,239,72,167,80,70,10,10
"2011","St. Helens 019H","E01006913",525,241,138,103,1,254,94,160,18,18,0,11
"2011","St. Helens 019I","E01032904",688,609,254,355,0,16,7,9,59,53,6,4
"2011","St. Helens 019J","E01032905",671,453,136,317,47,108,13,95,59,53,6,4
"2011","St. Helens 020A","E01006844",771,394,183,211,1,216,63,153,148,141,7,12
"2011","St. Helens 020B","E01006846",616,550,306,244,1,31,6,25,32,24,8,2
"2011","St. Helens 020C","E01006847",685,221,76,145,1,423,111,312,28,22,6,12
"2011","St. Helens 020D","E01006848",629,496,274,222,1,72,6,66,54,50,4,6
"2011","St. Helens 020E","E01006896",660,612,349,263,2,5,2,3,33,30,3,8
"2011","St. Helens 020F","E01006897",629,497,237,260,2,76,6,70,46,40,6,8
"2011","St. Helens 020G","E01006901",533,459,207,252,2,12,3,9,58,51,7,2
"2011","St. Helens 021A","E01006890",616,488,236,252,1,51,12,39,72,62,10,4
"2011","St. Helens 021B","E01006892",482,429,230,199,2,19,4,15,28,25,3,4
"2011","St. Helens 021C","E01006893",617,482,246,236,1,42,9,33,83,75,8,9
"2011","St. Helens 021D","E01006894",584,495,317,178,0,51,4,47,33,32,1,5
"2011","St. Helens 022A","E01006898",744,484,287,197,1,195,60,135,55,49,6,9
"2011","St. Helens 022B","E01006900",1066,818,223,595,13,71,19,52,159,143,16,5
"2011","St. Helens 022C","E01006908",604,263,112,151,0,278,89,189,59,56,3,4
"2011","St. Helens 022D","E01006909",497,118,52,66,0,336,133,203,31,28,3,12
"2011","St. Helens 022E","E01006910",749,387,154,233,10,232,38,194,115,103,12,5
"2011","St. Helens 022F","E01006911",616,562,335,227,3,15,6,9,33,28,5,3
"2011","St. Helens 023A","E01006888",499,467,290,177,0,7,1,6,25,23,2,0
"2011","St. Helens 023B","E01006889",570,521,254,267,2,12,1,11,34,32,2,1
"2011","St. Helens 023C","E01006891",538,452,229,223,0,52,11,41,26,18,8,8
"2011","St. Helens 023D","E01006895",645,598,427,171,3,4,0,4,34,33,1,6
"2011","Wirral 001A","E01007229",699,479,195,284,2,17,6,11,197,188,9,4
"2011","Wirral 001B","E01007230",566,447,228,219,0,17,0,17,98,90,8,4
"2011","Wirral 001C","E01007231",728,483,235,248,1,13,1,12,221,213,8,10
"2011","Wirral 001D","E01007237",866,460,278,182,6,100,7,93,292,275,17,8
"2011","Wirral 001E","E01007238",873,318,139,179,6,208,11,197,335,320,15,6
"2011","Wirral 002A","E01007218",654,362,138,224,0,49,10,39,237,226,11,6
"2011","Wirral 002B","E01007232",619,431,190,241,0,12,1,11,169,157,12,7
"2011","Wirral 002C","E01007233",765,443,185,258,0,76,17,59,231,219,12,15
"2011","Wirral 002D","E01007234",715,471,196,275,14,23,0,23,199,178,21,8
"2011","Wirral 002E","E01007236",593,423,161,262,1,45,1,44,123,114,9,1
"2011","Wirral 003A","E01007307",700,545,246,299,4,2,1,1,142,137,5,7
"2011","Wirral 003B","E01007308",731,601,347,254,1,7,3,4,116,100,16,6
"2011","Wirral 003C","E01007312",662,506,270,236,9,91,42,49,52,45,7,4
"2011","Wirral 003D","E01007313",761,486,272,214,1,127,15,112,138,124,14,9
"2011","Wirral 003E","E01007315",611,533,262,271,1,4,2,2,69,62,7,4
"2011","Wirral 004A","E01007211",502,432,238,194,0,13,4,9,50,42,8,7
"2011","Wirral 004B","E01007235",607,497,239,258,1,6,3,3,98,90,8,5
"2011","Wirral 004C","E01007310",528,460,222,238,0,5,1,4,59,54,5,4
"2011","Wirral 004D","E01007311",616,547,268,279,1,1,0,1,59,52,7,8
"2011","Wirral 004E","E01007314",605,465,201,264,1,11,3,8,123,112,11,5
"2011","Wirral 004F","E01007316",598,542,279,263,1,1,0,1,52,48,4,2
"2011","Wirral 005A","E01007215",784,283,85,198,0,196,27,169,293,269,24,12
"2011","Wirral 005B","E01007216",661,447,194,253,2,27,9,18,181,170,11,4
"2011","Wirral 005C","E01007219",628,417,168,249,0,30,9,21,174,161,13,7
"2011","Wirral 005D","E01007220",548,230,89,141,0,155,55,100,157,143,14,6
"2011","Wirral 005E","E01007275",680,388,160,228,20,30,6,24,238,232,6,4
"2011","Wirral 006A","E01007203",860,696,232,464,2,30,7,23,125,113,12,7
"2011","Wirral 006B","E01007205",619,366,158,208,0,185,27,158,58,50,8,10
"2011","Wirral 006C","E01007210",869,467,221,246,2,297,47,250,97,93,4,6
"2011","Wirral 006D","E01007309",621,540,310,230,7,7,3,4,56,49,7,11
"2011","Wirral 007A","E01007212",618,518,267,251,0,23,10,13,75,72,3,2
"2011","Wirral 007B","E01007213",648,542,304,238,1,6,2,4,95,89,6,4
"2011","Wirral 007C","E01007214",691,415,195,220,1,137,59,78,130,117,13,8
"2011","Wirral 007D","E01007217",790,478,195,283,3,12,1,11,284,272,12,13
"2011","Wirral 007E","E01007276",605,454,202,252,4,19,7,12,123,110,13,5
"2011","Wirral 008A","E01007272",605,317,131,186,1,106,37,69,177,167,10,4
"2011","Wirral 008B","E01007273",667,212,97,115,1,244,51,193,201,195,6,9
"2011","Wirral 008C","E01007274",670,134,55,79,1,405,104,301,125,120,5,5
"2011","Wirral 008D","E01007277",648,281,137,144,0,146,29,117,217,203,14,4
"2011","Wirral 008E","E01007278",658,273,109,164,2,141,30,111,235,227,8,7
"2011","Wirral 009A","E01007204",677,158,64,94,1,447,80,367,51,45,6,20
"2011","Wirral 009B","E01007206",730,526,170,356,0,91,46,45,112,104,8,1
"2011","Wirral 009C","E01007207",685,242,114,128,0,367,175,192,58,52,6,18
"2011","Wirral 009D","E01007209",685,329,175,154,3,300,130,170,46,39,7,7
"2011","Wirral 010C","E01007269",815,287,108,179,1,321,162,159,204,189,15,2
"2011","Wirral 010D","E01007270",778,325,129,196,0,198,64,134,251,244,7,4
"2011","Wirral 010E","E01007271",745,429,162,267,10,71,3,68,232,213,19,3
"2011","Wirral 010F","E01032903",1081,509,241,268,2,270,113,157,291,274,17,9
"2011","Wirral 011A","E01007120",543,256,86,170,0,225,78,147,54,54,0,8
"2011","Wirral 011B","E01007121",686,177,74,103,1,421,277,144,83,79,4,4
"2011","Wirral 011C","E01007122",720,124,61,63,0,486,260,226,104,102,2,6
"2011","Wirral 011D","E01007123",733,190,55,135,0,365,211,154,175,169,6,3
"2011","Wirral 011E","E01007124",614,126,37,89,1,445,193,252,33,27,6,9
"2011","Wirral 012A","E01007208",734,519,268,251,1,103,62,41,103,96,7,8
"2011","Wirral 012B","E01007221",651,523,264,259,0,24,18,6,97,89,8,7
"2011","Wirral 012C","E01007225",771,701,401,300,1,11,6,5,50,46,4,8
"2011","Wirral 012D","E01007227",645,318,136,182,2,233,100,133,77,70,7,15
"2011","Wirral 012E","E01007228",706,394,222,172,2,247,107,140,49,35,14,14
"2011","Wirral 013A","E01007195",647,611,326,285,0,4,1,3,28,27,1,4
"2011","Wirral 013B","E01007199",602,576,308,268,3,1,0,1,20,19,1,2
"2011","Wirral 013C","E01007222",707,616,279,337,1,8,1,7,76,65,11,6
"2011","Wirral 013D","E01007223",556,439,109,330,3,36,16,20,74,59,15,4
"2011","Wirral 014A","E01007193",740,561,332,229,4,4,2,2,163,135,28,8
"2011","Wirral 014B","E01007194",668,502,237,265,1,28,9,19,133,121,12,4
"2011","Wirral 014C","E01007200",655,589,285,304,1,20,8,12,41,33,8,4
"2011","Wirral 014D","E01007201",640,540,257,283,2,9,1,8,87,83,4,2
"2011","Wirral 014E","E01007202",623,412,215,197,2,72,36,36,129,114,15,8
"2011","Wirral 015A","E01007125",784,461,179,282,0,115,70,45,203,185,18,5
"2011","Wirral 015B","E01007156",660,478,237,241,11,38,2,36,126,122,4,7
"2011","Wirral 015C","E01007157",601,491,193,298,1,6,2,4,99,86,13,4
"2011","Wirral 015D","E01007158",684,549,293,256,1,6,1,5,119,114,5,9
"2011","Wirral 015E","E01007159",721,601,277,324,2,13,0,13,97,90,7,8
"2011","Wirral 016A","E01007126",1170,199,92,107,32,641,70,571,292,272,20,6
"2011","Wirral 016B","E01007127",670,177,74,103,7,303,85,218,176,167,9,7
"2011","Wirral 016C","E01007128",926,178,90,88,2,546,59,487,193,184,9,7
"2011","Wirral 016D","E01007129",761,235,99,136,8,222,54,168,287,277,10,9
"2011","Wirral 016E","E01007133",679,71,35,36,0,510,158,352,90,88,2,8
"2011","Wirral 017A","E01007224",610,560,267,293,1,4,2,2,44,35,9,1
"2011","Wirral 017B","E01007226",746,652,379,273,2,5,2,3,79,70,9,8
"2011","Wirral 017C","E01007265",531,461,196,265,1,34,20,14,30,25,5,5
"2011","Wirral 017D","E01007299",589,474,190,284,4,56,24,32,47,41,6,8
"2011","Wirral 017E","E01007306",726,609,264,345,8,6,3,3,98,88,10,5
"2011","Wirral 018A","E01007297",618,399,205,194,3,159,80,79,50,46,4,7
"2011","Wirral 018B","E01007298",598,546,313,233,2,7,0,7,36,34,2,7
"2011","Wirral 018C","E01007301",707,566,266,300,5,77,23,54,55,52,3,4
"2011","Wirral 018D","E01007302",711,467,220,247,9,112,59,53,111,93,18,12
"2011","Wirral 018E","E01007305",734,626,307,319,9,10,1,9,82,70,12,7
"2011","Wirral 019A","E01007119",614,223,94,129,24,274,92,182,83,79,4,10
"2011","Wirral 019B","E01007161",646,526,263,263,0,44,20,24,62,59,3,14
"2011","Wirral 019C","E01007162",556,206,69,137,1,298,162,136,39,35,4,12
"2011","Wirral 019D","E01007300",794,391,157,234,2,289,172,117,96,88,8,16
"2011","Wirral 020A","E01007155",919,330,140,190,10,278,12,266,295,279,16,6
"2011","Wirral 020B","E01007160",822,504,242,262,1,118,10,108,189,180,9,10
"2011","Wirral 020C","E01007240",861,381,162,219,20,105,6,99,352,338,14,3
"2011","Wirral 020D","E01007241",703,554,325,229,11,43,3,40,87,81,6,8
"2011","Wirral 020E","E01007242",864,706,421,285,2,21,2,19,127,122,5,8
"2011","Wirral 021A","E01007130",716,340,127,213,5,89,9,80,278,273,5,4
"2011","Wirral 021B","E01007131",724,302,138,164,14,144,23,121,254,236,18,10
"2011","Wirral 021C","E01007179",612,252,96,156,1,122,22,100,231,218,13,6
"2011","Wirral 021D","E01007291",917,295,110,185,48,322,32,290,240,222,18,12
"2011","Wirral 021E","E01007292",679,237,97,140,12,238,39,199,186,183,3,6
"2011","Wirral 021F","E01007294",673,358,144,214,5,69,13,56,238,224,14,3
"2011","Wirral 022A","E01007180",685,435,188,247,0,85,18,67,159,145,14,6
"2011","Wirral 022B","E01007181",640,444,173,271,0,15,2,13,174,159,15,7
"2011","Wirral 022C","E01007239",781,378,143,235,18,137,31,106,233,221,12,15
"2011","Wirral 022D","E01007243",824,602,309,293,2,95,18,77,115,107,8,10
"2011","Wirral 022E","E01007244",913,532,168,364,1,37,9,28,339,314,25,4
"2011","Wirral 023A","E01007259",496,476,247,229,0,4,2,2,12,11,1,4
"2011","Wirral 023B","E01007261",615,581,369,212,0,8,5,3,21,17,4,5
"2011","Wirral 023C","E01007264",656,606,332,274,3,2,2,0,38,30,8,7
"2011","Wirral 023D","E01007266",617,560,307,253,1,22,7,15,29,28,1,5
"2011","Wirral 023E","E01007267",622,513,278,235,2,50,4,46,52,47,5,5
"2011","Wirral 023F","E01007268",581,506,277,229,13,4,0,4,54,48,6,4
"2011","Wirral 024A","E01007163",907,740,285,455,1,63,44,19,99,87,12,4
"2011","Wirral 024B","E01007245",639,565,307,258,5,6,2,4,52,49,3,11
"2011","Wirral 024C","E01007246",592,546,254,292,1,6,2,4,37,31,6,2
"2011","Wirral 024D","E01007247",658,577,257,320,1,3,2,1,76,73,3,1
"2011","Wirral 024E","E01007252",655,590,270,320,2,6,2,4,56,49,7,1
"2011","Wirral 025A","E01007249",592,307,140,167,0,198,128,70,72,57,15,15
"2011","Wirral 025B","E01007251",542,418,222,196,1,46,12,34,72,68,4,5
"2011","Wirral 025C","E01007257",626,217,88,129,7,282,139,143,105,98,7,15
"2011","Wirral 025D","E01007303",700,245,101,144,12,345,184,161,80,76,4,18
"2011","Wirral 025E","E01007304",641,277,110,167,0,278,168,110,80,70,10,6
"2011","Wirral 026A","E01007196",749,599,382,217,6,17,5,12,118,105,13,9
"2011","Wirral 026B","E01007197",662,573,287,286,2,11,5,6,72,64,8,4
"2011","Wirral 026C","E01007198",836,519,286,233,2,70,4,66,231,214,17,14
"2011","Wirral 026D","E01007263",627,380,181,199,2,177,78,99,49,46,3,19
"2011","Wirral 026E","E01007282",665,488,267,221,6,7,2,5,158,147,11,6
"2011","Wirral 027A","E01007175",844,333,143,190,5,267,143,124,224,216,8,15
"2011","Wirral 027B","E01007290",835,236,102,134,2,340,54,286,245,236,9,12
"2011","Wirral 027C","E01007293",713,111,35,76,2,469,193,276,125,122,3,6
"2011","Wirral 027D","E01007295",522,176,70,106,14,169,21,148,161,155,6,2
"2011","Wirral 027E","E01007296",813,367,142,225,13,171,36,135,253,243,10,9
"2011","Wirral 028A","E01007258",624,567,327,240,2,7,3,4,42,38,4,6
"2011","Wirral 028B","E01007260",643,593,328,265,0,24,12,12,24,21,3,2
"2011","Wirral 028C","E01007262",637,596,362,234,1,3,2,1,31,29,2,6
"2011","Wirral 028D","E01007281",594,504,293,211,1,33,0,33,53,50,3,3
"2011","Wirral 028E","E01007283",492,464,281,183,1,1,0,1,21,20,1,5
"2011","Wirral 029A","E01007173",590,480,227,253,14,34,15,19,57,52,5,5
"2011","Wirral 029B","E01007174",646,479,211,268,1,70,36,34,93,86,7,3
"2011","Wirral 029C","E01007176",739,425,200,225,21,121,33,88,167,157,10,5
"2011","Wirral 029D","E01007177",684,427,194,233,14,165,85,80,67,56,11,11
"2011","Wirral 029E","E01007178",711,440,199,241,20,108,51,57,133,129,4,10
"2011","Wirral 030A","E01007248",577,495,243,252,0,14,3,11,63,58,5,5
"2011","Wirral 030B","E01007250",559,504,265,239,0,28,14,14,24,21,3,3
"2011","Wirral 030C","E01007253",727,445,213,232,0,235,112,123,38,30,8,9
"2011","Wirral 030D","E01007254",607,560,316,244,0,7,4,3,36,35,1,4
"2011","Wirral 031A","E01007115",673,442,197,245,16,124,46,78,80,74,6,11
"2011","Wirral 031B","E01007138",782,362,153,209,1,242,71,171,173,160,13,4
"2011","Wirral 031C","E01007139",683,434,170,264,0,91,25,66,149,143,6,9
"2011","Wirral 031D","E01007141",861,419,202,217,1,217,15,202,213,198,15,11
"2011","Wirral 031E","E01007289",664,125,61,64,0,461,244,217,63,58,5,15
"2011","Wirral 032A","E01007111",593,559,263,296,0,4,4,0,25,20,5,5
"2011","Wirral 032B","E01007112",655,520,257,263,5,48,19,29,70,66,4,12
"2011","Wirral 032C","E01007113",586,517,277,240,0,27,3,24,42,38,4,0
"2011","Wirral 032D","E01007114",591,358,158,200,0,159,94,65,69,63,6,5
"2011","Wirral 032E","E01007116",683,548,301,247,0,17,2,15,106,95,11,12
"2011","Wirral 033A","E01007280",741,633,339,294,17,11,5,6,71,61,10,9
"2011","Wirral 033B","E01007284",691,649,373,276,0,4,3,1,31,24,7,7
"2011","Wirral 033C","E01007285",638,556,320,236,2,14,3,11,54,50,4,12
"2011","Wirral 033D","E01007287",871,750,457,293,1,52,18,34,64,53,11,4
"2011","Wirral 034A","E01007183",527,486,242,244,0,4,0,4,31,27,4,6
"2011","Wirral 034B","E01007255",655,539,279,260,3,71,19,52,36,30,6,6
"2011","Wirral 034C","E01007256",746,684,433,251,1,5,1,4,46,42,4,10
"2011","Wirral 034D","E01007279",667,589,257,332,2,36,8,28,37,34,3,3
"2011","Wirral 034E","E01007286",639,510,260,250,2,68,20,48,57,49,8,2
"2011","Wirral 035A","E01007110",706,598,334,264,2,21,11,10,77,72,5,8
"2011","Wirral 035B","E01007117",640,562,237,325,0,10,6,4,66,58,8,2
"2011","Wirral 035C","E01007118",656,395,165,230,0,210,79,131,40,35,5,11
"2011","Wirral 035D","E01007151",636,576,307,269,1,11,5,6,45,39,6,3
"2011","Wirral 035E","E01007154",621,557,300,257,1,29,13,16,28,21,7,6
"2011","Wirral 036A","E01007140",787,574,219,355,1,48,13,35,160,142,18,4
"2011","Wirral 036B","E01007142",761,593,296,297,0,59,0,59,98,88,10,11
"2011","Wirral 036C","E01007143",703,503,162,341,2,67,6,61,128,119,9,3
"2011","Wirral 036D","E01007152",771,499,267,232,2,140,17,123,111,99,12,19
"2011","Wirral 036E","E01007153",643,366,190,176,1,220,65,155,48,46,2,8
"2011","Wirral 037A","E01007182",736,565,373,192,0,58,15,43,106,101,5,7
"2011","Wirral 037B","E01007184",642,554,291,263,1,22,1,21,59,55,4,6
"2011","Wirral 037C","E01007185",699,527,250,277,0,41,21,20,125,117,8,6
"2011","Wirral 037D","E01007192",611,431,254,177,0,146,46,100,28,23,5,6
"2011","Wirral 037E","E01007288",746,552,317,235,1,133,54,79,54,50,4,6
"2011","Wirral 038A","E01007144",545,384,238,146,2,10,0,10,114,98,16,35
"2011","Wirral 038B","E01007145",537,509,310,199,6,5,0,5,13,12,1,4
"2011","Wirral 038C","E01007146",714,600,351,249,1,2,0,2,105,99,6,6
"2011","Wirral 038D","E01007147",606,566,325,241,2,2,1,1,36,34,2,0
"2011","Wirral 038E","E01007148",664,637,387,250,0,1,1,0,21,19,2,5
"2011","Wirral 039A","E01007135",635,554,304,250,0,16,7,9,58,54,4,7
"2011","Wirral 039B","E01007136",699,384,148,236,1,241,126,115,69,65,4,4
"2011","Wirral 039C","E01007137",779,495,207,288,2,160,53,107,116,109,7,6
"2011","Wirral 039D","E01007170",634,553,314,239,0,28,5,23,48,46,2,5
"2011","Wirral 040A","E01007186",660,609,347,262,5,2,1,1,42,40,2,2
"2011","Wirral 040B","E01007187",653,627,388,239,1,1,1,0,18,17,1,6
"2011","Wirral 040C","E01007188",616,582,336,246,2,2,0,2,26,25,1,4
"2011","Wirral 040D","E01007189",717,669,451,218,1,3,1,2,40,31,9,4
"2011","Wirral 040E","E01007190",641,601,401,200,3,0,0,0,33,32,1,4
"2011","Wirral 040F","E01007191",534,520,312,208,0,1,0,1,12,12,0,1
"2011","Wirral 041A","E01007149",621,600,341,259,0,1,0,1,17,16,1,3
"2011","Wirral 041B","E01007150",593,559,277,282,1,3,1,2,29,25,4,1
"2011","Wirral 041C","E01007165",570,528,291,237,0,1,0,1,39,36,3,2
"2011","Wirral 041D","E01007171",617,557,265,292,4,10,4,6,44,37,7,2
"2011","Wirral 041E","E01007172",608,532,284,248,1,38,5,33,29,27,2,8
"2011","Wirral 042A","E01007164",737,560,230,330,0,71,22,49,99,83,16,7
"2011","Wirral 042B","E01007166",636,585,336,249,2,6,2,4,40,37,3,3
"2011","Wirral 042C","E01007167",615,429,181,248,1,127,66,61,54,50,4,4
"2011","Wirral 042D","E01007168",777,482,228,254,2,221,135,86,61,53,8,11
"2011","Wirral 042E","E01007169",761,540,240,300,11,112,52,60,89,77,12,9
"2011","East Riding of Yorkshire 001A","E01012933",476,431,289,142,3,6,5,1,26,25,1,10
"2011","East Riding of Yorkshire 001B","E01012934",711,531,328,203,1,49,43,6,116,103,13,14
"2011","East Riding of Yorkshire 001C","E01012938",1095,875,540,335,9,50,6,44,157,139,18,4
"2011","East Riding of Yorkshire 001D","E01012939",802,713,448,265,4,13,4,9,68,66,2,4
"2011","East Riding of Yorkshire 001E","E01012940",837,712,490,222,1,6,3,3,115,98,17,3
"2011","East Riding of Yorkshire 001F","E01012941",707,601,425,176,1,35,1,34,67,58,9,3
"2011","East Riding of Yorkshire 002A","E01012929",794,515,225,290,2,109,56,53,161,134,27,7
"2011","East Riding of Yorkshire 002B","E01012930",637,529,326,203,2,11,9,2,88,76,12,7
"2011","East Riding of Yorkshire 002C","E01012935",610,572,403,169,1,5,1,4,30,24,6,2
"2011","East Riding of Yorkshire 002D","E01012937",1045,841,598,243,3,51,47,4,132,117,15,18
"2011","East Riding of Yorkshire 002E","E01012942",653,578,469,109,0,3,2,1,61,53,8,11
"2011","East Riding of Yorkshire 003A","E01012928",719,274,108,166,0,350,343,7,68,54,14,27
"2011","East Riding of Yorkshire 003B","E01012931",810,287,129,158,8,360,280,80,128,121,7,27
"2011","East Riding of Yorkshire 003C","E01012932",713,362,213,149,4,175,149,26,162,145,17,10
"2011","East Riding of Yorkshire 003D","E01012946",696,241,92,149,3,362,336,26,65,55,10,25
"2011","East Riding of Yorkshire 003E","E01012949",633,334,179,155,2,183,177,6,101,91,10,13
"2011","East Riding of Yorkshire 004A","E01012936",688,437,323,114,1,40,3,37,202,197,5,8
"2011","East Riding of Yorkshire 004B","E01012943",701,409,189,220,27,64,19,45,190,177,13,11
"2011","East Riding of Yorkshire 004C","E01012945",717,351,171,180,3,70,47,23,284,270,14,9
"2011","East Riding of Yorkshire 004D","E01012952",653,344,195,149,1,15,2,13,281,270,11,12
"2011","East Riding of Yorkshire 005A","E01012944",719,241,122,119,0,35,3,32,436,423,13,7
"2011","East Riding of Yorkshire 005B","E01012947",578,441,268,173,2,23,4,19,107,99,8,5
"2011","East Riding of Yorkshire 005C","E01012948",652,229,134,95,1,65,2,63,346,332,14,11
"2011","East Riding of Yorkshire 005D","E01012951",574,324,215,109,4,5,2,3,232,221,11,9
"2011","East Riding of Yorkshire 006A","E01012950",592,508,315,193,0,5,5,0,71,63,8,8
"2011","East Riding of Yorkshire 006B","E01012990",600,418,248,170,6,46,39,7,108,88,20,22
"2011","East Riding of Yorkshire 006C","E01012991",663,503,281,222,1,68,55,13,73,62,11,18
"2011","East Riding of Yorkshire 006D","E01012992",656,383,245,138,2,77,56,21,172,159,13,22
"2011","East Riding of Yorkshire 008A","E01012978",649,584,375,209,0,6,4,2,49,44,5,10
"2011","East Riding of Yorkshire 008B","E01012981",611,350,203,147,1,61,58,3,161,137,24,38
"2011","East Riding of Yorkshire 008C","E01012983",740,631,288,343,0,7,5,2,95,77,18,7
"2011","East Riding of Yorkshire 008D","E01012989",751,589,353,236,1,50,37,13,82,68,14,29
"2011","East Riding of Yorkshire 008E","E01013125",734,533,245,288,2,87,74,13,96,79,17,16
"2011","East Riding of Yorkshire 009A","E01013057",614,523,263,260,1,14,13,1,69,58,11,7
"2011","East Riding of Yorkshire 009B","E01013059",679,579,300,279,4,42,30,12,45,42,3,9
"2011","East Riding of Yorkshire 009C","E01013060",795,718,381,337,2,5,4,1,58,55,3,12
"2011","East Riding of Yorkshire 009D","E01013061",697,544,283,261,8,100,86,14,40,38,2,5
"2011","East Riding of Yorkshire 009E","E01013126",599,513,223,290,1,15,13,2,62,57,5,8
"2011","East Riding of Yorkshire 010A","E01012986",738,539,351,188,0,72,59,13,108,94,14,19
"2011","East Riding of Yorkshire 010B","E01012987",704,597,317,280,0,25,18,7,72,68,4,10
"2011","East Riding of Yorkshire 010C","E01012988",646,500,251,249,1,43,38,5,92,74,18,10
"2011","East Riding of Yorkshire 010D","E01013048",866,662,318,344,0,84,55,29,99,89,10,21
"2011","East Riding of Yorkshire 011A","E01013052",637,551,258,293,2,25,19,6,49,43,6,10
"2011","East Riding of Yorkshire 011B","E01013053",654,593,405,188,0,7,5,2,45,36,9,9
"2011","East Riding of Yorkshire 011C","E01013054",801,600,242,358,1,5,4,1,180,168,12,15
"2011","East Riding of Yorkshire 011D","E01013055",671,470,249,221,2,95,93,2,92,83,9,12
"2011","East Riding of Yorkshire 011E","E01013056",747,373,151,222,2,184,128,56,168,156,12,20
"2011","East Riding of Yorkshire 011F","E01013058",599,416,232,184,1,104,102,2,65,63,2,13
"2011","East Riding of Yorkshire 011G","E01013119",628,318,178,140,1,32,23,9,201,193,8,76
"2011","East Riding of Yorkshire 012A","E01013046",767,652,445,207,4,5,3,2,101,90,11,5
"2011","East Riding of Yorkshire 012B","E01013047",701,463,255,208,0,121,58,63,111,107,4,6
"2011","East Riding of Yorkshire 012C","E01013049",754,471,280,191,2,126,80,46,136,123,13,19
"2011","East Riding of Yorkshire 012D","E01013050",734,629,384,245,2,14,4,10,77,71,6,12
"2011","East Riding of Yorkshire 012E","E01013051",670,459,224,235,0,109,100,9,93,78,15,9
"2011","East Riding of Yorkshire 013A","E01012922",642,504,275,229,1,39,30,9,86,74,12,12
"2011","East Riding of Yorkshire 013B","E01012923",603,321,164,157,1,34,19,15,217,147,70,30
"2011","East Riding of Yorkshire 013C","E01012925",534,426,225,201,0,22,19,3,78,69,9,8
"2011","East Riding of Yorkshire 013D","E01012927",648,598,320,278,0,4,2,2,39,37,2,7
"2011","East Riding of Yorkshire 014A","E01012924",703,622,305,317,2,14,11,3,52,47,5,13
"2011","East Riding of Yorkshire 014B","E01012926",1059,920,511,409,2,28,27,1,102,86,16,7
"2011","East Riding of Yorkshire 014C","E01013027",736,536,309,227,6,89,57,32,93,75,18,12
"2011","East Riding of Yorkshire 014D","E01013034",734,606,310,296,1,25,15,10,93,84,9,9
"2011","East Riding of Yorkshire 015A","E01013120",834,697,365,332,4,30,21,9,91,84,7,12
"2011","East Riding of Yorkshire 015B","E01013121",769,626,246,380,1,43,39,4,89,80,9,10
"2011","East Riding of Yorkshire 015C","E01013123",663,538,247,291,1,30,23,7,89,84,5,5
"2011","East Riding of Yorkshire 015D","E01013124",987,594,310,284,7,212,162,50,155,136,19,19
"2011","East Riding of Yorkshire 016A","E01013064",526,489,136,353,0,3,0,3,32,25,7,2
"2011","East Riding of Yorkshire 016B","E01013065",742,650,356,294,2,44,12,32,40,32,8,6
"2011","East Riding of Yorkshire 016C","E01013066",691,644,322,322,1,2,1,1,36,35,1,8
"2011","East Riding of Yorkshire 016D","E01013067",701,619,263,356,2,2,1,1,75,70,5,3
"2011","East Riding of Yorkshire 016E","E01013068",630,557,384,173,1,22,20,2,43,37,6,7
"2011","East Riding of Yorkshire 016F","E01013070",687,611,385,226,3,10,4,6,49,44,5,14
"2011","East Riding of Yorkshire 017A","E01013038",612,223,78,145,12,323,280,43,43,36,7,11
"2011","East Riding of Yorkshire 017B","E01013045",642,302,128,174,0,270,270,0,53,43,10,17
"2011","East Riding of Yorkshire 017C","E01013069",702,533,271,262,2,83,81,2,80,74,6,4
"2011","East Riding of Yorkshire 017D","E01013071",802,285,112,173,9,369,328,41,112,97,15,27
"2011","East Riding of Yorkshire 018A","E01013022",754,619,293,326,4,58,38,20,59,55,4,14
"2011","East Riding of Yorkshire 018B","E01013023",754,645,375,270,0,11,9,2,79,66,13,19
"2011","East Riding of Yorkshire 018C","E01013024",751,590,255,335,8,76,41,35,71,60,11,6
"2011","East Riding of Yorkshire 018D","E01013122",589,494,264,230,2,21,16,5,53,47,6,19
"2011","East Riding of Yorkshire 018E","E01013127",608,502,256,246,1,28,17,11,59,47,12,18
"2011","East Riding of Yorkshire 019A","E01013036",791,407,182,225,0,161,71,90,211,197,14,12
"2011","East Riding of Yorkshire 019B","E01013037",656,482,180,302,2,13,8,5,148,136,12,11
"2011","East Riding of Yorkshire 019C","E01013040",881,568,214,354,1,51,22,29,254,234,20,7
"2011","East Riding of Yorkshire 019D","E01013041",883,489,304,185,22,185,75,110,161,154,7,26
"2011","East Riding of Yorkshire 019E","E01013062",903,532,337,195,6,99,75,24,249,232,17,17
"2011","East Riding of Yorkshire 019F","E01013063",684,543,304,239,1,54,47,7,76,69,7,10
"2011","East Riding of Yorkshire 020A","E01012919",531,430,194,236,1,26,20,6,59,42,17,15
"2011","East Riding of Yorkshire 020B","E01012921",486,408,209,199,0,27,26,1,46,43,3,5
"2011","East Riding of Yorkshire 020C","E01013039",784,621,314,307,8,70,70,0,71,64,7,14
"2011","East Riding of Yorkshire 020D","E01013042",655,592,252,340,1,14,1,13,43,36,7,5
"2011","East Riding of Yorkshire 020E","E01013043",548,450,182,268,0,42,4,38,54,45,9,2
"2011","East Riding of Yorkshire 020F","E01013044",659,592,275,317,2,4,4,0,58,48,10,3
"2011","East Riding of Yorkshire 021A","E01013029",632,448,258,190,2,70,60,10,86,78,8,26
"2011","East Riding of Yorkshire 021B","E01013030",654,509,284,225,2,58,54,4,67,58,9,18
"2011","East Riding of Yorkshire 021C","E01013031",630,579,330,249,0,9,7,2,37,25,12,5
"2011","East Riding of Yorkshire 021D","E01013032",622,565,322,243,0,7,6,1,42,37,5,8
"2011","East Riding of Yorkshire 021E","E01013035",551,512,265,247,1,6,6,0,31,28,3,1
"2011","East Riding of Yorkshire 022A","E01012954",543,461,284,177,0,14,10,4,61,50,11,7
"2011","East Riding of Yorkshire 022B","E01012956",477,395,206,189,1,55,34,21,25,23,2,1
"2011","East Riding of Yorkshire 022C","E01012958",486,462,290,172,0,7,6,1,15,14,1,2
"2011","East Riding of Yorkshire 022D","E01012961",683,554,359,195,0,82,82,0,39,35,4,8
"2011","East Riding of Yorkshire 022E","E01012966",576,494,302,192,1,37,37,0,30,25,5,14
"2011","East Riding of Yorkshire 023A","E01012953",485,416,222,194,0,9,9,0,59,54,5,1
"2011","East Riding of Yorkshire 023B","E01012955",666,570,307,263,2,13,8,5,77,69,8,4
"2011","East Riding of Yorkshire 023C","E01012959",642,569,301,268,3,3,3,0,60,56,4,7
"2011","East Riding of Yorkshire 023D","E01012962",471,419,228,191,0,7,3,4,43,42,1,2
"2011","East Riding of Yorkshire 023E","E01012964",746,495,234,261,0,185,184,1,60,53,7,6
"2011","East Riding of Yorkshire 024A","E01012920",622,518,249,269,0,31,22,9,61,52,9,12
"2011","East Riding of Yorkshire 024B","E01012965",422,361,206,155,1,15,15,0,39,38,1,6
"2011","East Riding of Yorkshire 024C","E01012967",660,596,315,281,1,12,11,1,47,43,4,4
"2011","East Riding of Yorkshire 024D","E01012968",701,630,332,298,3,5,4,1,57,50,7,6
"2011","East Riding of Yorkshire 024E","E01012969",476,366,176,190,1,60,58,2,40,31,9,9
"2011","East Riding of Yorkshire 025A","E01012957",780,535,318,217,2,74,73,1,153,134,19,16
"2011","East Riding of Yorkshire 025B","E01012960",703,569,334,235,5,25,5,20,96,92,4,8
"2011","East Riding of Yorkshire 025C","E01012963",756,341,197,144,1,326,321,5,68,58,10,20
"2011","East Riding of Yorkshire 025D","E01013112",647,608,395,213,1,11,5,6,20,17,3,7
"2011","East Riding of Yorkshire 026A","E01013018",769,602,272,330,0,81,51,30,75,66,9,11
"2011","East Riding of Yorkshire 026B","E01013019",496,411,212,199,1,37,30,7,36,26,10,11
"2011","East Riding of Yorkshire 026C","E01013021",655,543,280,263,0,9,9,0,94,78,16,9
"2011","East Riding of Yorkshire 026D","E01013025",589,430,219,211,5,74,46,28,68,63,5,12
"2011","East Riding of Yorkshire 026E","E01013026",694,561,266,295,7,60,39,21,59,52,7,7
"2011","East Riding of Yorkshire 027A","E01013105",611,453,222,231,0,118,116,2,35,35,0,5
"2011","East Riding of Yorkshire 027B","E01013110",660,534,237,297,1,48,39,9,67,62,5,10
"2011","East Riding of Yorkshire 027C","E01013111",606,537,259,278,0,6,4,2,55,53,2,8
"2011","East Riding of Yorkshire 027D","E01013115",639,558,263,295,1,8,7,1,68,65,3,4
"2011","East Riding of Yorkshire 027E","E01013117",590,542,278,264,0,3,2,1,38,36,2,7
"2011","East Riding of Yorkshire 028A","E01013108",627,579,338,241,0,3,3,0,39,36,3,6
"2011","East Riding of Yorkshire 028B","E01013113",663,607,345,262,3,5,1,4,41,35,6,7
"2011","East Riding of Yorkshire 028C","E01013114",633,602,362,240,0,2,1,1,25,24,1,4
"2011","East Riding of Yorkshire 028D","E01013116",611,572,296,276,0,0,0,0,34,29,5,5
"2011","East Riding of Yorkshire 028E","E01013118",638,597,373,224,0,15,15,0,25,20,5,1
"2011","East Riding of Yorkshire 029A","E01013094",566,443,216,227,0,71,69,2,42,37,5,10
"2011","East Riding of Yorkshire 029B","E01013095",669,511,285,226,2,18,5,13,129,120,9,9
"2011","East Riding of Yorkshire 029C","E01013096",700,550,237,313,1,50,50,0,92,81,11,7
"2011","East Riding of Yorkshire 029D","E01013097",662,525,276,249,2,6,4,2,125,112,13,4
"2011","East Riding of Yorkshire 029E","E01013102",660,570,287,283,0,27,25,2,55,48,7,8
"2011","East Riding of Yorkshire 031A","E01013028",650,531,262,269,0,44,42,2,62,51,11,13
"2011","East Riding of Yorkshire 031B","E01013078",594,485,257,228,3,54,52,2,39,33,6,13
"2011","East Riding of Yorkshire 031C","E01013081",651,476,250,226,0,33,28,5,117,95,22,25
"2011","East Riding of Yorkshire 031D","E01013082",665,533,295,238,2,8,4,4,110,95,15,12
"2011","East Riding of Yorkshire 031E","E01013085",704,571,286,285,1,58,53,5,69,62,7,5
"2011","East Riding of Yorkshire 032A","E01012970",634,506,269,237,2,42,41,1,74,70,4,10
"2011","East Riding of Yorkshire 032C","E01012972",601,555,293,262,0,11,11,0,27,21,6,8
"2011","East Riding of Yorkshire 032D","E01012973",1135,922,249,673,0,4,3,1,199,188,11,10
"2011","East Riding of Yorkshire 032E","E01012974",661,535,229,306,2,53,50,3,62,57,5,9
"2011","East Riding of Yorkshire 032F","E01013092",844,691,300,391,0,67,64,3,74,70,4,12
"2011","East Riding of Yorkshire 032G","E01033495",580,388,62,326,10,12,4,8,165,159,6,5
"2011","East Riding of Yorkshire 032H","E01033496",651,608,232,376,0,4,3,1,35,31,4,4
"2011","East Riding of Yorkshire 033A","E01013033",643,539,202,337,0,43,36,7,55,48,7,6
"2011","East Riding of Yorkshire 033B","E01013098",920,750,317,433,3,21,7,14,138,132,6,8
"2011","East Riding of Yorkshire 033C","E01013099",638,397,207,190,2,162,108,54,55,48,7,22
"2011","East Riding of Yorkshire 033D","E01013100",686,619,339,280,1,9,6,3,44,37,7,13
"2011","East Riding of Yorkshire 033E","E01013101",717,595,255,340,0,58,36,22,61,49,12,3
"2011","East Riding of Yorkshire 034A","E01013008",650,486,171,315,2,11,9,2,151,144,7,0
"2011","East Riding of Yorkshire 034B","E01013009",753,384,172,212,3,216,153,63,138,130,8,12
"2011","East Riding of Yorkshire 034C","E01013013",672,505,212,293,0,10,9,1,157,148,9,0
"2011","East Riding of Yorkshire 034D","E01013014",608,438,182,256,1,92,90,2,71,57,14,6
"2011","East Riding of Yorkshire 034E","E01013107",777,436,258,178,5,217,209,8,99,87,12,20
"2011","East Riding of Yorkshire 035A","E01013088",688,645,388,257,4,7,0,7,29,28,1,3
"2011","East Riding of Yorkshire 035B","E01013089",707,627,316,311,1,8,6,2,63,59,4,8
"2011","East Riding of Yorkshire 035C","E01013090",587,505,236,269,0,39,39,0,40,39,1,3
"2011","East Riding of Yorkshire 035D","E01013091",671,565,287,278,0,45,26,19,53,51,2,8
"2011","East Riding of Yorkshire 035E","E01013093",630,563,349,214,0,7,5,2,53,48,5,7
"2011","East Riding of Yorkshire 036A","E01013005",528,474,270,204,1,3,3,0,48,42,6,2
"2011","East Riding of Yorkshire 036B","E01013007",663,505,251,254,3,51,49,2,95,88,7,9
"2011","East Riding of Yorkshire 036C","E01013011",652,466,191,275,1,91,78,13,88,84,4,6
"2011","East Riding of Yorkshire 036D","E01013012",520,497,234,263,0,1,1,0,21,20,1,1
"2011","East Riding of Yorkshire 037A","E01012996",638,574,301,273,0,13,13,0,48,43,5,3
"2011","East Riding of Yorkshire 037B","E01012998",884,796,351,445,2,19,18,1,61,51,10,6
"2011","East Riding of Yorkshire 037C","E01013015",674,485,228,257,0,10,10,0,169,164,5,10
"2011","East Riding of Yorkshire 037D","E01013016",704,641,348,293,0,6,6,0,52,43,9,5
"2011","East Riding of Yorkshire 038A","E01013003",658,447,246,201,0,153,59,94,50,45,5,8
"2011","East Riding of Yorkshire 038B","E01013017",731,459,233,226,15,146,130,16,93,88,5,18
"2011","East Riding of Yorkshire 038C","E01013020",720,591,269,322,1,30,25,5,85,80,5,13
"2011","East Riding of Yorkshire 038D","E01013076",630,439,208,231,1,81,75,6,94,86,8,15
"2011","East Riding of Yorkshire 039A","E01013079",686,573,354,219,3,11,9,2,88,77,11,11
"2011","East Riding of Yorkshire 039B","E01013080",580,311,147,164,1,91,89,2,160,142,18,17
"2011","East Riding of Yorkshire 039C","E01013083",616,350,187,163,3,55,35,20,196,182,14,12
"2011","East Riding of Yorkshire 039D","E01013084",678,283,159,124,1,285,265,20,89,82,7,20
"2011","East Riding of Yorkshire 039E","E01013086",634,382,201,181,1,163,122,41,74,60,14,14
"2011","East Riding of Yorkshire 039F","E01013087",572,420,242,178,1,76,75,1,63,49,14,12
"2011","East Riding of Yorkshire 040A","E01012993",596,486,302,184,1,52,52,0,43,37,6,14
"2011","East Riding of Yorkshire 040B","E01012997",850,413,198,215,1,95,31,64,330,322,8,11
"2011","East Riding of Yorkshire 040C","E01012999",681,316,138,178,1,36,31,5,317,303,14,11
"2011","East Riding of Yorkshire 040D","E01013001",756,565,298,267,3,72,67,5,104,93,11,12
"2011","East Riding of Yorkshire 040E","E01013074",676,567,305,262,3,27,25,2,75,67,8,4
"2011","East Riding of Yorkshire 041A","E01012994",781,472,205,267,2,221,219,2,67,56,11,19
"2011","East Riding of Yorkshire 041B","E01012995",771,439,187,252,1,229,221,8,91,87,4,11
"2011","East Riding of Yorkshire 041C","E01013000",915,324,153,171,2,225,180,45,348,336,12,16
"2011","East Riding of Yorkshire 041D","E01013002",686,356,157,199,2,193,190,3,120,112,8,15
"2011","East Riding of Yorkshire 041E","E01013004",658,398,166,232,1,96,83,13,155,147,8,8
"2011","East Riding of Yorkshire 042A","E01013072",701,481,210,271,2,139,114,25,68,60,8,11
"2011","East Riding of Yorkshire 042B","E01013073",673,522,266,256,2,55,44,11,83,78,5,11
"2011","East Riding of Yorkshire 042C","E01013075",547,473,241,232,6,28,25,3,31,29,2,9
"2011","East Riding of Yorkshire 042D","E01013077",819,666,306,360,3,74,72,2,68,64,4,8
"2011","East Riding of Yorkshire 043A","E01013006",629,477,176,301,2,40,35,5,106,96,10,4
"2011","East Riding of Yorkshire 043B","E01013010",631,435,190,245,2,87,86,1,101,95,6,6
"2011","East Riding of Yorkshire 043C","E01013103",611,556,305,251,0,4,3,1,45,35,10,6
"2011","East Riding of Yorkshire 043D","E01013104",567,511,293,218,1,4,4,0,51,47,4,0
"2011","East Riding of Yorkshire 043E","E01013106",480,321,130,191,2,125,123,2,28,23,5,4
"2011","East Riding of Yorkshire 043F","E01032596",599,492,233,259,5,9,7,2,87,76,11,6
"2011","East Riding of Yorkshire 044A","E01012975",650,566,324,242,1,7,5,2,71,61,10,5
"2011","East Riding of Yorkshire 044B","E01012977",1019,822,337,485,0,37,5,32,152,143,9,8
"2011","East Riding of Yorkshire 044C","E01012984",706,597,324,273,6,31,10,21,63,55,8,9
"2011","East Riding of Yorkshire 044D","E01012985",739,569,311,258,2,66,58,8,85,73,12,17
"2011","East Riding of Yorkshire 045A","E01012976",613,381,179,202,2,159,147,12,64,54,10,7
"2011","East Riding of Yorkshire 045B","E01012979",731,552,316,236,3,9,7,2,158,139,19,9
"2011","East Riding of Yorkshire 045C","E01012980",837,447,225,222,0,153,129,24,223,210,13,14
"2011","East Riding of Yorkshire 045D","E01012982",775,549,299,250,4,16,7,9,194,177,17,12
"2011","Kingston upon Hull 001A","E01012779",487,141,41,100,2,273,87,186,71,66,5,0
"2011","Kingston upon Hull 001B","E01012780",593,219,76,143,0,306,95,211,58,53,5,10
"2011","Kingston upon Hull 001C","E01012781",471,151,56,95,0,276,67,209,35,32,3,9
"2011","Kingston upon Hull 001E","E01012832",548,346,56,290,1,111,36,75,87,74,13,3
"2011","Kingston upon Hull 001F","E01033105",556,469,66,403,0,9,3,6,76,70,6,2
"2011","Kingston upon Hull 001G","E01033106",495,398,35,363,1,12,7,5,84,78,6,0
"2011","Kingston upon Hull 001H","E01033107",492,424,66,358,1,11,3,8,53,46,7,3
"2011","Kingston upon Hull 001I","E01033108",554,484,69,415,3,6,2,4,59,51,8,2
"2011","Kingston upon Hull 002A","E01012782",576,156,54,102,0,374,291,83,38,33,5,8
"2011","Kingston upon Hull 002B","E01012785",549,122,46,76,1,389,385,4,32,30,2,5
"2011","Kingston upon Hull 002C","E01012786",507,251,100,151,1,213,210,3,36,31,5,6
"2011","Kingston upon Hull 002D","E01012787",681,198,80,118,1,400,383,17,62,57,5,20
"2011","Kingston upon Hull 002E","E01012788",578,193,74,119,4,332,275,57,41,37,4,8
"2011","Kingston upon Hull 002F","E01012789",540,238,89,149,1,260,258,2,35,30,5,6
"2011","Kingston upon Hull 003A","E01012875",645,82,30,52,0,498,406,92,40,35,5,25
"2011","Kingston upon Hull 003B","E01012876",680,210,99,111,0,410,403,7,36,35,1,24
"2011","Kingston upon Hull 003C","E01012877",499,133,48,85,2,331,325,6,25,20,5,8
"2011","Kingston upon Hull 003D","E01012878",650,187,75,112,0,399,311,88,52,51,1,12
"2011","Kingston upon Hull 003E","E01012879",649,130,56,74,0,454,415,39,47,44,3,18
"2011","Kingston upon Hull 004A","E01012778",536,171,44,127,0,310,304,6,49,44,5,6
"2011","Kingston upon Hull 004B","E01012783",529,136,32,104,2,317,305,12,64,61,3,10
"2011","Kingston upon Hull 004C","E01012784",791,446,73,373,3,195,191,4,132,127,5,15
"2011","Kingston upon Hull 004D","E01012790",569,267,121,146,1,251,248,3,41,34,7,9
"2011","Kingston upon Hull 004E","E01012906",679,242,78,164,1,364,351,13,62,52,10,10
"2011","Kingston upon Hull 004F","E01012908",490,224,87,137,1,222,220,2,32,27,5,11
"2011","Kingston upon Hull 005A","E01012764",552,481,290,191,3,8,5,3,60,49,11,0
"2011","Kingston upon Hull 005B","E01012765",628,525,214,311,1,3,1,2,97,90,7,2
"2011","Kingston upon Hull 005C","E01012768",698,571,287,284,2,7,4,3,112,104,8,6
"2011","Kingston upon Hull 005D","E01012769",684,614,396,218,1,3,0,3,64,59,5,2
"2011","Kingston upon Hull 006A","E01012829",692,586,257,329,0,37,5,32,61,56,5,8
"2011","Kingston upon Hull 006B","E01012830",612,546,233,313,1,5,3,2,57,49,8,3
"2011","Kingston upon Hull 006C","E01012905",580,294,126,168,2,239,233,6,34,33,1,11
"2011","Kingston upon Hull 006D","E01012910",466,407,155,252,1,13,5,8,39,34,5,6
"2011","Kingston upon Hull 006E","E01012912",756,661,325,336,2,6,1,5,81,69,12,6
"2011","Kingston upon Hull 007A","E01012822",651,460,204,256,5,79,70,9,92,83,9,15
"2011","Kingston upon Hull 007B","E01012904",655,430,198,232,1,107,72,35,99,88,11,18
"2011","Kingston upon Hull 007C","E01012907",595,411,179,232,0,120,109,11,54,48,6,10
"2011","Kingston upon Hull 007D","E01012909",591,483,142,341,1,28,3,25,74,65,9,5
"2011","Kingston upon Hull 007E","E01012911",500,439,175,264,2,11,5,6,38,36,2,10
"2011","Kingston upon Hull 008A","E01012873",643,121,35,86,3,448,271,177,49,47,2,22
"2011","Kingston upon Hull 008B","E01012874",645,212,85,127,3,372,344,28,41,39,2,17
"2011","Kingston upon Hull 008C","E01012880",704,147,53,94,0,483,354,129,60,45,15,14
"2011","Kingston upon Hull 008D","E01012881",639,170,69,101,1,405,314,91,49,46,3,14
"2011","Kingston upon Hull 008E","E01012915",640,252,99,153,0,312,264,48,63,55,8,13
"2011","Kingston upon Hull 008F","E01012917",785,234,105,129,1,433,246,187,100,97,3,17
"2011","Kingston upon Hull 008G","E01012918",609,217,73,144,1,303,251,52,82,75,7,6
"2011","Kingston upon Hull 009A","E01012833",645,256,105,151,0,335,298,37,42,39,3,12
"2011","Kingston upon Hull 009B","E01012835",525,473,288,185,1,12,9,3,30,24,6,9
"2011","Kingston upon Hull 009C","E01012836",785,275,111,164,1,443,437,6,40,35,5,26
"2011","Kingston upon Hull 009D","E01012839",551,386,225,161,3,113,109,4,40,39,1,9
"2011","Kingston upon Hull 009E","E01012840",648,279,125,154,1,290,287,3,68,56,12,10
"2011","Kingston upon Hull 010A","E01012824",682,477,159,318,1,154,150,4,38,35,3,12
"2011","Kingston upon Hull 010B","E01012825",679,526,287,239,2,99,97,2,43,36,7,9
"2011","Kingston upon Hull 010C","E01012834",664,274,103,171,0,308,307,1,63,55,8,19
"2011","Kingston upon Hull 010D","E01012837",741,316,133,183,1,367,332,35,40,36,4,17
"2011","Kingston upon Hull 010E","E01012838",607,226,74,152,0,322,318,4,47,43,4,12
"2011","Kingston upon Hull 011A","E01012821",609,228,70,158,21,320,240,80,22,19,3,18
"2011","Kingston upon Hull 011B","E01012823",602,259,111,148,3,273,264,9,46,37,9,21
"2011","Kingston upon Hull 011C","E01012826",710,367,155,212,1,265,252,13,58,50,8,19
"2011","Kingston upon Hull 011D","E01012827",755,382,174,208,5,300,64,236,53,50,3,15
"2011","Kingston upon Hull 011E","E01012828",679,441,196,245,1,187,180,7,43,34,9,7
"2011","Kingston upon Hull 012A","E01012766",562,478,174,304,1,6,2,4,74,60,14,3
"2011","Kingston upon Hull 012B","E01012767",583,322,144,178,1,64,3,61,194,183,11,2
"2011","Kingston upon Hull 012C","E01012914",627,132,77,55,1,89,9,80,403,231,172,2
"2011","Kingston upon Hull 012D","E01012916",685,477,225,252,0,47,8,39,156,141,15,5
"2011","Kingston upon Hull 013A","E01012812",521,477,230,247,5,1,0,1,36,28,8,2
"2011","Kingston upon Hull 013B","E01012813",681,606,281,325,0,15,14,1,54,51,3,6
"2011","Kingston upon Hull 013C","E01012814",623,567,282,285,2,15,15,0,34,30,4,5
"2011","Kingston upon Hull 013D","E01012815",675,576,200,376,4,19,19,0,68,64,4,8
"2011","Kingston upon Hull 013E","E01012818",507,447,213,234,0,13,12,1,45,39,6,2
"2011","Kingston upon Hull 014A","E01012791",662,609,292,317,0,9,5,4,41,35,6,3
"2011","Kingston upon Hull 014B","E01012792",644,512,194,318,2,49,3,46,69,63,6,12
"2011","Kingston upon Hull 014C","E01012793",620,447,247,200,12,90,7,83,63,55,8,8
"2011","Kingston upon Hull 014D","E01012794",637,504,196,308,2,13,8,5,110,104,6,8
"2011","Kingston upon Hull 014E","E01012913",821,403,157,246,3,202,189,13,206,187,19,7
"2011","Kingston upon Hull 015A","E01012761",863,132,58,74,17,238,124,114,463,450,13,13
"2011","Kingston upon Hull 015B","E01012868",695,192,89,103,2,84,37,47,408,390,18,9
"2011","Kingston upon Hull 015C","E01012869",675,173,78,95,4,94,16,78,398,375,23,6
"2011","Kingston upon Hull 015D","E01012871",742,252,96,156,3,70,12,58,416,403,13,1
"2011","Kingston upon Hull 015E","E01012872",678,160,80,80,5,71,7,64,434,419,15,8
"2011","Kingston upon Hull 016A","E01012804",683,549,207,342,0,9,9,0,124,118,6,1
"2011","Kingston upon Hull 016B","E01012806",743,367,152,215,1,70,62,8,297,285,12,8
"2011","Kingston upon Hull 016C","E01012807",599,424,201,223,0,55,32,23,107,105,2,13
"2011","Kingston upon Hull 016D","E01012817",648,434,166,268,2,11,7,4,198,184,14,3
"2011","Kingston upon Hull 016E","E01012819",622,466,184,282,0,25,21,4,127,120,7,4
"2011","Kingston upon Hull 017A","E01012841",655,100,24,76,3,515,243,272,32,31,1,5
"2011","Kingston upon Hull 017B","E01012844",609,92,20,72,27,455,293,162,26,23,3,9
"2011","Kingston upon Hull 017C","E01012849",712,305,130,175,3,326,319,7,57,48,9,21
"2011","Kingston upon Hull 017D","E01012895",588,83,41,42,4,442,402,40,42,35,7,17
"2011","Kingston upon Hull 017E","E01012897",695,61,27,34,1,585,429,156,30,26,4,18
"2011","Kingston upon Hull 017F","E01012898",669,222,78,144,1,372,144,228,58,57,1,16
"2011","Kingston upon Hull 018A","E01012758",700,453,188,265,4,35,5,30,203,195,8,5
"2011","Kingston upon Hull 018B","E01012762",632,388,164,224,2,16,6,10,221,214,7,5
"2011","Kingston upon Hull 018C","E01012763",996,294,125,169,4,77,13,64,616,599,17,5
"2011","Kingston upon Hull 018D","E01012866",701,306,132,174,2,21,1,20,367,348,19,5
"2011","Kingston upon Hull 018E","E01012870",670,233,89,144,5,26,3,23,404,386,18,2
"2011","Kingston upon Hull 019A","E01012774",667,391,133,258,0,169,155,14,96,90,6,11
"2011","Kingston upon Hull 019B","E01012795",880,439,184,255,3,334,304,30,78,67,11,26
"2011","Kingston upon Hull 019C","E01012797",643,389,143,246,0,156,73,83,90,84,6,8
"2011","Kingston upon Hull 019D","E01012798",834,260,95,165,11,494,346,148,49,46,3,20
"2011","Kingston upon Hull 019E","E01012801",664,451,175,276,0,93,92,1,113,106,7,7
"2011","Kingston upon Hull 020A","E01012816",573,419,186,233,0,65,38,27,88,77,11,1
"2011","Kingston upon Hull 020B","E01012848",631,302,95,207,0,141,133,8,179,170,9,9
"2011","Kingston upon Hull 020C","E01012894",629,287,119,168,2,285,277,8,46,42,4,9
"2011","Kingston upon Hull 020D","E01012896",802,537,156,381,23,130,66,64,105,92,13,7
"2011","Kingston upon Hull 020E","E01012901",611,467,207,260,3,51,22,29,84,72,12,6
"2011","Kingston upon Hull 021A","E01012842",602,239,91,148,1,296,267,29,59,54,5,7
"2011","Kingston upon Hull 021B","E01012843",633,184,75,109,18,351,160,191,68,63,5,12
"2011","Kingston upon Hull 021C","E01012845",623,239,99,140,0,303,295,8,72,67,5,9
"2011","Kingston upon Hull 021D","E01012846",624,251,93,158,1,297,247,50,64,57,7,11
"2011","Kingston upon Hull 021E","E01012847",521,184,75,109,0,272,257,15,59,53,6,6
"2011","Kingston upon Hull 022A","E01012820",561,408,155,253,2,15,12,3,133,120,13,3
"2011","Kingston upon Hull 022B","E01012899",669,516,209,307,0,14,9,5,136,132,4,3
"2011","Kingston upon Hull 022C","E01012900",756,319,109,210,1,87,70,17,345,330,15,4
"2011","Kingston upon Hull 022D","E01012902",616,532,225,307,2,14,8,6,65,58,7,3
"2011","Kingston upon Hull 022E","E01012903",829,411,140,271,2,93,26,67,310,290,20,13
"2011","Kingston upon Hull 023A","E01012796",576,473,216,257,1,28,26,2,66,62,4,8
"2011","Kingston upon Hull 023B","E01012799",606,405,118,287,1,10,2,8,189,183,6,1
"2011","Kingston upon Hull 023C","E01012800",755,487,207,280,4,77,75,2,179,172,7,8
"2011","Kingston upon Hull 023D","E01012802",650,468,187,281,0,38,34,4,139,130,9,5
"2011","Kingston upon Hull 023E","E01012803",664,432,176,256,0,44,43,1,185,173,12,3
"2011","Kingston upon Hull 024A","E01012850",984,166,64,102,1,304,124,180,500,478,22,13
"2011","Kingston upon Hull 024B","E01012852",799,203,79,124,7,344,309,35,226,215,11,19
"2011","Kingston upon Hull 024C","E01012856",819,159,59,100,3,531,444,87,109,98,11,17
"2011","Kingston upon Hull 024D","E01012857",769,182,63,119,6,384,262,122,173,164,9,24
"2011","Kingston upon Hull 024E","E01012867",734,162,72,90,2,179,128,51,372,360,12,19
"2011","Kingston upon Hull 025A","E01012756",714,498,226,272,1,12,6,6,197,182,15,6
"2011","Kingston upon Hull 025B","E01012757",687,388,137,251,2,19,4,15,271,255,16,7
"2011","Kingston upon Hull 025C","E01012759",801,455,189,266,0,27,21,6,311,288,23,8
"2011","Kingston upon Hull 025D","E01012760",724,391,165,226,2,12,8,4,314,288,26,5
"2011","Kingston upon Hull 025E","E01012862",597,255,98,157,1,178,172,6,140,131,9,23
"2011","Kingston upon Hull 026A","E01012805",671,299,103,196,3,120,108,12,245,227,18,4
"2011","Kingston upon Hull 026B","E01012808",874,288,113,175,1,378,289,89,181,164,17,26
"2011","Kingston upon Hull 026C","E01012809",924,373,121,252,4,104,32,72,434,417,17,9
"2011","Kingston upon Hull 026D","E01012810",949,480,138,342,0,230,68,162,222,217,5,17
"2011","Kingston upon Hull 026E","E01012811",855,451,133,318,2,51,7,44,345,329,16,6
"2011","Kingston upon Hull 027A","E01012773",753,589,222,367,1,11,4,7,148,139,9,4
"2011","Kingston upon Hull 027B","E01012776",657,506,192,314,2,17,14,3,126,115,11,6
"2011","Kingston upon Hull 027C","E01012863",602,400,153,247,3,18,6,12,175,166,9,6
"2011","Kingston upon Hull 027D","E01012864",732,328,131,197,2,47,9,38,349,340,9,6
"2011","Kingston upon Hull 027E","E01012865",605,321,143,178,11,34,30,4,235,227,8,4
"2011","Kingston upon Hull 028A","E01012770",591,531,243,288,1,14,4,10,44,38,6,1
"2011","Kingston upon Hull 028B","E01012771",636,523,221,302,2,57,57,0,49,42,7,5
"2011","Kingston upon Hull 028C","E01012772",613,488,193,295,1,16,13,3,104,98,6,4
"2011","Kingston upon Hull 028D","E01012775",658,348,150,198,2,215,209,6,84,81,3,9
"2011","Kingston upon Hull 028E","E01012777",729,308,147,161,1,351,240,111,54,41,13,15
"2011","Kingston upon Hull 029A","E01012851",1383,161,62,99,3,639,495,144,551,538,13,29
"2011","Kingston upon Hull 029C","E01012854",1243,172,77,95,9,758,572,186,243,234,9,61
"2011","Kingston upon Hull 029D","E01012855",945,139,56,83,15,663,431,232,112,99,13,16
"2011","Kingston upon Hull 029E","E01033104",911,132,48,84,3,200,18,182,559,531,28,17
"2011","Kingston upon Hull 029F","E01033109",834,170,69,101,3,290,182,108,351,335,16,20
"2011","Kingston upon Hull 030A","E01012859",651,228,102,126,3,48,19,29,367,357,10,5
"2011","Kingston upon Hull 030B","E01012889",648,166,78,88,1,260,221,39,201,190,11,20
"2011","Kingston upon Hull 030C","E01012891",1078,234,102,132,14,224,95,129,587,572,15,19
"2011","Kingston upon Hull 030D","E01012892",827,375,154,221,1,47,18,29,398,385,13,6
"2011","Kingston upon Hull 030E","E01012893",701,203,79,124,2,273,245,28,217,213,4,6
"2011","Kingston upon Hull 031A","E01012858",729,251,67,184,0,386,298,88,79,70,9,13
"2011","Kingston upon Hull 031B","E01012860",641,386,124,262,1,166,107,59,79,73,6,9
"2011","Kingston upon Hull 031D","E01012886",691,336,106,230,3,284,174,110,56,53,3,12
"2011","Kingston upon Hull 031E","E01012888",725,300,120,180,4,77,63,14,339,327,12,5
"2011","Kingston upon Hull 031G","E01033110",728,217,91,126,4,365,278,87,122,116,6,20
"2011","Kingston upon Hull 033A","E01012882",685,547,191,356,21,25,12,13,88,78,10,4
"2011","Kingston upon Hull 033B","E01012883",809,439,208,231,57,210,22,188,87,82,5,16
"2011","Kingston upon Hull 033C","E01012884",822,397,187,210,4,344,335,9,58,50,8,19
"2011","Kingston upon Hull 033D","E01012887",703,245,112,133,0,408,399,9,36,27,9,14
"2011","Kingston upon Hull 033E","E01032595",772,418,191,227,0,295,285,10,42,39,3,17
"2011","North East Lincolnshire 001A","E01013174",532,200,56,144,0,260,128,132,70,63,7,2
"2011","North East Lincolnshire 001B","E01013175",601,487,223,264,1,40,7,33,63,59,4,10
"2011","North East Lincolnshire 001C","E01013176",600,487,215,272,2,10,2,8,99,93,6,2
"2011","North East Lincolnshire 001D","E01013177",804,286,122,164,0,422,132,290,88,81,7,8
"2011","North East Lincolnshire 001E","E01013178",637,543,304,239,1,18,7,11,72,66,6,3
"2011","North East Lincolnshire 001F","E01013179",632,436,202,234,0,126,33,93,63,53,10,7
"2011","North East Lincolnshire 001G","E01013180",621,501,244,257,1,43,20,23,71,61,10,5
"2011","North East Lincolnshire 002A","E01013136",885,81,30,51,3,619,171,448,162,148,14,20
"2011","North East Lincolnshire 002B","E01013137",989,62,28,34,3,837,298,539,70,63,7,17
"2011","North East Lincolnshire 002C","E01013139",656,152,73,79,1,365,89,276,126,117,9,12
"2011","North East Lincolnshire 002D","E01013142",767,271,97,174,9,169,52,117,312,297,15,6
"2011","North East Lincolnshire 003A","E01013218",624,335,117,218,1,62,25,37,221,212,9,5
"2011","North East Lincolnshire 003B","E01013219",641,366,172,194,0,54,18,36,214,196,18,7
"2011","North East Lincolnshire 003C","E01013220",761,354,138,216,3,93,20,73,306,296,10,5
"2011","North East Lincolnshire 003D","E01013221",953,315,117,198,0,258,75,183,360,342,18,20
"2011","North East Lincolnshire 003E","E01013222",702,378,149,229,0,24,5,19,295,283,12,5
"2011","North East Lincolnshire 004A","E01013144",792,211,62,149,1,492,186,306,76,70,6,12
"2011","North East Lincolnshire 004B","E01013145",503,469,234,235,2,4,3,1,25,23,2,3
"2011","North East Lincolnshire 004C","E01013146",708,524,172,352,10,69,34,35,99,88,11,6
"2011","North East Lincolnshire 004D","E01013148",575,530,208,322,2,5,3,2,35,30,5,3
"2011","North East Lincolnshire 005A","E01013195",616,376,161,215,2,36,5,31,197,182,15,5
"2011","North East Lincolnshire 005B","E01013196",565,294,103,191,1,16,5,11,251,241,10,3
"2011","North East Lincolnshire 005C","E01013201",673,316,112,204,1,52,12,40,303,295,8,1
"2011","North East Lincolnshire 005D","E01013202",621,385,144,241,2,6,1,5,223,204,19,5
"2011","North East Lincolnshire 005E","E01013203",728,293,106,187,1,59,2,57,368,353,15,7
"2011","North East Lincolnshire 006A","E01013138",619,176,86,90,2,178,68,110,256,250,6,7
"2011","North East Lincolnshire 006B","E01013140",652,287,104,183,1,64,11,53,294,273,21,6
"2011","North East Lincolnshire 006C","E01013141",647,381,140,241,2,65,11,54,195,180,15,4
"2011","North East Lincolnshire 006D","E01013143",579,365,146,219,3,21,8,13,188,180,8,2
"2011","North East Lincolnshire 007A","E01013173",534,449,215,234,1,38,9,29,40,36,4,6
"2011","North East Lincolnshire 007B","E01013223",1149,1016,458,558,1,25,6,19,97,88,9,10
"2011","North East Lincolnshire 007C","E01013224",778,622,275,347,0,86,33,53,63,54,9,7
"2011","North East Lincolnshire 007D","E01013226",632,547,270,277,2,11,1,10,62,59,3,10
"2011","North East Lincolnshire 008A","E01013187",792,306,149,157,1,251,26,225,223,208,15,11
"2011","North East Lincolnshire 008B","E01013188",684,583,281,302,1,9,4,5,84,77,7,7
"2011","North East Lincolnshire 008C","E01013231",708,452,182,270,1,26,10,16,224,197,27,5
"2011","North East Lincolnshire 008D","E01013233",618,435,151,284,0,7,0,7,171,162,9,5
"2011","North East Lincolnshire 009A","E01013147",607,351,153,198,2,168,72,96,84,76,8,2
"2011","North East Lincolnshire 009D","E01013234",656,497,227,270,9,27,4,23,117,105,12,6
"2011","North East Lincolnshire 009E","E01033414",970,782,354,428,1,63,25,38,120,107,13,4
"2011","North East Lincolnshire 010A","E01013128",616,340,154,186,1,26,6,20,236,221,15,13
"2011","North East Lincolnshire 010B","E01013198",613,421,168,253,0,31,1,30,156,141,15,5
"2011","North East Lincolnshire 010C","E01013199",541,272,93,179,0,20,6,14,241,227,14,8
"2011","North East Lincolnshire 010D","E01013200",511,456,186,270,0,4,0,4,48,43,5,3
"2011","North East Lincolnshire 011A","E01013159",613,288,112,176,0,36,6,30,287,277,10,2
"2011","North East Lincolnshire 011B","E01013161",566,298,88,210,5,36,3,33,223,207,16,4
"2011","North East Lincolnshire 011C","E01013162",670,356,129,227,3,32,4,28,270,252,18,9
"2011","North East Lincolnshire 011D","E01013165",602,280,131,149,0,94,15,79,223,212,11,5
"2011","North East Lincolnshire 012A","E01013158",599,462,186,276,1,53,22,31,79,71,8,4
"2011","North East Lincolnshire 012B","E01013160",655,571,252,319,1,4,1,3,77,68,9,2
"2011","North East Lincolnshire 012C","E01013163",605,546,305,241,0,13,9,4,39,35,4,7
"2011","North East Lincolnshire 012D","E01013164",715,476,170,306,13,101,41,60,119,108,11,6
"2011","North East Lincolnshire 012E","E01013197",524,420,185,235,2,13,3,10,84,74,10,5
"2011","North East Lincolnshire 013A","E01013149",485,450,217,233,0,1,1,0,34,30,4,0
"2011","North East Lincolnshire 013B","E01013150",522,484,202,282,0,7,1,6,31,28,3,0
"2011","North East Lincolnshire 013C","E01013227",751,571,316,255,3,96,47,49,72,60,12,9
"2011","North East Lincolnshire 013D","E01013228",691,575,160,415,1,17,9,8,92,87,5,6
"2011","North East Lincolnshire 013E","E01013229",575,326,123,203,2,154,85,69,89,78,11,4
"2011","North East Lincolnshire 014A","E01013131",778,359,153,206,1,161,44,117,247,242,5,10
"2011","North East Lincolnshire 014B","E01013132",635,477,218,259,0,60,19,41,87,72,15,11
"2011","North East Lincolnshire 014C","E01013133",772,464,182,282,0,44,2,42,257,244,13,7
"2011","North East Lincolnshire 014D","E01013134",691,461,242,219,0,142,50,92,72,60,12,16
"2011","North East Lincolnshire 015A","E01013206",593,343,162,181,1,183,74,109,56,50,6,10
"2011","North East Lincolnshire 015B","E01013207",604,459,250,209,2,67,25,42,67,57,10,9
"2011","North East Lincolnshire 015C","E01013211",642,509,236,273,2,21,11,10,108,95,13,2
"2011","North East Lincolnshire 015D","E01013212",599,126,46,80,5,416,158,258,38,35,3,14
"2011","North East Lincolnshire 016A","E01013181",616,311,113,198,0,29,4,25,268,247,21,8
"2011","North East Lincolnshire 016B","E01013182",636,556,341,215,1,2,0,2,69,50,19,8
"2011","North East Lincolnshire 016C","E01013183",639,512,216,296,3,36,11,25,82,79,3,6
"2011","North East Lincolnshire 016D","E01013184",643,432,169,263,1,16,3,13,185,175,10,9
"2011","North East Lincolnshire 016E","E01013185",657,472,223,249,2,52,24,28,116,64,52,15
"2011","North East Lincolnshire 016F","E01013186",502,458,204,254,0,2,0,2,36,31,5,6
"2011","North East Lincolnshire 017A","E01013129",728,311,134,177,3,37,7,30,374,346,28,3
"2011","North East Lincolnshire 017B","E01013151",520,484,283,201,0,0,0,0,32,31,1,4
"2011","North East Lincolnshire 017C","E01013152",620,568,327,241,0,5,0,5,43,40,3,4
"2011","North East Lincolnshire 017D","E01013155",626,575,318,257,2,1,1,0,40,36,4,8
"2011","North East Lincolnshire 018A","E01013130",627,324,125,199,16,230,60,170,51,42,9,6
"2011","North East Lincolnshire 018B","E01013135",758,481,298,183,1,213,71,142,47,41,6,16
"2011","North East Lincolnshire 018C","E01013154",619,576,348,228,0,8,3,5,33,31,2,2
"2011","North East Lincolnshire 018D","E01013156",661,324,188,136,0,243,70,173,83,77,6,11
"2011","North East Lincolnshire 019A","E01013204",586,324,140,184,2,196,68,128,60,55,5,4
"2011","North East Lincolnshire 019B","E01013205",519,167,49,118,3,272,114,158,72,68,4,5
"2011","North East Lincolnshire 019C","E01013208",520,127,44,83,1,343,121,222,46,44,2,3
"2011","North East Lincolnshire 019D","E01013209",676,241,102,139,2,362,166,196,59,57,2,12
"2011","North East Lincolnshire 019E","E01013210",536,205,85,120,1,269,128,141,55,54,1,6
"2011","North East Lincolnshire 020A","E01013153",643,592,384,208,0,3,0,3,45,40,5,3
"2011","North East Lincolnshire 020B","E01013157",735,636,267,369,4,4,1,3,87,78,9,4
"2011","North East Lincolnshire 020C","E01013166",692,633,368,265,1,5,2,3,49,44,5,4
"2011","North East Lincolnshire 020D","E01013167",808,738,473,265,7,3,2,1,51,24,27,9
"2011","North East Lincolnshire 020E","E01013169",528,395,239,156,2,92,20,72,29,21,8,10
"2011","North East Lincolnshire 021A","E01013189",641,580,328,252,0,5,2,3,51,48,3,5
"2011","North East Lincolnshire 021B","E01013190",1075,909,291,618,28,8,0,8,129,109,20,1
"2011","North East Lincolnshire 021C","E01013191",642,590,323,267,1,8,1,7,36,26,10,7
"2011","North East Lincolnshire 021D","E01013192",744,373,172,201,2,282,71,211,67,59,8,20
"2011","North East Lincolnshire 021E","E01013194",677,604,368,236,1,9,1,8,58,47,11,5
"2011","North East Lincolnshire 022A","E01013168",709,664,380,284,1,7,2,5,34,32,2,3
"2011","North East Lincolnshire 022B","E01013170",665,546,277,269,1,50,13,37,66,61,5,2
"2011","North East Lincolnshire 022C","E01013171",625,568,195,373,1,10,3,7,41,36,5,5
"2011","North East Lincolnshire 022D","E01013172",682,577,340,237,1,36,3,33,64,54,10,4
"2011","North East Lincolnshire 022E","E01013193",728,686,412,274,2,5,0,5,30,25,5,5
"2011","North East Lincolnshire 023A","E01013213",625,361,192,169,5,176,33,143,80,73,7,3
"2011","North East Lincolnshire 023B","E01013214",637,565,350,215,1,23,4,19,38,26,12,10
"2011","North East Lincolnshire 023C","E01013215",620,568,317,251,0,3,0,3,45,43,2,4
"2011","North East Lincolnshire 023D","E01013216",511,474,187,287,0,1,0,1,35,33,2,1
"2011","North East Lincolnshire 023E","E01013217",623,546,300,246,0,27,15,12,49,46,3,1
"2011","North East Lincolnshire 023F","E01013225",429,326,181,145,0,8,5,3,73,59,14,22
"2011","North Lincolnshire 001A","E01013254",814,460,221,239,0,193,83,110,153,135,18,8
"2011","North Lincolnshire 001B","E01013255",832,586,320,266,3,35,16,19,198,182,16,10
"2011","North Lincolnshire 001C","E01013256",1029,835,335,500,7,26,9,17,153,139,14,8
"2011","North Lincolnshire 001D","E01013257",746,649,346,303,3,20,9,11,53,46,7,21
"2011","North Lincolnshire 001E","E01013258",712,434,202,232,4,183,93,90,85,73,12,6
"2011","North Lincolnshire 001F","E01013259",683,413,205,208,0,212,78,134,55,50,5,3
"2011","North Lincolnshire 002A","E01013303",579,407,187,220,0,82,25,57,77,73,4,13
"2011","North Lincolnshire 002B","E01013304",659,557,245,312,3,28,10,18,65,59,6,6
"2011","North Lincolnshire 002C","E01013305",651,560,264,296,2,13,4,9,68,65,3,8
"2011","North Lincolnshire 002D","E01013307",747,547,261,286,0,87,36,51,101,96,5,12
"2011","North Lincolnshire 003A","E01013288",647,554,272,282,2,20,6,14,63,49,14,8
"2011","North Lincolnshire 003B","E01013291",604,290,112,178,0,232,101,131,78,62,16,4
"2011","North Lincolnshire 003C","E01013292",750,642,344,298,0,13,8,5,87,77,10,8
"2011","North Lincolnshire 003D","E01013294",666,509,260,249,3,77,24,53,67,58,9,10
"2011","North Lincolnshire 004A","E01013270",829,616,280,336,1,91,32,59,113,99,14,8
"2011","North Lincolnshire 004B","E01013306",658,490,223,267,2,88,31,57,70,62,8,8
"2011","North Lincolnshire 004C","E01013308",746,539,243,296,0,114,47,67,84,66,18,9
"2011","North Lincolnshire 004D","E01013309",702,495,228,267,0,57,24,33,141,125,16,9
"2011","North Lincolnshire 005A","E01013286",1159,725,488,237,5,224,66,158,185,169,16,20
"2011","North Lincolnshire 005B","E01013287",698,556,264,292,0,36,19,17,94,89,5,12
"2011","North Lincolnshire 005C","E01013289",704,542,225,317,2,13,3,10,141,132,9,6
"2011","North Lincolnshire 005D","E01013290",728,580,297,283,2,44,14,30,86,78,8,16
"2011","North Lincolnshire 005E","E01013293",667,580,317,263,3,30,11,19,47,41,6,7
"2011","North Lincolnshire 006A","E01013245",609,385,145,240,1,129,55,74,88,77,11,6
"2011","North Lincolnshire 006B","E01013246",638,474,211,263,3,89,45,44,65,57,8,7
"2011","North Lincolnshire 006C","E01013247",711,588,249,339,1,38,12,26,74,64,10,10
"2011","North Lincolnshire 006D","E01013248",760,632,318,314,6,22,11,11,91,81,10,9
"2011","North Lincolnshire 006E","E01013249",747,472,175,297,2,179,89,90,86,79,7,8
"2011","North Lincolnshire 007A","E01013297",876,617,198,419,3,111,36,75,136,125,11,9
"2011","North Lincolnshire 007B","E01013300",629,261,111,150,1,120,20,100,236,224,12,11
"2011","North Lincolnshire 007C","E01013302",557,452,220,232,0,43,17,26,60,54,6,2
"2011","North Lincolnshire 007D","E01013331",845,269,109,160,4,421,188,233,136,127,9,15
"2011","North Lincolnshire 008A","E01013296",648,203,87,116,9,124,48,76,299,287,12,13
"2011","North Lincolnshire 008B","E01013298",534,222,98,124,0,219,138,81,84,79,5,9
"2011","North Lincolnshire 008C","E01013299",657,166,53,113,1,412,234,178,63,56,7,15
"2011","North Lincolnshire 008D","E01013330",778,241,115,126,4,155,51,104,365,354,11,13
"2011","North Lincolnshire 008E","E01013332",660,318,146,172,0,101,43,58,231,220,11,10
"2011","North Lincolnshire 009A","E01013295",596,528,324,204,0,21,8,13,45,39,6,2
"2011","North Lincolnshire 009B","E01013301",654,503,234,269,0,47,31,16,99,93,6,5
"2011","North Lincolnshire 009C","E01013333",620,440,205,235,2,32,7,25,140,120,20,6
"2011","North Lincolnshire 009D","E01013334",648,491,227,264,0,48,25,23,104,89,15,5
"2011","North Lincolnshire 010A","E01013310",614,407,183,224,2,117,62,55,75,70,5,13
"2011","North Lincolnshire 010B","E01013312",800,288,99,189,3,328,111,217,173,164,9,8
"2011","North Lincolnshire 010C","E01013313",670,487,186,301,2,56,18,38,118,105,13,7
"2011","North Lincolnshire 010D","E01013314",631,446,189,257,1,107,47,60,70,66,4,7
"2011","North Lincolnshire 011A","E01013267",507,373,205,168,2,55,17,38,66,62,4,11
"2011","North Lincolnshire 011B","E01013268",567,390,208,182,1,66,20,46,99,85,14,11
"2011","North Lincolnshire 011C","E01013269",720,575,300,275,1,78,19,59,58,53,5,8
"2011","North Lincolnshire 011D","E01013271",768,473,172,301,3,165,64,101,115,102,13,12
"2011","North Lincolnshire 011E","E01013272",832,423,228,195,1,194,69,125,194,173,21,20
"2011","North Lincolnshire 011F","E01013273",757,656,389,267,0,21,10,11,70,61,9,10
"2011","North Lincolnshire 012A","E01013279",716,199,64,135,1,446,205,241,52,50,2,18
"2011","North Lincolnshire 012B","E01013285",524,454,233,221,1,36,25,11,29,25,4,4
"2011","North Lincolnshire 012C","E01013316",588,539,284,255,0,3,0,3,38,33,5,8
"2011","North Lincolnshire 012D","E01013321",665,569,241,328,1,26,4,22,66,54,12,3
"2011","North Lincolnshire 013A","E01013274",818,560,231,329,3,29,6,23,207,191,16,19
"2011","North Lincolnshire 013B","E01013275",650,573,273,300,0,30,12,18,43,35,8,4
"2011","North Lincolnshire 013C","E01013276",730,488,241,247,2,142,42,100,89,81,8,9
"2011","North Lincolnshire 013D","E01013277",636,554,255,299,0,14,7,7,59,45,14,9
"2011","North Lincolnshire 014A","E01013315",776,319,147,172,4,351,174,177,83,70,13,19
"2011","North Lincolnshire 014B","E01013317",558,449,205,244,0,65,32,33,36,29,7,8
"2011","North Lincolnshire 014C","E01013318",625,463,195,268,2,70,24,46,79,70,9,11
"2011","North Lincolnshire 014D","E01013319",920,465,159,306,0,287,139,148,163,153,10,5
"2011","North Lincolnshire 015A","E01013238",769,408,144,264,1,209,90,119,135,116,19,16
"2011","North Lincolnshire 015B","E01013240",987,536,149,387,4,310,159,151,120,106,14,17
"2011","North Lincolnshire 015C","E01013311",772,266,102,164,1,425,230,195,60,46,14,20
"2011","North Lincolnshire 015D","E01013320",636,413,174,239,1,134,42,92,82,72,10,6
"2011","North Lincolnshire 016A","E01013278",641,161,60,101,3,413,211,202,47,44,3,17
"2011","North Lincolnshire 016B","E01013280",601,484,244,240,0,59,39,20,53,50,3,5
"2011","North Lincolnshire 016C","E01013281",517,254,99,155,2,196,128,68,55,51,4,10
"2011","North Lincolnshire 016D","E01013283",530,253,115,138,2,226,136,90,44,36,8,5
"2011","North Lincolnshire 017A","E01013236",728,556,296,260,0,87,16,71,80,68,12,5
"2011","North Lincolnshire 017B","E01013239",714,496,259,237,0,30,15,15,184,163,21,4
"2011","North Lincolnshire 017C","E01013282",624,376,140,236,0,166,84,82,73,61,12,9
"2011","North Lincolnshire 017D","E01013284",645,318,124,194,0,262,145,117,55,48,7,10
"2011","North Lincolnshire 018B","E01013237",647,300,105,195,1,263,143,120,70,62,8,13
"2011","North Lincolnshire 018C","E01013261",640,599,366,233,1,6,4,2,28,25,3,6
"2011","North Lincolnshire 018D","E01013262",598,539,329,210,0,19,10,9,35,32,3,5
"2011","North Lincolnshire 018E","E01013263",666,581,324,257,0,41,15,26,35,30,5,9
"2011","North Lincolnshire 018F","E01033296",601,505,237,268,9,31,11,20,52,50,2,4
"2011","North Lincolnshire 018G","E01033297",652,443,57,386,4,6,0,6,194,184,10,5
"2011","North Lincolnshire 019A","E01013260",660,612,350,262,1,10,5,5,32,29,3,5
"2011","North Lincolnshire 019B","E01013264",746,626,265,361,1,42,8,34,71,65,6,6
"2011","North Lincolnshire 019C","E01013265",726,671,398,273,0,4,1,3,46,39,7,5
"2011","North Lincolnshire 019D","E01013266",835,710,307,403,6,3,0,3,111,105,6,5
"2011","North Lincolnshire 020A","E01013241",725,582,363,219,1,31,13,18,93,83,10,18
"2011","North Lincolnshire 020B","E01013242",709,640,307,333,1,17,6,11,43,35,8,8
"2011","North Lincolnshire 020C","E01013243",871,720,341,379,9,38,20,18,94,84,10,10
"2011","North Lincolnshire 020D","E01013244",790,512,213,299,2,206,90,116,58,52,6,12
"2011","North Lincolnshire 021A","E01013324",627,520,268,252,1,22,12,10,68,54,14,16
"2011","North Lincolnshire 021B","E01013326",696,542,306,236,1,73,32,41,61,59,2,19
"2011","North Lincolnshire 021C","E01013327",697,540,330,210,2,65,20,45,72,64,8,18
"2011","North Lincolnshire 021D","E01013328",519,451,217,234,1,25,10,15,35,26,9,7
"2011","North Lincolnshire 022A","E01013322",806,581,269,312,5,78,28,50,132,111,21,10
"2011","North Lincolnshire 022B","E01013323",670,428,200,228,2,84,26,58,147,96,51,9
"2011","North Lincolnshire 022C","E01013325",650,562,321,241,1,13,6,7,67,62,5,7
"2011","North Lincolnshire 022D","E01013329",773,523,248,275,1,133,66,67,97,88,9,19
"2011","North Lincolnshire 023A","E01013250",703,546,293,253,0,113,58,55,30,22,8,14
"2011","North Lincolnshire 023B","E01013251",768,688,388,300,4,19,9,10,41,35,6,16
"2011","North Lincolnshire 023C","E01013252",695,616,323,293,1,17,6,11,51,44,7,10
"2011","North Lincolnshire 023D","E01013253",801,601,273,328,1,104,44,60,78,69,9,17
"2011","York 001A","E01013436",626,425,214,211,1,28,2,26,168,40,128,4
"2011","York 001B","E01013438",733,526,217,309,0,133,16,117,70,63,7,4
"2011","York 001C","E01013439",527,491,190,301,0,1,0,1,33,24,9,2
"2011","York 001D","E01013440",787,703,338,365,7,2,1,1,67,56,11,8
"2011","York 002A","E01013370",756,597,329,268,2,82,8,74,67,56,11,8
"2011","York 002B","E01013373",635,491,269,222,3,101,13,88,31,29,2,9
"2011","York 002C","E01013375",598,552,343,209,1,3,1,2,37,34,3,5
"2011","York 002D","E01013376",635,583,347,236,4,25,4,21,17,15,2,6
"2011","York 003A","E01013371",588,546,274,272,1,2,1,1,34,30,4,5
"2011","York 003B","E01013372",805,734,462,272,2,5,2,3,49,45,4,15
"2011","York 003C","E01013374",594,545,276,269,0,4,1,3,42,36,6,3
"2011","York 003D","E01013377",659,595,296,299,4,16,7,9,40,34,6,4
"2011","York 004A","E01013404",647,271,147,124,69,270,6,264,34,31,3,3
"2011","York 004B","E01013407",672,525,350,175,21,84,15,69,35,32,3,7
"2011","York 004C","E01013408",626,583,417,166,4,10,1,9,27,20,7,2
"2011","York 004D","E01013410",620,126,42,84,12,452,7,445,26,25,1,4
"2011","York 005A","E01013405",611,572,324,248,2,5,1,4,29,21,8,3
"2011","York 005B","E01013406",835,522,229,293,33,156,6,150,123,115,8,1
"2011","York 005C","E01013409",705,556,317,239,0,93,8,85,48,41,7,8
"2011","York 005D","E01013411",713,660,428,232,3,6,1,5,41,36,5,3
"2011","York 006A","E01013428",701,510,223,287,3,117,7,110,66,60,6,5
"2011","York 006B","E01013429",808,634,174,460,8,49,3,46,111,103,8,6
"2011","York 006C","E01013430",656,510,250,260,0,93,8,85,45,42,3,8
"2011","York 006D","E01013431",656,502,143,359,1,53,12,41,94,85,9,6
"2011","York 006E","E01013435",630,543,275,268,2,48,5,43,32,30,2,5
"2011","York 007A","E01013344",677,406,234,172,2,24,11,13,232,225,7,13
"2011","York 007B","E01013346",810,534,307,227,1,104,34,70,162,151,11,9
"2011","York 007C","E01013432",865,712,319,393,11,33,3,30,101,95,6,8
"2011","York 007D","E01013433",651,608,336,272,0,6,2,4,35,33,2,2
"2011","York 007E","E01013434",616,550,292,258,0,12,3,9,49,42,7,5
"2011","York 008A","E01013379",614,510,275,235,0,42,12,30,58,53,5,4
"2011","York 008B","E01013380",716,419,216,203,3,73,71,2,211,202,9,10
"2011","York 008C","E01013385",635,348,163,185,3,231,213,18,47,37,10,6
"2011","York 008D","E01013387",679,627,408,219,1,2,2,0,40,33,7,9
"2011","York 008E","E01013388",503,453,322,131,2,4,2,2,38,32,6,6
"2011","York 008F","E01013389",505,470,263,207,2,8,4,4,19,17,2,6
"2011","York 008G","E01013437",525,401,250,151,2,41,6,35,72,67,5,9
"2011","York 009A","E01013343",839,441,209,232,6,47,24,23,335,313,22,10
"2011","York 009B","E01013345",786,453,203,250,5,91,32,59,232,220,12,5
"2011","York 009C","E01013347",667,254,110,144,2,320,274,46,80,70,10,11
"2011","York 009D","E01013349",523,185,58,127,2,267,222,45,56,48,8,13
"2011","York 009E","E01013350",678,285,106,179,11,273,243,30,99,92,7,10
"2011","York 010A","E01013348",672,299,120,179,3,54,8,46,308,292,16,8
"2011","York 010B","E01013368",937,463,228,235,9,46,21,25,407,392,15,12
"2011","York 010C","E01013382",760,416,224,192,8,189,176,13,133,127,6,14
"2011","York 010D","E01013383",1031,332,136,196,9,237,148,89,435,422,13,18
"2011","York 010E","E01013386",761,290,101,189,28,307,289,18,130,123,7,6
"2011","York 011A","E01013421",524,414,235,179,3,30,28,2,63,51,12,14
"2011","York 011B","E01013422",644,553,240,313,3,33,14,19,51,41,10,4
"2011","York 011C","E01013426",718,597,395,202,10,55,48,7,42,37,5,14
"2011","York 011D","E01013427",605,569,374,195,1,7,6,1,22,19,3,6
"2011","York 012A","E01013335",639,322,148,174,3,270,255,15,36,31,5,8
"2011","York 012B","E01013336",638,470,225,245,5,106,48,58,51,46,5,6
"2011","York 012C","E01013337",697,593,286,307,4,33,17,16,63,55,8,4
"2011","York 012D","E01013338",902,682,291,391,11,90,42,48,111,105,6,8
"2011","York 012E","E01013339",644,593,292,301,5,16,13,3,25,20,5,5
"2011","York 012F","E01013392",632,494,200,294,13,29,8,21,90,80,10,6
"2011","York 013A","E01013366",975,236,121,115,2,289,220,69,403,375,28,45
"2011","York 013C","E01013369",982,344,213,131,6,198,119,79,420,404,16,14
"2011","York 013E","E01013416",791,253,106,147,3,325,283,42,190,179,11,20
"2011","York 013F","E01033067",733,139,64,75,7,316,254,62,254,235,19,17
"2011","York 013G","E01033068",683,182,106,76,4,73,40,33,406,398,8,18
"2011","York 013H","E01033069",645,257,147,110,26,72,33,39,279,270,9,11
"2011","York 013I","E01033070",702,165,92,73,11,145,33,112,365,328,37,16
"2011","York 014A","E01013381",615,502,249,253,5,27,25,2,76,66,10,5
"2011","York 014B","E01013402",641,501,325,176,2,3,1,2,131,127,4,4
"2011","York 014C","E01013419",652,509,306,203,0,69,0,69,65,54,11,9
"2011","York 014D","E01013420",854,713,400,313,0,26,3,23,110,105,5,5
"2011","York 015A","E01013384",653,297,110,187,0,224,215,9,126,118,8,6
"2011","York 015B","E01013398",556,266,126,140,2,147,144,3,133,123,10,8
"2011","York 015C","E01013399",682,163,53,110,3,404,380,24,98,87,11,14
"2011","York 015D","E01013400",862,270,114,156,5,77,60,17,503,477,26,7
"2011","York 015E","E01013401",593,325,149,176,4,57,43,14,201,192,9,6
"2011","York 015F","E01013403",650,332,196,136,7,73,54,19,233,222,11,5
"2011","York 016A","E01013393",730,484,184,300,12,100,27,73,130,115,15,4
"2011","York 016B","E01013394",663,305,151,154,3,303,290,13,42,40,2,10
"2011","York 016C","E01013395",650,500,209,291,4,29,8,21,113,107,6,4
"2011","York 016D","E01013396",767,537,335,202,10,77,36,41,132,118,14,11
"2011","York 016E","E01013441",697,522,239,283,0,29,24,5,139,122,17,7
"2011","York 016F","E01013445",769,403,198,205,2,257,247,10,93,86,7,14
"2011","York 017A","E01013390",796,406,120,286,6,64,34,30,316,293,23,4
"2011","York 017B","E01013391",1049,517,207,310,3,76,17,59,434,414,20,19
"2011","York 017C","E01013397",643,508,238,270,1,41,16,25,90,88,2,3
"2011","York 017D","E01013413",727,568,275,293,2,9,4,5,142,128,14,6
"2011","York 017E","E01013417",838,519,271,248,1,54,45,9,251,245,6,13
"2011","York 018A","E01013442",615,441,229,212,1,133,110,23,34,29,5,6
"2011","York 018B","E01013443",709,242,101,141,2,398,329,69,54,50,4,13
"2011","York 018C","E01013444",585,286,99,187,1,252,228,24,35,28,7,11
"2011","York 018D","E01013446",700,442,192,250,3,189,149,40,54,48,6,12
"2011","York 018E","E01013447",617,318,135,183,0,243,236,7,46,38,8,10
"2011","York 018F","E01013448",604,250,67,183,11,281,202,79,59,54,5,3
"2011","York 019A","E01013360",648,371,193,178,1,30,6,24,242,127,115,4
"2011","York 019B","E01013361",799,457,224,233,5,35,16,19,270,253,17,32
"2011","York 019C","E01013362",772,516,329,187,5,52,35,17,187,176,11,12
"2011","York 019D","E01013363",861,277,135,142,18,141,62,79,407,384,23,18
"2011","York 019E","E01013364",865,270,141,129,5,128,81,47,451,428,23,11
"2011","York 019F","E01013418",798,389,179,210,19,143,112,31,229,213,16,18
"2011","York 020A","E01013351",761,674,411,263,9,20,4,16,48,42,6,10
"2011","York 020B","E01013352",758,618,393,225,0,69,65,4,58,52,6,13
"2011","York 020C","E01013451",468,399,149,250,0,16,8,8,46,44,2,7
"2011","York 020D","E01013452",640,563,277,286,2,31,22,9,38,36,2,6
"2011","York 021A","E01013357",808,726,401,325,1,20,1,19,57,51,6,4
"2011","York 021B","E01013358",671,559,277,282,0,12,4,8,94,91,3,6
"2011","York 021C","E01013412",881,475,210,265,2,62,5,57,332,316,16,10
"2011","York 021D","E01013414",770,485,233,252,2,32,0,32,244,231,13,7
"2011","York 022A","E01013353",727,436,173,263,1,224,220,4,53,47,6,13
"2011","York 022B","E01013354",613,567,259,308,0,8,6,2,37,36,1,1
"2011","York 022C","E01013355",710,637,403,234,1,8,3,5,57,51,6,7
"2011","York 022D","E01013356",654,538,295,243,17,47,7,40,45,34,11,7
"2011","York 022E","E01013359",660,430,206,224,6,160,149,11,55,49,6,9
"2011","York 022F","E01013449",708,513,249,264,7,131,14,117,50,41,9,7
"2011","York 023A","E01013365",1181,819,492,327,5,116,93,23,218,197,21,23
"2011","York 023B","E01013378",480,272,176,96,14,54,18,36,129,107,22,11
"2011","York 023C","E01013450",512,427,228,199,1,26,22,4,52,47,5,6
"2011","York 024A","E01013340",521,471,275,196,0,5,4,1,35,28,7,10
"2011","York 024B","E01013341",616,513,318,195,0,57,52,5,37,34,3,9
"2011","York 024C","E01013342",599,535,320,215,3,10,2,8,47,40,7,4
"2011","York 024D","E01013423",533,507,310,197,0,4,2,2,21,20,1,1
"2011","York 024E","E01013424",506,465,231,234,4,16,8,8,21,19,2,0
"2011","York 024F","E01013425",688,571,297,274,3,44,36,8,64,56,8,6
"2011","Craven 001A","E01027558",845,710,439,271,4,25,9,16,96,79,17,10
"2011","Craven 001B","E01027559",781,538,302,236,1,82,29,53,145,133,12,15
"2011","Craven 001C","E01027569",589,445,314,131,4,22,6,16,104,92,12,14
"2011","Craven 001D","E01027570",1099,819,514,305,7,92,29,63,153,136,17,28
"2011","Craven 002A","E01027562",669,498,313,185,8,17,3,14,123,102,21,23
"2011","Craven 002B","E01027567",789,558,390,168,15,91,15,76,106,90,16,19
"2011","Craven 002C","E01027585",832,662,501,161,6,31,1,30,111,99,12,22
"2011","Craven 003A","E01027568",942,751,405,346,0,76,27,49,98,87,11,17
"2011","Craven 003B","E01027571",782,619,425,194,1,38,10,28,103,82,21,21
"2011","Craven 003C","E01027572",998,670,414,256,0,117,21,96,189,172,17,22
"2011","Craven 003D","E01027573",699,509,354,155,3,83,11,72,95,80,15,9
"2011","Craven 004A","E01027557",655,424,284,140,2,9,2,7,186,164,22,34
"2011","Craven 004B","E01027561",831,634,374,260,0,59,18,41,126,120,6,12
"2011","Craven 004C","E01027576",668,631,413,218,3,3,0,3,22,19,3,9
"2011","Craven 005A","E01027574",646,585,344,241,0,4,1,3,47,44,3,10
"2011","Craven 005B","E01027575",879,647,346,301,2,138,30,108,74,63,11,18
"2011","Craven 005C","E01027577",929,603,341,262,5,59,19,40,239,224,15,23
"2011","Craven 005D","E01027579",533,273,117,156,2,205,70,135,43,38,5,10
"2011","Craven 006A","E01027578",737,478,244,234,1,16,5,11,237,212,25,5
"2011","Craven 006B","E01027580",486,187,79,108,2,238,73,165,44,40,4,15
"2011","Craven 006C","E01027581",1141,659,357,302,10,137,21,116,307,286,21,28
"2011","Craven 006D","E01027582",678,494,264,230,3,51,14,37,119,103,16,11
"2011","Craven 007A","E01027556",703,561,286,275,5,55,14,41,66,58,8,16
"2011","Craven 007B","E01027560",977,773,333,440,2,59,5,54,132,117,15,11
"2011","Craven 007C","E01027563",681,501,304,197,4,89,28,61,77,65,12,10
"2011","Craven 007D","E01027586",854,588,315,273,2,27,7,20,212,195,17,25
"2011","Craven 008A","E01027555",826,680,392,288,1,38,13,25,96,81,15,11
"2011","Craven 008B","E01027564",569,313,154,159,7,134,38,96,103,90,13,12
"2011","Craven 008C","E01027565",657,559,293,266,1,11,5,6,76,67,9,10
"2011","Craven 008D","E01027566",535,425,207,218,0,34,11,23,70,58,12,6
"2011","Craven 008E","E01027583",845,685,341,344,8,26,3,23,119,111,8,7
"2011","Craven 008F","E01027584",728,494,237,257,7,146,20,126,64,53,11,17
"2011","Hambleton 001A","E01027591",730,580,359,221,4,50,2,48,72,65,7,24
"2011","Hambleton 001B","E01027597",687,538,351,187,0,20,3,17,117,109,8,12
"2011","Hambleton 001C","E01027599",801,390,171,219,1,296,30,266,103,94,9,11
"2011","Hambleton 001D","E01027623",584,528,350,178,0,7,1,6,39,34,5,10
"2011","Hambleton 001E","E01027625",772,346,198,148,2,332,34,298,79,74,5,13
"2011","Hambleton 002A","E01027598",855,769,531,238,2,14,6,8,56,46,10,14
"2011","Hambleton 002B","E01027618",1042,891,563,328,0,42,2,40,86,76,10,23
"2011","Hambleton 002C","E01027624",527,486,270,216,2,4,0,4,31,29,2,4
"2011","Hambleton 002D","E01027626",584,464,288,176,1,63,3,60,46,37,9,10
"2011","Hambleton 002E","E01027627",803,620,368,252,5,45,3,42,114,110,4,19
"2011","Hambleton 003A","E01027590",982,588,312,276,6,232,8,224,139,132,7,17
"2011","Hambleton 003B","E01027592",758,604,385,219,2,33,3,30,105,89,16,14
"2011","Hambleton 003C","E01027613",767,555,367,188,6,41,4,37,138,125,13,27
"2011","Hambleton 003D","E01027617",451,303,168,135,0,25,1,24,104,92,12,19
"2011","Hambleton 004A","E01027605",728,422,156,266,9,112,6,106,178,165,13,7
"2011","Hambleton 004B","E01027606",692,596,367,229,2,19,1,18,66,60,6,9
"2011","Hambleton 004C","E01027608",731,354,136,218,12,228,14,214,131,121,10,6
"2011","Hambleton 004D","E01027609",548,242,63,179,4,239,22,217,58,52,6,5
"2011","Hambleton 004E","E01027610",733,458,195,263,1,165,11,154,107,100,7,2
"2011","Hambleton 004F","E01027611",925,710,475,235,1,86,9,77,114,100,14,14
"2011","Hambleton 004G","E01027612",757,296,138,158,1,391,39,352,56,45,11,13
"2011","Hambleton 004H","E01027616",661,390,191,199,1,190,10,180,75,65,10,5
"2011","Hambleton 005A","E01027603",789,570,335,235,3,71,0,71,128,88,40,17
"2011","Hambleton 005B","E01027604",762,589,384,205,3,21,5,16,127,111,16,22
"2011","Hambleton 005C","E01027607",550,512,338,174,0,6,2,4,31,27,4,1
"2011","Hambleton 005D","E01027614",565,484,280,204,1,40,0,40,35,29,6,5
"2011","Hambleton 005E","E01027615",504,462,267,195,0,9,0,9,26,23,3,7
"2011","Hambleton 006A","E01027587",623,375,212,163,1,192,9,183,45,36,9,10
"2011","Hambleton 006B","E01027588",677,487,237,250,4,28,0,28,146,133,13,12
"2011","Hambleton 006C","E01027589",714,509,244,265,0,96,8,88,101,92,9,8
"2011","Hambleton 006D","E01027593",751,507,317,190,5,64,6,58,141,123,18,34
"2011","Hambleton 007B","E01027628",766,496,277,219,1,66,3,63,176,147,29,27
"2011","Hambleton 007C","E01027633",788,621,393,228,4,15,1,14,130,105,25,18
"2011","Hambleton 007D","E01033065",473,287,155,132,2,32,2,30,138,45,93,14
"2011","Hambleton 007E","E01033066",548,193,96,97,0,46,0,46,301,55,246,8
"2011","Hambleton 008A","E01027620",808,559,279,280,2,57,1,56,179,160,19,11
"2011","Hambleton 008B","E01027630",869,424,210,214,2,158,8,150,268,246,22,17
"2011","Hambleton 008C","E01027631",677,537,328,209,4,12,1,11,117,105,12,7
"2011","Hambleton 008D","E01027632",595,454,227,227,1,58,6,52,68,57,11,14
"2011","Hambleton 008E","E01027637",823,631,415,216,5,24,0,24,134,114,20,29
"2011","Hambleton 009A","E01027621",1000,732,453,279,1,113,15,98,132,111,21,22
"2011","Hambleton 009B","E01027629",615,243,110,133,0,314,36,278,43,43,0,15
"2011","Hambleton 009C","E01027635",925,583,294,289,4,99,11,88,211,103,108,28
"2011","Hambleton 009D","E01027636",870,654,412,242,6,59,5,54,123,106,17,28
"2011","Hambleton 010A","E01027594",737,348,193,155,7,255,14,241,108,97,11,19
"2011","Hambleton 010B","E01027595",740,550,344,206,17,58,7,51,103,93,10,12
"2011","Hambleton 010C","E01027596",731,548,373,175,1,72,7,65,99,88,11,11
"2011","Hambleton 010D","E01027601",791,605,303,302,4,53,2,51,114,105,9,15
"2011","Hambleton 010E","E01027622",798,617,372,245,2,57,3,54,103,89,14,19
"2011","Hambleton 011A","E01027600",773,535,262,273,0,77,2,75,137,120,17,24
"2011","Hambleton 011B","E01027619",952,638,317,321,6,83,4,79,210,87,123,15
"2011","Hambleton 011C","E01027634",785,628,306,322,8,54,2,52,82,64,18,13
"2011","Harrogate 001A","E01027666",720,535,343,192,8,48,39,9,108,91,17,21
"2011","Harrogate 001B","E01027667",563,390,227,163,1,36,17,19,110,87,23,26
"2011","Harrogate 001C","E01027685",592,357,233,124,5,101,79,22,122,101,21,7
"2011","Harrogate 001D","E01027686",461,295,184,111,3,11,2,9,134,120,14,18
"2011","Harrogate 002A","E01027712",505,392,193,199,14,28,2,26,67,41,26,4
"2011","Harrogate 002B","E01027713",754,486,271,215,4,80,31,49,170,155,15,14
"2011","Harrogate 002C","E01027714",740,501,268,233,6,91,31,60,132,118,14,10
"2011","Harrogate 002D","E01027715",411,234,130,104,0,15,4,11,157,44,113,5
"2011","Harrogate 003A","E01027643",631,460,269,191,2,52,31,21,98,85,13,19
"2011","Harrogate 003B","E01027688",681,461,286,175,3,76,70,6,105,86,19,36
"2011","Harrogate 003C","E01027736",658,430,223,207,1,55,46,9,146,119,27,26
"2011","Harrogate 003D","E01027737",606,336,171,165,2,43,25,18,210,73,137,15
"2011","Harrogate 004A","E01027705",706,450,193,257,6,83,52,31,158,145,13,9
"2011","Harrogate 004B","E01027706",976,482,259,223,5,239,161,78,233,211,22,17
"2011","Harrogate 004C","E01027707",792,536,272,264,6,114,57,57,119,103,16,17
"2011","Harrogate 004D","E01027708",604,475,281,194,3,30,18,12,87,57,30,9
"2011","Harrogate 004E","E01027709",507,466,272,194,1,17,14,3,19,14,5,4
"2011","Harrogate 004F","E01027710",465,254,130,124,0,162,131,31,43,39,4,6
"2011","Harrogate 004G","E01027711",499,318,117,201,3,115,86,29,55,50,5,8
"2011","Harrogate 005A","E01027644",664,438,212,226,5,100,66,34,111,105,6,10
"2011","Harrogate 005B","E01027645",677,468,231,237,6,27,21,6,165,150,15,11
"2011","Harrogate 005C","E01027647",677,545,318,227,2,51,39,12,63,50,13,16
"2011","Harrogate 005D","E01027687",617,469,248,221,0,29,25,4,98,85,13,21
"2011","Harrogate 006A","E01027681",668,496,285,211,2,57,35,22,102,90,12,11
"2011","Harrogate 006B","E01027693",745,589,345,244,2,13,8,5,123,114,9,18
"2011","Harrogate 006C","E01027701",681,485,286,199,3,40,27,13,132,121,11,21
"2011","Harrogate 006D","E01027702",551,334,199,135,2,99,79,20,104,91,13,12
"2011","Harrogate 007A","E01027642",596,487,302,185,2,17,10,7,83,77,6,7
"2011","Harrogate 007B","E01027646",669,554,337,217,9,32,17,15,63,56,7,11
"2011","Harrogate 007C","E01027674",546,492,270,222,2,11,1,10,37,34,3,4
"2011","Harrogate 007D","E01027675",938,831,406,425,3,24,9,15,67,60,7,13
"2011","Harrogate 008A","E01027641",470,428,175,253,0,2,2,0,35,28,7,5
"2011","Harrogate 008B","E01027664",895,628,395,233,5,54,37,17,193,109,84,15
"2011","Harrogate 008C","E01027665",453,329,195,134,1,12,4,8,98,88,10,13
"2011","Harrogate 008D","E01027722",539,406,106,300,0,4,2,2,123,114,9,6
"2011","Harrogate 009A","E01027668",672,485,280,205,3,67,41,26,110,95,15,7
"2011","Harrogate 009B","E01027669",934,523,287,236,0,244,147,97,150,134,16,17
"2011","Harrogate 009C","E01027673",881,519,274,245,3,129,93,36,215,198,17,15
"2011","Harrogate 009D","E01027676",686,447,165,282,5,153,107,46,72,66,6,9
"2011","Harrogate 010A","E01027638",598,516,279,237,2,8,6,2,69,54,15,3
"2011","Harrogate 010B","E01027639",546,472,237,235,3,7,4,3,55,42,13,9
"2011","Harrogate 010C","E01027640",657,524,252,272,2,44,39,5,78,71,7,9
"2011","Harrogate 010D","E01027690",632,526,295,231,1,29,8,21,68,55,13,8
"2011","Harrogate 010E","E01027738",579,467,174,293,2,13,5,8,91,83,8,6
"2011","Harrogate 010F","E01027739",458,345,141,204,2,13,10,3,95,88,7,3
"2011","Harrogate 010G","E01027741",622,500,282,218,3,66,46,20,49,41,8,4
"2011","Harrogate 011A","E01027689",635,442,174,268,7,60,43,17,120,112,8,6
"2011","Harrogate 011B","E01027691",665,497,202,295,4,40,12,28,119,107,12,5
"2011","Harrogate 011C","E01027720",653,402,154,248,6,149,101,48,89,84,5,7
"2011","Harrogate 011D","E01027721",643,520,202,318,4,7,3,4,108,102,6,4
"2011","Harrogate 011E","E01027723",740,393,144,249,1,253,94,159,88,81,7,5
"2011","Harrogate 012A","E01027670",662,578,297,281,10,10,2,8,61,53,8,3
"2011","Harrogate 012B","E01027671",621,590,324,266,0,2,0,2,26,25,1,3
"2011","Harrogate 012C","E01027672",698,639,371,268,4,7,2,5,43,38,5,5
"2011","Harrogate 012D","E01027704",500,415,271,144,3,16,16,0,54,48,6,12
"2011","Harrogate 013A","E01027649",696,431,192,239,3,94,73,21,165,154,11,3
"2011","Harrogate 013B","E01027651",600,262,90,172,2,271,213,58,46,39,7,19
"2011","Harrogate 013C","E01027657",580,306,92,214,9,33,18,15,225,207,18,7
"2011","Harrogate 013D","E01027658",740,437,174,263,6,46,16,30,248,236,12,3
"2011","Harrogate 013E","E01027692",545,278,105,173,2,88,39,49,170,166,4,7
"2011","Harrogate 013F","E01027740",940,234,117,117,14,592,530,62,50,44,6,50
"2011","Harrogate 014A","E01027648",679,496,254,242,3,119,56,63,57,50,7,4
"2011","Harrogate 014B","E01027650",625,494,236,258,1,63,29,34,57,53,4,10
"2011","Harrogate 014C","E01027726",674,494,214,280,13,50,5,45,109,101,8,8
"2011","Harrogate 014D","E01027727",673,462,219,243,14,79,45,34,104,96,8,14
"2011","Harrogate 014E","E01027728",612,520,305,215,4,32,26,6,44,36,8,12
"2011","Harrogate 014F","E01027729",682,380,123,257,3,128,34,94,165,153,12,6
"2011","Harrogate 015A","E01027652",691,467,220,247,0,13,2,11,204,189,15,7
"2011","Harrogate 015B","E01027655",535,351,215,136,0,53,0,53,128,124,4,3
"2011","Harrogate 015C","E01027659",939,380,143,237,2,80,7,73,470,455,15,7
"2011","Harrogate 015D","E01027677",685,373,199,174,0,35,0,35,270,261,9,7
"2011","Harrogate 015E","E01027678",920,240,87,153,19,174,8,166,471,454,17,16
"2011","Harrogate 015F","E01027680",727,354,195,159,2,21,14,7,342,331,11,8
"2011","Harrogate 016A","E01027683",585,486,230,256,2,31,29,2,57,51,6,9
"2011","Harrogate 016B","E01027684",588,437,245,192,1,57,24,33,70,63,7,23
"2011","Harrogate 016C","E01027695",690,530,277,253,4,74,59,15,72,65,7,10
"2011","Harrogate 016D","E01027696",549,434,225,209,3,24,18,6,76,69,7,12
"2011","Harrogate 016E","E01027703",773,539,299,240,4,43,35,8,159,139,20,28
"2011","Harrogate 017A","E01027660",640,534,320,214,1,60,47,13,36,27,9,9
"2011","Harrogate 017B","E01027661",620,490,258,232,5,64,11,53,54,50,4,7
"2011","Harrogate 017C","E01027662",447,413,206,207,0,6,1,5,25,22,3,3
"2011","Harrogate 017D","E01027663",616,527,294,233,11,9,5,4,64,55,9,5
"2011","Harrogate 017E","E01027697",588,514,243,271,0,14,10,4,54,49,5,6
"2011","Harrogate 017F","E01027733",518,456,255,201,17,5,2,3,35,34,1,5
"2011","Harrogate 018A","E01027682",674,522,318,204,4,20,8,12,109,98,11,19
"2011","Harrogate 018B","E01027694",478,341,186,155,3,34,30,4,74,57,17,26
"2011","Harrogate 018C","E01027734",647,500,295,205,1,22,18,4,101,84,17,23
"2011","Harrogate 018D","E01027735",667,473,291,182,1,19,11,8,152,136,16,22
"2011","Harrogate 019A","E01027656",872,599,387,212,2,26,0,26,233,217,16,12
"2011","Harrogate 019B","E01027679",820,531,354,177,4,8,0,8,260,247,13,17
"2011","Harrogate 019C","E01027730",688,462,244,218,2,18,2,16,194,188,6,12
"2011","Harrogate 019D","E01027731",624,430,201,229,0,36,30,6,155,149,6,3
"2011","Harrogate 019E","E01027732",544,406,231,175,1,1,1,0,124,118,6,12
"2011","Harrogate 020A","E01027653",658,454,292,162,5,97,2,95,93,85,8,9
"2011","Harrogate 020B","E01027654",487,404,212,192,0,3,0,3,77,72,5,3
"2011","Harrogate 020C","E01027698",629,532,314,218,0,8,1,7,83,72,11,6
"2011","Harrogate 020D","E01027716",603,550,342,208,1,0,0,0,43,36,7,9
"2011","Harrogate 020E","E01027717",618,541,267,274,3,8,2,6,66,59,7,0
"2011","Harrogate 020F","E01027718",746,586,308,278,28,45,0,45,81,76,5,6
"2011","Harrogate 020G","E01027719",621,533,327,206,0,17,0,17,70,63,7,1
"2011","Harrogate 021A","E01027699",515,476,279,197,0,1,1,0,32,28,4,6
"2011","Harrogate 021B","E01027700",494,434,241,193,1,18,12,6,35,33,2,6
"2011","Harrogate 021C","E01027724",655,531,309,222,1,52,36,16,59,49,10,12
"2011","Harrogate 021D","E01027725",633,477,251,226,11,62,41,21,73,66,7,10
"2011","Richmondshire 001A","E01027743",536,397,241,156,3,39,37,2,76,63,13,21
"2011","Richmondshire 001B","E01027751",530,409,226,183,0,28,27,1,80,71,9,13
"2011","Richmondshire 001C","E01027752",548,356,213,143,1,33,25,8,130,123,7,28
"2011","Richmondshire 001D","E01027759",615,426,233,193,0,53,49,4,118,104,14,18
"2011","Richmondshire 001E","E01027761",525,410,271,139,5,28,24,4,67,57,10,15
"2011","Richmondshire 001F","E01027762",571,411,229,182,2,40,30,10,97,84,13,21
"2011","Richmondshire 002A","E01027765",670,479,234,245,18,96,67,29,69,64,5,8
"2011","Richmondshire 002B","E01027766",581,323,161,162,1,141,104,37,96,85,11,20
"2011","Richmondshire 002C","E01027767",625,506,310,196,4,39,30,9,70,63,7,6
"2011","Richmondshire 002D","E01027768",496,432,271,161,4,11,5,6,45,42,3,4
"2011","Richmondshire 002E","E01027769",567,348,215,133,0,136,124,12,75,70,5,8
"2011","Richmondshire 002F","E01027770",836,458,281,177,4,114,59,55,244,232,12,16
"2011","Richmondshire 003A","E01027745",624,450,179,271,2,70,51,19,90,77,13,12
"2011","Richmondshire 003B","E01027746",648,486,227,259,0,78,38,40,76,57,19,8
"2011","Richmondshire 003C","E01027747",580,300,154,146,0,62,15,47,210,59,151,8
"2011","Richmondshire 003D","E01027748",530,398,214,184,5,60,49,11,58,51,7,9
"2011","Richmondshire 004A","E01027749",786,340,118,222,1,357,313,44,73,55,18,15
"2011","Richmondshire 004B","E01027750",998,585,185,400,1,83,57,26,322,221,101,7
"2011","Richmondshire 004C","E01027754",454,162,89,73,0,72,46,26,209,40,169,11
"2011","Richmondshire 004E","E01027771",484,73,28,45,4,49,3,46,354,35,319,4
"2011","Richmondshire 004F","E01027772",544,416,164,252,1,17,10,7,103,79,24,7
"2011","Richmondshire 004G","E01033183",421,21,2,19,0,40,5,35,354,22,332,6
"2011","Richmondshire 004H","E01033184",496,201,25,176,0,42,8,34,248,120,128,5
"2011","Richmondshire 005A","E01027742",631,438,300,138,6,91,15,76,87,68,19,9
"2011","Richmondshire 005B","E01027753",606,416,309,107,5,50,21,29,111,81,30,24
"2011","Richmondshire 005C","E01027763",550,418,302,116,3,17,8,9,92,72,20,20
"2011","Richmondshire 005D","E01027764",542,371,262,109,1,47,36,11,106,87,19,17
"2011","Richmondshire 005E","E01027773",493,348,257,91,5,15,9,6,102,71,31,23
"2011","Richmondshire 006A","E01027744",590,395,262,133,3,31,17,14,141,124,17,20
"2011","Richmondshire 006B","E01027756",716,493,237,256,4,66,25,41,134,100,34,19
"2011","Richmondshire 006D","E01027758",591,415,259,156,2,24,23,1,122,100,22,28
"2011","Richmondshire 006E","E01027760",587,348,243,105,2,55,41,14,155,133,22,27
"2011","Richmondshire 006F","E01033185",611,393,251,142,6,70,60,10,126,108,18,16
"2011","Richmondshire 006G","E01033186",625,488,343,145,11,29,20,9,79,59,20,18
"2011","Ryedale 001A","E01027776",651,527,350,177,3,33,2,31,65,57,8,23
"2011","Ryedale 001B","E01027777",606,438,310,128,1,20,0,20,117,101,16,30
"2011","Ryedale 001C","E01027783",817,635,435,200,2,20,1,19,146,130,16,14
"2011","Ryedale 001D","E01027784",772,464,293,171,0,183,13,170,115,102,13,10
"2011","Ryedale 002A","E01027792",875,679,481,198,2,17,0,17,151,134,17,26
"2011","Ryedale 002B","E01027793",658,409,250,159,3,184,16,168,50,44,6,12
"2011","Ryedale 002C","E01027794",876,706,473,233,5,57,6,51,101,91,10,7
"2011","Ryedale 002D","E01027795",719,383,202,181,3,230,21,209,94,84,10,9
"2011","Ryedale 002E","E01027801",755,587,411,176,13,47,4,43,87,73,14,21
"2011","Ryedale 002F","E01027802",710,526,353,173,0,42,2,40,126,110,16,16
"2011","Ryedale 003A","E01027775",635,454,311,143,1,56,13,43,101,74,27,23
"2011","Ryedale 003B","E01027780",788,456,298,158,1,58,4,54,216,192,24,57
"2011","Ryedale 003C","E01027781",637,394,304,90,8,117,12,105,97,85,12,21
"2011","Ryedale 003D","E01027800",728,552,363,189,1,49,3,46,98,81,17,28
"2011","Ryedale 004A","E01027779",475,238,141,97,0,63,4,59,141,128,13,33
"2011","Ryedale 004B","E01027796",772,473,268,205,2,114,4,110,149,128,21,34
"2011","Ryedale 004C","E01027798",831,513,273,240,5,138,7,131,137,125,12,38
"2011","Ryedale 004D","E01027803",714,456,235,221,3,93,7,86,132,124,8,30
"2011","Ryedale 007A","E01027774",832,617,374,243,3,55,2,53,139,113,26,18
"2011","Ryedale 007B","E01027778",1000,627,352,275,2,102,7,95,213,186,27,56
"2011","Ryedale 007C","E01027782",766,483,328,155,8,69,5,64,176,158,18,30
"2011","Ryedale 007D","E01027797",716,476,279,197,0,56,0,56,165,148,17,19
"2011","Ryedale 007E","E01027799",762,590,367,223,2,58,4,54,95,74,21,17
"2011","Ryedale 008A","E01027785",811,357,180,177,2,193,16,177,242,222,20,17
"2011","Ryedale 008B","E01027786",688,574,393,181,1,16,0,16,88,81,7,9
"2011","Ryedale 008C","E01027787",744,398,233,165,2,216,13,203,114,108,6,14
"2011","Ryedale 008D","E01027788",658,465,280,185,0,138,6,132,44,38,6,11
"2011","Ryedale 008E","E01027789",1063,531,210,321,3,377,30,347,138,117,21,14
"2011","Ryedale 008F","E01027790",819,538,268,270,7,80,10,70,189,171,18,5
"2011","Ryedale 008G","E01027791",646,578,314,264,0,15,1,14,47,42,5,6
"2011","Scarborough 001A","E01027837",672,287,163,124,0,312,42,270,51,48,3,22
"2011","Scarborough 001B","E01027839",707,559,342,217,10,45,7,38,89,64,25,4
"2011","Scarborough 001C","E01027869",623,264,188,76,0,71,11,60,275,264,11,13
"2011","Scarborough 001D","E01027870",685,400,254,146,0,57,2,55,203,191,12,25
"2011","Scarborough 001E","E01027871",695,518,336,182,2,76,12,64,86,75,11,13
"2011","Scarborough 002A","E01027813",837,589,386,203,9,99,13,86,119,103,16,21
"2011","Scarborough 002B","E01027822",610,432,277,155,4,37,5,32,123,110,13,14
"2011","Scarborough 002C","E01027840",977,662,431,231,9,161,51,110,128,104,24,17
"2011","Scarborough 002D","E01027841",583,381,243,138,0,22,2,20,142,134,8,38
"2011","Scarborough 003A","E01027838",681,575,390,185,3,26,0,26,74,59,15,3
"2011","Scarborough 003B","E01027864",588,308,142,166,4,200,42,158,57,45,12,19
"2011","Scarborough 003C","E01027865",785,473,274,199,0,90,17,73,206,187,19,16
"2011","Scarborough 003D","E01027866",661,449,245,204,3,132,19,113,64,57,7,13
"2011","Scarborough 004A","E01027821",651,562,401,161,0,19,2,17,55,41,14,15
"2011","Scarborough 004B","E01027823",662,487,312,175,0,116,17,99,51,48,3,8
"2011","Scarborough 004C","E01027831",463,370,256,114,6,27,3,24,47,35,12,13
"2011","Scarborough 004D","E01027832",448,353,242,111,0,42,4,38,42,35,7,11
"2011","Scarborough 004E","E01027836",1018,804,481,323,15,67,5,62,117,97,20,15
"2011","Scarborough 004F","E01027857",560,440,305,135,0,11,4,7,86,76,10,23
"2011","Scarborough 005A","E01027842",709,568,366,202,1,84,27,57,45,41,4,11
"2011","Scarborough 005B","E01027843",622,426,218,208,1,123,40,83,57,42,15,15
"2011","Scarborough 005C","E01027844",656,598,357,241,3,12,3,9,37,34,3,6
"2011","Scarborough 005D","E01027845",725,631,362,269,1,7,0,7,78,73,5,8
"2011","Scarborough 005E","E01027855",628,561,366,195,1,7,2,5,49,46,3,10
"2011","Scarborough 005F","E01027856",610,475,366,109,38,66,12,54,23,19,4,8
"2011","Scarborough 006A","E01027805",778,369,226,143,2,180,44,136,210,195,15,17
"2011","Scarborough 006B","E01027806",928,194,91,103,3,245,27,218,469,440,29,17
"2011","Scarborough 006C","E01027846",766,462,199,263,1,17,2,15,271,249,22,15
"2011","Scarborough 006D","E01027847",996,265,136,129,5,138,25,113,574,545,29,14
"2011","Scarborough 006E","E01027848",456,365,199,166,2,31,3,28,51,47,4,7
"2011","Scarborough 007A","E01027849",518,438,278,160,3,14,3,11,57,54,3,6
"2011","Scarborough 007B","E01027850",622,344,163,181,1,202,44,158,62,56,6,13
"2011","Scarborough 007C","E01027872",604,317,149,168,4,227,61,166,46,42,4,10
"2011","Scarborough 007D","E01027874",620,192,72,120,1,367,110,257,48,41,7,12
"2011","Scarborough 008A","E01027810",649,414,175,239,1,6,1,5,224,201,23,4
"2011","Scarborough 008B","E01027811",687,429,184,245,2,34,4,30,219,206,13,3
"2011","Scarborough 008C","E01027812",753,376,145,231,2,51,1,50,314,300,14,10
"2011","Scarborough 008D","E01027851",626,480,228,252,3,3,0,3,137,128,9,3
"2011","Scarborough 008E","E01027862",753,397,185,212,1,69,1,68,281,261,20,5
"2011","Scarborough 009A","E01027824",717,372,215,157,0,274,26,248,60,50,10,11
"2011","Scarborough 009B","E01027825",759,394,122,272,0,175,48,127,182,170,12,8
"2011","Scarborough 009C","E01027826",655,423,191,232,2,45,8,37,180,168,12,5
"2011","Scarborough 009D","E01027861",646,429,227,202,1,62,9,53,146,131,15,8
"2011","Scarborough 009E","E01027863",661,551,363,188,0,66,1,65,36,29,7,8
"2011","Scarborough 009F","E01027873",723,476,289,187,46,85,6,79,109,87,22,7
"2011","Scarborough 010A","E01027804",847,234,126,108,3,55,10,45,537,519,18,18
"2011","Scarborough 010B","E01027852",899,319,192,127,3,25,2,23,544,509,35,8
"2011","Scarborough 010C","E01027853",657,382,260,122,1,40,7,33,224,208,16,10
"2011","Scarborough 010D","E01027854",857,350,236,114,2,17,1,16,477,467,10,11
"2011","Scarborough 010E","E01027868",1173,779,569,210,2,64,2,62,309,280,29,19
"2011","Scarborough 011A","E01027807",646,502,291,211,2,70,7,63,60,51,9,12
"2011","Scarborough 011B","E01027808",654,572,353,219,0,17,1,16,58,53,5,7
"2011","Scarborough 011C","E01027809",644,599,389,210,4,4,1,3,34,31,3,3
"2011","Scarborough 011D","E01027818",611,454,181,273,23,64,7,57,61,49,12,9
"2011","Scarborough 011E","E01027867",627,556,377,179,1,17,1,16,49,44,5,4
"2011","Scarborough 012A","E01027817",592,252,97,155,0,296,71,225,29,25,4,15
"2011","Scarborough 012B","E01027819",581,197,80,117,1,330,98,232,36,32,4,17
"2011","Scarborough 012C","E01027820",510,254,83,171,0,209,56,153,41,36,5,6
"2011","Scarborough 012D","E01027858",606,553,310,243,3,12,5,7,33,27,6,5
"2011","Scarborough 012E","E01027860",637,476,239,237,26,76,19,57,52,49,3,7
"2011","Scarborough 013A","E01027814",677,472,306,166,1,40,3,37,138,123,15,26
"2011","Scarborough 013B","E01027815",594,466,285,181,4,34,6,28,76,65,11,14
"2011","Scarborough 013C","E01027816",697,598,361,237,1,49,11,38,42,38,4,7
"2011","Scarborough 013D","E01027859",719,619,315,304,2,10,4,6,78,68,10,10
"2011","Scarborough 014A","E01027827",892,542,398,144,8,46,13,33,281,267,14,15
"2011","Scarborough 014B","E01027828",798,637,487,150,4,88,8,80,51,43,8,18
"2011","Scarborough 014C","E01027829",771,638,504,134,4,25,6,19,98,91,7,6
"2011","Scarborough 014D","E01027830",736,448,220,228,11,170,29,141,99,89,10,8
"2011","Scarborough 014E","E01027833",747,534,366,168,5,96,17,79,100,90,10,12
"2011","Scarborough 014F","E01027834",738,645,426,219,0,12,3,9,71,58,13,10
"2011","Scarborough 014G","E01027835",752,583,332,251,1,68,9,59,82,72,10,18
"2011","Selby 001A","E01027918",648,422,191,231,2,105,102,3,106,80,26,13
"2011","Selby 001B","E01027919",509,367,153,214,0,26,23,3,99,89,10,17
"2011","Selby 001C","E01027920",500,404,189,215,0,53,51,2,32,25,7,11
"2011","Selby 001D","E01027921",859,531,266,265,2,236,234,2,70,66,4,20
"2011","Selby 001E","E01027922",668,575,312,263,2,35,27,8,47,39,8,9
"2011","Selby 002A","E01027875",712,539,296,243,1,21,21,0,121,107,14,30
"2011","Selby 002B","E01027886",559,431,190,241,2,46,28,18,71,62,9,9
"2011","Selby 002C","E01027887",663,568,271,297,2,23,13,10,62,55,7,8
"2011","Selby 002D","E01027888",702,556,226,330,10,57,43,14,67,62,5,12
"2011","Selby 002E","E01027904",890,708,292,416,7,65,51,14,100,93,7,10
"2011","Selby 003A","E01027876",653,546,231,315,8,20,19,1,72,67,5,7
"2011","Selby 003B","E01027877",511,380,163,217,1,74,62,12,52,43,9,4
"2011","Selby 003C","E01027900",757,618,251,367,2,35,26,9,88,75,13,14
"2011","Selby 003D","E01027901",636,567,279,288,0,9,7,2,53,49,4,7
"2011","Selby 003E","E01027902",587,442,210,232,1,99,65,34,36,31,5,9
"2011","Selby 003F","E01027903",416,326,178,148,3,5,4,1,75,65,10,7
"2011","Selby 004A","E01027898",1003,790,332,458,2,86,62,24,119,115,4,6
"2011","Selby 004B","E01027914",669,610,306,304,2,10,6,4,40,34,6,7
"2011","Selby 004C","E01027915",710,466,226,240,0,169,137,32,62,51,11,13
"2011","Selby 004D","E01027916",653,393,141,252,1,191,171,20,58,52,6,10
"2011","Selby 004E","E01027917",699,572,205,367,12,48,8,40,61,53,8,6
"2011","Selby 005A","E01027878",548,370,146,224,1,87,4,83,87,81,6,3
"2011","Selby 005B","E01027905",868,499,238,261,16,162,36,126,187,179,8,4
"2011","Selby 005C","E01027907",563,156,43,113,0,355,256,99,42,36,6,10
"2011","Selby 005D","E01027908",779,272,100,172,2,268,130,138,227,214,13,10
"2011","Selby 005E","E01027909",952,425,192,233,5,223,112,111,280,262,18,19
"2011","Selby 005F","E01027910",1099,564,155,409,25,343,271,72,156,146,10,11
"2011","Selby 006A","E01027881",593,371,202,169,7,171,65,106,33,27,6,11
"2011","Selby 006B","E01027906",575,361,156,205,0,148,122,26,61,57,4,5
"2011","Selby 006C","E01027911",619,497,299,198,8,43,29,14,63,56,7,8
"2011","Selby 006D","E01027912",428,379,212,167,3,8,5,3,34,26,8,4
"2011","Selby 006E","E01027913",490,460,251,209,3,2,0,2,19,17,2,6
"2011","Selby 007A","E01027879",566,495,247,248,2,5,3,2,56,54,2,8
"2011","Selby 007B","E01027880",626,576,302,274,2,9,7,2,35,30,5,4
"2011","Selby 007C","E01027882",699,636,258,378,0,7,6,1,50,44,6,6
"2011","Selby 007D","E01027894",773,664,291,373,2,44,10,34,53,48,5,10
"2011","Selby 007E","E01027895",675,580,318,262,20,29,17,12,37,32,5,9
"2011","Selby 008A","E01027883",446,364,185,179,2,27,20,7,46,38,8,7
"2011","Selby 008B","E01027884",627,499,191,308,2,39,31,8,79,77,2,8
"2011","Selby 008C","E01027885",655,532,263,269,1,54,43,11,62,55,7,6
"2011","Selby 008D","E01027896",802,655,267,388,1,67,41,26,71,61,10,8
"2011","Selby 008E","E01027897",840,722,331,391,3,14,8,6,91,80,11,10
"2011","Selby 009A","E01027891",746,619,329,290,2,47,43,4,69,60,9,9
"2011","Selby 009B","E01027892",836,538,230,308,2,179,166,13,104,96,8,13
"2011","Selby 009C","E01027893",764,662,306,356,11,57,33,24,27,23,4,7
"2011","Selby 009D","E01027899",683,548,244,304,1,57,35,22,65,58,7,12
"2011","Selby 010A","E01027889",718,508,224,284,2,109,101,8,87,74,13,12
"2011","Selby 010B","E01027890",807,688,335,353,10,41,26,15,57,53,4,11
"2011","Selby 010C","E01027923",944,748,401,347,2,116,94,22,59,51,8,19
"2011","Selby 010D","E01027924",834,712,305,407,6,37,28,9,68,52,16,11
"2011","Barnsley 001A","E01007434",837,541,210,331,0,137,131,6,138,130,8,21
"2011","Barnsley 001B","E01007435",723,326,126,200,9,318,269,49,61,50,11,9
"2011","Barnsley 001C","E01007438",629,485,226,259,1,107,94,13,29,25,4,7
"2011","Barnsley 001D","E01007439",507,436,227,209,1,39,36,3,24,22,2,7
"2011","Barnsley 002A","E01007433",678,462,222,240,0,142,121,21,64,58,6,10
"2011","Barnsley 002B","E01007436",568,439,248,191,1,88,80,8,31,24,7,9
"2011","Barnsley 002C","E01007437",626,409,162,247,0,143,133,10,58,52,6,16
"2011","Barnsley 002D","E01007440",665,391,155,236,14,124,91,33,126,120,6,10
"2011","Barnsley 003A","E01007329",637,424,175,249,1,159,146,13,44,41,3,9
"2011","Barnsley 003B","E01007331",823,652,286,366,1,61,48,13,100,96,4,9
"2011","Barnsley 003C","E01007342",563,465,242,223,0,24,23,1,71,65,6,3
"2011","Barnsley 003D","E01007343",650,368,172,196,2,198,186,12,65,59,6,17
"2011","Barnsley 004A","E01007356",602,526,305,221,2,31,25,6,34,28,6,9
"2011","Barnsley 004B","E01007357",598,375,157,218,1,150,114,36,58,50,8,14
"2011","Barnsley 004C","E01007361",698,535,236,299,0,32,25,7,124,111,13,7
"2011","Barnsley 004D","E01007362",691,622,311,311,3,12,12,0,51,45,6,3
"2011","Barnsley 004E","E01007363",769,383,176,207,0,311,294,17,53,51,2,22
"2011","Barnsley 005A","E01007355",594,533,196,337,0,20,18,2,37,34,3,4
"2011","Barnsley 005B","E01007358",643,513,211,302,3,25,23,2,98,93,5,4
"2011","Barnsley 005C","E01007359",660,419,201,218,1,130,110,20,95,87,8,15
"2011","Barnsley 005D","E01007360",659,475,281,194,0,139,132,7,41,38,3,4
"2011","Barnsley 005E","E01007386",769,691,405,286,1,6,6,0,66,53,13,5
"2011","Barnsley 006A","E01007328",801,370,140,230,12,349,292,57,63,57,6,7
"2011","Barnsley 006B","E01007330",725,521,227,294,0,119,110,9,80,73,7,5
"2011","Barnsley 006C","E01007332",979,525,167,358,4,237,153,84,193,176,17,20
"2011","Barnsley 006D","E01007333",494,332,187,145,1,54,9,45,103,95,8,4
"2011","Barnsley 007A","E01007323",614,325,90,235,31,203,195,8,46,40,6,9
"2011","Barnsley 007B","E01007324",747,391,177,214,1,268,258,10,69,60,9,18
"2011","Barnsley 007C","E01007325",613,215,80,135,2,358,349,9,24,21,3,14
"2011","Barnsley 007D","E01007326",651,353,146,207,1,255,220,35,33,31,2,9
"2011","Barnsley 007E","E01007327",804,345,161,184,2,380,368,12,50,45,5,27
"2011","Barnsley 007F","E01007411",489,112,63,49,1,349,294,55,18,15,3,9
"2011","Barnsley 008A","E01007341",513,182,78,104,1,274,272,2,39,31,8,17
"2011","Barnsley 008B","E01007345",675,472,205,267,2,53,43,10,141,127,14,7
"2011","Barnsley 008C","E01007346",664,455,155,300,1,97,78,19,102,93,9,9
"2011","Barnsley 008D","E01007347",666,525,203,322,0,65,53,12,64,60,4,12
"2011","Barnsley 009A","E01007334",554,487,246,241,1,9,6,3,51,49,2,6
"2011","Barnsley 009B","E01007335",603,511,265,246,2,48,6,42,38,32,6,4
"2011","Barnsley 009C","E01007400",848,673,294,379,1,91,87,4,71,64,7,12
"2011","Barnsley 009D","E01007404",606,540,318,222,0,29,24,5,30,24,6,7
"2011","Barnsley 009E","E01007406",837,359,149,210,2,405,385,20,55,51,4,16
"2011","Barnsley 010C","E01007408",637,448,225,223,0,86,71,15,84,77,7,19
"2011","Barnsley 010D","E01007409",624,497,265,232,0,32,14,18,83,77,6,12
"2011","Barnsley 010E","E01007410",854,402,202,200,1,342,304,38,97,85,12,12
"2011","Barnsley 010G","E01032550",1177,744,306,438,4,291,235,56,120,107,13,18
"2011","Barnsley 010H","E01032551",1084,796,395,401,7,148,128,20,118,110,8,15
"2011","Barnsley 011A","E01007344",889,603,237,366,6,121,83,38,148,139,9,11
"2011","Barnsley 011B","E01007402",657,283,110,173,4,314,291,23,48,42,6,8
"2011","Barnsley 011C","E01007403",613,274,133,141,0,296,226,70,26,22,4,17
"2011","Barnsley 011D","E01007405",590,443,294,149,0,102,93,9,38,33,5,7
"2011","Barnsley 012A","E01007379",695,582,356,226,2,44,33,11,62,56,6,5
"2011","Barnsley 012B","E01007380",737,624,298,326,0,29,28,1,77,73,4,7
"2011","Barnsley 012C","E01007381",661,532,252,280,21,66,38,28,40,38,2,2
"2011","Barnsley 012D","E01007387",619,457,204,253,4,102,100,2,50,43,7,6
"2011","Barnsley 012E","E01007442",642,576,393,183,1,22,22,0,36,32,4,7
"2011","Barnsley 012F","E01007444",768,521,292,229,3,154,123,31,81,76,5,9
"2011","Barnsley 012G","E01007446",642,458,278,180,6,76,68,8,89,74,15,13
"2011","Barnsley 013A","E01007336",764,378,179,199,2,71,48,23,300,279,21,13
"2011","Barnsley 013B","E01007340",744,428,188,240,3,29,16,13,268,250,18,16
"2011","Barnsley 013C","E01007415",634,429,206,223,2,111,102,9,82,79,3,10
"2011","Barnsley 013D","E01007417",734,456,205,251,8,47,14,33,212,198,14,11
"2011","Barnsley 013E","E01007441",737,482,184,298,3,55,46,9,184,168,16,13
"2011","Barnsley 013F","E01007443",1005,377,144,233,7,158,125,33,436,418,18,27
"2011","Barnsley 013G","E01007445",731,427,179,248,12,88,51,37,193,182,11,11
"2011","Barnsley 014A","E01007372",540,216,93,123,2,230,166,64,81,76,5,11
"2011","Barnsley 014B","E01007373",675,295,161,134,22,224,25,199,125,112,13,9
"2011","Barnsley 014C","E01007374",657,538,313,225,0,49,40,9,65,62,3,5
"2011","Barnsley 014D","E01007375",685,490,256,234,0,118,55,63,64,57,7,13
"2011","Barnsley 014E","E01007377",443,255,132,123,1,97,4,93,87,82,5,3
"2011","Barnsley 014F","E01007378",750,248,114,134,1,406,387,19,74,65,9,21
"2011","Barnsley 015A","E01007319",613,551,308,243,3,22,17,5,28,21,7,9
"2011","Barnsley 015B","E01007321",655,539,320,219,7,43,35,8,53,48,5,13
"2011","Barnsley 015C","E01007322",905,585,200,385,1,90,73,17,216,201,15,13
"2011","Barnsley 015D","E01007337",870,495,190,305,7,75,54,21,288,272,16,5
"2011","Barnsley 016A","E01007418",602,411,270,141,12,63,55,8,104,94,10,12
"2011","Barnsley 016B","E01007419",714,589,303,286,0,46,32,14,70,62,8,9
"2011","Barnsley 016C","E01007420",618,479,255,224,2,94,91,3,37,31,6,6
"2011","Barnsley 016D","E01007425",632,557,322,235,3,20,16,4,42,40,2,10
"2011","Barnsley 017A","E01007338",916,256,148,108,4,486,357,129,143,137,6,27
"2011","Barnsley 017B","E01007339",728,333,153,180,1,108,59,49,275,260,15,11
"2011","Barnsley 017C","E01007413",605,266,117,149,4,260,211,49,53,49,4,22
"2011","Barnsley 017D","E01007414",706,350,137,213,2,218,95,123,127,121,6,9
"2011","Barnsley 018A","E01007317",653,283,158,125,1,304,288,16,41,37,4,24
"2011","Barnsley 018B","E01007318",644,285,83,202,6,264,206,58,78,72,6,11
"2011","Barnsley 018C","E01007320",673,297,142,155,5,278,208,70,83,72,11,10
"2011","Barnsley 018D","E01007416",517,217,92,125,0,270,252,18,23,21,2,7
"2011","Barnsley 019A","E01007382",689,442,217,225,1,152,144,8,90,78,12,4
"2011","Barnsley 019B","E01007383",513,425,150,275,0,39,36,3,43,38,5,6
"2011","Barnsley 019C","E01007384",703,580,297,283,0,54,47,7,61,55,6,8
"2011","Barnsley 019D","E01007385",668,373,204,169,0,228,218,10,48,45,3,19
"2011","Barnsley 020A","E01007348",613,363,218,145,2,193,170,23,38,36,2,17
"2011","Barnsley 020B","E01007349",668,401,200,201,1,156,147,9,103,100,3,7
"2011","Barnsley 020C","E01007350",523,436,306,130,4,48,40,8,30,25,5,5
"2011","Barnsley 020D","E01007351",643,436,217,219,13,108,92,16,80,75,5,6
"2011","Barnsley 020E","E01007352",623,277,127,150,2,267,245,22,64,59,5,13
"2011","Barnsley 020F","E01007353",657,459,186,273,2,66,52,14,122,114,8,8
"2011","Barnsley 020G","E01007354",697,506,235,271,2,70,60,10,107,100,7,12
"2011","Barnsley 021A","E01007458",619,425,190,235,3,93,85,8,90,80,10,8
"2011","Barnsley 021B","E01007459",733,587,383,204,6,78,74,4,51,43,8,11
"2011","Barnsley 021C","E01007460",612,455,246,209,1,108,107,1,35,32,3,13
"2011","Barnsley 021D","E01007461",776,404,182,222,3,291,248,43,63,54,9,15
"2011","Barnsley 021E","E01007462",658,297,140,157,0,298,286,12,40,33,7,23
"2011","Barnsley 021F","E01007463",782,256,131,125,0,453,404,49,49,46,3,24
"2011","Barnsley 022A","E01007369",687,374,168,206,1,63,48,15,239,235,4,10
"2011","Barnsley 022B","E01007370",605,343,172,171,1,151,149,2,93,90,3,17
"2011","Barnsley 022C","E01007371",817,512,193,319,1,172,151,21,111,106,5,21
"2011","Barnsley 022D","E01007376",639,354,156,198,1,128,75,53,145,136,9,11
"2011","Barnsley 023A","E01007447",657,347,148,199,0,243,202,41,54,49,5,13
"2011","Barnsley 023B","E01007448",773,442,194,248,0,68,47,21,255,240,15,8
"2011","Barnsley 023C","E01007449",815,570,280,290,1,23,22,1,212,198,14,9
"2011","Barnsley 023D","E01007450",709,345,185,160,0,302,258,44,49,43,6,13
"2011","Barnsley 024A","E01007427",671,514,226,288,1,80,71,9,69,62,7,7
"2011","Barnsley 024B","E01007428",654,530,282,248,1,36,30,6,78,69,9,9
"2011","Barnsley 024C","E01007429",726,367,217,150,18,281,174,107,52,46,6,8
"2011","Barnsley 024D","E01007430",896,779,247,532,1,18,13,5,92,84,8,6
"2011","Barnsley 024E","E01007431",543,439,227,212,8,67,60,7,26,24,2,3
"2011","Barnsley 024F","E01007432",577,457,229,228,2,74,66,8,41,33,8,3
"2011","Barnsley 025A","E01007364",593,322,147,175,4,210,205,5,47,41,6,10
"2011","Barnsley 025B","E01007365",514,255,100,155,0,189,188,1,62,56,6,8
"2011","Barnsley 025C","E01007366",847,682,294,388,1,30,27,3,129,119,10,5
"2011","Barnsley 025D","E01007367",473,332,158,174,1,9,5,4,131,123,8,0
"2011","Barnsley 025E","E01007368",698,463,187,276,1,81,50,31,147,141,6,6
"2011","Barnsley 026A","E01007451",728,416,161,255,0,208,201,7,90,83,7,14
"2011","Barnsley 026B","E01007452",634,497,188,309,2,48,43,5,85,70,15,2
"2011","Barnsley 026C","E01007453",646,224,111,113,1,380,362,18,25,24,1,16
"2011","Barnsley 026E","E01007455",587,488,298,190,1,73,69,4,22,18,4,3
"2011","Barnsley 026F","E01032924",602,418,96,322,2,30,25,5,136,128,8,16
"2011","Barnsley 026G","E01032925",603,366,181,185,5,136,93,43,86,82,4,10
"2011","Barnsley 027A","E01007421",563,422,235,187,1,19,14,5,107,100,7,14
"2011","Barnsley 027B","E01007422",635,518,240,278,1,51,45,6,57,49,8,8
"2011","Barnsley 027C","E01007423",705,494,246,248,4,139,126,13,57,48,9,11
"2011","Barnsley 027D","E01007426",692,516,271,245,1,93,71,22,65,60,5,17
"2011","Barnsley 028A","E01007396",740,505,234,271,2,100,97,3,119,112,7,14
"2011","Barnsley 028B","E01007397",677,343,165,178,2,254,246,8,63,57,6,15
"2011","Barnsley 028C","E01007398",769,601,384,217,1,114,110,4,42,38,4,11
"2011","Barnsley 028D","E01007399",895,658,248,410,25,70,35,35,127,120,7,15
"2011","Barnsley 028E","E01007424",726,517,217,300,0,131,125,6,66,55,11,12
"2011","Barnsley 029A","E01007388",694,495,215,280,7,77,70,7,103,97,6,12
"2011","Barnsley 029B","E01007393",811,488,187,301,10,154,116,38,150,139,11,9
"2011","Barnsley 029C","E01007394",565,296,138,158,0,172,167,5,91,87,4,6
"2011","Barnsley 029D","E01007456",766,619,260,359,1,43,42,1,94,83,11,9
"2011","Barnsley 029E","E01007457",689,399,149,250,1,211,208,3,70,67,3,8
"2011","Barnsley 030A","E01007389",666,563,353,210,0,44,28,16,54,46,8,5
"2011","Barnsley 030B","E01007390",646,495,265,230,2,80,75,5,59,51,8,10
"2011","Barnsley 030C","E01007391",684,297,119,178,7,304,284,20,65,62,3,11
"2011","Barnsley 030D","E01007392",609,292,122,170,0,260,255,5,49,46,3,8
"2011","Barnsley 030E","E01007395",820,416,183,233,0,326,324,2,61,56,5,17
"2011","Doncaster 001A","E01007632",615,443,184,259,1,81,74,7,77,63,14,13
"2011","Doncaster 001B","E01007633",514,339,137,202,1,93,92,1,73,65,8,8
"2011","Doncaster 001C","E01007634",653,346,138,208,1,193,186,7,105,97,8,8
"2011","Doncaster 001D","E01007635",618,402,235,167,4,155,120,35,50,41,9,7
"2011","Doncaster 002A","E01007487",691,425,187,238,1,199,189,10,50,43,7,16
"2011","Doncaster 002B","E01007488",726,581,324,257,3,29,17,12,95,91,4,18
"2011","Doncaster 002C","E01007489",722,560,266,294,3,25,23,2,124,113,11,10
"2011","Doncaster 002D","E01007490",631,476,247,229,1,69,67,2,71,62,9,14
"2011","Doncaster 002E","E01007491",661,383,172,211,1,61,59,2,208,199,9,8
"2011","Doncaster 002F","E01007492",664,288,114,174,1,305,296,9,52,47,5,18
"2011","Doncaster 002G","E01007493",715,600,269,331,2,34,26,8,70,60,10,9
"2011","Doncaster 003A","E01007636",654,345,144,201,0,181,171,10,111,104,7,17
"2011","Doncaster 003B","E01007637",655,492,294,198,6,49,41,8,96,88,8,12
"2011","Doncaster 003C","E01007638",706,347,170,177,2,227,189,38,116,104,12,14
"2011","Doncaster 003D","E01007639",899,484,216,268,8,169,72,97,220,196,24,18
"2011","Doncaster 003E","E01007640",725,610,358,252,4,22,9,13,80,68,12,9
"2011","Doncaster 003F","E01007641",588,446,178,268,6,51,45,6,76,67,9,9
"2011","Doncaster 003G","E01007642",649,374,143,231,1,179,175,4,78,71,7,17
"2011","Doncaster 004A","E01007625",620,515,292,223,3,35,30,5,57,50,7,10
"2011","Doncaster 004B","E01007626",546,275,165,110,0,145,129,16,116,104,12,10
"2011","Doncaster 004C","E01007627",701,343,137,206,0,259,255,4,80,75,5,19
"2011","Doncaster 004D","E01007628",541,233,103,130,3,229,211,18,71,66,5,5
"2011","Doncaster 004E","E01007629",663,244,108,136,0,309,239,70,87,81,6,23
"2011","Doncaster 005A","E01007468",607,558,353,205,1,4,2,2,37,34,3,7
"2011","Doncaster 005B","E01007469",543,410,163,247,0,71,68,3,51,47,4,11
"2011","Doncaster 005C","E01007470",553,374,139,235,1,104,92,12,69,65,4,5
"2011","Doncaster 005D","E01007472",654,302,132,170,0,263,254,9,66,58,8,23
"2011","Doncaster 005E","E01007473",616,374,154,220,1,95,94,1,141,131,10,5
"2011","Doncaster 005F","E01007474",649,210,88,122,0,349,279,70,72,65,7,18
"2011","Doncaster 006A","E01007554",676,543,217,326,1,24,23,1,104,94,10,4
"2011","Doncaster 006B","E01007555",626,274,114,160,0,278,269,9,57,52,5,17
"2011","Doncaster 006C","E01007556",533,309,135,174,1,149,144,5,67,60,7,7
"2011","Doncaster 006D","E01007561",556,507,235,272,2,3,3,0,41,36,5,3
"2011","Doncaster 006E","E01007562",610,478,231,247,5,38,38,0,85,71,14,4
"2011","Doncaster 006F","E01007563",525,304,122,182,0,138,134,4,66,59,7,17
"2011","Doncaster 007A","E01007621",539,470,196,274,0,3,3,0,62,55,7,4
"2011","Doncaster 007B","E01007622",666,579,302,277,15,13,6,7,51,49,2,8
"2011","Doncaster 007C","E01007623",585,390,195,195,2,136,128,8,49,45,4,8
"2011","Doncaster 007D","E01007624",750,639,268,371,1,10,5,5,96,84,12,4
"2011","Doncaster 007E","E01007630",652,534,364,170,0,58,52,6,52,49,3,8
"2011","Doncaster 007F","E01007631",534,509,307,202,2,2,0,2,19,18,1,2
"2011","Doncaster 008A","E01007553",715,591,313,278,2,39,22,17,73,62,11,10
"2011","Doncaster 008B","E01007557",419,330,197,133,2,3,1,2,83,75,8,1
"2011","Doncaster 008C","E01007558",622,504,247,257,1,56,50,6,55,49,6,6
"2011","Doncaster 008D","E01007559",405,354,225,129,1,18,18,0,22,21,1,10
"2011","Doncaster 008E","E01007560",644,563,313,250,0,18,16,2,57,49,8,6
"2011","Doncaster 009A","E01007464",600,345,141,204,0,190,124,66,57,54,3,8
"2011","Doncaster 009B","E01007465",629,424,192,232,2,143,135,8,49,41,8,11
"2011","Doncaster 009C","E01007466",640,306,118,188,5,174,160,14,138,134,4,17
"2011","Doncaster 009D","E01007467",645,390,150,240,0,171,161,10,72,63,9,12
"2011","Doncaster 009E","E01007471",591,468,158,310,1,73,70,3,46,41,5,3
"2011","Doncaster 009F","E01007504",622,413,171,242,1,124,120,4,77,63,14,7
"2011","Doncaster 009G","E01007507",496,242,89,153,0,171,168,3,72,67,5,11
"2011","Doncaster 010A","E01007506",545,284,89,195,0,182,157,25,71,64,7,8
"2011","Doncaster 010B","E01007508",695,293,123,170,0,195,178,17,197,178,19,10
"2011","Doncaster 010C","E01007509",814,349,152,197,14,246,145,101,193,185,8,12
"2011","Doncaster 010D","E01007510",734,414,165,249,2,123,48,75,183,166,17,12
"2011","Doncaster 010E","E01007511",609,269,125,144,2,247,194,53,77,71,6,14
"2011","Doncaster 011A","E01007475",627,545,228,317,0,7,4,3,74,63,11,1
"2011","Doncaster 011B","E01007476",643,428,217,211,2,139,130,9,54,49,5,20
"2011","Doncaster 011C","E01007477",598,502,266,236,0,31,28,3,57,54,3,8
"2011","Doncaster 011D","E01007478",653,469,223,246,3,93,54,39,83,76,7,5
"2011","Doncaster 012A","E01007512",717,555,239,316,11,78,76,2,59,49,10,14
"2011","Doncaster 012B","E01007513",641,419,211,208,0,153,150,3,58,48,10,11
"2011","Doncaster 012C","E01007515",661,393,186,207,0,189,187,2,68,56,12,11
"2011","Doncaster 012D","E01007518",603,470,194,276,0,86,86,0,34,30,4,13
"2011","Doncaster 012E","E01007519",527,383,149,234,0,65,62,3,72,58,14,7
"2011","Doncaster 013A","E01007505",721,544,300,244,2,86,64,22,80,74,6,9
"2011","Doncaster 013B","E01007514",664,432,168,264,2,8,5,3,215,195,20,7
"2011","Doncaster 013C","E01007516",570,444,206,238,3,63,59,4,52,49,3,8
"2011","Doncaster 013D","E01007517",701,400,168,232,2,50,49,1,240,221,19,9
"2011","Doncaster 014A","E01007479",674,449,223,226,0,130,85,45,87,81,6,8
"2011","Doncaster 014B","E01007480",549,363,129,234,1,103,100,3,70,64,6,12
"2011","Doncaster 014D","E01007482",641,307,159,148,1,243,217,26,66,59,7,24
"2011","Doncaster 014E","E01033259",655,462,105,357,0,25,24,1,163,153,10,5
"2011","Doncaster 014F","E01033260",632,408,117,291,0,41,40,1,173,159,14,10
"2011","Doncaster 015A","E01007570",645,529,301,228,0,56,53,3,52,46,6,8
"2011","Doncaster 015B","E01007650",826,514,269,245,1,194,143,51,104,89,15,13
"2011","Doncaster 015C","E01007651",676,354,154,200,1,209,195,14,99,95,4,13
"2011","Doncaster 015D","E01007652",770,316,121,195,0,325,290,35,99,82,17,30
"2011","Doncaster 015E","E01007653",638,477,208,269,2,19,12,7,136,127,9,4
"2011","Doncaster 015F","E01007656",638,375,163,212,0,193,186,7,58,47,11,12
"2011","Doncaster 016A","E01007581",626,546,249,297,23,4,4,0,50,45,5,3
"2011","Doncaster 016B","E01007582",615,530,251,279,0,4,3,1,74,73,1,7
"2011","Doncaster 016C","E01007588",669,491,215,276,1,89,85,4,80,71,9,8
"2011","Doncaster 016D","E01007589",715,603,327,276,2,59,57,2,33,28,5,18
"2011","Doncaster 017A","E01007483",610,511,226,285,2,25,21,4,65,55,10,7
"2011","Doncaster 017B","E01007484",626,451,222,229,7,95,91,4,66,61,5,7
"2011","Doncaster 017C","E01007485",592,531,195,336,2,6,4,2,51,45,6,2
"2011","Doncaster 017D","E01007486",635,547,379,168,0,17,17,0,67,56,11,4
"2011","Doncaster 018A","E01007564",605,290,97,193,1,225,219,6,78,74,4,11
"2011","Doncaster 018B","E01007565",641,540,276,264,0,22,20,2,77,50,27,2
"2011","Doncaster 018C","E01007566",780,305,134,171,2,401,394,7,54,46,8,18
"2011","Doncaster 018D","E01007567",516,349,173,176,0,57,55,2,91,78,13,19
"2011","Doncaster 018E","E01007568",595,265,71,194,2,248,235,13,66,61,5,14
"2011","Doncaster 018F","E01007569",627,358,132,226,1,195,189,6,67,62,5,6
"2011","Doncaster 019A","E01007644",587,452,206,246,1,9,4,5,115,105,10,10
"2011","Doncaster 019B","E01007646",607,363,184,179,0,6,5,1,228,218,10,10
"2011","Doncaster 019C","E01007647",692,442,217,225,0,51,1,50,189,178,11,10
"2011","Doncaster 019D","E01007648",854,306,155,151,2,94,20,74,440,420,20,12
"2011","Doncaster 019E","E01007649",616,474,204,270,0,10,6,4,123,110,13,9
"2011","Doncaster 019F","E01007654",609,371,174,197,4,36,9,27,189,176,13,9
"2011","Doncaster 020A","E01007583",632,512,286,226,2,23,19,4,84,76,8,11
"2011","Doncaster 020B","E01007586",654,549,304,245,1,42,41,1,52,51,1,10
"2011","Doncaster 020C","E01007587",728,376,198,178,17,188,155,33,118,109,9,29
"2011","Doncaster 020D","E01007620",701,618,341,277,0,10,10,0,66,61,5,7
"2011","Doncaster 021A","E01007584",671,521,271,250,0,3,2,1,137,124,13,10
"2011","Doncaster 021B","E01007585",630,510,219,291,0,36,33,3,67,60,7,17
"2011","Doncaster 021C","E01007617",643,593,365,228,1,5,2,3,39,34,5,5
"2011","Doncaster 021D","E01007618",505,449,248,201,0,8,6,2,44,36,8,4
"2011","Doncaster 021E","E01007619",716,661,319,342,0,5,5,0,45,40,5,5
"2011","Doncaster 022A","E01007529",654,226,86,140,3,98,65,33,320,312,8,7
"2011","Doncaster 022B","E01007530",512,236,130,106,0,50,41,9,215,209,6,11
"2011","Doncaster 022C","E01007531",792,357,166,191,0,218,177,41,199,183,16,18
"2011","Doncaster 022D","E01007643",662,275,121,154,4,262,227,35,107,97,10,14
"2011","Doncaster 022E","E01007645",830,355,175,180,4,72,20,52,377,360,17,22
"2011","Doncaster 022F","E01007655",868,278,147,131,7,133,12,121,437,419,18,13
"2011","Doncaster 023A","E01007494",675,461,156,305,14,40,30,10,147,133,14,13
"2011","Doncaster 023B","E01007532",1017,77,29,48,3,801,758,43,103,90,13,33
"2011","Doncaster 023C","E01007533",623,359,159,200,2,148,52,96,109,98,11,5
"2011","Doncaster 023D","E01007535",638,374,166,208,1,42,39,3,213,200,13,8
"2011","Doncaster 024A","E01007522",755,315,136,179,2,339,257,82,67,59,8,32
"2011","Doncaster 024B","E01007525",671,384,152,232,0,202,192,10,63,60,3,22
"2011","Doncaster 024C","E01007528",634,353,150,203,0,207,203,4,57,53,4,17
"2011","Doncaster 024D","E01007604",574,517,282,235,1,13,12,1,41,36,5,2
"2011","Doncaster 025A","E01007521",599,480,276,204,3,59,5,54,48,39,9,9
"2011","Doncaster 025B","E01007523",661,528,290,238,1,9,3,6,108,94,14,15
"2011","Doncaster 025C","E01007524",720,586,354,232,1,37,28,9,92,80,12,4
"2011","Doncaster 025D","E01007526",667,568,331,237,0,26,24,2,68,63,5,5
"2011","Doncaster 025E","E01007607",607,357,183,174,7,169,160,9,69,62,7,5
"2011","Doncaster 026A","E01007599",715,617,276,341,1,28,26,2,56,53,3,13
"2011","Doncaster 026B","E01007600",604,567,326,241,0,9,8,1,25,20,5,3
"2011","Doncaster 026C","E01007601",610,537,339,198,0,34,31,3,32,28,4,7
"2011","Doncaster 026D","E01007602",614,530,273,257,2,13,12,1,61,53,8,8
"2011","Doncaster 026E","E01007603",603,495,264,231,0,4,2,2,94,79,15,10
"2011","Doncaster 027A","E01007520",605,559,371,188,0,5,2,3,35,28,7,6
"2011","Doncaster 027B","E01007527",1015,650,278,372,1,14,5,9,338,318,20,12
"2011","Doncaster 027C","E01007605",633,503,289,214,20,52,48,4,52,47,5,6
"2011","Doncaster 027D","E01007606",607,559,327,232,0,3,2,1,42,37,5,3
"2011","Doncaster 028A","E01007495",757,335,130,205,1,176,145,31,226,216,10,19
"2011","Doncaster 028B","E01007500",577,241,92,149,0,251,246,5,58,47,11,27
"2011","Doncaster 028C","E01007502",1080,837,174,663,5,15,8,7,210,194,16,13
"2011","Doncaster 028D","E01007534",916,302,117,185,3,124,31,93,479,456,23,8
"2011","Doncaster 029A","E01007496",606,222,66,156,2,291,215,76,83,74,9,8
"2011","Doncaster 029B","E01007497",542,328,132,196,0,151,107,44,58,49,9,5
"2011","Doncaster 029C","E01007498",657,392,156,236,3,97,73,24,156,138,18,9
"2011","Doncaster 029D","E01007499",655,219,86,133,0,364,346,18,48,44,4,24
"2011","Doncaster 029E","E01007501",643,570,348,222,2,19,15,4,44,35,9,8
"2011","Doncaster 029F","E01007503",683,587,295,292,0,19,8,11,73,57,16,4
"2011","Doncaster 030A","E01007575",627,155,62,93,1,437,429,8,17,16,1,17
"2011","Doncaster 030B","E01007578",685,368,168,200,1,174,164,10,126,119,7,16
"2011","Doncaster 030C","E01007579",691,435,206,229,3,140,132,8,102,83,19,11
"2011","Doncaster 030D","E01007580",620,482,296,186,2,102,96,6,26,25,1,8
"2011","Doncaster 031A","E01007571",690,465,184,281,7,48,38,10,160,155,5,10
"2011","Doncaster 031B","E01007572",574,436,247,189,1,102,101,1,31,26,5,4
"2011","Doncaster 031C","E01007573",667,197,62,135,7,400,388,12,55,49,6,8
"2011","Doncaster 031D","E01007574",638,306,134,172,4,174,128,46,150,145,5,4
"2011","Doncaster 031E","E01007576",646,452,212,240,3,81,68,13,102,88,14,8
"2011","Doncaster 031F","E01007577",711,291,127,164,1,150,51,99,264,252,12,5
"2011","Doncaster 032A","E01007536",890,623,273,350,2,36,23,13,222,204,18,7
"2011","Doncaster 032B","E01007542",787,335,149,186,1,347,298,49,79,72,7,25
"2011","Doncaster 032C","E01007543",687,247,105,142,2,379,326,53,34,22,12,25
"2011","Doncaster 032D","E01007544",750,146,55,91,0,543,484,59,29,27,2,32
"2011","Doncaster 033A","E01007546",619,398,201,197,5,63,60,3,135,125,10,18
"2011","Doncaster 033B","E01007551",725,595,317,278,0,41,40,1,81,71,10,8
"2011","Doncaster 033C","E01007552",603,494,268,226,0,36,36,0,59,55,4,14
"2011","Doncaster 033D","E01007613",673,556,324,232,2,53,50,3,52,42,10,10
"2011","Doncaster 034A","E01007545",616,431,137,294,2,60,27,33,115,99,16,8
"2011","Doncaster 034B","E01007547",607,376,177,199,0,66,57,9,159,150,9,6
"2011","Doncaster 034C","E01007548",425,234,105,129,1,144,141,3,39,37,2,7
"2011","Doncaster 034D","E01007549",653,304,125,179,0,278,236,42,55,52,3,16
"2011","Doncaster 034E","E01007550",696,439,203,236,0,192,166,26,49,41,8,16
"2011","Doncaster 035A","E01007537",706,507,208,299,1,108,106,2,72,64,8,18
"2011","Doncaster 035B","E01007538",590,387,149,238,0,133,117,16,55,47,8,15
"2011","Doncaster 035C","E01007539",545,339,129,210,1,104,100,4,91,85,6,10
"2011","Doncaster 035D","E01007540",639,492,226,266,1,75,70,5,57,48,9,14
"2011","Doncaster 035E","E01007541",646,416,215,201,0,155,155,0,58,51,7,17
"2011","Doncaster 036A","E01007591",607,463,234,229,0,69,67,2,69,65,4,6
"2011","Doncaster 036B","E01007594",825,678,188,490,10,26,15,11,107,94,13,4
"2011","Doncaster 036C","E01007596",499,457,228,229,0,4,2,2,36,32,4,2
"2011","Doncaster 036D","E01007598",665,578,312,266,1,16,15,1,67,56,11,3
"2011","Doncaster 037A","E01007590",476,330,121,209,1,83,83,0,57,50,7,5
"2011","Doncaster 037B","E01007592",641,303,103,200,2,193,183,10,126,117,9,17
"2011","Doncaster 037C","E01007593",508,359,147,212,0,84,82,2,61,57,4,4
"2011","Doncaster 037D","E01007595",633,371,143,228,0,177,170,7,76,64,12,9
"2011","Doncaster 037E","E01007597",683,203,68,135,1,380,370,10,69,65,4,30
"2011","Doncaster 038A","E01007608",623,358,74,284,17,110,6,104,133,121,12,5
"2011","Doncaster 038B","E01007609",1023,676,321,355,13,188,116,72,123,113,10,23
"2011","Doncaster 038C","E01007610",813,694,406,288,3,14,13,1,94,84,10,8
"2011","Doncaster 039A","E01007611",583,425,252,173,1,96,70,26,49,40,9,12
"2011","Doncaster 039B","E01007612",638,509,315,194,2,32,32,0,80,70,10,15
"2011","Doncaster 039C","E01007614",532,475,258,217,5,9,8,1,36,32,4,7
"2011","Doncaster 039D","E01007615",641,451,283,168,0,97,92,5,75,67,8,18
"2011","Doncaster 039E","E01007616",587,482,302,180,2,41,40,1,54,50,4,8
"2011","Rotherham 001A","E01007693",941,632,202,430,5,167,142,25,125,115,10,12
"2011","Rotherham 001B","E01007694",737,395,145,250,0,247,244,3,74,66,8,21
"2011","Rotherham 001C","E01007695",972,763,216,547,1,113,104,9,85,70,15,10
"2011","Rotherham 001D","E01007697",662,304,137,167,0,316,302,14,29,25,4,13
"2011","Rotherham 001E","E01007698",634,510,245,265,1,30,24,6,89,72,17,4
"2011","Rotherham 002A","E01007816",649,406,188,218,21,178,160,18,33,29,4,11
"2011","Rotherham 002B","E01007817",638,391,201,190,0,188,187,1,39,35,4,20
"2011","Rotherham 002C","E01007819",627,494,304,190,1,88,83,5,36,32,4,8
"2011","Rotherham 002D","E01007820",625,390,153,237,2,67,38,29,161,155,6,5
"2011","Rotherham 002E","E01007821",670,409,183,226,0,215,126,89,35,31,4,11
"2011","Rotherham 002F","E01007822",710,269,139,130,1,340,296,44,84,77,7,16
"2011","Rotherham 003A","E01007796",573,253,119,134,5,253,221,32,45,41,4,17
"2011","Rotherham 003B","E01007797",580,417,222,195,1,118,101,17,38,33,5,6
"2011","Rotherham 003C","E01007798",543,503,312,191,0,21,18,3,14,12,2,5
"2011","Rotherham 003D","E01007799",613,374,193,181,0,190,150,40,41,33,8,8
"2011","Rotherham 003E","E01007800",698,417,199,218,4,103,75,28,163,153,10,11
"2011","Rotherham 003F","E01007818",674,591,349,242,1,31,27,4,42,39,3,9
"2011","Rotherham 004A","E01007777",651,404,154,250,1,187,168,19,48,41,7,11
"2011","Rotherham 004B","E01007793",628,388,192,196,1,195,192,3,29,25,4,15
"2011","Rotherham 004C","E01007794",553,269,146,123,1,237,236,1,35,31,4,11
"2011","Rotherham 004D","E01007795",634,580,299,281,0,25,24,1,28,25,3,1
"2011","Rotherham 005A","E01007778",593,479,208,271,0,87,87,0,14,14,0,13
"2011","Rotherham 005B","E01007779",582,262,124,138,1,263,262,1,46,39,7,10
"2011","Rotherham 005C","E01007780",616,462,259,203,0,130,127,3,18,13,5,6
"2011","Rotherham 005D","E01007781",656,366,174,192,2,237,234,3,41,36,5,10
"2011","Rotherham 005E","E01007782",597,319,127,192,4,217,191,26,52,48,4,5
"2011","Rotherham 006A","E01007771",620,509,260,249,12,23,11,12,75,67,8,1
"2011","Rotherham 006B","E01007772",556,329,123,206,2,136,131,5,81,68,13,8
"2011","Rotherham 006C","E01007773",642,385,172,213,3,124,105,19,111,100,11,19
"2011","Rotherham 006D","E01007774",605,388,166,222,9,134,105,29,73,72,1,1
"2011","Rotherham 007A","E01007696",662,363,181,182,0,87,47,40,191,180,11,21
"2011","Rotherham 007B","E01007801",614,523,244,279,1,23,13,10,66,60,6,1
"2011","Rotherham 007C","E01007802",581,477,239,238,1,48,17,31,49,47,2,6
"2011","Rotherham 007D","E01007803",547,385,188,197,1,92,90,2,62,59,3,7
"2011","Rotherham 007E","E01007808",590,563,248,315,1,1,0,1,24,18,6,1
"2011","Rotherham 008A","E01007775",545,177,77,100,0,299,259,40,48,47,1,21
"2011","Rotherham 008B","E01007776",652,347,146,201,0,208,185,23,84,73,11,13
"2011","Rotherham 008C","E01007783",813,354,136,218,1,351,300,51,78,72,6,29
"2011","Rotherham 008D","E01007784",762,420,119,301,7,118,74,44,210,196,14,7
"2011","Rotherham 009A","E01007728",483,355,176,179,1,84,83,1,36,34,2,7
"2011","Rotherham 009B","E01007729",846,265,98,167,3,517,422,95,38,30,8,23
"2011","Rotherham 009C","E01007730",702,288,128,160,0,342,338,4,63,57,6,9
"2011","Rotherham 009D","E01007731",566,366,154,212,0,103,77,26,89,75,14,8
"2011","Rotherham 009E","E01007732",766,303,147,156,2,415,409,6,30,25,5,16
"2011","Rotherham 009F","E01007733",629,298,126,172,0,293,291,2,28,25,3,10
"2011","Rotherham 010A","E01007719",525,201,86,115,0,266,221,45,46,41,5,12
"2011","Rotherham 010B","E01007720",638,432,224,208,1,149,146,3,51,45,6,5
"2011","Rotherham 010C","E01007721",711,305,111,194,1,296,205,91,94,81,13,15
"2011","Rotherham 010D","E01007727",684,289,122,167,0,322,319,3,54,47,7,19
"2011","Rotherham 011A","E01007740",595,307,136,171,0,248,248,0,32,28,4,8
"2011","Rotherham 011B","E01007804",661,312,132,180,1,308,305,3,24,20,4,16
"2011","Rotherham 011C","E01007805",641,257,94,163,0,344,339,5,28,25,3,12
"2011","Rotherham 011D","E01007806",518,246,65,181,1,231,230,1,30,26,4,10
"2011","Rotherham 011E","E01007807",607,397,195,202,1,155,155,0,39,37,2,15
"2011","Rotherham 012A","E01007681",576,497,299,198,1,40,39,1,33,25,8,5
"2011","Rotherham 012B","E01007691",884,752,367,385,10,63,54,9,47,34,13,12
"2011","Rotherham 012C","E01007692",712,557,248,309,3,86,85,1,58,50,8,8
"2011","Rotherham 012E","E01032926",642,538,93,445,3,5,4,1,94,78,16,2
"2011","Rotherham 012F","E01032927",634,494,176,318,0,30,27,3,105,92,13,5
"2011","Rotherham 013A","E01007723",589,293,122,171,0,240,238,2,43,37,6,13
"2011","Rotherham 013B","E01007735",556,166,49,117,0,329,326,3,45,38,7,16
"2011","Rotherham 013C","E01007737",595,165,52,113,1,362,352,10,54,49,5,13
"2011","Rotherham 013D","E01007738",554,218,70,148,0,259,190,69,66,62,4,11
"2011","Rotherham 013E","E01007739",619,206,82,124,2,353,334,19,28,25,3,30
"2011","Rotherham 014A","E01007736",678,195,86,109,7,341,180,161,115,110,5,20
"2011","Rotherham 014B","E01007765",641,442,201,241,0,43,27,16,151,140,11,5
"2011","Rotherham 014C","E01007766",519,280,102,178,0,204,197,7,28,24,4,7
"2011","Rotherham 014D","E01007768",816,314,180,134,2,320,159,161,143,133,10,37
"2011","Rotherham 014E","E01007770",613,348,151,197,1,193,174,19,67,63,4,4
"2011","Rotherham 015A","E01007741",680,621,351,270,1,9,7,2,46,38,8,3
"2011","Rotherham 015B","E01007742",607,429,217,212,6,131,128,3,29,24,5,12
"2011","Rotherham 015C","E01007743",502,438,201,237,3,35,2,33,20,17,3,6
"2011","Rotherham 015D","E01007744",713,458,214,244,12,134,113,21,99,93,6,10
"2011","Rotherham 015E","E01007745",677,374,164,210,2,254,245,9,30,27,3,17
"2011","Rotherham 015F","E01007746",587,453,203,250,0,98,96,2,29,27,2,7
"2011","Rotherham 016A","E01007715",643,223,117,106,1,151,65,86,243,229,14,25
"2011","Rotherham 016B","E01007716",744,236,136,100,2,288,238,50,184,177,7,34
"2011","Rotherham 016C","E01007717",813,449,178,271,3,203,99,104,139,128,11,19
"2011","Rotherham 016D","E01007718",653,289,120,169,1,245,76,169,109,101,8,9
"2011","Rotherham 017A","E01007677",558,182,86,96,0,269,184,85,92,87,5,15
"2011","Rotherham 017B","E01007714",990,239,119,120,10,392,280,112,306,298,8,43
"2011","Rotherham 017C","E01007767",671,377,171,206,3,118,13,105,160,149,11,13
"2011","Rotherham 017D","E01007769",614,203,112,91,5,135,63,72,238,226,12,33
"2011","Rotherham 018A","E01007685",597,535,238,297,1,4,3,1,49,43,6,8
"2011","Rotherham 018B","E01007754",523,440,116,324,0,33,25,8,48,44,4,2
"2011","Rotherham 018C","E01007755",573,515,197,318,0,11,7,4,42,34,8,5
"2011","Rotherham 018D","E01007756",601,531,221,310,1,28,26,2,29,27,2,12
"2011","Rotherham 018E","E01007761",701,458,193,265,0,165,143,22,61,50,11,17
"2011","Rotherham 018F","E01007762",582,430,231,199,0,95,91,4,42,35,7,15
"2011","Rotherham 019A","E01007682",555,429,202,227,2,79,73,6,42,39,3,3
"2011","Rotherham 019B","E01007683",582,475,214,261,1,60,55,5,41,38,3,5
"2011","Rotherham 019C","E01007686",686,557,381,176,2,51,8,43,64,60,4,12
"2011","Rotherham 019D","E01007688",654,314,175,139,1,31,9,22,304,303,1,4
"2011","Rotherham 019E","E01007725",477,402,139,263,1,32,29,3,39,37,2,3
"2011","Rotherham 019F","E01007726",733,285,114,171,1,346,281,65,91,77,14,10
"2011","Rotherham 020A","E01007757",674,554,297,257,0,46,21,25,64,57,7,10
"2011","Rotherham 020B","E01007758",565,334,148,186,1,93,50,43,133,129,4,4
"2011","Rotherham 020C","E01007759",670,407,200,207,2,181,150,31,60,53,7,20
"2011","Rotherham 020D","E01007760",786,367,166,201,5,148,60,88,252,234,18,14
"2011","Rotherham 020E","E01007763",674,357,190,167,1,133,87,46,171,163,8,12
"2011","Rotherham 020F","E01007764",691,193,99,94,1,367,170,197,115,110,5,15
"2011","Rotherham 021A","E01007708",761,309,111,198,4,365,260,105,64,56,8,19
"2011","Rotherham 021B","E01007709",611,574,309,265,0,7,5,2,24,21,3,6
"2011","Rotherham 021C","E01007710",656,602,357,245,0,10,7,3,39,34,5,5
"2011","Rotherham 021D","E01007711",688,624,337,287,3,8,7,1,45,42,3,8
"2011","Rotherham 021E","E01007724",584,404,210,194,0,15,8,7,158,153,5,7
"2011","Rotherham 021F","E01007734",768,280,89,191,6,401,358,43,60,51,9,21
"2011","Rotherham 022A","E01007684",666,534,210,324,6,15,13,2,104,90,14,7
"2011","Rotherham 022B","E01007687",644,503,285,218,1,89,88,1,40,35,5,11
"2011","Rotherham 022C","E01007689",623,466,164,302,13,112,76,36,25,18,7,7
"2011","Rotherham 022D","E01007690",694,608,358,250,0,22,18,4,58,51,7,6
"2011","Rotherham 023A","E01007675",653,485,231,254,1,76,56,20,83,77,6,8
"2011","Rotherham 023B","E01007678",662,534,333,201,0,49,28,21,74,66,8,5
"2011","Rotherham 023C","E01007679",748,444,248,196,2,207,166,41,74,69,5,21
"2011","Rotherham 023D","E01007680",684,405,222,183,3,105,50,55,156,150,6,15
"2011","Rotherham 023E","E01007712",747,619,340,279,0,26,5,21,92,82,10,10
"2011","Rotherham 023F","E01007713",632,590,347,243,1,6,3,3,29,28,1,6
"2011","Rotherham 024A","E01007811",579,521,298,223,1,12,10,2,36,31,5,9
"2011","Rotherham 024B","E01007812",544,297,138,159,1,202,179,23,36,32,4,8
"2011","Rotherham 024C","E01007813",591,429,183,246,4,92,90,2,57,48,9,9
"2011","Rotherham 024D","E01007814",474,360,208,152,0,67,39,28,39,35,4,8
"2011","Rotherham 025A","E01007676",719,392,172,220,7,235,168,67,76,58,18,9
"2011","Rotherham 025B","E01007702",614,377,125,252,1,61,54,7,168,156,12,7
"2011","Rotherham 025C","E01007703",500,436,232,204,1,36,35,1,24,23,1,3
"2011","Rotherham 025D","E01007704",670,470,260,210,3,145,132,13,40,40,0,12
"2011","Rotherham 025E","E01007705",593,530,281,249,1,7,5,2,49,46,3,6
"2011","Rotherham 025F","E01007707",649,570,312,258,3,44,43,1,26,19,7,6
"2011","Rotherham 026A","E01007666",570,475,248,227,1,37,36,1,50,43,7,7
"2011","Rotherham 026B","E01007809",726,368,184,184,3,260,256,4,73,67,6,22
"2011","Rotherham 026C","E01007810",793,572,267,305,2,135,134,1,72,65,7,12
"2011","Rotherham 026D","E01007815",705,408,174,234,1,77,75,2,199,189,10,20
"2011","Rotherham 027A","E01007665",702,571,240,331,0,79,71,8,44,39,5,8
"2011","Rotherham 027B","E01007699",755,469,150,319,1,186,184,2,89,83,6,10
"2011","Rotherham 027C","E01007700",719,525,137,388,4,66,44,22,109,99,10,15
"2011","Rotherham 027D","E01007701",723,340,144,196,0,233,229,4,132,124,8,18
"2011","Rotherham 027E","E01007706",556,474,206,268,1,21,17,4,56,51,5,4
"2011","Rotherham 028A","E01007787",1197,898,351,547,1,83,31,52,201,178,23,14
"2011","Rotherham 028B","E01007788",659,505,241,264,2,54,52,2,87,77,10,11
"2011","Rotherham 028C","E01007789",739,415,179,236,1,215,159,56,94,83,11,14
"2011","Rotherham 028D","E01007792",484,454,156,298,1,9,8,1,18,17,1,2
"2011","Rotherham 029A","E01007657",582,512,259,253,1,14,14,0,52,48,4,3
"2011","Rotherham 029B","E01007659",472,427,214,213,1,7,6,1,34,30,4,3
"2011","Rotherham 029C","E01007785",519,409,174,235,1,62,60,2,39,30,9,8
"2011","Rotherham 029D","E01007786",486,425,216,209,2,16,16,0,38,36,2,5
"2011","Rotherham 029E","E01007790",696,274,141,133,1,169,130,39,238,223,15,14
"2011","Rotherham 029F","E01007791",551,349,149,200,1,108,108,0,85,81,4,8
"2011","Rotherham 030A","E01007667",579,396,165,231,0,129,128,1,49,44,5,5
"2011","Rotherham 030B","E01007668",690,204,85,119,1,397,341,56,72,66,6,16
"2011","Rotherham 030C","E01007669",647,561,332,229,0,48,37,11,31,28,3,7
"2011","Rotherham 030D","E01007670",610,559,294,265,1,6,4,2,32,22,10,12
"2011","Rotherham 030E","E01007672",589,536,256,280,1,14,12,2,38,33,5,0
"2011","Rotherham 030F","E01007673",640,345,160,185,2,223,219,4,53,50,3,17
"2011","Rotherham 031A","E01007671",822,687,264,423,0,13,11,2,114,103,11,8
"2011","Rotherham 031B","E01007674",817,738,294,444,2,18,14,4,55,48,7,4
"2011","Rotherham 031C","E01007747",537,302,123,179,0,178,176,2,50,46,4,7
"2011","Rotherham 031D","E01007750",642,547,302,245,0,37,35,2,47,42,5,11
"2011","Rotherham 032A","E01007658",581,504,226,278,0,16,15,1,56,52,4,5
"2011","Rotherham 032B","E01007660",488,445,234,211,0,21,20,1,15,15,0,7
"2011","Rotherham 032C","E01007661",574,479,258,221,0,52,51,1,39,33,6,4
"2011","Rotherham 032D","E01007662",470,212,103,109,1,231,230,1,19,17,2,7
"2011","Rotherham 032E","E01007663",637,570,350,220,0,7,7,0,56,48,8,4
"2011","Rotherham 032F","E01007664",828,710,451,259,0,53,52,1,51,40,11,14
"2011","Rotherham 033A","E01007748",648,479,293,186,4,113,113,0,39,37,2,13
"2011","Rotherham 033B","E01007749",762,638,281,357,1,25,18,7,93,84,9,5
"2011","Rotherham 033C","E01007751",834,533,165,368,5,140,66,74,142,126,16,14
"2011","Rotherham 033D","E01007752",619,546,280,266,0,7,5,2,57,51,6,9
"2011","Rotherham 033E","E01007753",670,479,254,225,3,123,122,1,42,35,7,23
"2011","Sheffield 001A","E01008144",716,537,267,270,0,36,27,9,130,116,14,13
"2011","Sheffield 001B","E01008145",712,369,179,190,0,302,274,28,30,28,2,11
"2011","Sheffield 001C","E01008148",637,482,273,209,1,122,115,7,28,27,1,4
"2011","Sheffield 001D","E01008149",653,580,309,271,0,6,5,1,60,53,7,7
"2011","Sheffield 001E","E01008150",638,431,173,258,4,129,121,8,73,59,14,1
"2011","Sheffield 002A","E01008142",623,453,186,267,1,104,101,3,58,54,4,7
"2011","Sheffield 002B","E01008143",776,566,232,334,2,116,111,5,84,79,5,8
"2011","Sheffield 002C","E01008146",523,508,250,258,0,1,1,0,12,12,0,2
"2011","Sheffield 002D","E01008147",617,519,279,240,1,54,52,2,37,32,5,6
"2011","Sheffield 003A","E01007888",553,501,209,292,1,19,16,3,32,28,4,0
"2011","Sheffield 003B","E01007892",639,243,92,151,1,348,308,40,41,37,4,6
"2011","Sheffield 003C","E01007893",627,580,307,273,1,19,19,0,24,24,0,3
"2011","Sheffield 003D","E01007898",619,546,214,332,0,10,10,0,59,56,3,4
"2011","Sheffield 003E","E01007899",612,570,329,241,0,14,14,0,23,21,2,5
"2011","Sheffield 003F","E01007900",760,480,188,292,3,197,191,6,70,61,9,10
"2011","Sheffield 003G","E01007901",712,293,120,173,1,386,373,13,25,24,1,7
"2011","Sheffield 004A","E01007887",605,438,183,255,1,124,118,6,40,34,6,2
"2011","Sheffield 004B","E01007889",1044,920,314,606,1,29,24,5,89,76,13,5
"2011","Sheffield 004C","E01007890",585,531,262,269,2,16,13,3,28,22,6,8
"2011","Sheffield 004D","E01007891",659,616,348,268,1,10,6,4,28,27,1,4
"2011","Sheffield 004E","E01007894",639,509,221,288,2,25,21,4,95,85,10,8
"2011","Sheffield 004F","E01007895",645,384,170,214,1,231,203,28,25,17,8,4
"2011","Sheffield 004G","E01007896",551,523,280,243,3,6,5,1,19,19,0,0
"2011","Sheffield 005A","E01007897",622,562,351,211,0,10,9,1,44,40,4,6
"2011","Sheffield 005B","E01008134",616,460,265,195,3,99,91,8,47,42,5,7
"2011","Sheffield 005C","E01008135",758,600,244,356,2,36,18,18,112,99,13,8
"2011","Sheffield 005D","E01008137",626,590,357,233,0,6,5,1,24,22,2,6
"2011","Sheffield 005E","E01008141",667,588,323,265,2,25,25,0,47,45,2,5
"2011","Sheffield 006A","E01008053",565,276,114,162,1,258,250,8,25,17,8,5
"2011","Sheffield 006B","E01008056",594,383,135,248,2,178,175,3,29,28,1,2
"2011","Sheffield 006C","E01008058",620,478,216,262,2,104,101,3,30,26,4,6
"2011","Sheffield 006D","E01008138",630,313,143,170,1,287,263,24,28,25,3,1
"2011","Sheffield 006E","E01008139",707,484,259,225,6,104,101,3,102,94,8,11
"2011","Sheffield 007A","E01007856",543,278,86,192,0,213,60,153,48,42,6,4
"2011","Sheffield 007B","E01008054",537,217,78,139,0,282,54,228,34,32,2,4
"2011","Sheffield 007C","E01008055",607,236,75,161,1,330,64,266,39,34,5,1
"2011","Sheffield 007D","E01008057",600,271,91,180,0,290,66,224,34,32,2,5
"2011","Sheffield 008A","E01008126",646,571,341,230,2,48,46,2,22,17,5,3
"2011","Sheffield 008C","E01008128",723,529,263,266,2,49,28,21,121,106,15,22
"2011","Sheffield 008D","E01008136",584,406,186,220,0,136,129,7,35,24,11,7
"2011","Sheffield 008E","E01008140",848,564,215,349,4,171,161,10,102,90,12,7
"2011","Sheffield 008F","E01033275",655,450,134,316,9,83,4,79,111,105,6,2
"2011","Sheffield 008G","E01033280",601,551,229,322,0,11,9,2,35,32,3,4
"2011","Sheffield 009A","E01008085",617,272,107,165,1,311,303,8,31,23,8,2
"2011","Sheffield 009B","E01008086",575,286,110,176,0,258,253,5,27,22,5,4
"2011","Sheffield 009C","E01008116",552,210,82,128,0,317,312,5,20,16,4,5
"2011","Sheffield 009D","E01008117",555,225,99,126,0,307,299,8,20,17,3,3
"2011","Sheffield 009E","E01008118",616,290,124,166,0,299,290,9,22,20,2,5
"2011","Sheffield 009F","E01008119",469,217,79,138,1,228,225,3,21,16,5,2
"2011","Sheffield 009G","E01008125",612,386,202,184,1,198,190,8,26,19,7,1
"2011","Sheffield 010A","E01007849",866,408,142,266,16,257,175,82,178,166,12,7
"2011","Sheffield 010B","E01007857",650,289,101,188,1,315,82,233,40,29,11,5
"2011","Sheffield 010C","E01008059",633,274,92,182,1,310,62,248,44,36,8,4
"2011","Sheffield 010D","E01008060",624,232,74,158,0,354,75,279,34,27,7,4
"2011","Sheffield 011A","E01008061",649,277,113,164,0,307,229,78,62,57,5,3
"2011","Sheffield 011B","E01008063",702,448,240,208,0,213,203,10,36,33,3,5
"2011","Sheffield 011E","E01033277",954,345,135,210,2,526,467,59,71,66,5,10
"2011","Sheffield 012A","E01008087",667,560,279,281,0,26,19,7,74,66,8,7
"2011","Sheffield 012B","E01008088",658,497,225,272,0,114,77,37,43,35,8,4
"2011","Sheffield 012C","E01008090",742,284,95,189,0,411,391,20,44,38,6,3
"2011","Sheffield 012D","E01008092",726,217,92,125,1,472,348,124,31,27,4,5
"2011","Sheffield 012E","E01008122",548,162,63,99,2,355,338,17,25,23,2,4
"2011","Sheffield 012F","E01008124",663,165,61,104,1,431,412,19,62,56,6,4
"2011","Sheffield 013A","E01007848",689,257,96,161,2,369,285,84,55,47,8,6
"2011","Sheffield 013B","E01007851",524,300,141,159,2,168,68,100,49,40,9,5
"2011","Sheffield 013C","E01007947",868,152,74,78,1,664,642,22,41,41,0,10
"2011","Sheffield 013D","E01007948",612,219,87,132,3,344,316,28,44,39,5,2
"2011","Sheffield 013E","E01008062",608,192,69,123,1,383,315,68,28,27,1,4
"2011","Sheffield 014A","E01007847",643,354,182,172,1,225,191,34,59,56,3,4
"2011","Sheffield 014B","E01007850",619,518,284,234,2,45,17,28,48,39,9,6
"2011","Sheffield 014C","E01007852",637,451,180,271,2,65,26,39,115,108,7,4
"2011","Sheffield 014D","E01007853",691,540,241,299,4,90,21,69,56,50,6,1
"2011","Sheffield 014E","E01007854",645,326,121,205,1,235,75,160,70,65,5,13
"2011","Sheffield 014F","E01007855",785,452,169,283,1,79,25,54,250,236,14,3
"2011","Sheffield 015A","E01007941",656,287,125,162,0,319,231,88,44,35,9,6
"2011","Sheffield 015B","E01007945",747,324,114,210,1,373,298,75,45,39,6,4
"2011","Sheffield 015C","E01007946",623,224,70,154,1,358,279,79,36,30,6,4
"2011","Sheffield 015D","E01007950",634,288,114,174,0,313,303,10,26,22,4,7
"2011","Sheffield 015E","E01008123",519,227,100,127,1,261,240,21,30,26,4,0
"2011","Sheffield 016A","E01007987",593,495,195,300,1,13,4,9,82,77,5,2
"2011","Sheffield 016B","E01007988",651,529,260,269,0,70,17,53,50,41,9,2
"2011","Sheffield 016C","E01007989",607,468,217,251,1,8,3,5,124,114,10,6
"2011","Sheffield 016D","E01007991",623,272,138,134,2,295,14,281,47,40,7,7
"2011","Sheffield 017A","E01007995",696,460,148,312,6,14,6,8,209,188,21,7
"2011","Sheffield 017B","E01008089",672,285,109,176,1,276,263,13,99,90,9,11
"2011","Sheffield 017C","E01008091",647,495,178,317,1,26,8,18,119,108,11,6
"2011","Sheffield 017D","E01008093",773,461,207,254,2,85,48,37,219,210,9,6
"2011","Sheffield 018A","E01007903",589,363,192,171,4,137,112,25,74,60,14,11
"2011","Sheffield 018B","E01007904",675,187,86,101,4,420,365,55,59,50,9,5
"2011","Sheffield 018C","E01007913",477,230,138,92,5,70,15,55,156,142,14,16
"2011","Sheffield 018D","E01007914",494,247,147,100,2,84,13,71,149,124,25,12
"2011","Sheffield 019A","E01007870",738,368,185,183,0,217,114,103,143,134,9,10
"2011","Sheffield 019B","E01007871",855,323,156,167,2,459,421,38,63,55,8,8
"2011","Sheffield 019C","E01007943",794,210,76,134,13,516,460,56,49,44,5,6
"2011","Sheffield 019D","E01008094",471,218,101,117,2,216,210,6,34,31,3,1
"2011","Sheffield 020A","E01007869",508,318,174,144,1,98,15,83,84,75,9,7
"2011","Sheffield 020B","E01007872",627,429,249,180,2,59,40,19,124,119,5,13
"2011","Sheffield 020C","E01007873",647,243,148,95,2,301,229,72,87,82,5,14
"2011","Sheffield 020D","E01007942",518,310,181,129,1,68,20,48,124,117,7,15
"2011","Sheffield 020E","E01007949",502,318,164,154,3,36,9,27,138,128,10,7
"2011","Sheffield 021A","E01007990",661,462,234,228,0,162,24,138,31,24,7,6
"2011","Sheffield 021B","E01007992",698,528,200,328,0,53,35,18,112,99,13,5
"2011","Sheffield 021C","E01007993",689,418,173,245,1,222,45,177,45,38,7,3
"2011","Sheffield 021D","E01007994",607,484,182,302,2,14,4,10,102,91,11,5
"2011","Sheffield 021E","E01007996",702,466,198,268,2,89,21,68,140,121,19,5
"2011","Sheffield 022A","E01007874",669,193,99,94,14,379,311,68,73,61,12,10
"2011","Sheffield 022B","E01007875",607,169,88,81,3,292,137,155,117,115,2,26
"2011","Sheffield 022D","E01007877",418,259,144,115,1,47,17,30,106,104,2,5
"2011","Sheffield 022E","E01007940",630,221,115,106,10,250,194,56,134,126,8,15
"2011","Sheffield 022F","E01007944",593,278,172,106,3,67,19,48,228,211,17,17
"2011","Sheffield 022G","E01033269",666,105,44,61,5,425,320,105,111,106,5,20
"2011","Sheffield 022H","E01033270",787,62,25,37,71,225,198,27,420,410,10,9
"2011","Sheffield 023A","E01008129",578,464,239,225,1,49,47,2,58,43,15,6
"2011","Sheffield 023B","E01008130",647,522,302,220,1,88,20,68,32,29,3,4
"2011","Sheffield 023C","E01008131",650,547,269,278,0,68,66,2,31,28,3,4
"2011","Sheffield 023D","E01008132",558,534,266,268,0,9,7,2,15,12,3,0
"2011","Sheffield 023E","E01008133",744,509,296,213,0,182,170,12,47,41,6,6
"2011","Sheffield 024A","E01008151",699,394,173,221,3,33,15,18,264,249,15,5
"2011","Sheffield 024B","E01008153",839,500,178,322,2,117,94,23,214,193,21,6
"2011","Sheffield 024C","E01008154",807,500,237,263,5,127,83,44,169,159,10,6
"2011","Sheffield 024D","E01008155",722,382,160,222,1,122,93,29,213,197,16,4
"2011","Sheffield 024E","E01008156",674,589,302,287,2,11,8,3,68,63,5,4
"2011","Sheffield 024F","E01008160",657,484,213,271,0,86,6,80,80,72,8,7
"2011","Sheffield 025A","E01007997",644,560,320,240,0,65,64,1,15,12,3,4
"2011","Sheffield 025B","E01007998",891,352,150,202,0,512,495,17,20,17,3,7
"2011","Sheffield 025C","E01008152",665,532,262,270,1,92,84,8,38,32,6,2
"2011","Sheffield 025D","E01008158",730,409,198,211,0,270,265,5,46,29,17,5
"2011","Sheffield 026A","E01008065",965,89,40,49,6,750,667,83,107,102,5,13
"2011","Sheffield 026B","E01008068",891,123,55,68,2,499,425,74,257,240,17,10
"2011","Sheffield 026C","E01008072",656,245,112,133,8,283,183,100,112,100,12,8
"2011","Sheffield 026D","E01008157",859,267,110,157,1,496,465,31,88,78,10,7
"2011","Sheffield 026E","E01008161",805,537,223,314,5,55,32,23,200,184,16,8
"2011","Sheffield 027A","E01007883",414,147,70,77,1,198,92,106,59,54,5,9
"2011","Sheffield 027B","E01007902",792,217,115,102,4,482,419,63,78,71,7,11
"2011","Sheffield 027C","E01007905",513,194,43,151,3,219,23,196,86,73,13,11
"2011","Sheffield 027D","E01007906",631,297,147,150,8,179,117,62,139,130,9,8
"2011","Sheffield 028A","E01008064",628,291,138,153,4,11,8,3,316,287,29,6
"2011","Sheffield 028B","E01008066",456,125,56,69,1,32,24,8,291,279,12,7
"2011","Sheffield 028C","E01008069",573,211,95,116,3,44,39,5,306,284,22,9
"2011","Sheffield 028D","E01008074",561,315,148,167,5,16,12,4,223,210,13,2
"2011","Sheffield 029A","E01007951",695,486,259,227,3,48,44,4,149,137,12,9
"2011","Sheffield 029B","E01007960",694,440,226,214,0,24,5,19,223,200,23,7
"2011","Sheffield 029C","E01007962",628,222,98,124,3,146,133,13,249,228,21,8
"2011","Sheffield 029D","E01008159",762,516,230,286,4,11,6,5,224,214,10,7
"2011","Sheffield 030A","E01007866",572,225,108,117,11,51,5,46,280,271,9,5
"2011","Sheffield 030B","E01007867",634,134,51,83,3,77,9,68,409,402,7,11
"2011","Sheffield 030C","E01007868",493,253,147,106,1,46,11,35,188,181,7,5
"2011","Sheffield 030D","E01008067",472,76,35,41,1,68,28,40,325,320,5,2
"2011","Sheffield 030E","E01008073",700,279,115,164,11,228,127,101,176,163,13,6
"2011","Sheffield 032A","E01007907",585,471,217,254,0,24,17,7,84,79,5,6
"2011","Sheffield 032B","E01007908",658,553,219,334,0,6,3,3,93,80,13,6
"2011","Sheffield 032C","E01007909",869,652,232,420,4,88,80,8,115,99,16,10
"2011","Sheffield 032D","E01007911",592,547,305,242,0,10,6,4,33,28,5,2
"2011","Sheffield 032E","E01008014",686,377,176,201,1,202,190,12,104,88,16,2
"2011","Sheffield 032F","E01008016",621,420,200,220,2,141,133,8,54,45,9,4
"2011","Sheffield 033A","E01007952",644,584,331,253,1,5,5,0,45,41,4,9
"2011","Sheffield 033B","E01007953",844,488,316,172,1,280,198,82,64,56,8,11
"2011","Sheffield 033C","E01007954",650,589,310,279,1,5,3,2,49,45,4,6
"2011","Sheffield 033D","E01007961",591,521,266,255,1,22,20,2,41,38,3,6
"2011","Sheffield 036A","E01007859",459,180,113,67,3,24,5,19,248,173,75,4
"2011","Sheffield 036B","E01007860",607,220,122,98,0,87,28,59,294,264,30,6
"2011","Sheffield 036C","E01007863",660,352,175,177,4,59,8,51,236,217,19,9
"2011","Sheffield 036D","E01007864",521,105,53,52,4,12,3,9,398,389,9,2
"2011","Sheffield 036E","E01008104",511,172,89,83,2,107,77,30,222,196,26,8
"2011","Sheffield 037A","E01007910",727,369,169,200,5,274,49,225,72,63,9,7
"2011","Sheffield 037B","E01007912",696,504,250,254,0,139,48,91,48,44,4,5
"2011","Sheffield 037C","E01007971",619,392,170,222,1,184,169,15,40,33,7,2
"2011","Sheffield 037D","E01007973",640,560,301,259,11,32,26,6,33,24,9,4
"2011","Sheffield 038A","E01007858",649,440,219,221,1,30,7,23,168,154,14,10
"2011","Sheffield 038B","E01007861",676,579,346,233,0,7,4,3,84,76,8,6
"2011","Sheffield 038C","E01007862",682,295,190,105,3,60,4,56,319,184,135,5
"2011","Sheffield 038D","E01007865",762,556,258,298,1,48,5,43,155,147,8,2
"2011","Sheffield 039A","E01008011",684,120,39,81,9,504,77,427,45,34,11,6
"2011","Sheffield 039B","E01008012",964,242,58,184,2,492,228,264,221,201,20,7
"2011","Sheffield 039C","E01008013",527,168,49,119,1,288,186,102,65,60,5,5
"2011","Sheffield 039D","E01008015",741,284,109,175,1,386,94,292,58,47,11,12
"2011","Sheffield 039E","E01008017",709,193,66,127,0,455,134,321,57,43,14,4
"2011","Sheffield 039F","E01008018",553,210,74,136,0,311,81,230,30,21,9,2
"2011","Sheffield 040A","E01008105",734,223,93,130,2,102,41,61,402,379,23,5
"2011","Sheffield 040C","E01008107",630,163,78,85,1,304,176,128,148,138,10,14
"2011","Sheffield 040D","E01008111",574,181,91,90,2,38,22,16,349,342,7,4
"2011","Sheffield 040E","E01033271",778,43,29,14,0,550,517,33,169,163,6,16
"2011","Sheffield 040F","E01033272",675,86,37,49,0,258,193,65,323,316,7,8
"2011","Sheffield 041A","E01007955",538,488,278,210,0,34,34,0,15,9,6,1
"2011","Sheffield 041B","E01007956",910,805,456,349,1,22,20,2,74,67,7,8
"2011","Sheffield 041C","E01007957",645,605,326,279,1,3,2,1,34,31,3,2
"2011","Sheffield 041D","E01007958",618,557,343,214,2,4,3,1,48,41,7,7
"2011","Sheffield 041E","E01007959",595,560,315,245,2,2,2,0,26,24,2,5
"2011","Sheffield 042A","E01008108",722,190,71,119,1,82,35,47,443,413,30,6
"2011","Sheffield 042B","E01008109",727,217,101,116,4,177,109,68,320,296,24,9
"2011","Sheffield 042D","E01008112",575,228,81,147,2,75,61,14,254,233,21,16
"2011","Sheffield 042E","E01008113",648,359,152,207,1,65,50,15,215,198,17,8
"2011","Sheffield 042F","E01033273",550,115,52,63,2,122,83,39,302,281,21,9
"2011","Sheffield 042G","E01033274",569,53,15,38,26,73,3,70,410,394,16,7
"2011","Sheffield 043A","E01008095",629,146,78,68,19,233,130,103,228,213,15,3
"2011","Sheffield 043B","E01008096",939,259,105,154,6,499,261,238,167,149,18,8
"2011","Sheffield 043C","E01008097",710,226,93,133,5,428,304,124,42,39,3,9
"2011","Sheffield 043D","E01008101",823,361,105,256,3,397,375,22,57,49,8,5
"2011","Sheffield 044A","E01007965",839,363,169,194,31,409,198,211,33,28,5,3
"2011","Sheffield 044B","E01007969",626,443,194,249,1,125,79,46,53,47,6,4
"2011","Sheffield 044C","E01007972",613,571,305,266,0,9,6,3,30,28,2,3
"2011","Sheffield 044D","E01007974",561,450,159,291,7,52,26,26,47,43,4,5
"2011","Sheffield 045A","E01007963",721,443,216,227,3,220,196,24,49,42,7,6
"2011","Sheffield 045B","E01007967",780,397,147,250,1,330,315,15,46,36,10,6
"2011","Sheffield 045C","E01007999",562,462,195,267,1,66,61,5,31,30,1,2
"2011","Sheffield 045D","E01008008",741,316,138,178,0,355,271,84,68,61,7,2
"2011","Sheffield 045E","E01008009",615,193,64,129,1,359,109,250,59,50,9,3
"2011","Sheffield 046A","E01008043",684,602,324,278,0,7,6,1,71,62,9,4
"2011","Sheffield 046B","E01008044",621,567,310,257,0,9,7,2,39,33,6,6
"2011","Sheffield 046C","E01008047",607,283,117,166,3,18,4,14,297,284,13,6
"2011","Sheffield 046D","E01008048",537,254,120,134,2,21,1,20,257,248,9,3
"2011","Sheffield 046E","E01008050",593,306,115,191,2,10,7,3,265,247,18,10
"2011","Sheffield 047A","E01007931",644,611,355,256,0,2,2,0,26,23,3,5
"2011","Sheffield 047B","E01007934",590,488,236,252,1,43,5,38,55,49,6,3
"2011","Sheffield 047C","E01007935",557,392,149,243,1,5,1,4,157,148,9,2
"2011","Sheffield 047D","E01007936",662,451,161,290,8,9,2,7,190,183,7,4
"2011","Sheffield 047E","E01007937",575,514,270,244,0,5,3,2,50,46,4,6
"2011","Sheffield 047F","E01007938",591,563,283,280,1,2,2,0,24,20,4,1
"2011","Sheffield 048A","E01008098",632,206,68,138,0,373,357,16,49,46,3,4
"2011","Sheffield 048B","E01008100",551,177,64,113,3,341,314,27,26,22,4,4
"2011","Sheffield 048C","E01008102",540,176,63,113,0,323,284,39,37,31,6,4
"2011","Sheffield 048D","E01008103",598,179,61,118,0,364,340,24,46,43,3,9
"2011","Sheffield 049A","E01007964",716,455,179,276,5,189,144,45,65,61,4,2
"2011","Sheffield 049B","E01007966",652,415,135,280,1,182,173,9,46,40,6,8
"2011","Sheffield 049C","E01007968",622,294,144,150,2,264,224,40,57,52,5,5
"2011","Sheffield 049D","E01007970",986,208,100,108,1,720,677,43,51,46,5,6
"2011","Sheffield 050A","E01008042",643,397,195,202,26,19,9,10,195,183,12,6
"2011","Sheffield 050B","E01008045",541,385,169,216,3,46,7,39,102,97,5,5
"2011","Sheffield 050C","E01008046",704,415,147,268,9,21,8,13,255,243,12,4
"2011","Sheffield 050D","E01008049",763,445,235,210,1,146,24,122,163,149,14,8
"2011","Sheffield 050E","E01008051",642,383,167,216,1,36,7,29,215,205,10,7
"2011","Sheffield 050F","E01008052",791,476,205,271,5,28,7,21,269,249,20,13
"2011","Sheffield 051A","E01007975",814,349,146,203,0,335,275,60,126,117,9,4
"2011","Sheffield 051B","E01007976",664,390,159,231,0,199,182,17,68,58,10,7
"2011","Sheffield 051C","E01007977",849,220,106,114,2,580,520,60,34,26,8,13
"2011","Sheffield 051D","E01007979",666,169,73,96,1,444,370,74,48,45,3,4
"2011","Sheffield 051E","E01008099",654,438,152,286,5,61,51,10,147,117,30,3
"2011","Sheffield 052A","E01008000",690,488,221,267,2,98,81,17,95,84,11,7
"2011","Sheffield 052B","E01008001",662,441,206,235,1,146,131,15,67,61,6,7
"2011","Sheffield 052C","E01008004",739,476,230,246,1,189,105,84,68,60,8,5
"2011","Sheffield 052D","E01008005",711,582,301,281,0,69,68,1,55,43,12,5
"2011","Sheffield 052E","E01008010",592,337,136,201,0,202,63,139,48,35,13,5
"2011","Sheffield 053A","E01007978",759,396,135,261,2,58,19,39,299,286,13,4
"2011","Sheffield 053B","E01007980",669,468,155,313,2,41,1,40,152,139,13,6
"2011","Sheffield 053C","E01007981",602,425,166,259,1,17,3,14,155,147,8,4
"2011","Sheffield 053D","E01007983",651,485,148,337,1,14,5,9,147,137,10,4
"2011","Sheffield 053E","E01007985",662,548,233,315,0,14,7,7,96,83,13,4
"2011","Sheffield 054A","E01007982",802,405,163,242,1,327,316,11,64,60,4,5
"2011","Sheffield 054B","E01008002",695,608,312,296,0,39,36,3,43,36,7,5
"2011","Sheffield 054C","E01008003",634,503,250,253,0,87,70,17,41,36,5,3
"2011","Sheffield 054D","E01008006",637,532,309,223,1,40,40,0,60,53,7,4
"2011","Sheffield 055A","E01007927",656,623,374,249,2,8,4,4,16,13,3,7
"2011","Sheffield 055B","E01007928",706,650,376,274,1,17,2,15,32,30,2,6
"2011","Sheffield 055C","E01007929",641,565,289,276,0,10,7,3,62,54,8,4
"2011","Sheffield 055D","E01007930",543,515,273,242,1,6,2,4,18,16,2,3
"2011","Sheffield 055E","E01007932",595,533,277,256,0,27,2,25,35,35,0,0
"2011","Sheffield 055F","E01007939",653,573,317,256,2,31,27,4,39,36,3,8
"2011","Sheffield 056A","E01008028",665,410,148,262,6,162,133,29,80,69,11,7
"2011","Sheffield 056B","E01008029",598,338,123,215,1,225,215,10,31,26,5,3
"2011","Sheffield 056C","E01008032",637,387,155,232,4,172,140,32,71,64,7,3
"2011","Sheffield 056D","E01008034",684,422,153,269,4,191,130,61,64,57,7,3
"2011","Sheffield 059A","E01007828",749,504,228,276,2,138,131,7,94,86,8,11
"2011","Sheffield 059B","E01007829",731,519,206,313,1,27,10,17,179,166,13,5
"2011","Sheffield 059C","E01007831",672,484,201,283,1,8,7,1,173,161,12,6
"2011","Sheffield 059D","E01007832",686,538,221,317,2,37,25,12,108,94,14,1
"2011","Sheffield 059E","E01007986",662,462,175,287,1,7,5,2,190,171,19,2
"2011","Sheffield 060A","E01008007",826,323,158,165,2,447,341,106,47,41,6,7
"2011","Sheffield 060B","E01008075",623,212,83,129,2,349,338,11,54,44,10,6
"2011","Sheffield 060C","E01008076",625,266,114,152,3,315,302,13,35,30,5,6
"2011","Sheffield 060D","E01008077",692,368,157,211,1,266,257,9,52,49,3,5
"2011","Sheffield 061A","E01008031",630,406,146,260,1,189,163,26,32,25,7,2
"2011","Sheffield 061B","E01008033",604,451,247,204,14,99,98,1,33,28,5,7
"2011","Sheffield 061C","E01008038",742,687,403,284,0,10,5,5,37,32,5,8
"2011","Sheffield 061D","E01008040",693,526,188,338,1,125,37,88,38,35,3,3
"2011","Sheffield 062A","E01007835",618,488,257,231,0,91,51,40,34,31,3,5
"2011","Sheffield 062B","E01007836",698,565,322,243,1,74,71,3,53,46,7,5
"2011","Sheffield 062C","E01007843",776,370,151,219,0,355,343,12,44,35,9,7
"2011","Sheffield 062D","E01007846",642,526,249,277,4,33,29,4,68,59,9,11
"2011","Sheffield 063A","E01008030",558,455,166,289,1,37,19,18,62,57,5,3
"2011","Sheffield 063B","E01008035",473,442,184,258,1,1,1,0,27,25,2,2
"2011","Sheffield 063C","E01008036",601,517,169,348,4,13,4,9,61,58,3,6
"2011","Sheffield 063D","E01008041",563,497,145,352,3,21,14,7,41,37,4,1
"2011","Sheffield 064A","E01007827",701,609,312,297,0,18,5,13,66,52,14,8
"2011","Sheffield 064B","E01007830",663,487,250,237,0,121,102,19,45,36,9,10
"2011","Sheffield 064C","E01007833",795,581,325,256,2,180,159,21,24,21,3,8
"2011","Sheffield 064D","E01007984",590,559,283,276,0,6,4,2,22,17,5,3
"2011","Sheffield 064E","E01008078",650,466,274,192,5,121,32,89,52,48,4,6
"2011","Sheffield 064F","E01008079",505,467,262,205,0,8,5,3,29,24,5,1
"2011","Sheffield 065A","E01008019",735,496,180,316,1,188,176,12,47,41,6,3
"2011","Sheffield 065B","E01008020",613,518,228,290,0,42,33,9,49,43,6,4
"2011","Sheffield 065C","E01008022",773,222,64,158,1,501,472,29,47,34,13,2
"2011","Sheffield 065D","E01008027",699,405,135,270,1,247,225,22,40,33,7,6
"2011","Sheffield 065E","E01008037",720,395,218,177,1,288,193,95,30,25,5,6
"2011","Sheffield 065F","E01008039",609,523,266,257,2,39,15,24,42,34,8,3
"2011","Sheffield 066A","E01007824",562,539,263,276,1,1,1,0,17,16,1,4
"2011","Sheffield 066B","E01007825",603,573,325,248,0,7,6,1,22,21,1,1
"2011","Sheffield 066C","E01007826",582,560,271,289,0,2,1,1,17,16,1,3
"2011","Sheffield 066D","E01007834",767,558,268,290,0,141,138,3,63,49,14,5
"2011","Sheffield 068A","E01007920",688,622,396,226,0,5,3,2,57,51,6,4
"2011","Sheffield 068B","E01007921",750,610,409,201,1,74,66,8,60,52,8,5
"2011","Sheffield 068C","E01007923",813,674,378,296,1,55,54,1,72,70,2,11
"2011","Sheffield 068D","E01007925",753,589,313,276,0,107,105,2,52,48,4,5
"2011","Sheffield 068E","E01007926",708,626,398,228,1,23,22,1,51,44,7,7
"2011","Sheffield 068F","E01007933",632,591,312,279,0,16,10,6,20,18,2,5
"2011","Sheffield 069A","E01007823",820,563,336,227,4,185,155,30,64,57,7,4
"2011","Sheffield 069B","E01007916",735,227,87,140,1,457,435,22,48,44,4,2
"2011","Sheffield 069C","E01007919",784,256,92,164,2,480,465,15,40,33,7,6
"2011","Sheffield 069D","E01008080",672,447,209,238,2,153,148,5,63,55,8,7
"2011","Sheffield 070A","E01008081",795,281,119,162,1,448,427,21,56,50,6,9
"2011","Sheffield 070B","E01008082",811,252,113,139,11,496,450,46,42,33,9,10
"2011","Sheffield 070C","E01008083",709,257,104,153,3,398,386,12,43,38,5,8
"2011","Sheffield 070D","E01008084",818,227,98,129,0,537,512,25,50,45,5,4
"2011","Sheffield 071A","E01007915",609,583,330,253,0,1,0,1,18,16,2,7
"2011","Sheffield 071B","E01007917",691,522,315,207,4,116,104,12,44,36,8,5
"2011","Sheffield 071C","E01007918",752,545,284,261,1,129,23,106,72,69,3,5
"2011","Sheffield 071D","E01007922",578,549,276,273,1,9,6,3,16,15,1,3
"2011","Sheffield 071E","E01007924",702,503,213,290,1,158,154,4,35,26,9,5
"2011","Sheffield 072A","E01008021",561,528,212,316,2,7,5,2,23,18,5,1
"2011","Sheffield 072B","E01008023",924,767,218,549,1,18,13,5,134,124,10,4
"2011","Sheffield 072C","E01008024",755,555,194,361,12,105,98,7,73,66,7,10
"2011","Sheffield 072D","E01008025",860,610,255,355,4,121,108,13,114,101,13,11
"2011","Sheffield 072E","E01032585",663,603,338,265,3,8,3,5,47,41,6,2
"2011","Sheffield 073A","E01033261",718,40,25,15,2,121,19,102,544,518,26,11
"2011","Sheffield 073B","E01033262",608,85,20,65,7,76,36,40,433,418,15,7
"2011","Sheffield 073C","E01033263",626,89,18,71,1,83,29,54,445,426,19,8
"2011","Sheffield 073D","E01033264",632,112,30,82,2,27,11,16,477,456,21,14
"2011","Sheffield 073E","E01033276",686,38,25,13,3,112,2,110,526,488,38,7
"2011","Sheffield 074A","E01008114",841,67,37,30,3,402,168,234,356,343,13,13
"2011","Sheffield 074B","E01008115",538,76,43,33,1,127,24,103,332,295,37,2
"2011","Sheffield 074C","E01033265",600,92,30,62,1,168,14,154,325,309,16,14
"2011","Sheffield 074D","E01033266",609,97,37,60,5,77,28,49,421,411,10,9
"2011","Sheffield 074E","E01033267",567,58,27,31,6,114,4,110,384,367,17,5
"2011","Sheffield 075A","E01007878",649,185,78,107,0,325,134,191,43,39,4,96
"2011","Sheffield 075B","E01007879",712,314,153,161,0,95,21,74,225,217,8,78
"2011","Sheffield 075C","E01007881",675,343,158,185,21,214,52,162,93,88,5,4
"2011","Sheffield 075D","E01007882",614,399,216,183,1,21,2,19,181,148,33,12
"2011","Sheffield 075E","E01007885",692,136,41,95,1,475,38,437,68,60,8,12
"2011","Sheffield 075F","E01007886",672,188,72,116,0,418,75,343,60,51,9,6
"2011","Sheffield 075G","E01033268",1054,158,73,85,0,627,172,455,257,234,23,12
"2011","Sheffield 076A","E01007838",644,499,194,305,5,88,69,19,48,44,4,4
"2011","Sheffield 076B","E01007839",667,597,230,367,1,19,15,4,44,40,4,6
"2011","Sheffield 076C","E01007841",637,569,227,342,2,22,21,1,39,31,8,5
"2011","Sheffield 076D","E01007842",685,481,209,272,0,158,153,5,41,32,9,5
"2011","Sheffield 076E","E01033278",1173,540,249,291,19,541,447,94,58,53,5,15
"2011","Sheffield 076F","E01033279",1014,467,197,270,0,471,460,11,74,71,3,2
"2011","Bradford 001A","E01010646",623,527,320,207,3,31,9,22,50,43,7,12
"2011","Bradford 001B","E01010647",509,364,180,184,2,100,47,53,35,30,5,8
"2011","Bradford 001C","E01010648",619,541,308,233,2,12,2,10,58,49,9,6
"2011","Bradford 001D","E01010692",828,651,378,273,10,32,2,30,122,119,3,13
"2011","Bradford 002A","E01010691",645,582,371,211,4,5,1,4,46,45,1,8
"2011","Bradford 002B","E01010693",560,525,315,210,0,6,1,5,26,25,1,3
"2011","Bradford 002C","E01010694",621,554,357,197,0,5,3,2,52,48,4,10
"2011","Bradford 002D","E01010695",843,519,307,212,2,75,8,67,233,220,13,14
"2011","Bradford 002E","E01010696",600,539,313,226,2,3,2,1,47,42,5,9
"2011","Bradford 002F","E01010697",659,567,351,216,1,16,5,11,65,56,9,10
"2011","Bradford 002G","E01010698",847,578,264,314,9,74,5,69,174,164,10,12
"2011","Bradford 002H","E01010699",781,498,237,261,3,197,62,135,71,63,8,12
"2011","Bradford 003A","E01010767",633,448,246,202,8,135,56,79,30,26,4,12
"2011","Bradford 003B","E01010768",637,585,261,324,0,4,2,2,45,40,5,3
"2011","Bradford 003C","E01010769",730,513,232,281,22,57,18,39,131,114,17,7
"2011","Bradford 003D","E01010771",478,439,234,205,2,8,4,4,25,23,2,4
"2011","Bradford 004A","E01010638",653,545,317,228,4,38,15,23,62,57,5,4
"2011","Bradford 004B","E01010639",844,603,296,307,4,48,14,34,178,164,14,11
"2011","Bradford 004C","E01010640",796,542,232,310,1,7,2,5,242,222,20,4
"2011","Bradford 004D","E01010641",622,500,272,228,3,76,32,44,35,31,4,8
"2011","Bradford 004E","E01010642",738,673,363,310,1,11,7,4,43,30,13,10
"2011","Bradford 004F","E01010643",620,442,201,241,3,7,1,6,157,150,7,11
"2011","Bradford 004G","E01010644",635,468,204,264,6,57,24,33,92,83,9,12
"2011","Bradford 004H","E01010645",542,501,272,229,0,3,1,2,35,31,4,3
"2011","Bradford 005A","E01010770",619,581,308,273,2,2,0,2,30,27,3,4
"2011","Bradford 005B","E01010772",501,464,276,188,0,19,0,19,13,12,1,5
"2011","Bradford 005C","E01010773",619,527,299,228,1,29,1,28,54,48,6,8
"2011","Bradford 005D","E01010774",736,583,340,243,2,48,20,28,91,79,12,12
"2011","Bradford 006A","E01010706",709,608,295,313,1,11,5,6,82,76,6,7
"2011","Bradford 006B","E01010707",756,667,349,318,1,2,1,1,82,79,3,4
"2011","Bradford 006C","E01010708",654,532,288,244,1,5,1,4,107,94,13,9
"2011","Bradford 006D","E01010709",1054,911,397,514,42,14,7,7,75,67,8,12
"2011","Bradford 007A","E01010719",495,347,179,168,0,40,18,22,94,84,10,14
"2011","Bradford 007B","E01010727",743,572,271,301,3,68,27,41,89,79,10,11
"2011","Bradford 007C","E01010728",528,376,201,175,2,13,1,12,125,119,6,12
"2011","Bradford 007D","E01010729",483,450,221,229,0,1,0,1,27,22,5,5
"2011","Bradford 008A","E01010700",450,302,147,155,0,15,4,11,121,104,17,12
"2011","Bradford 008B","E01010701",430,237,119,118,4,61,12,49,119,105,14,9
"2011","Bradford 008C","E01010702",510,317,202,115,2,75,1,74,107,103,4,9
"2011","Bradford 008D","E01010703",663,484,218,266,0,64,6,58,105,95,10,10
"2011","Bradford 008E","E01010704",611,414,182,232,1,63,28,35,129,118,11,4
"2011","Bradford 008F","E01010705",674,591,306,285,0,16,6,10,64,55,9,3
"2011","Bradford 008G","E01010710",884,236,114,122,1,222,63,159,410,385,25,15
"2011","Bradford 009A","E01010712",487,324,114,210,1,24,5,19,131,114,17,7
"2011","Bradford 009B","E01010720",618,300,100,200,0,233,149,84,68,60,8,17
"2011","Bradford 009C","E01010721",622,298,133,165,4,253,143,110,50,43,7,17
"2011","Bradford 009D","E01010723",489,302,116,186,1,32,10,22,147,132,15,7
"2011","Bradford 009E","E01010724",611,333,151,182,13,189,46,143,72,68,4,4
"2011","Bradford 009F","E01010725",696,464,217,247,3,50,5,45,175,161,14,4
"2011","Bradford 010A","E01010579",633,576,315,261,1,16,0,16,36,33,3,4
"2011","Bradford 010B","E01010580",999,901,380,521,0,6,5,1,85,79,6,7
"2011","Bradford 010C","E01010764",673,616,357,259,0,1,0,1,42,34,8,14
"2011","Bradford 010D","E01010765",1067,706,345,361,2,193,93,100,156,147,9,10
"2011","Bradford 010E","E01010766",538,479,245,234,9,2,1,1,43,39,4,5
"2011","Bradford 011A","E01010711",803,159,73,86,2,443,182,261,176,170,6,23
"2011","Bradford 011B","E01010713",572,311,144,167,0,156,86,70,92,83,9,13
"2011","Bradford 011C","E01010714",599,422,190,232,1,54,25,29,118,107,11,4
"2011","Bradford 011D","E01010716",854,514,195,319,2,137,38,99,174,157,17,27
"2011","Bradford 012A","E01010715",467,303,139,164,0,118,74,44,38,35,3,8
"2011","Bradford 012B","E01010717",671,443,183,260,1,107,28,79,117,100,17,3
"2011","Bradford 012C","E01010718",665,311,87,224,7,268,154,114,66,63,3,13
"2011","Bradford 012D","E01010726",623,574,294,280,1,7,6,1,33,28,5,8
"2011","Bradford 012E","E01010859",681,623,312,311,6,8,3,5,34,25,9,10
"2011","Bradford 013A","E01010573",726,648,360,288,3,29,20,9,37,30,7,9
"2011","Bradford 013B","E01010574",626,492,246,246,3,63,10,53,54,46,8,14
"2011","Bradford 013C","E01010575",752,575,309,266,0,71,21,50,91,78,13,15
"2011","Bradford 013D","E01010577",662,589,278,311,0,13,5,8,51,43,8,9
"2011","Bradford 014A","E01010722",625,369,149,220,3,125,81,44,120,107,13,8
"2011","Bradford 014B","E01010860",667,544,252,292,2,10,1,9,106,96,10,5
"2011","Bradford 014C","E01010862",712,519,183,336,29,49,21,28,110,92,18,5
"2011","Bradford 014D","E01010863",618,547,244,303,8,1,0,1,60,55,5,2
"2011","Bradford 015A","E01010578",716,505,219,286,2,30,9,21,169,160,9,10
"2011","Bradford 015B","E01010581",709,545,239,306,3,39,19,20,118,112,6,4
"2011","Bradford 015C","E01010582",723,501,191,310,6,21,6,15,192,178,14,3
"2011","Bradford 015D","E01010584",885,367,132,235,0,234,64,170,272,246,26,12
"2011","Bradford 015E","E01010585",986,567,306,261,7,168,65,103,228,217,11,16
"2011","Bradford 016A","E01010568",822,619,272,347,3,102,47,55,85,76,9,13
"2011","Bradford 016B","E01010569",826,490,193,297,1,238,133,105,73,62,11,24
"2011","Bradford 016C","E01010571",828,518,184,334,4,118,57,61,177,161,16,11
"2011","Bradford 016D","E01010572",639,571,286,285,0,19,15,4,42,38,4,7
"2011","Bradford 016E","E01010576",651,551,275,276,3,22,12,10,65,59,6,10
"2011","Bradford 017A","E01010683",705,511,195,316,8,37,5,32,142,135,7,7
"2011","Bradford 017B","E01010684",661,527,224,303,5,53,19,34,68,59,9,8
"2011","Bradford 017C","E01010685",724,555,246,309,9,45,15,30,110,98,12,5
"2011","Bradford 017D","E01010686",714,570,290,280,0,48,7,41,92,84,8,4
"2011","Bradford 018A","E01010570",550,529,276,253,3,2,2,0,14,14,0,2
"2011","Bradford 018B","E01010583",770,413,192,221,1,266,134,132,84,81,3,6
"2011","Bradford 018C","E01010784",760,449,180,269,16,105,52,53,180,162,18,10
"2011","Bradford 018D","E01010785",807,449,209,240,21,70,12,58,257,248,9,10
"2011","Bradford 018E","E01010786",548,467,241,226,16,12,3,9,49,45,4,4
"2011","Bradford 018F","E01010790",597,548,301,247,1,3,2,1,40,36,4,5
"2011","Bradford 019A","E01010680",892,275,58,217,2,490,197,293,100,96,4,25
"2011","Bradford 019B","E01010681",502,469,219,250,0,2,0,2,27,24,3,4
"2011","Bradford 019C","E01010682",659,329,88,241,2,232,87,145,88,81,7,8
"2011","Bradford 019D","E01010687",732,642,200,442,8,13,4,9,66,60,6,3
"2011","Bradford 019E","E01010688",831,624,176,448,17,22,8,14,150,132,18,18
"2011","Bradford 019F","E01010689",767,586,193,393,2,34,20,14,137,122,15,8
"2011","Bradford 019G","E01010690",820,542,187,355,51,116,31,85,105,91,14,6
"2011","Bradford 020B","E01010782",882,296,92,204,2,298,159,139,260,254,6,26
"2011","Bradford 020C","E01010787",696,562,290,272,8,49,2,47,69,61,8,8
"2011","Bradford 020D","E01010788",585,426,210,216,2,17,3,14,132,126,6,8
"2011","Bradford 020E","E01033689",727,115,45,70,0,170,101,69,428,417,11,14
"2011","Bradford 020F","E01033694",518,308,122,186,3,18,7,11,181,173,8,8
"2011","Bradford 021A","E01010776",677,434,164,270,5,172,56,116,53,46,7,13
"2011","Bradford 021B","E01010777",730,257,105,152,3,375,224,151,79,71,8,16
"2011","Bradford 021C","E01010779",640,389,158,231,4,157,103,54,77,67,10,13
"2011","Bradford 021D","E01010781",574,376,122,254,2,88,56,32,103,98,5,5
"2011","Bradford 021E","E01010783",664,483,211,272,12,77,34,43,79,70,9,13
"2011","Bradford 022A","E01010586",700,607,339,268,1,9,3,6,79,70,9,4
"2011","Bradford 022B","E01010587",813,631,252,379,11,49,9,40,118,97,21,4
"2011","Bradford 022C","E01010588",682,571,255,316,4,45,32,13,58,47,11,4
"2011","Bradford 022D","E01010589",645,559,275,284,3,5,1,4,74,65,9,4
"2011","Bradford 022E","E01010591",691,426,179,247,0,171,67,104,87,82,5,7
"2011","Bradford 022F","E01010593",752,588,266,322,1,71,35,36,80,72,8,12
"2011","Bradford 022G","E01010596",617,566,284,282,1,2,0,2,46,39,7,2
"2011","Bradford 023A","E01010854",828,599,239,360,1,47,0,47,174,162,12,7
"2011","Bradford 023B","E01010855",752,541,263,278,28,53,9,44,117,104,13,13
"2011","Bradford 023C","E01010856",763,490,208,282,5,19,3,16,237,220,17,12
"2011","Bradford 023D","E01010857",697,594,329,265,3,16,7,9,74,68,6,10
"2011","Bradford 023E","E01010858",694,555,264,291,2,22,1,21,108,97,11,7
"2011","Bradford 023F","E01010861",742,644,325,319,5,7,2,5,80,72,8,6
"2011","Bradford 024A","E01010603",631,531,235,296,6,24,14,10,66,60,6,4
"2011","Bradford 024B","E01010604",723,623,329,294,0,16,7,9,80,69,11,4
"2011","Bradford 024C","E01010605",621,335,111,224,3,195,120,75,74,64,10,14
"2011","Bradford 024D","E01010775",697,623,258,365,14,5,2,3,53,46,7,2
"2011","Bradford 024E","E01010778",755,422,154,268,2,164,56,108,158,148,10,9
"2011","Bradford 025A","E01010789",665,446,211,235,3,62,38,24,145,131,14,9
"2011","Bradford 025B","E01010791",523,422,199,223,0,11,0,11,87,83,4,3
"2011","Bradford 025C","E01010792",570,363,160,203,1,60,4,56,140,132,8,6
"2011","Bradford 025D","E01010793",549,369,177,192,1,20,4,16,148,145,3,11
"2011","Bradford 026A","E01010652",739,475,215,260,31,104,45,59,123,111,12,6
"2011","Bradford 026B","E01010653",686,305,106,199,5,245,87,158,129,118,11,2
"2011","Bradford 026C","E01010655",529,278,88,190,10,156,101,55,81,72,9,4
"2011","Bradford 026D","E01010656",608,521,245,276,1,34,1,33,45,36,9,7
"2011","Bradford 026E","E01010657",673,496,192,304,5,10,5,5,155,141,14,7
"2011","Bradford 027A","E01010649",605,386,150,236,1,105,46,59,106,99,7,7
"2011","Bradford 027B","E01010650",575,229,87,142,3,261,180,81,80,72,8,2
"2011","Bradford 027C","E01010654",582,245,101,144,1,252,125,127,65,59,6,19
"2011","Bradford 027D","E01010826",521,198,48,150,1,252,178,74,63,58,5,7
"2011","Bradford 028A","E01010597",581,394,157,237,2,94,21,73,80,75,5,11
"2011","Bradford 028B","E01010598",668,575,299,276,0,5,1,4,79,68,11,9
"2011","Bradford 028C","E01010599",473,363,141,222,6,6,6,0,93,85,8,5
"2011","Bradford 028D","E01010600",493,387,188,199,2,4,1,3,100,95,5,0
"2011","Bradford 028E","E01010602",609,499,245,254,2,4,0,4,96,80,16,8
"2011","Bradford 029A","E01010670",458,337,143,194,1,4,1,3,110,98,12,6
"2011","Bradford 029B","E01010671",483,388,169,219,1,28,11,17,57,50,7,9
"2011","Bradford 029C","E01010673",501,347,159,188,2,11,1,10,132,123,9,9
"2011","Bradford 029D","E01010675",622,441,203,238,14,52,2,50,105,94,11,10
"2011","Bradford 030A","E01010669",640,507,227,280,4,6,4,2,112,104,8,11
"2011","Bradford 030B","E01010674",509,278,81,197,2,128,78,50,90,88,2,11
"2011","Bradford 030C","E01010677",638,333,95,238,6,184,91,93,103,94,9,12
"2011","Bradford 030D","E01010805",473,372,164,208,1,10,5,5,85,74,11,5
"2011","Bradford 031A","E01010590",766,609,291,318,1,24,11,13,118,106,12,14
"2011","Bradford 031B","E01010592",670,468,269,199,4,126,33,93,56,53,3,16
"2011","Bradford 031C","E01010594",686,551,233,318,3,64,29,35,56,47,9,12
"2011","Bradford 031D","E01010595",795,492,177,315,3,125,40,85,164,144,20,11
"2011","Bradford 032A","E01010601",735,559,215,344,27,5,1,4,139,122,17,5
"2011","Bradford 032B","E01010651",621,544,255,289,0,2,2,0,71,70,1,4
"2011","Bradford 032C","E01010825",522,421,169,252,2,15,13,2,78,71,7,6
"2011","Bradford 032D","E01010827",526,412,193,219,1,15,2,13,94,82,12,4
"2011","Bradford 033A","E01010804",485,391,181,210,1,5,2,3,78,70,8,10
"2011","Bradford 033B","E01010806",486,304,141,163,1,81,22,59,88,74,14,12
"2011","Bradford 033C","E01010807",742,277,132,145,1,187,41,146,263,252,11,14
"2011","Bradford 033D","E01010808",539,394,158,236,0,20,1,19,114,104,10,11
"2011","Bradford 033E","E01010809",481,362,177,185,2,7,1,6,103,97,6,7
"2011","Bradford 034A","E01010676",513,374,199,175,2,18,7,11,100,87,13,19
"2011","Bradford 034B","E01010679",495,195,126,69,1,140,24,116,145,138,7,14
"2011","Bradford 034C","E01010824",720,157,77,80,3,380,16,364,175,171,4,5
"2011","Bradford 034D","E01010840",501,253,133,120,3,151,49,102,77,61,16,17
"2011","Bradford 034E","E01010841",471,226,150,76,2,154,7,147,76,70,6,13
"2011","Bradford 035A","E01010828",742,375,153,222,2,158,23,135,193,170,23,14
"2011","Bradford 035B","E01010829",602,340,157,183,0,80,27,53,176,160,16,6
"2011","Bradford 035C","E01010830",631,358,145,213,1,62,24,38,194,177,17,16
"2011","Bradford 035D","E01010831",558,291,135,156,0,46,4,42,217,207,10,4
"2011","Bradford 035E","E01010832",462,330,142,188,3,50,23,27,69,62,7,10
"2011","Bradford 036A","E01010672",522,434,179,255,8,4,2,2,73,67,6,3
"2011","Bradford 036B","E01010678",556,409,201,208,1,66,2,64,74,68,6,6
"2011","Bradford 036C","E01010799",649,424,191,233,2,101,68,33,111,101,10,11
"2011","Bradford 036D","E01010800",710,221,78,143,1,402,216,186,70,62,8,16
"2011","Bradford 036E","E01010801",616,478,178,300,0,19,9,10,115,105,10,4
"2011","Bradford 036F","E01010802",632,315,117,198,0,235,114,121,76,69,7,6
"2011","Bradford 037A","E01010803",538,354,164,190,4,18,1,17,150,138,12,12
"2011","Bradford 037B","E01010810",531,395,181,214,1,24,13,11,104,95,9,7
"2011","Bradford 037C","E01010811",552,332,131,201,6,18,6,12,187,168,19,9
"2011","Bradford 037D","E01010813",531,274,117,157,15,134,54,80,97,84,13,11
"2011","Bradford 038A","E01010618",510,278,117,161,1,124,65,59,95,91,4,12
"2011","Bradford 038B","E01010619",521,397,192,205,1,12,5,7,101,93,8,10
"2011","Bradford 038C","E01010625",499,228,72,156,0,203,118,85,56,50,6,12
"2011","Bradford 038D","E01010626",495,326,139,187,1,73,43,30,84,77,7,11
"2011","Bradford 038E","E01010627",536,363,158,205,3,35,24,11,125,109,16,10
"2011","Bradford 039A","E01010606",609,187,107,80,4,237,15,222,162,149,13,19
"2011","Bradford 039B","E01010607",594,299,128,171,0,108,23,85,175,157,18,12
"2011","Bradford 039C","E01010617",595,123,69,54,3,380,116,264,77,75,2,12
"2011","Bradford 039E","E01010842",595,212,110,102,1,250,89,161,100,83,17,32
"2011","Bradford 039G","E01033690",694,54,16,38,9,45,12,33,582,569,13,4
"2011","Bradford 039H","E01033691",620,133,78,55,7,238,76,162,234,227,7,8
"2011","Bradford 039I","E01033692",595,48,18,30,16,181,75,106,345,330,15,5
"2011","Bradford 039J","E01033693",659,223,130,93,11,167,17,150,234,215,19,24
"2011","Bradford 040A","E01010628",669,503,248,255,3,50,24,26,107,97,10,6
"2011","Bradford 040B","E01010629",619,461,195,266,5,19,9,10,123,112,11,11
"2011","Bradford 040C","E01010630",606,380,163,217,4,135,53,82,77,71,6,10
"2011","Bradford 040D","E01010631",550,256,75,181,1,203,56,147,86,81,5,4
"2011","Bradford 040E","E01010632",500,224,55,169,3,161,106,55,107,102,5,5
"2011","Bradford 041A","E01010658",598,363,158,205,3,47,6,41,181,166,15,4
"2011","Bradford 041B","E01010812",642,293,131,162,3,106,37,69,232,218,14,8
"2011","Bradford 041C","E01010833",523,187,109,78,1,143,29,114,176,164,12,16
"2011","Bradford 041D","E01010843",453,272,149,123,2,95,7,88,73,68,5,11
"2011","Bradford 042A","E01010620",517,287,145,142,2,64,7,57,155,144,11,9
"2011","Bradford 042B","E01010621",528,380,182,198,1,16,0,16,112,106,6,19
"2011","Bradford 042C","E01010622",627,357,180,177,4,56,4,52,198,186,12,12
"2011","Bradford 042D","E01010623",529,230,135,95,0,181,46,135,107,99,8,11
"2011","Bradford 042E","E01010624",602,333,200,133,1,95,47,48,149,139,10,24
"2011","Bradford 043A","E01010794",775,564,286,278,1,101,48,53,99,91,8,10
"2011","Bradford 043B","E01010795",754,604,229,375,0,25,3,22,120,111,9,5
"2011","Bradford 043C","E01010796",687,401,164,237,0,171,89,82,105,96,9,10
"2011","Bradford 043D","E01010797",540,476,182,294,1,3,2,1,56,47,9,4
"2011","Bradford 043E","E01010798",692,463,178,285,11,55,8,47,155,133,22,8
"2011","Bradford 044A","E01010834",676,128,79,49,1,45,1,44,485,475,10,17
"2011","Bradford 044B","E01010835",780,477,315,162,3,9,1,8,265,253,12,26
"2011","Bradford 044C","E01010836",524,230,160,70,2,13,1,12,270,255,15,9
"2011","Bradford 044D","E01010837",515,379,197,182,3,12,2,10,112,104,8,9
"2011","Bradford 044E","E01010838",492,275,163,112,0,20,4,16,187,184,3,10
"2011","Bradford 044F","E01010839",491,214,112,102,0,46,4,42,224,210,14,7
"2011","Bradford 045A","E01010608",492,262,123,139,2,109,28,81,108,92,16,11
"2011","Bradford 045B","E01010613",635,319,148,171,0,111,48,63,191,177,14,14
"2011","Bradford 045C","E01010730",801,61,33,28,3,611,186,425,111,74,37,15
"2011","Bradford 045D","E01010734",516,266,88,178,1,22,12,10,221,206,15,6
"2011","Bradford 046A","E01010609",686,408,189,219,2,122,28,94,130,115,15,24
"2011","Bradford 046B","E01010610",702,100,25,75,2,509,24,485,81,75,6,10
"2011","Bradford 046C","E01010611",878,423,173,250,2,250,111,139,188,180,8,15
"2011","Bradford 046D","E01010614",558,297,133,164,1,117,29,88,137,120,17,6
"2011","Bradford 047A","E01010633",624,465,216,249,3,37,4,33,110,93,17,9
"2011","Bradford 047B","E01010634",586,514,246,268,0,12,6,6,53,45,8,7
"2011","Bradford 047C","E01010635",664,238,77,161,13,316,146,170,86,78,8,11
"2011","Bradford 047D","E01010636",746,574,254,320,3,31,2,29,132,120,12,6
"2011","Bradford 047E","E01010637",532,382,156,226,2,14,5,9,129,120,9,5
"2011","Bradford 048A","E01010731",702,112,71,41,19,181,60,121,377,371,6,13
"2011","Bradford 048B","E01010732",692,173,91,82,7,385,131,254,110,103,7,17
"2011","Bradford 048C","E01010733",701,216,120,96,17,274,101,173,171,162,9,23
"2011","Bradford 048D","E01010736",715,257,113,144,6,140,18,122,300,284,16,12
"2011","Bradford 048E","E01010737",522,183,114,69,1,174,30,144,142,134,8,22
"2011","Bradford 049A","E01010659",600,271,125,146,1,236,152,84,78,70,8,14
"2011","Bradford 049D","E01010662",487,405,189,216,2,11,6,5,66,58,8,3
"2011","Bradford 049E","E01010664",528,418,204,214,0,38,18,20,63,56,7,9
"2011","Bradford 049G","E01010761",683,465,218,247,5,60,5,55,141,130,11,12
"2011","Bradford 049H","E01033695",701,475,85,390,10,83,9,74,124,116,8,9
"2011","Bradford 049I","E01033696",652,476,178,298,0,45,9,36,129,124,5,2
"2011","Bradford 049J","E01033697",791,554,248,306,3,19,8,11,197,179,18,18
"2011","Bradford 050A","E01010663",638,319,155,164,0,75,12,63,235,216,19,9
"2011","Bradford 050B","E01010665",602,435,202,233,4,33,5,28,126,116,10,4
"2011","Bradford 050C","E01010666",662,228,87,141,4,217,43,174,199,192,7,14
"2011","Bradford 050D","E01010667",614,397,162,235,0,46,6,40,162,156,6,9
"2011","Bradford 051A","E01010735",507,180,59,121,2,256,170,86,58,55,3,11
"2011","Bradford 051B","E01010738",556,345,135,210,2,72,37,35,131,123,8,6
"2011","Bradford 051C","E01010739",614,225,91,134,2,252,137,115,120,113,7,15
"2011","Bradford 051D","E01010740",538,337,195,142,0,74,28,46,117,109,8,10
"2011","Bradford 051E","E01010744",480,329,139,190,6,35,5,30,99,95,4,11
"2011","Bradford 052A","E01010612",576,157,46,111,0,332,176,156,81,77,4,6
"2011","Bradford 052B","E01010819",651,156,58,98,0,416,262,154,63,56,7,16
"2011","Bradford 052C","E01010820",604,139,46,93,2,384,234,150,54,53,1,25
"2011","Bradford 052D","E01010821",812,295,57,238,1,425,229,196,82,78,4,9
"2011","Bradford 052E","E01010822",549,218,89,129,0,238,157,81,73,64,9,20
"2011","Bradford 053A","E01010615",566,441,192,249,3,10,2,8,102,94,8,10
"2011","Bradford 053B","E01010616",588,352,151,201,2,129,61,68,93,85,8,12
"2011","Bradford 053C","E01010742",608,304,158,146,4,123,8,115,156,143,13,21
"2011","Bradford 053D","E01010743",676,290,142,148,3,231,74,157,120,113,7,32
"2011","Bradford 054A","E01010847",674,516,229,287,2,16,0,16,135,122,13,5
"2011","Bradford 054B","E01010848",650,505,216,289,1,31,9,22,104,97,7,9
"2011","Bradford 054C","E01010852",663,478,233,245,22,31,17,14,125,105,20,7
"2011","Bradford 054D","E01010853",506,419,191,228,1,7,4,3,74,65,9,5
"2011","Bradford 055A","E01010668",516,462,245,217,1,4,2,2,42,38,4,7
"2011","Bradford 055B","E01010755",671,293,52,241,1,168,112,56,205,203,2,4
"2011","Bradford 055C","E01010762",601,454,188,266,7,22,2,20,115,105,10,3
"2011","Bradford 055D","E01010763",621,485,215,270,4,9,1,8,117,109,8,6
"2011","Bradford 055E","E01010846",849,594,210,384,0,95,54,41,155,136,19,5
"2011","Bradford 056A","E01010745",618,336,128,208,5,99,49,50,163,154,9,15
"2011","Bradford 056B","E01010747",644,427,190,237,0,98,10,88,112,97,15,7
"2011","Bradford 056C","E01010748",670,294,104,190,2,283,143,140,79,73,6,12
"2011","Bradford 056D","E01010749",614,357,134,223,0,125,56,69,122,115,7,10
"2011","Bradford 057A","E01010814",797,424,171,253,4,129,46,83,237,225,12,3
"2011","Bradford 057B","E01010815",873,508,171,337,14,145,73,72,189,178,11,17
"2011","Bradford 057C","E01010816",758,644,249,395,0,21,13,8,82,74,8,11
"2011","Bradford 057D","E01010817",881,365,64,301,0,348,132,216,156,145,11,12
"2011","Bradford 057E","E01010818",691,555,217,338,1,27,7,20,104,92,12,4
"2011","Bradford 058A","E01010752",818,508,185,323,2,34,12,22,265,254,11,9
"2011","Bradford 058B","E01010753",597,543,281,262,3,7,0,7,37,30,7,7
"2011","Bradford 058C","E01010754",662,494,158,336,20,50,17,33,95,85,10,3
"2011","Bradford 058D","E01010756",604,460,160,300,0,38,24,14,100,88,12,6
"2011","Bradford 058E","E01010758",477,439,129,310,0,8,5,3,28,25,3,2
"2011","Bradford 058F","E01010759",660,414,168,246,1,136,63,73,95,88,7,14
"2011","Bradford 058G","E01010760",605,531,199,332,0,6,3,3,61,52,9,7
"2011","Bradford 059A","E01010741",656,505,215,290,0,32,16,16,109,97,12,10
"2011","Bradford 059B","E01010845",848,353,77,276,2,358,189,169,123,111,12,12
"2011","Bradford 059C","E01010849",605,517,252,265,1,9,2,7,66,58,8,12
"2011","Bradford 059D","E01010850",507,225,62,163,0,197,133,64,72,65,7,13
"2011","Bradford 059E","E01010851",662,535,203,332,3,14,8,6,105,95,10,5
"2011","Bradford 059F","E01010864",526,323,84,239,3,129,38,91,64,59,5,7
"2011","Bradford 059G","E01010867",581,374,116,258,1,105,59,46,92,80,12,9
"2011","Bradford 059H","E01010874",512,220,59,161,1,211,87,124,74,66,8,6
"2011","Bradford 060A","E01010746",684,572,332,240,3,4,1,3,87,82,5,18
"2011","Bradford 060B","E01010750",693,545,247,298,1,51,3,48,89,82,7,7
"2011","Bradford 060C","E01010751",676,422,184,238,1,186,48,138,56,53,3,11
"2011","Bradford 060D","E01010865",709,554,224,330,4,33,7,26,106,93,13,12
"2011","Bradford 060E","E01010866",607,485,180,305,1,4,2,2,110,98,12,7
"2011","Bradford 061A","E01010868",700,354,125,229,2,221,134,87,112,102,10,11
"2011","Bradford 061B","E01010869",742,500,207,293,5,88,52,36,141,132,9,8
"2011","Bradford 061C","E01010870",684,517,232,285,0,90,45,45,64,46,18,13
"2011","Bradford 061D","E01010871",756,525,205,320,2,37,3,34,186,172,14,6
"2011","Bradford 061E","E01010872",656,326,151,175,3,245,143,102,75,64,11,7
"2011","Bradford 061F","E01010873",509,436,235,201,3,24,14,10,41,38,3,5
"2011","Calderdale 001A","E01010911",711,623,279,344,2,11,5,6,67,49,18,8
"2011","Calderdale 001B","E01010912",688,363,172,191,19,240,121,119,59,45,14,7
"2011","Calderdale 001C","E01010913",550,509,294,215,0,15,7,8,19,16,3,7
"2011","Calderdale 001D","E01010915",576,440,154,286,3,57,23,34,69,60,9,7
"2011","Calderdale 002A","E01010914",784,473,181,292,1,180,108,72,121,107,14,9
"2011","Calderdale 002B","E01010924",643,150,63,87,3,430,200,230,47,44,3,13
"2011","Calderdale 002C","E01010925",575,303,125,178,1,183,94,89,79,69,10,9
"2011","Calderdale 002D","E01010926",439,136,50,86,1,227,131,96,69,64,5,6
"2011","Calderdale 003A","E01010931",613,454,204,250,1,94,23,71,59,53,6,5
"2011","Calderdale 003B","E01010932",679,583,299,284,1,2,2,0,89,82,7,4
"2011","Calderdale 003C","E01010933",701,548,286,262,1,28,7,21,117,97,20,7
"2011","Calderdale 003D","E01010935",691,603,344,259,0,4,0,4,77,73,4,7
"2011","Calderdale 003E","E01010936",814,682,301,381,1,55,3,52,73,66,7,3
"2011","Calderdale 003F","E01010937",685,559,274,285,2,39,11,28,80,72,8,5
"2011","Calderdale 004A","E01010881",718,504,278,226,23,110,30,80,77,73,4,4
"2011","Calderdale 004B","E01010882",649,451,214,237,4,136,27,109,53,49,4,5
"2011","Calderdale 004C","E01010883",644,573,292,281,0,7,1,6,56,50,6,8
"2011","Calderdale 004D","E01010887",710,569,309,260,1,14,4,10,115,106,9,11
"2011","Calderdale 004E","E01010888",794,521,253,268,10,44,9,35,213,196,17,6
"2011","Calderdale 004F","E01010923",795,478,220,258,6,102,23,79,199,184,15,10
"2011","Calderdale 005A","E01010916",578,311,134,177,2,183,108,75,74,64,10,8
"2011","Calderdale 005B","E01010939",712,628,264,364,0,10,5,5,64,56,8,10
"2011","Calderdale 005C","E01010941",522,288,116,172,0,188,94,94,41,34,7,5
"2011","Calderdale 005D","E01010942",773,395,148,247,0,186,48,138,183,152,31,9
"2011","Calderdale 005E","E01010944",595,248,87,161,2,254,116,138,79,70,9,12
"2011","Calderdale 006A","E01010938",613,232,81,151,9,288,118,170,74,59,15,10
"2011","Calderdale 006B","E01010940",637,440,183,257,2,95,39,56,96,75,21,4
"2011","Calderdale 006C","E01010943",603,195,70,125,1,332,183,149,67,61,6,8
"2011","Calderdale 006D","E01010961",532,355,126,229,3,29,4,25,143,132,11,2
"2011","Calderdale 007A","E01010917",862,684,401,283,1,18,8,10,149,131,18,10
"2011","Calderdale 007B","E01010918",725,597,316,281,2,47,14,33,74,64,10,5
"2011","Calderdale 007C","E01010919",772,435,216,219,0,232,38,194,94,81,13,11
"2011","Calderdale 007D","E01010920",726,564,287,277,0,25,7,18,132,120,12,5
"2011","Calderdale 007E","E01010921",720,430,196,234,2,169,55,114,102,89,13,17
"2011","Calderdale 008A","E01010934",911,674,337,337,1,53,16,37,170,145,25,13
"2011","Calderdale 008D","E01010967",786,253,107,146,3,340,88,252,182,176,6,8
"2011","Calderdale 008E","E01010994",1046,179,87,92,5,329,110,219,507,484,23,26
"2011","Calderdale 008F","E01032923",1126,570,194,376,12,332,131,201,202,173,29,10
"2011","Calderdale 009A","E01010927",692,604,328,276,5,14,0,14,64,53,11,5
"2011","Calderdale 009B","E01010928",616,252,100,152,2,289,60,229,63,57,6,10
"2011","Calderdale 009C","E01010997",625,564,324,240,0,5,3,2,45,42,3,11
"2011","Calderdale 009D","E01010999",637,556,285,271,1,14,2,12,64,52,12,2
"2011","Calderdale 010A","E01010929",901,555,189,366,2,62,13,49,260,236,24,22
"2011","Calderdale 010B","E01010930",737,401,185,216,1,156,54,102,168,146,22,11
"2011","Calderdale 010C","E01010998",715,470,220,250,0,120,36,84,116,109,7,9
"2011","Calderdale 010D","E01011000",604,421,176,245,0,36,9,27,131,117,14,16
"2011","Calderdale 011A","E01010904",593,528,246,282,2,2,0,2,55,49,6,6
"2011","Calderdale 011B","E01010906",593,527,310,217,1,20,0,20,42,35,7,3
"2011","Calderdale 011C","E01010907",598,491,249,242,1,9,4,5,95,87,8,2
"2011","Calderdale 011D","E01010909",713,478,217,261,1,107,25,82,121,113,8,6
"2011","Calderdale 012A","E01010960",472,263,143,120,0,42,13,29,155,139,16,12
"2011","Calderdale 012B","E01010964",585,181,100,81,1,259,63,196,124,115,9,20
"2011","Calderdale 012C","E01010965",512,164,104,60,1,279,91,188,41,34,7,27
"2011","Calderdale 012D","E01010966",517,233,139,94,1,165,27,138,103,93,10,15
"2011","Calderdale 012E","E01010995",399,196,115,81,2,64,13,51,135,125,10,2
"2011","Calderdale 013A","E01010982",597,472,252,220,3,24,4,20,86,77,9,12
"2011","Calderdale 013B","E01010983",742,416,224,192,2,76,11,65,244,227,17,4
"2011","Calderdale 013C","E01010985",630,377,172,205,34,110,35,75,101,94,7,8
"2011","Calderdale 013D","E01010986",772,471,210,261,5,136,48,88,154,142,12,6
"2011","Calderdale 013E","E01010987",767,541,257,284,0,87,26,61,120,107,13,19
"2011","Calderdale 013F","E01010988",648,360,168,192,6,225,99,126,47,34,13,10
"2011","Calderdale 014A","E01010996",429,281,152,129,0,11,3,8,117,102,15,20
"2011","Calderdale 014B","E01011001",459,317,157,160,4,29,3,26,101,84,17,8
"2011","Calderdale 014C","E01011002",637,451,202,249,4,25,3,22,147,135,12,10
"2011","Calderdale 014D","E01011003",549,290,136,154,2,67,2,65,176,163,13,14
"2011","Calderdale 015A","E01010878",896,467,198,269,1,122,21,101,296,277,19,10
"2011","Calderdale 015B","E01010879",824,600,313,287,1,111,35,76,102,88,14,10
"2011","Calderdale 015C","E01010905",760,647,292,355,7,15,7,8,80,75,5,11
"2011","Calderdale 015D","E01010908",952,692,293,399,1,56,26,30,196,177,19,7
"2011","Calderdale 015E","E01010910",573,314,132,182,2,204,115,89,39,36,3,14
"2011","Calderdale 016A","E01010969",742,558,265,293,0,20,4,16,157,145,12,7
"2011","Calderdale 016B","E01010970",872,623,321,302,1,31,3,28,206,185,21,11
"2011","Calderdale 016C","E01010974",614,334,155,179,1,149,0,149,117,99,18,13
"2011","Calderdale 016D","E01010977",674,581,294,287,2,12,3,9,73,68,5,6
"2011","Calderdale 017A","E01010975",745,493,296,197,3,188,55,133,51,45,6,10
"2011","Calderdale 017B","E01010976",779,637,315,322,3,65,29,36,64,55,9,10
"2011","Calderdale 017C","E01010978",572,369,144,225,8,90,6,84,98,89,9,7
"2011","Calderdale 017D","E01010979",838,242,97,145,16,310,112,198,252,238,14,18
"2011","Calderdale 017E","E01010980",676,417,145,272,5,79,12,67,169,154,15,6
"2011","Calderdale 017F","E01010981",691,396,162,234,12,44,22,22,232,219,13,7
"2011","Calderdale 018A","E01010989",738,443,212,231,0,90,23,67,202,190,12,3
"2011","Calderdale 018B","E01010990",728,531,236,295,1,99,56,43,87,81,6,10
"2011","Calderdale 018C","E01010991",681,547,260,287,1,35,15,20,91,83,8,7
"2011","Calderdale 018D","E01010992",773,518,209,309,0,69,19,50,179,162,17,7
"2011","Calderdale 018E","E01010993",735,427,187,240,3,176,100,76,120,104,16,9
"2011","Calderdale 019A","E01010875",779,688,395,293,3,14,7,7,63,61,2,11
"2011","Calderdale 019B","E01010876",684,610,304,306,1,11,1,10,60,54,6,2
"2011","Calderdale 019C","E01010877",772,497,263,234,1,57,18,39,205,190,15,12
"2011","Calderdale 019D","E01010880",713,239,94,145,3,384,175,209,78,74,4,9
"2011","Calderdale 019E","E01010949",741,473,228,245,1,55,16,39,199,185,14,13
"2011","Calderdale 020A","E01010922",808,615,250,365,2,28,10,18,156,139,17,7
"2011","Calderdale 020B","E01010956",685,504,227,277,0,74,20,54,90,82,8,17
"2011","Calderdale 020C","E01010958",671,277,109,168,0,334,125,209,45,37,8,15
"2011","Calderdale 020D","E01010959",717,458,199,259,1,165,67,98,80,74,6,13
"2011","Calderdale 021A","E01010968",767,556,263,293,1,21,0,21,178,165,13,11
"2011","Calderdale 021B","E01010971",820,679,336,343,0,7,2,5,124,114,10,10
"2011","Calderdale 021C","E01010972",666,531,282,249,0,33,1,32,92,76,16,10
"2011","Calderdale 021D","E01010973",777,577,305,272,0,121,2,119,72,63,9,7
"2011","Calderdale 022A","E01010884",770,520,252,268,0,160,39,121,75,69,6,15
"2011","Calderdale 022B","E01010885",654,498,251,247,3,25,5,20,123,110,13,5
"2011","Calderdale 022C","E01010886",509,320,144,176,6,96,17,79,79,61,18,8
"2011","Calderdale 022D","E01010984",579,398,178,220,2,17,4,13,149,139,10,13
"2011","Calderdale 023A","E01010946",566,510,297,213,1,25,0,25,22,20,2,8
"2011","Calderdale 023B","E01010947",639,563,290,273,2,8,2,6,62,54,8,4
"2011","Calderdale 023C","E01010950",687,369,143,226,5,132,53,79,170,160,10,11
"2011","Calderdale 023D","E01010951",664,495,199,296,3,35,5,30,121,110,11,10
"2011","Calderdale 024A","E01010891",808,405,157,248,1,294,159,135,95,93,2,13
"2011","Calderdale 024B","E01010892",738,606,225,381,1,58,19,39,66,60,6,7
"2011","Calderdale 024C","E01010895",653,398,203,195,1,198,115,83,42,35,7,14
"2011","Calderdale 024D","E01010945",671,533,238,295,0,75,31,44,57,50,7,6
"2011","Calderdale 024E","E01010948",640,447,217,230,2,131,58,73,50,37,13,10
"2011","Calderdale 025A","E01010889",887,268,132,136,13,446,178,268,153,140,13,7
"2011","Calderdale 025B","E01010890",843,430,153,277,0,129,62,67,273,262,11,11
"2011","Calderdale 025C","E01010893",618,434,198,236,1,77,13,64,96,81,15,10
"2011","Calderdale 025D","E01010894",730,435,204,231,3,46,16,30,233,210,23,13
"2011","Calderdale 025E","E01010901",717,591,323,268,0,29,11,18,87,79,8,10
"2011","Calderdale 025F","E01010903",724,540,247,293,9,114,16,98,48,44,4,13
"2011","Calderdale 026A","E01010896",665,563,245,318,0,18,10,8,73,63,10,11
"2011","Calderdale 026B","E01010897",749,573,269,304,0,63,28,35,105,88,17,8
"2011","Calderdale 026C","E01010898",800,508,181,327,20,74,12,62,189,173,16,9
"2011","Calderdale 026D","E01010899",574,445,208,237,2,66,24,42,52,44,8,9
"2011","Calderdale 026E","E01010900",662,602,288,314,3,5,1,4,47,42,5,5
"2011","Calderdale 026F","E01010902",656,352,106,246,25,169,48,121,105,98,7,5
"2011","Calderdale 027A","E01010952",716,510,256,254,1,87,27,60,106,96,10,12
"2011","Calderdale 027B","E01010953",598,477,237,240,1,32,7,25,80,68,12,8
"2011","Calderdale 027C","E01010954",958,769,281,488,3,30,4,26,149,135,14,7
"2011","Calderdale 027D","E01010955",606,472,209,263,0,53,20,33,70,62,8,11
"2011","Calderdale 027E","E01010957",640,550,257,293,2,12,4,8,69,59,10,7
"2011","Kirklees 001A","E01011051",680,564,238,326,0,29,5,24,81,67,14,6
"2011","Kirklees 001B","E01011055",547,462,216,246,0,12,9,3,64,56,8,9
"2011","Kirklees 001C","E01011056",694,582,277,305,2,30,5,25,74,63,11,6
"2011","Kirklees 001D","E01011057",617,434,207,227,1,61,2,59,116,102,14,5
"2011","Kirklees 001E","E01011058",502,381,173,208,0,61,42,19,51,43,8,9
"2011","Kirklees 002A","E01011048",859,403,163,240,0,243,231,12,173,152,21,40
"2011","Kirklees 002B","E01011049",684,467,195,272,6,116,111,5,72,63,9,23
"2011","Kirklees 002C","E01011050",620,549,270,279,1,32,32,0,34,27,7,4
"2011","Kirklees 002D","E01011052",707,438,163,275,2,192,171,21,66,56,10,9
"2011","Kirklees 002E","E01011053",623,540,259,281,0,20,18,2,62,60,2,1
"2011","Kirklees 002F","E01011059",614,244,68,176,1,334,307,27,23,20,3,12
"2011","Kirklees 003A","E01011062",732,554,238,316,1,28,12,16,140,123,17,9
"2011","Kirklees 003B","E01011064",644,382,192,190,2,169,163,6,80,78,2,11
"2011","Kirklees 003C","E01011068",718,626,291,335,0,8,6,2,69,61,8,15
"2011","Kirklees 003D","E01011069",608,487,238,249,1,48,46,2,58,52,6,14
"2011","Kirklees 004A","E01011241",646,540,237,303,0,27,7,20,73,65,8,6
"2011","Kirklees 004B","E01011242",676,402,168,234,1,207,204,3,55,52,3,11
"2011","Kirklees 004C","E01011243",727,598,283,315,3,24,15,9,88,76,12,14
"2011","Kirklees 004D","E01011244",830,628,211,417,4,70,53,17,118,100,18,10
"2011","Kirklees 005A","E01011060",789,461,204,257,2,261,260,1,51,46,5,14
"2011","Kirklees 005B","E01011061",866,351,131,220,7,254,172,82,237,221,16,17
"2011","Kirklees 005C","E01011063",970,654,261,393,1,97,73,24,202,187,15,16
"2011","Kirklees 005D","E01011065",693,506,178,328,2,20,14,6,155,133,22,10
"2011","Kirklees 005E","E01011066",624,542,283,259,0,11,7,4,61,53,8,10
"2011","Kirklees 006A","E01011027",498,334,148,186,1,77,73,4,80,68,12,6
"2011","Kirklees 006B","E01011028",666,401,137,264,4,119,92,27,132,118,14,10
"2011","Kirklees 006C","E01011030",574,278,85,193,1,205,152,53,81,75,6,9
"2011","Kirklees 006D","E01011031",658,569,304,265,0,12,11,1,68,57,11,9
"2011","Kirklees 006E","E01011054",580,517,284,233,0,13,12,1,42,34,8,8
"2011","Kirklees 007A","E01011013",627,563,342,221,0,5,3,2,52,50,2,7
"2011","Kirklees 007B","E01011014",607,346,154,192,2,93,42,51,152,139,13,14
"2011","Kirklees 007C","E01011023",630,477,244,233,1,9,2,7,134,123,11,9
"2011","Kirklees 007D","E01011024",663,392,185,207,0,166,97,69,92,88,4,13
"2011","Kirklees 008A","E01011067",670,507,255,252,3,82,4,78,71,64,7,7
"2011","Kirklees 008B","E01011247",648,527,203,324,0,23,7,16,95,85,10,3
"2011","Kirklees 008C","E01011249",659,399,176,223,1,188,183,5,56,50,6,15
"2011","Kirklees 008D","E01011251",703,256,81,175,0,335,272,63,89,88,1,23
"2011","Kirklees 009A","E01011245",634,428,201,227,0,91,90,1,100,89,11,15
"2011","Kirklees 009B","E01011246",621,289,107,182,0,262,189,73,59,51,8,11
"2011","Kirklees 009C","E01011248",679,384,151,233,0,194,86,108,85,78,7,16
"2011","Kirklees 009D","E01011250",846,420,125,295,2,202,195,7,200,187,13,22
"2011","Kirklees 010A","E01011015",550,222,155,67,2,232,69,163,74,70,4,20
"2011","Kirklees 010B","E01011029",677,198,110,88,2,391,330,61,62,56,6,24
"2011","Kirklees 010C","E01011032",578,246,110,136,31,204,98,106,80,75,5,17
"2011","Kirklees 010D","E01011034",469,297,162,135,3,103,100,3,49,46,3,17
"2011","Kirklees 011A","E01011157",574,428,157,271,3,58,27,31,81,76,5,4
"2011","Kirklees 011B","E01011161",528,456,201,255,1,6,6,0,61,57,4,4
"2011","Kirklees 011C","E01011163",589,324,140,184,3,203,188,15,40,33,7,19
"2011","Kirklees 011D","E01011164",695,555,252,303,3,79,74,5,53,47,6,5
"2011","Kirklees 011E","E01011165",564,448,159,289,6,8,2,6,99,90,9,3
"2011","Kirklees 011F","E01011166",658,405,139,266,1,101,90,11,135,128,7,16
"2011","Kirklees 011G","E01011167",732,392,152,240,0,172,62,110,145,125,20,23
"2011","Kirklees 012A","E01011033",667,525,236,289,0,25,20,5,113,96,17,4
"2011","Kirklees 012B","E01011035",481,308,161,147,1,104,102,2,49,46,3,19
"2011","Kirklees 012C","E01011036",586,306,108,198,2,193,188,5,68,62,6,17
"2011","Kirklees 012D","E01011037",802,529,199,330,11,50,18,32,205,196,9,7
"2011","Kirklees 013A","E01011016",541,343,166,177,9,49,28,21,129,117,12,11
"2011","Kirklees 013B","E01011017",467,300,197,103,1,103,69,34,53,49,4,10
"2011","Kirklees 013C","E01011018",433,280,174,106,2,77,60,17,60,51,9,14
"2011","Kirklees 013D","E01011019",526,438,297,141,2,19,18,1,64,57,7,3
"2011","Kirklees 013E","E01011020",446,179,106,73,6,188,153,35,57,49,8,16
"2011","Kirklees 014A","E01011021",690,610,293,317,0,5,4,1,69,63,6,6
"2011","Kirklees 014B","E01011022",597,493,259,234,0,4,4,0,91,86,5,9
"2011","Kirklees 014C","E01011126",771,382,199,183,2,281,273,8,86,73,13,20
"2011","Kirklees 014D","E01011127",590,511,254,257,2,9,8,1,60,53,7,8
"2011","Kirklees 015A","E01011156",687,484,233,251,0,144,91,53,51,49,2,8
"2011","Kirklees 015B","E01011158",716,515,226,289,0,29,26,3,161,149,12,11
"2011","Kirklees 015C","E01011159",726,585,304,281,3,26,26,0,100,91,9,12
"2011","Kirklees 015D","E01011160",553,483,199,284,0,9,9,0,57,49,8,4
"2011","Kirklees 015E","E01011162",674,584,344,240,1,9,8,1,73,66,7,7
"2011","Kirklees 016A","E01011025",582,296,121,175,0,186,181,5,96,92,4,4
"2011","Kirklees 016B","E01011026",557,351,160,191,0,65,26,39,129,110,19,12
"2011","Kirklees 016C","E01011136",592,306,126,180,4,190,159,31,71,59,12,21
"2011","Kirklees 016D","E01011137",641,365,119,246,3,171,166,5,87,80,7,15
"2011","Kirklees 017A","E01011128",788,334,174,160,3,143,76,67,283,273,10,25
"2011","Kirklees 017B","E01011130",949,258,99,159,2,372,252,120,288,268,20,29
"2011","Kirklees 017E","E01033542",995,668,319,349,2,85,70,15,224,210,14,16
"2011","Kirklees 018A","E01011121",628,327,84,243,2,210,201,9,83,78,5,6
"2011","Kirklees 018B","E01011122",493,180,57,123,0,269,267,2,33,32,1,11
"2011","Kirklees 018C","E01011123",688,403,182,221,1,131,98,33,142,129,13,11
"2011","Kirklees 018D","E01011124",850,561,166,395,24,143,85,58,109,96,13,13
"2011","Kirklees 018E","E01011125",671,444,221,223,16,150,148,2,51,43,8,10
"2011","Kirklees 018F","E01011129",501,368,151,217,2,86,60,26,37,28,9,8
"2011","Kirklees 019A","E01011138",655,268,98,170,1,300,234,66,68,58,10,18
"2011","Kirklees 019B","E01011139",462,345,152,193,1,58,47,11,51,46,5,7
"2011","Kirklees 019C","E01011140",474,187,53,134,2,215,184,31,51,51,0,19
"2011","Kirklees 019D","E01011141",535,365,160,205,1,64,43,21,91,84,7,14
"2011","Kirklees 020A","E01011132",544,504,284,220,1,5,5,0,26,26,0,8
"2011","Kirklees 020B","E01011142",686,553,265,288,2,13,9,4,111,102,9,7
"2011","Kirklees 020C","E01011217",734,608,370,238,2,57,54,3,56,50,6,11
"2011","Kirklees 020D","E01011218",733,506,249,257,3,116,115,1,90,79,11,18
"2011","Kirklees 021A","E01011216",574,509,266,243,3,12,8,4,44,38,6,6
"2011","Kirklees 021B","E01011219",683,561,279,282,2,42,40,2,72,62,10,6
"2011","Kirklees 021C","E01011220",730,368,139,229,1,247,240,7,102,87,15,12
"2011","Kirklees 021D","E01011221",722,615,321,294,1,15,4,11,86,78,8,5
"2011","Kirklees 022A","E01011046",508,483,280,203,0,1,1,0,23,20,3,1
"2011","Kirklees 022B","E01011100",719,404,179,225,1,216,164,52,83,72,11,15
"2011","Kirklees 022C","E01011102",520,456,182,274,0,10,9,1,48,45,3,6
"2011","Kirklees 022D","E01011108",644,497,230,267,2,23,22,1,117,111,6,5
"2011","Kirklees 023A","E01011133",472,274,112,162,2,109,101,8,68,61,7,19
"2011","Kirklees 023B","E01011134",600,271,113,158,1,189,121,68,117,108,9,22
"2011","Kirklees 023C","E01011143",521,248,119,129,2,108,83,25,141,136,5,22
"2011","Kirklees 023D","E01011144",498,229,113,116,0,129,36,93,133,116,17,7
"2011","Kirklees 023E","E01011260",533,331,141,190,1,121,118,3,70,63,7,10
"2011","Kirklees 024A","E01011257",498,432,321,111,0,9,5,4,43,38,5,14
"2011","Kirklees 024B","E01011258",414,344,251,93,0,7,3,4,55,46,9,8
"2011","Kirklees 024C","E01011259",583,278,132,146,0,213,157,56,74,67,7,18
"2011","Kirklees 024D","E01011261",444,263,118,145,1,121,107,14,51,43,8,8
"2011","Kirklees 024E","E01011262",536,273,135,138,0,184,178,6,63,60,3,16
"2011","Kirklees 024F","E01011263",627,460,205,255,6,70,29,41,77,64,13,14
"2011","Kirklees 025A","E01011101",737,208,62,146,12,439,402,37,47,40,7,31
"2011","Kirklees 025B","E01011103",638,324,158,166,1,215,192,23,73,63,10,25
"2011","Kirklees 025C","E01011104",785,413,195,218,3,284,231,53,62,51,11,23
"2011","Kirklees 025D","E01011105",791,285,49,236,2,347,245,102,139,128,11,18
"2011","Kirklees 026A","E01011212",796,414,191,223,4,256,242,14,97,84,13,25
"2011","Kirklees 026B","E01011213",654,584,342,242,2,17,4,13,47,40,7,4
"2011","Kirklees 026C","E01011214",690,501,223,278,2,62,40,22,116,107,9,9
"2011","Kirklees 026D","E01011215",974,566,279,287,1,94,58,36,291,271,20,22
"2011","Kirklees 027A","E01011039",673,507,310,197,0,47,47,0,109,96,13,10
"2011","Kirklees 027B","E01011042",639,530,245,285,1,8,4,4,93,85,8,7
"2011","Kirklees 027C","E01011047",649,570,356,214,1,6,5,1,67,58,9,5
"2011","Kirklees 027D","E01011210",812,597,263,334,0,27,17,10,178,164,14,10
"2011","Kirklees 028A","E01011252",487,425,231,194,2,15,15,0,41,37,4,4
"2011","Kirklees 028B","E01011253",513,255,108,147,0,209,205,4,39,28,11,10
"2011","Kirklees 028C","E01011254",646,572,324,248,0,24,24,0,48,39,9,2
"2011","Kirklees 028D","E01011255",625,256,98,158,0,301,299,2,50,41,9,18
"2011","Kirklees 028E","E01011256",607,296,129,167,2,246,241,5,46,32,14,17
"2011","Kirklees 029A","E01011038",684,222,107,115,14,315,154,161,113,104,9,20
"2011","Kirklees 029B","E01011041",662,393,183,210,2,37,22,15,219,203,16,11
"2011","Kirklees 029C","E01011106",680,252,91,161,3,284,260,24,123,110,13,18
"2011","Kirklees 029D","E01011107",826,166,97,69,2,270,218,52,352,337,15,36
"2011","Kirklees 030A","E01011201",883,504,284,220,2,144,92,52,213,196,17,20
"2011","Kirklees 030B","E01011203",728,600,296,304,3,47,39,8,69,63,6,9
"2011","Kirklees 030C","E01011209",640,592,336,256,0,4,1,3,43,37,6,1
"2011","Kirklees 030D","E01011211",680,597,339,258,0,29,26,3,50,44,6,4
"2011","Kirklees 031A","E01011040",682,423,178,245,3,11,6,5,243,231,12,2
"2011","Kirklees 031B","E01011043",889,463,200,263,3,84,20,64,329,311,18,10
"2011","Kirklees 031C","E01011044",543,426,191,235,2,10,3,7,97,86,11,8
"2011","Kirklees 031D","E01011045",725,270,148,122,8,189,128,61,217,201,16,41
"2011","Kirklees 032A","E01011089",603,439,242,197,0,103,99,4,56,45,11,5
"2011","Kirklees 032B","E01011091",573,515,259,256,2,8,5,3,43,35,8,5
"2011","Kirklees 032C","E01011092",568,517,302,215,1,6,4,2,39,36,3,5
"2011","Kirklees 032D","E01011200",906,687,223,464,4,19,1,18,189,177,12,7
"2011","Kirklees 033A","E01011204",545,487,292,195,0,7,6,1,47,44,3,4
"2011","Kirklees 033B","E01011206",805,463,203,260,9,143,133,10,176,168,8,14
"2011","Kirklees 033C","E01011208",773,418,199,219,9,67,42,25,270,251,19,9
"2011","Kirklees 033D","E01011240",757,468,227,241,2,95,62,33,180,172,8,12
"2011","Kirklees 034A","E01011231",751,485,252,233,0,27,14,13,224,205,19,15
"2011","Kirklees 034B","E01011236",779,170,94,76,1,139,7,132,452,443,9,17
"2011","Kirklees 034C","E01011238",751,379,222,157,2,79,4,75,285,275,10,6
"2011","Kirklees 034D","E01011239",691,438,232,206,2,70,7,63,174,163,11,7
"2011","Kirklees 035A","E01011093",681,259,111,148,0,333,297,36,74,68,6,15
"2011","Kirklees 035B","E01011094",674,202,78,124,2,397,369,28,41,35,6,32
"2011","Kirklees 035C","E01011096",615,491,247,244,6,34,33,1,72,62,10,12
"2011","Kirklees 035D","E01011098",669,380,163,217,3,51,25,26,224,205,19,11
"2011","Kirklees 036A","E01011146",638,566,258,308,1,3,3,0,60,53,7,8
"2011","Kirklees 036B","E01011151",648,579,273,306,0,4,4,0,59,51,8,6
"2011","Kirklees 036C","E01011202",710,490,270,220,1,129,104,25,69,61,8,21
"2011","Kirklees 036D","E01011205",696,572,273,299,3,6,1,5,110,98,12,5
"2011","Kirklees 037A","E01011090",677,438,195,243,2,137,92,45,92,81,11,8
"2011","Kirklees 037B","E01011095",628,494,259,235,0,72,42,30,58,48,10,4
"2011","Kirklees 037C","E01011097",697,465,204,261,14,112,108,4,83,73,10,23
"2011","Kirklees 037D","E01011099",621,461,219,242,2,98,94,4,44,38,6,16
"2011","Kirklees 038A","E01011150",694,481,199,282,5,37,34,3,162,144,18,9
"2011","Kirklees 038B","E01011155",873,684,268,416,1,8,7,1,173,157,16,7
"2011","Kirklees 038C","E01011207",606,543,291,252,0,13,11,2,46,36,10,4
"2011","Kirklees 038D","E01011234",703,368,144,224,0,228,222,6,97,90,7,10
"2011","Kirklees 039A","E01011232",675,307,178,129,0,185,99,86,164,153,11,19
"2011","Kirklees 039B","E01011233",647,514,209,305,3,19,15,4,106,98,8,5
"2011","Kirklees 039C","E01011235",869,230,139,91,4,265,198,67,332,321,11,38
"2011","Kirklees 039D","E01011237",647,379,174,205,2,75,72,3,184,163,21,7
"2011","Kirklees 040A","E01011004",710,252,114,138,0,396,390,6,41,40,1,21
"2011","Kirklees 040B","E01011006",651,477,222,255,0,79,28,51,90,86,4,5
"2011","Kirklees 040C","E01011008",642,423,170,253,3,9,7,2,204,195,9,3
"2011","Kirklees 040D","E01011012",710,440,173,267,2,103,73,30,163,148,15,2
"2011","Kirklees 041A","E01011145",637,522,271,251,1,32,31,1,80,62,18,2
"2011","Kirklees 041B","E01011147",637,507,206,301,2,35,31,4,87,78,9,6
"2011","Kirklees 041C","E01011148",761,287,109,178,0,387,340,47,57,49,8,30
"2011","Kirklees 041D","E01011152",777,542,210,332,0,9,5,4,215,198,17,11
"2011","Kirklees 042A","E01011007",659,393,173,220,2,37,17,20,221,214,7,6
"2011","Kirklees 042B","E01011223",726,325,138,187,1,249,238,11,134,123,11,17
"2011","Kirklees 042C","E01011225",733,306,129,177,1,195,184,11,224,208,16,7
"2011","Kirklees 042D","E01011229",936,185,84,101,9,342,121,221,376,362,14,24
"2011","Kirklees 043A","E01011080",775,447,185,262,4,45,29,16,265,252,13,14
"2011","Kirklees 043B","E01011081",729,357,174,183,1,140,75,65,211,203,8,20
"2011","Kirklees 043C","E01011082",481,296,172,124,3,40,10,30,125,116,9,17
"2011","Kirklees 043D","E01011230",559,312,174,138,2,53,10,43,176,161,15,16
"2011","Kirklees 044A","E01011005",670,585,344,241,1,26,23,3,54,45,9,4
"2011","Kirklees 044B","E01011009",612,439,256,183,2,76,68,8,83,76,7,12
"2011","Kirklees 044C","E01011010",647,339,139,200,0,182,154,28,108,98,10,18
"2011","Kirklees 044D","E01011011",695,602,339,263,1,21,9,12,65,50,15,6
"2011","Kirklees 045A","E01011077",717,508,206,302,2,34,33,1,159,144,15,14
"2011","Kirklees 045B","E01011149",923,429,139,290,1,176,47,129,311,297,14,6
"2011","Kirklees 045C","E01011153",755,533,220,313,16,40,10,30,155,145,10,11
"2011","Kirklees 045D","E01011154",633,438,163,275,2,102,97,5,85,78,7,6
"2011","Kirklees 046A","E01011191",662,565,306,259,2,38,35,3,51,46,5,6
"2011","Kirklees 046B","E01011192",712,445,221,224,5,167,161,6,76,70,6,19
"2011","Kirklees 046C","E01011193",785,613,283,330,9,88,81,7,59,50,9,16
"2011","Kirklees 046D","E01011194",599,564,337,227,1,4,4,0,25,23,2,5
"2011","Kirklees 047A","E01011079",875,524,202,322,12,75,61,14,238,222,16,26
"2011","Kirklees 047B","E01011083",713,606,314,292,2,20,16,4,78,69,9,7
"2011","Kirklees 047C","E01011084",641,230,86,144,0,282,228,54,105,99,6,24
"2011","Kirklees 047D","E01011085",691,477,273,204,0,138,116,22,57,50,7,19
"2011","Kirklees 048A","E01011224",750,356,156,200,3,257,180,77,121,114,7,13
"2011","Kirklees 048B","E01011226",649,542,306,236,2,40,39,1,56,49,7,9
"2011","Kirklees 048C","E01011227",842,290,123,167,15,430,351,79,69,59,10,38
"2011","Kirklees 048D","E01011228",642,485,252,233,4,75,70,5,67,60,7,11
"2011","Kirklees 049A","E01011071",702,593,305,288,1,27,27,0,76,66,10,5
"2011","Kirklees 049B","E01011072",662,508,205,303,0,69,55,14,79,73,6,6
"2011","Kirklees 049C","E01011073",678,427,194,233,0,88,79,9,153,137,16,10
"2011","Kirklees 049D","E01011078",834,598,253,345,5,34,22,12,193,180,13,4
"2011","Kirklees 050A","E01011086",719,654,391,263,4,17,15,2,39,33,6,5
"2011","Kirklees 050B","E01011087",769,447,216,231,3,217,192,25,83,76,7,19
"2011","Kirklees 050C","E01011088",606,561,356,205,0,4,3,1,39,32,7,2
"2011","Kirklees 050D","E01011222",1003,499,230,269,2,265,243,22,203,179,24,34
"2011","Kirklees 051A","E01011190",729,594,320,274,4,2,2,0,119,109,10,10
"2011","Kirklees 051B","E01011195",447,373,215,158,0,20,18,2,49,46,3,5
"2011","Kirklees 051C","E01011196",726,639,318,321,2,12,4,8,64,52,12,9
"2011","Kirklees 051D","E01011197",667,452,213,239,12,110,103,7,82,74,8,11
"2011","Kirklees 052A","E01011070",661,553,308,245,1,37,34,3,60,51,9,10
"2011","Kirklees 052B","E01011074",832,627,298,329,1,41,31,10,152,137,15,11
"2011","Kirklees 052C","E01011075",662,463,227,236,0,65,61,4,112,109,3,22
"2011","Kirklees 052D","E01011076",626,474,234,240,0,95,87,8,50,47,3,7
"2011","Kirklees 053A","E01011169",607,537,299,238,3,10,9,1,50,46,4,7
"2011","Kirklees 053B","E01011170",740,662,355,307,1,11,9,2,63,57,6,3
"2011","Kirklees 053C","E01011171",632,476,214,262,2,32,31,1,114,110,4,8
"2011","Kirklees 053D","E01011172",531,240,115,125,0,213,178,35,63,54,9,15
"2011","Kirklees 053E","E01011173",525,462,238,224,0,18,16,2,37,29,8,8
"2011","Kirklees 053F","E01011176",577,469,242,227,1,40,39,1,56,50,6,11
"2011","Kirklees 054A","E01011109",723,589,266,323,1,15,6,9,109,100,9,9
"2011","Kirklees 054B","E01011113",740,630,334,296,1,10,7,3,92,87,5,7
"2011","Kirklees 054C","E01011114",688,441,233,208,1,165,136,29,66,62,4,15
"2011","Kirklees 054D","E01011119",660,475,255,220,1,118,101,17,55,48,7,11
"2011","Kirklees 055A","E01011168",672,594,320,274,3,20,18,2,49,40,9,6
"2011","Kirklees 055B","E01011174",704,642,308,334,1,7,3,4,42,38,4,12
"2011","Kirklees 055C","E01011175",598,349,160,189,1,170,168,2,64,58,6,14
"2011","Kirklees 055D","E01011177",722,590,296,294,1,24,22,2,101,90,11,6
"2011","Kirklees 055E","E01011178",871,485,223,262,15,171,118,53,184,170,14,16
"2011","Kirklees 056A","E01011118",634,504,213,291,9,47,35,12,60,56,4,14
"2011","Kirklees 056B","E01011120",592,545,218,327,2,1,1,0,41,38,3,3
"2011","Kirklees 056C","E01011198",662,570,304,266,2,13,11,2,70,59,11,7
"2011","Kirklees 056D","E01011199",621,511,258,253,0,43,31,12,61,54,7,6
"2011","Kirklees 057A","E01011110",584,461,240,221,0,18,9,9,94,89,5,11
"2011","Kirklees 057B","E01011111",643,536,248,288,2,26,24,2,69,56,13,10
"2011","Kirklees 057C","E01011112",667,494,235,259,0,74,69,5,84,77,7,15
"2011","Kirklees 057D","E01011115",772,621,299,322,4,18,16,2,123,111,12,6
"2011","Kirklees 057E","E01011116",691,563,295,268,1,57,45,12,60,56,4,10
"2011","Kirklees 057F","E01011117",729,634,322,312,0,22,20,2,58,44,14,15
"2011","Kirklees 058A","E01011180",799,645,307,338,2,33,30,3,106,94,12,13
"2011","Kirklees 058B","E01011182",766,610,314,296,0,43,39,4,99,89,10,14
"2011","Kirklees 058C","E01011186",678,574,326,248,0,9,6,3,82,66,16,13
"2011","Kirklees 058D","E01011188",699,535,283,252,1,92,84,8,61,50,11,10
"2011","Kirklees 059A","E01011179",765,630,344,286,2,15,12,3,114,101,13,4
"2011","Kirklees 059B","E01011181",846,645,304,341,2,17,9,8,175,160,15,7
"2011","Kirklees 059C","E01011183",793,664,289,375,6,8,4,4,102,81,21,13
"2011","Kirklees 059D","E01011184",582,371,197,174,0,160,154,6,46,37,9,5
"2011","Kirklees 059E","E01011185",701,565,285,280,1,67,43,24,60,57,3,8
"2011","Kirklees 059F","E01011187",685,544,266,278,0,51,44,7,84,77,7,6
"2011","Kirklees 059G","E01011189",675,614,336,278,0,6,5,1,47,42,5,8
"2011","Leeds 001A","E01011698",634,529,298,231,1,55,53,2,41,38,3,8
"2011","Leeds 001B","E01011699",583,525,273,252,1,9,7,2,43,43,0,5
"2011","Leeds 001C","E01011701",529,459,255,204,1,28,25,3,31,27,4,10
"2011","Leeds 001D","E01011702",483,452,261,191,1,12,11,1,17,17,0,1
"2011","Leeds 001E","E01011703",556,532,348,184,0,4,4,0,15,14,1,5
"2011","Leeds 002A","E01011697",558,412,195,217,2,82,72,10,51,49,2,11
"2011","Leeds 002B","E01011700",500,412,241,171,4,36,17,19,45,39,6,3
"2011","Leeds 002C","E01011704",985,493,273,220,5,257,156,101,202,191,11,28
"2011","Leeds 002D","E01011705",636,355,156,199,2,223,206,17,46,40,6,10
"2011","Leeds 003A","E01011581",626,480,263,217,8,101,48,53,31,29,2,6
"2011","Leeds 003B","E01011582",752,363,149,214,4,326,301,25,33,27,6,26
"2011","Leeds 003C","E01011583",601,494,273,221,2,68,67,1,35,32,3,2
"2011","Leeds 003D","E01011584",555,479,272,207,1,34,32,2,38,29,9,3
"2011","Leeds 004A","E01011569",804,501,256,245,4,58,13,45,225,207,18,16
"2011","Leeds 004B","E01011571",758,541,265,276,2,98,35,63,105,92,13,12
"2011","Leeds 004C","E01011572",816,690,319,371,6,29,27,2,87,82,5,4
"2011","Leeds 004D","E01011573",536,452,225,227,0,48,45,3,32,30,2,4
"2011","Leeds 004E","E01011574",711,457,259,198,2,153,145,8,86,81,5,13
"2011","Leeds 005A","E01011707",616,489,276,213,3,89,87,2,27,21,6,8
"2011","Leeds 005B","E01011709",660,547,322,225,1,62,30,32,43,38,5,7
"2011","Leeds 005C","E01011710",638,507,239,268,0,48,44,4,72,65,7,11
"2011","Leeds 005D","E01011711",656,497,299,198,0,67,65,2,80,70,10,12
"2011","Leeds 005E","E01011712",586,408,189,219,0,71,69,2,86,64,22,21
"2011","Leeds 006A","E01011561",533,371,197,174,1,39,29,10,95,86,9,27
"2011","Leeds 006B","E01011696",656,576,332,244,0,52,51,1,23,18,5,5
"2011","Leeds 006C","E01011706",616,536,293,243,1,19,15,4,53,47,6,7
"2011","Leeds 006D","E01011708",612,508,274,234,1,49,46,3,48,43,5,6
"2011","Leeds 006E","E01011713",737,622,297,325,3,45,44,1,58,50,8,9
"2011","Leeds 007A","E01011570",959,763,365,398,7,90,74,16,89,80,9,10
"2011","Leeds 007C","E01011576",594,494,290,204,0,37,32,5,51,45,6,12
"2011","Leeds 007E","E01032503",600,517,286,231,6,13,9,4,55,50,5,9
"2011","Leeds 007F","E01032504",673,638,398,240,0,3,3,0,27,24,3,5
"2011","Leeds 008A","E01011266",893,646,264,382,33,84,23,61,120,112,8,10
"2011","Leeds 008B","E01011270",649,614,365,249,1,4,3,1,25,21,4,5
"2011","Leeds 008C","E01011279",573,433,204,229,3,77,41,36,50,43,7,10
"2011","Leeds 008D","E01011280",715,619,273,346,8,17,9,8,64,53,11,7
"2011","Leeds 009A","E01011265",748,487,242,245,1,76,28,48,177,161,16,7
"2011","Leeds 009B","E01011267",666,385,193,192,1,208,181,27,59,53,6,13
"2011","Leeds 009C","E01011271",903,774,370,404,5,38,26,12,77,72,5,9
"2011","Leeds 009D","E01011272",571,521,243,278,2,7,5,2,36,32,4,5
"2011","Leeds 010A","E01011268",615,280,98,182,1,271,233,38,47,40,7,16
"2011","Leeds 010B","E01011273",700,516,223,293,0,69,55,14,106,97,9,9
"2011","Leeds 010C","E01011274",680,223,78,145,2,345,224,121,96,86,10,14
"2011","Leeds 010D","E01011275",602,432,207,225,3,95,91,4,62,57,5,10
"2011","Leeds 011A","E01011264",565,423,242,181,0,108,101,7,27,22,5,7
"2011","Leeds 011B","E01011269",735,433,192,241,12,179,137,42,104,96,8,7
"2011","Leeds 011C","E01011276",611,483,222,261,1,28,25,3,96,86,10,3
"2011","Leeds 011D","E01011578",625,467,244,223,3,82,58,24,71,66,5,2
"2011","Leeds 012A","E01011554",603,502,278,224,2,7,5,2,83,80,3,9
"2011","Leeds 012B","E01011562",628,554,310,244,2,4,4,0,55,50,5,13
"2011","Leeds 012C","E01011563",618,520,312,208,1,5,2,3,83,76,7,9
"2011","Leeds 012D","E01011564",605,546,281,265,0,6,6,0,48,45,3,5
"2011","Leeds 012E","E01011567",562,497,235,262,0,5,3,2,56,50,6,4
"2011","Leeds 013A","E01011376",623,586,331,255,0,7,6,1,21,19,2,9
"2011","Leeds 013B","E01011377",607,577,355,222,1,12,6,6,13,13,0,4
"2011","Leeds 013C","E01011378",685,268,96,172,0,360,298,62,49,41,8,8
"2011","Leeds 013D","E01011382",662,595,336,259,2,14,11,3,49,37,12,2
"2011","Leeds 014A","E01011277",607,502,157,345,3,28,26,2,68,63,5,6
"2011","Leeds 014B","E01011278",716,601,300,301,3,9,7,2,94,84,10,9
"2011","Leeds 014C","E01011579",493,375,145,230,2,61,57,4,50,43,7,5
"2011","Leeds 014D","E01011580",603,502,264,238,1,49,39,10,45,38,7,6
"2011","Leeds 015A","E01011556",759,474,228,246,7,47,35,12,217,203,14,14
"2011","Leeds 015B","E01011557",646,510,280,230,1,64,5,59,63,61,2,8
"2011","Leeds 015C","E01011565",592,517,254,263,2,19,5,14,48,43,5,6
"2011","Leeds 015D","E01011566",569,466,234,232,2,27,23,4,68,56,12,6
"2011","Leeds 015E","E01011568",861,667,341,326,33,21,3,18,135,125,10,5
"2011","Leeds 016A","E01011380",679,554,313,241,0,58,52,6,55,54,1,12
"2011","Leeds 016B","E01011381",509,470,255,215,0,4,1,3,30,27,3,5
"2011","Leeds 016C","E01011385",525,443,254,189,0,37,36,1,44,41,3,1
"2011","Leeds 016D","E01011386",621,517,274,243,2,16,10,6,83,77,6,3
"2011","Leeds 017A","E01011379",768,364,168,196,1,335,217,118,62,49,13,6
"2011","Leeds 017B","E01011384",660,470,220,250,1,136,123,13,47,40,7,6
"2011","Leeds 017E","E01032501",498,418,210,208,0,37,33,4,36,32,4,7
"2011","Leeds 017F","E01032502",801,346,120,226,1,365,346,19,77,69,8,12
"2011","Leeds 018A","E01011555",561,486,253,233,2,24,19,5,45,38,7,4
"2011","Leeds 018B","E01011558",722,283,104,179,1,346,322,24,69,61,8,23
"2011","Leeds 018C","E01011559",568,213,87,126,2,289,236,53,44,39,5,20
"2011","Leeds 018D","E01011560",883,269,95,174,11,540,444,96,40,31,9,23
"2011","Leeds 019A","E01011383",742,502,276,226,4,127,88,39,99,91,8,10
"2011","Leeds 019B","E01011388",643,456,235,221,3,130,114,16,40,38,2,14
"2011","Leeds 019C","E01011684",638,486,231,255,1,87,84,3,52,48,4,12
"2011","Leeds 019D","E01011695",704,251,83,168,1,379,353,26,52,39,13,21
"2011","Leeds 020A","E01011650",594,479,246,233,1,44,42,2,57,51,6,13
"2011","Leeds 020B","E01011651",637,399,162,237,0,137,49,88,95,90,5,6
"2011","Leeds 020C","E01011653",606,373,202,171,3,12,2,10,212,204,8,6
"2011","Leeds 020D","E01011655",703,487,307,180,3,35,8,27,172,158,14,6
"2011","Leeds 021A","E01011455",481,451,263,188,0,7,5,2,16,14,2,7
"2011","Leeds 021B","E01011456",728,571,316,255,7,35,3,32,106,60,46,9
"2011","Leeds 021C","E01011459",743,525,304,221,10,34,18,16,162,148,14,12
"2011","Leeds 021D","E01011461",611,581,343,238,0,5,2,3,20,20,0,5
"2011","Leeds 022A","E01011311",463,410,214,196,0,10,4,6,38,35,3,5
"2011","Leeds 022B","E01011649",647,591,328,263,0,6,3,3,45,44,1,5
"2011","Leeds 022C","E01011715",527,465,247,218,1,15,5,10,43,37,6,3
"2011","Leeds 022D","E01011719",628,532,303,229,0,60,54,6,25,22,3,11
"2011","Leeds 023A","E01011509",637,514,302,212,3,35,3,32,73,64,9,12
"2011","Leeds 023B","E01011511",529,371,175,196,0,60,11,49,90,87,3,8
"2011","Leeds 023C","E01011512",654,444,220,224,1,37,25,12,164,158,6,8
"2011","Leeds 023D","E01011515",652,430,201,229,2,11,5,6,198,187,11,11
"2011","Leeds 023E","E01011516",644,571,241,330,1,8,4,4,60,58,2,4
"2011","Leeds 024A","E01011508",463,393,159,234,3,6,2,4,57,53,4,4
"2011","Leeds 024B","E01011517",731,485,190,295,3,143,88,55,92,75,17,8
"2011","Leeds 024C","E01011652",501,395,169,226,0,37,8,29,62,60,2,7
"2011","Leeds 024D","E01011654",530,490,230,260,1,6,6,0,28,24,4,5
"2011","Leeds 025A","E01011505",658,479,241,238,0,101,95,6,68,57,11,10
"2011","Leeds 025B","E01011506",513,425,178,247,0,3,1,2,81,77,4,4
"2011","Leeds 025C","E01011507",660,580,270,310,4,11,10,1,62,50,12,3
"2011","Leeds 025D","E01011510",865,228,109,119,3,555,311,244,50,42,8,29
"2011","Leeds 025E","E01011514",632,493,229,264,4,26,10,16,105,98,7,4
"2011","Leeds 027A","E01011452",616,534,264,270,1,3,3,0,76,67,9,2
"2011","Leeds 027B","E01011454",669,532,243,289,2,7,4,3,123,116,7,5
"2011","Leeds 027C","E01011457",591,465,220,245,0,37,34,3,73,66,7,16
"2011","Leeds 027D","E01011458",556,507,261,246,0,11,10,1,33,29,4,5
"2011","Leeds 027E","E01011465",785,423,205,218,4,198,160,38,145,134,11,15
"2011","Leeds 028A","E01011453",661,535,270,265,1,33,4,29,86,79,7,6
"2011","Leeds 028B","E01011460",655,404,167,237,5,94,77,17,140,127,13,12
"2011","Leeds 028C","E01011462",699,400,167,233,4,205,202,3,79,73,6,11
"2011","Leeds 028D","E01011463",749,349,131,218,1,333,307,26,48,45,3,18
"2011","Leeds 028E","E01011464",821,532,220,312,1,43,33,10,238,222,16,7
"2011","Leeds 029A","E01011714",605,484,198,286,5,75,68,7,34,28,6,7
"2011","Leeds 029B","E01011716",607,525,265,260,0,26,23,3,49,44,5,7
"2011","Leeds 029C","E01011717",655,405,168,237,1,204,98,106,34,26,8,11
"2011","Leeds 029D","E01011718",601,324,94,230,0,214,143,71,41,34,7,22
"2011","Leeds 029E","E01011720",691,328,104,224,0,310,289,21,33,31,2,20
"2011","Leeds 030A","E01011296",771,656,400,256,4,48,47,1,47,46,1,16
"2011","Leeds 030B","E01011297",632,464,171,293,2,80,49,31,75,68,7,11
"2011","Leeds 030C","E01011309",654,506,283,223,1,68,66,2,61,49,12,18
"2011","Leeds 030D","E01011310",716,523,265,258,6,99,94,5,79,72,7,9
"2011","Leeds 031A","E01011513",936,661,227,434,5,97,7,90,166,155,11,7
"2011","Leeds 031B","E01011688",608,418,148,270,0,92,20,72,91,88,3,7
"2011","Leeds 031C","E01011689",765,500,265,235,0,157,36,121,92,81,11,16
"2011","Leeds 031D","E01011691",645,224,92,132,2,278,94,184,128,113,15,13
"2011","Leeds 032A","E01011504",749,256,96,160,2,428,414,14,44,43,1,19
"2011","Leeds 032B","E01011641",618,522,248,274,1,20,13,7,69,66,3,6
"2011","Leeds 032C","E01011642",487,427,184,243,2,10,6,4,42,40,2,6
"2011","Leeds 032D","E01011645",608,390,173,217,4,37,22,15,174,167,7,3
"2011","Leeds 033A","E01011484",671,177,64,113,3,428,411,17,44,36,8,19
"2011","Leeds 033B","E01011485",746,339,136,203,2,306,278,28,79,74,5,20
"2011","Leeds 033E","E01011686",810,283,131,152,2,472,431,41,40,33,7,13
"2011","Leeds 033F","E01032493",619,507,225,282,2,22,20,2,85,74,11,3
"2011","Leeds 033G","E01032494",716,256,95,161,3,350,297,53,92,83,9,15
"2011","Leeds 034A","E01011350",713,536,239,297,0,31,28,3,139,135,4,7
"2011","Leeds 034B","E01011351",878,547,245,302,2,72,38,34,248,237,11,9
"2011","Leeds 034C","E01011352",887,358,132,226,9,118,44,74,395,384,11,7
"2011","Leeds 034D","E01011353",822,641,240,401,3,17,8,9,157,151,6,4
"2011","Leeds 035A","E01011656",597,252,74,178,2,283,271,12,46,40,6,14
"2011","Leeds 035B","E01011657",602,223,79,144,0,337,332,5,26,22,4,16
"2011","Leeds 035C","E01011659",648,236,86,150,2,365,359,6,26,20,6,19
"2011","Leeds 035D","E01011661",852,209,84,125,1,579,519,60,35,31,4,28
"2011","Leeds 037A","E01011643",594,444,290,154,0,15,6,9,120,114,6,15
"2011","Leeds 037B","E01011644",542,298,149,149,1,184,10,174,54,51,3,5
"2011","Leeds 037C","E01011646",644,507,236,271,0,26,21,5,107,94,13,4
"2011","Leeds 037D","E01011647",498,340,172,168,1,29,11,18,119,111,8,9
"2011","Leeds 037E","E01011648",566,476,228,248,2,6,4,2,75,68,7,7
"2011","Leeds 038A","E01011354",624,179,64,115,0,393,375,18,47,43,4,5
"2011","Leeds 038B","E01011355",576,255,87,168,3,254,190,64,55,47,8,9
"2011","Leeds 038C","E01011357",880,184,69,115,3,563,321,242,108,100,8,22
"2011","Leeds 038D","E01011450",523,241,61,180,7,188,175,13,75,70,5,12
"2011","Leeds 039A","E01011588",691,537,207,330,1,69,61,8,79,71,8,5
"2011","Leeds 039B","E01011589",699,506,195,311,2,55,42,13,129,119,10,7
"2011","Leeds 039C","E01011590",639,557,273,284,3,21,19,2,52,48,4,6
"2011","Leeds 039D","E01011592",719,472,206,266,2,115,112,3,112,104,8,18
"2011","Leeds 039E","E01011593",789,643,275,368,9,5,5,0,118,108,10,14
"2011","Leeds 040A","E01011421",607,295,105,190,3,204,164,40,94,89,5,11
"2011","Leeds 040B","E01011425",606,499,210,289,1,43,43,0,59,55,4,4
"2011","Leeds 040C","E01011658",631,104,47,57,4,466,445,21,38,37,1,19
"2011","Leeds 040D","E01011660",588,237,81,156,1,307,254,53,35,30,5,8
"2011","Leeds 040E","E01011662",496,92,27,65,1,363,313,50,26,22,4,14
"2011","Leeds 041A","E01011721",621,298,97,201,2,268,248,20,39,32,7,14
"2011","Leeds 041B","E01011722",812,431,115,316,4,301,255,46,69,59,10,7
"2011","Leeds 041C","E01011723",617,223,79,144,0,347,253,94,36,30,6,11
"2011","Leeds 041D","E01011724",830,369,128,241,12,368,260,108,64,54,10,17
"2011","Leeds 042A","E01011356",897,485,205,280,1,170,35,135,234,217,17,7
"2011","Leeds 042B","E01011358",695,291,133,158,1,327,294,33,59,56,3,17
"2011","Leeds 042C","E01011359",745,369,171,198,2,167,39,128,195,178,17,12
"2011","Leeds 042D","E01011360",722,355,206,149,3,192,73,119,153,145,8,19
"2011","Leeds 042E","E01011361",1090,279,127,152,3,595,320,275,181,172,9,32
"2011","Leeds 044A","E01011435",562,68,43,25,0,21,5,16,471,465,6,2
"2011","Leeds 044D","E01011440",611,133,60,73,2,115,16,99,354,350,4,7
"2011","Leeds 044E","E01011441",649,158,76,82,3,97,46,51,384,368,16,7
"2011","Leeds 044F","E01032945",848,172,86,86,2,56,32,24,617,601,16,1
"2011","Leeds 045A","E01011477",866,301,149,152,6,341,248,93,203,187,16,15
"2011","Leeds 045B","E01011480",624,453,258,195,10,23,12,11,126,122,4,12
"2011","Leeds 045C","E01011488",666,262,109,153,3,170,134,36,223,206,17,8
"2011","Leeds 045D","E01011489",823,263,98,165,15,319,247,72,211,199,12,15
"2011","Leeds 046A","E01011324",510,101,34,67,2,346,309,37,54,35,19,7
"2011","Leeds 046B","E01011325",653,396,128,268,8,180,178,2,63,55,8,6
"2011","Leeds 046C","E01011326",575,245,86,159,1,272,226,46,45,40,5,12
"2011","Leeds 046D","E01011332",558,281,104,177,0,228,216,12,45,38,7,4
"2011","Leeds 047A","E01011423",607,284,125,159,4,260,231,29,54,46,8,5
"2011","Leeds 047B","E01011424",516,266,111,155,2,189,132,57,51,45,6,8
"2011","Leeds 047C","E01011427",563,195,82,113,1,274,241,33,72,70,2,21
"2011","Leeds 047D","E01011431",769,168,61,107,11,489,413,76,85,79,6,16
"2011","Leeds 048A","E01011422",495,189,95,94,1,79,26,53,215,208,7,11
"2011","Leeds 048B","E01011426",493,224,115,109,0,128,38,90,137,130,7,4
"2011","Leeds 048C","E01011428",601,261,113,148,1,79,45,34,239,233,6,21
"2011","Leeds 048D","E01011429",693,206,100,106,4,289,87,202,178,163,15,16
"2011","Leeds 050A","E01011663",430,102,33,69,3,287,230,57,26,21,5,12
"2011","Leeds 050B","E01011664",477,214,89,125,0,225,184,41,26,20,6,12
"2011","Leeds 050C","E01011665",626,363,148,215,1,215,209,6,44,36,8,3
"2011","Leeds 050D","E01011667",511,77,16,61,0,393,328,65,26,22,4,15
"2011","Leeds 051A","E01011323",576,378,161,217,0,145,141,4,42,38,4,11
"2011","Leeds 051B","E01011329",662,554,227,327,5,27,10,17,72,63,9,4
"2011","Leeds 051C","E01011330",556,388,182,206,0,115,110,5,46,41,5,7
"2011","Leeds 051D","E01011333",559,356,148,208,3,144,144,0,42,36,6,14
"2011","Leeds 052A","E01011327",624,313,103,210,0,209,154,55,95,87,8,7
"2011","Leeds 052B","E01011328",665,360,118,242,0,233,208,25,59,55,4,13
"2011","Leeds 052C","E01011335",792,513,175,338,1,103,67,36,163,146,17,12
"2011","Leeds 052D","E01011591",810,585,188,397,0,37,14,23,182,166,16,6
"2011","Leeds 053A","E01011430",451,219,128,91,1,69,61,8,148,143,5,14
"2011","Leeds 053B","E01011432",571,247,102,145,2,78,51,27,227,216,11,17
"2011","Leeds 053C","E01011433",668,220,92,128,0,113,83,30,315,310,5,20
"2011","Leeds 053D","E01011434",612,183,62,121,0,134,72,62,285,270,15,10
"2011","Leeds 054A","E01011445",436,42,23,19,3,13,3,10,378,371,7,0
"2011","Leeds 054B","E01011446",465,68,42,26,2,34,11,23,360,350,10,1
"2011","Leeds 054C","E01011447",405,60,40,20,2,71,15,56,268,262,6,4
"2011","Leeds 054D","E01011448",460,45,24,21,0,134,37,97,276,265,11,5
"2011","Leeds 054E","E01011449",566,92,41,51,2,125,71,54,338,333,5,9
"2011","Leeds 055A","E01011670",916,134,69,65,3,485,383,102,277,261,16,17
"2011","Leeds 055B","E01011671",644,136,53,83,6,386,275,111,92,87,5,24
"2011","Leeds 055F","E01033002",761,126,45,81,4,272,233,39,338,322,16,21
"2011","Leeds 055G","E01033003",1109,54,24,30,7,607,541,66,421,413,8,20
"2011","Leeds 055H","E01033005",876,86,37,49,3,429,157,272,342,316,26,16
"2011","Leeds 056A","E01011478",752,212,89,123,2,188,70,118,344,332,12,6
"2011","Leeds 056B","E01011479",543,137,59,78,8,67,43,24,327,310,17,4
"2011","Leeds 056C","E01011481",639,131,68,63,2,212,119,93,286,266,20,8
"2011","Leeds 056D","E01011482",820,388,149,239,2,82,74,8,334,319,15,14
"2011","Leeds 056E","E01011483",665,114,55,59,0,271,243,28,265,252,13,15
"2011","Leeds 057A","E01011406",590,519,275,244,0,9,6,3,58,54,4,4
"2011","Leeds 057B","E01011407",653,519,265,254,1,62,60,2,64,61,3,7
"2011","Leeds 057C","E01011408",735,631,412,219,2,27,7,20,67,62,5,8
"2011","Leeds 057D","E01011409",635,470,225,245,0,2,0,2,154,149,5,9
"2011","Leeds 057E","E01011410",616,571,314,257,0,6,5,1,38,34,4,1
"2011","Leeds 057F","E01011412",624,573,333,240,2,5,4,1,38,33,5,6
"2011","Leeds 058A","E01011331",591,385,144,241,5,86,34,52,105,95,10,10
"2011","Leeds 058B","E01011334",598,350,130,220,0,112,88,24,134,118,16,2
"2011","Leeds 058C","E01011336",777,335,125,210,19,317,253,64,81,74,7,25
"2011","Leeds 058D","E01011337",469,119,25,94,1,305,298,7,35,29,6,9
"2011","Leeds 059A","E01011281",824,410,154,256,5,225,131,94,181,166,15,3
"2011","Leeds 059B","E01011282",610,316,102,214,2,180,173,7,104,89,15,8
"2011","Leeds 059C","E01011283",538,218,110,108,2,282,217,65,32,28,4,4
"2011","Leeds 059D","E01011286",538,416,164,252,1,56,34,22,61,56,5,4
"2011","Leeds 059E","E01011295",686,340,91,249,8,241,218,23,89,83,6,8
"2011","Leeds 060A","E01011339",823,242,81,161,1,509,480,29,51,47,4,20
"2011","Leeds 060B","E01011340",693,233,89,144,6,372,216,156,63,54,9,19
"2011","Leeds 060C","E01011342",569,162,52,110,2,339,309,30,53,49,4,13
"2011","Leeds 060D","E01011346",821,232,78,154,1,525,493,32,44,43,1,19
"2011","Leeds 061A","E01011341",637,335,128,207,2,231,26,205,64,61,3,5
"2011","Leeds 061B","E01011343",807,486,163,323,1,227,203,24,77,72,5,16
"2011","Leeds 061C","E01011345",627,212,75,137,21,313,144,169,66,58,8,15
"2011","Leeds 061D","E01011666",594,521,238,283,0,23,21,2,45,39,6,5
"2011","Leeds 062A","E01011585",650,417,177,240,0,158,149,9,65,60,5,10
"2011","Leeds 062B","E01011587",757,567,192,375,2,32,27,5,147,130,17,9
"2011","Leeds 062C","E01011594",605,335,118,217,0,223,217,6,30,25,5,17
"2011","Leeds 062D","E01011596",759,609,242,367,0,9,8,1,134,115,19,7
"2011","Leeds 062E","E01011598",734,545,196,349,4,44,36,8,133,119,14,8
"2011","Leeds 063B","E01011678",663,80,36,44,3,199,162,37,372,357,15,9
"2011","Leeds 063D","E01011681",673,96,53,43,0,298,121,177,274,263,11,5
"2011","Leeds 063E","E01033006",1016,84,43,41,3,170,63,107,748,733,15,11
"2011","Leeds 064A","E01011338",740,34,14,20,2,654,577,77,30,27,3,20
"2011","Leeds 064B","E01011673",810,114,53,61,2,283,63,220,398,381,17,13
"2011","Leeds 064D","E01011677",786,138,74,64,3,430,344,86,192,167,25,23
"2011","Leeds 064E","E01033031",782,70,36,34,29,333,307,26,339,335,4,11
"2011","Leeds 064F","E01033035",752,34,14,20,2,634,572,62,45,42,3,37
"2011","Leeds 065A","E01011344",824,254,91,163,2,190,138,52,361,350,11,17
"2011","Leeds 065B","E01011347",776,255,92,163,0,227,192,35,287,275,12,7
"2011","Leeds 065C","E01011348",636,190,68,122,3,329,280,49,99,93,6,15
"2011","Leeds 065D","E01011349",962,255,122,133,4,598,544,54,78,73,5,27
"2011","Leeds 066A","E01011586",597,491,266,225,10,17,12,5,74,66,8,5
"2011","Leeds 066B","E01011595",639,553,297,256,1,7,5,2,74,68,6,4
"2011","Leeds 066C","E01011597",557,437,208,229,1,23,10,13,90,80,10,6
"2011","Leeds 066D","E01011599",647,480,204,276,1,69,60,9,93,87,6,4
"2011","Leeds 067B","E01011287",599,424,180,244,1,94,6,88,72,57,15,8
"2011","Leeds 067G","E01032499",702,568,246,322,4,32,18,14,87,83,4,11
"2011","Leeds 067H","E01032500",568,215,67,148,0,91,83,8,255,244,11,7
"2011","Leeds 067I","E01032606",906,573,216,357,7,257,215,42,65,53,12,4
"2011","Leeds 067J","E01032607",547,255,80,175,0,99,28,71,187,176,11,6
"2011","Leeds 067K","E01032608",500,290,113,177,1,24,20,4,182,173,9,3
"2011","Leeds 068A","E01011608",583,340,142,198,6,179,174,5,44,35,9,14
"2011","Leeds 068B","E01011609",668,334,131,203,3,279,233,46,42,33,9,10
"2011","Leeds 068C","E01011610",616,504,218,286,0,34,25,9,73,68,5,5
"2011","Leeds 068D","E01011611",603,262,92,170,1,296,290,6,30,28,2,14
"2011","Leeds 068E","E01011614",807,597,242,355,27,52,47,5,119,108,11,12
"2011","Leeds 069A","E01011413",584,532,246,286,1,4,3,1,42,39,3,5
"2011","Leeds 069B","E01011415",718,576,258,318,4,16,14,2,118,105,13,4
"2011","Leeds 069C","E01011416",606,483,230,253,2,51,48,3,63,61,2,7
"2011","Leeds 069D","E01011417",724,549,301,248,2,87,40,47,75,66,9,11
"2011","Leeds 069E","E01011420",624,590,397,193,1,7,5,2,18,14,4,8
"2011","Leeds 070A","E01011615",639,505,217,288,0,20,15,5,110,101,9,4
"2011","Leeds 070B","E01011617",679,326,114,212,0,281,273,8,61,50,11,11
"2011","Leeds 070C","E01011618",725,399,139,260,3,99,96,3,214,192,22,10
"2011","Leeds 070D","E01011621",588,260,103,157,1,270,266,4,45,41,4,12
"2011","Leeds 071A","E01011284",878,271,97,174,4,160,137,23,435,418,17,8
"2011","Leeds 071B","E01011292",823,177,78,99,1,450,385,65,172,167,5,23
"2011","Leeds 071C","E01011293",743,286,116,170,11,239,196,43,195,190,5,12
"2011","Leeds 071D","E01011294",462,165,67,98,1,193,143,50,83,82,1,20
"2011","Leeds 071E","E01011363",735,196,68,128,1,457,441,16,68,64,4,13
"2011","Leeds 072A","E01011616",680,250,136,114,1,390,102,288,34,26,8,5
"2011","Leeds 072B","E01011620",490,222,113,109,0,245,233,12,19,17,2,4
"2011","Leeds 072C","E01011622",657,135,48,87,2,470,404,66,38,35,3,12
"2011","Leeds 072D","E01011624",714,141,54,87,1,476,397,79,81,77,4,15
"2011","Leeds 073A","E01011411",665,563,241,322,1,15,12,3,80,74,6,6
"2011","Leeds 073B","E01011414",623,541,255,286,0,4,4,0,69,66,3,9
"2011","Leeds 073C","E01011418",612,543,223,320,1,4,3,1,59,50,9,5
"2011","Leeds 073D","E01011419",496,471,241,230,0,8,4,4,13,11,2,4
"2011","Leeds 074A","E01011396",800,502,197,305,4,90,76,14,195,187,8,9
"2011","Leeds 074B","E01011399",623,477,243,234,0,55,51,4,82,75,7,9
"2011","Leeds 074C","E01011400",597,425,202,223,0,107,102,5,54,51,3,11
"2011","Leeds 074D","E01011403",613,491,303,188,0,66,30,36,45,37,8,11
"2011","Leeds 075B","E01011623",703,192,76,116,3,271,184,87,224,219,5,13
"2011","Leeds 075C","E01011625",698,298,111,187,2,142,111,31,244,231,13,12
"2011","Leeds 075D","E01011626",949,168,40,128,6,452,249,203,301,288,13,22
"2011","Leeds 075E","E01033021",697,128,31,97,23,372,231,141,162,159,3,12
"2011","Leeds 075F","E01033033",740,48,14,34,0,200,157,43,480,476,4,12
"2011","Leeds 075G","E01033034",645,171,35,136,12,31,10,21,426,416,10,5
"2011","Leeds 076A","E01011602",743,443,206,237,1,167,128,39,118,109,9,14
"2011","Leeds 076B","E01011603",658,488,236,252,3,43,30,13,112,101,11,12
"2011","Leeds 076C","E01011605",636,554,285,269,2,28,27,1,42,32,10,10
"2011","Leeds 076D","E01011606",642,525,266,259,0,15,11,4,94,80,14,8
"2011","Leeds 076E","E01011613",549,356,147,209,0,127,97,30,57,49,8,9
"2011","Leeds 077A","E01011397",602,502,233,269,1,56,56,0,34,32,2,9
"2011","Leeds 077B","E01011398",498,456,197,259,1,3,0,3,35,30,5,3
"2011","Leeds 077C","E01011401",601,557,284,273,1,4,1,3,37,34,3,2
"2011","Leeds 077D","E01011404",522,493,230,263,3,5,3,2,20,19,1,1
"2011","Leeds 077E","E01011405",627,557,343,214,1,39,6,33,26,24,2,4
"2011","Leeds 078A","E01011725",699,169,60,109,9,441,421,20,60,54,6,20
"2011","Leeds 078B","E01011729",741,284,74,210,0,237,226,11,208,192,16,12
"2011","Leeds 078C","E01011730",657,319,91,228,2,242,234,8,85,75,10,9
"2011","Leeds 078D","E01011735",738,289,112,177,3,380,372,8,50,47,3,16
"2011","Leeds 079A","E01011600",671,515,215,300,8,70,43,27,75,69,6,3
"2011","Leeds 079B","E01011601",624,355,113,242,3,162,159,3,93,85,8,11
"2011","Leeds 079C","E01011604",601,414,152,262,2,62,52,10,117,113,4,6
"2011","Leeds 079D","E01011607",685,467,173,294,20,106,100,6,86,79,7,6
"2011","Leeds 079E","E01011612",687,326,143,183,0,221,208,13,106,101,5,34
"2011","Leeds 080A","E01011726",634,280,109,171,8,292,287,5,44,38,6,10
"2011","Leeds 080B","E01011727",674,540,212,328,4,63,62,1,64,55,9,3
"2011","Leeds 080C","E01011728",626,499,282,217,5,49,24,25,62,53,9,11
"2011","Leeds 080D","E01011739",699,288,127,161,1,356,344,12,43,35,8,11
"2011","Leeds 081A","E01011362",974,363,103,260,3,384,269,115,204,187,17,20
"2011","Leeds 081B","E01011731",609,525,246,279,0,52,25,27,29,21,8,3
"2011","Leeds 081C","E01011732",777,609,244,365,3,65,53,12,87,82,5,13
"2011","Leeds 081D","E01011733",691,529,273,256,27,58,11,47,75,70,5,2
"2011","Leeds 082A","E01011366",757,217,100,117,1,291,170,121,234,226,8,14
"2011","Leeds 082C","E01011368",611,137,54,83,0,228,161,67,244,234,10,2
"2011","Leeds 082D","E01011370",698,301,113,188,3,82,65,17,300,289,11,12
"2011","Leeds 082E","E01033013",647,107,36,71,2,171,149,22,355,351,4,12
"2011","Leeds 082F","E01033032",789,162,50,112,0,115,108,7,492,480,12,20
"2011","Leeds 083A","E01011734",1011,782,266,516,4,40,23,17,180,166,14,5
"2011","Leeds 083B","E01011736",648,513,219,294,2,77,48,29,48,39,9,8
"2011","Leeds 083C","E01011737",760,406,142,264,1,190,149,41,152,144,8,11
"2011","Leeds 083D","E01011738",632,501,225,276,1,62,60,2,60,53,7,8
"2011","Leeds 085A","E01011364",785,172,61,111,17,355,304,51,217,211,6,24
"2011","Leeds 085B","E01011371",728,131,48,83,2,458,326,132,104,95,9,33
"2011","Leeds 085C","E01011373",574,142,52,90,1,268,207,61,147,140,7,16
"2011","Leeds 085D","E01011374",595,300,114,186,2,45,27,18,239,235,4,9
"2011","Leeds 086A","E01011312",669,153,66,87,3,216,70,146,283,268,15,14
"2011","Leeds 086B","E01011316",720,223,98,125,2,181,90,91,305,296,9,9
"2011","Leeds 086C","E01011372",521,129,58,71,1,185,95,90,201,191,10,5
"2011","Leeds 086D","E01011375",689,234,117,117,3,119,47,72,319,308,11,14
"2011","Leeds 087A","E01011390",612,399,174,225,1,153,148,5,51,50,1,8
"2011","Leeds 087B","E01011391",726,489,292,197,1,188,181,7,41,37,4,7
"2011","Leeds 087C","E01011392",643,469,273,196,2,134,130,4,28,26,2,10
"2011","Leeds 087D","E01011402",813,626,382,244,5,94,84,10,72,60,12,16
"2011","Leeds 088A","E01011298",675,361,113,248,3,182,168,14,120,116,4,9
"2011","Leeds 088B","E01011299",947,646,226,420,31,112,71,41,148,132,16,10
"2011","Leeds 088C","E01011302",619,580,335,245,0,5,3,2,33,32,1,1
"2011","Leeds 088D","E01011303",486,359,168,191,1,87,82,5,30,28,2,9
"2011","Leeds 089A","E01011300",614,401,139,262,1,178,138,40,26,22,4,8
"2011","Leeds 089B","E01011301",547,507,218,289,1,13,12,1,22,18,4,4
"2011","Leeds 089C","E01011304",699,418,148,270,1,201,179,22,68,58,10,11
"2011","Leeds 089D","E01011305",634,542,206,336,3,27,14,13,58,53,5,4
"2011","Leeds 089E","E01011306",544,507,214,293,1,8,6,2,27,23,4,1
"2011","Leeds 090A","E01011315",646,425,204,221,1,90,87,3,118,103,15,12
"2011","Leeds 090B","E01011317",856,278,98,180,1,489,447,42,67,60,7,21
"2011","Leeds 090C","E01011318",637,188,61,127,2,383,376,7,53,46,7,11
"2011","Leeds 090D","E01011321",637,240,85,155,0,341,308,33,46,39,7,10
"2011","Leeds 090E","E01011369",727,414,216,198,1,152,74,78,147,143,4,13
"2011","Leeds 091A","E01011313",649,417,154,263,3,25,20,5,199,193,6,5
"2011","Leeds 091B","E01011314",674,436,169,267,1,23,10,13,205,187,18,9
"2011","Leeds 091C","E01011319",624,419,189,230,15,46,45,1,130,115,15,14
"2011","Leeds 091D","E01011320",679,534,269,265,3,18,18,0,114,108,6,10
"2011","Leeds 091E","E01011322",673,478,248,230,1,118,96,22,63,55,8,13
"2011","Leeds 092A","E01011471",636,235,113,122,1,334,158,176,53,47,6,13
"2011","Leeds 092B","E01011472",700,212,84,128,2,429,365,64,40,34,6,17
"2011","Leeds 092C","E01011473",632,138,29,109,10,433,294,139,43,40,3,8
"2011","Leeds 092D","E01011474",641,171,48,123,1,395,310,85,54,50,4,20
"2011","Leeds 093A","E01011518",957,675,202,473,2,111,96,15,145,138,7,24
"2011","Leeds 093B","E01011524",540,455,202,253,0,17,9,8,64,53,11,4
"2011","Leeds 093C","E01011526",489,449,161,288,0,5,5,0,33,28,5,2
"2011","Leeds 093D","E01011531",676,615,386,229,1,17,2,15,33,28,5,10
"2011","Leeds 094A","E01011466",654,357,149,208,1,241,234,7,36,33,3,19
"2011","Leeds 094B","E01011469",641,513,227,286,3,62,59,3,62,53,9,1
"2011","Leeds 094C","E01011475",690,238,89,149,7,364,292,72,71,65,6,10
"2011","Leeds 094D","E01011476",497,215,72,143,3,219,208,11,44,35,9,16
"2011","Leeds 095A","E01011519",648,400,166,234,1,187,183,4,46,40,6,14
"2011","Leeds 095B","E01011522",589,515,251,264,0,10,4,6,62,53,9,2
"2011","Leeds 095C","E01011525",702,552,209,343,4,31,28,3,109,102,7,6
"2011","Leeds 095D","E01011528",622,525,167,358,2,39,6,33,52,46,6,4
"2011","Leeds 095E","E01011532",710,372,104,268,1,248,199,49,75,72,3,14
"2011","Leeds 096A","E01011520",654,545,266,279,0,30,6,24,71,59,12,8
"2011","Leeds 096B","E01011521",908,685,294,391,20,55,49,6,136,125,11,12
"2011","Leeds 096C","E01011523",771,539,218,321,1,115,109,6,100,91,9,16
"2011","Leeds 096D","E01011527",772,669,361,308,0,7,5,2,92,83,9,4
"2011","Leeds 096E","E01011529",580,380,158,222,0,143,141,2,48,45,3,9
"2011","Leeds 097B","E01011635",705,491,235,256,2,61,49,12,142,135,7,9
"2011","Leeds 097C","E01011637",735,566,208,358,2,89,62,27,72,67,5,6
"2011","Leeds 097D","E01011638",617,518,249,269,1,50,46,4,46,37,9,2
"2011","Leeds 097F","E01032487",448,235,100,135,1,178,167,11,23,21,2,11
"2011","Leeds 097G","E01032488",735,650,309,341,2,42,26,16,34,27,7,7
"2011","Leeds 098A","E01011627",592,378,196,182,2,163,154,9,41,36,5,8
"2011","Leeds 098B","E01011628",597,550,308,242,0,15,13,2,29,24,5,3
"2011","Leeds 098C","E01011629",605,371,170,201,2,169,82,87,53,47,6,10
"2011","Leeds 098D","E01011632",605,254,88,166,0,294,215,79,45,42,3,12
"2011","Leeds 098E","E01011633",622,441,199,242,0,101,95,6,72,69,3,8
"2011","Leeds 099A","E01011490",1178,824,179,645,34,123,91,32,182,167,15,15
"2011","Leeds 099C","E01011502",595,339,118,221,5,202,180,22,44,34,10,5
"2011","Leeds 099E","E01032497",640,258,85,173,4,268,258,10,94,83,11,16
"2011","Leeds 099F","E01032498",697,561,343,218,12,35,29,6,87,74,13,2
"2011","Leeds 100A","E01011496",606,517,126,391,0,8,7,1,75,68,7,6
"2011","Leeds 100B","E01011630",886,723,244,479,2,36,11,25,122,117,5,3
"2011","Leeds 100C","E01011634",664,430,206,224,4,160,149,11,56,48,8,14
"2011","Leeds 100D","E01011636",722,546,285,261,0,62,49,13,99,93,6,15
"2011","Leeds 100E","E01011639",645,376,160,216,1,207,201,6,49,46,3,12
"2011","Leeds 101A","E01011491",608,219,67,152,1,341,329,12,34,28,6,13
"2011","Leeds 101B","E01011492",553,152,61,91,2,342,198,144,46,42,4,11
"2011","Leeds 101C","E01011493",644,256,88,168,0,313,304,9,59,48,11,16
"2011","Leeds 101D","E01011494",541,255,83,172,0,202,175,27,80,73,7,4
"2011","Leeds 101E","E01011497",671,217,61,156,0,403,385,18,28,26,2,23
"2011","Leeds 102B","E01011540",641,338,118,220,0,247,235,12,41,32,9,15
"2011","Leeds 102F","E01032489",894,562,197,365,5,73,60,13,243,234,9,11
"2011","Leeds 102G","E01032490",570,466,109,357,1,30,21,9,70,66,4,3
"2011","Leeds 102H","E01032491",489,418,126,292,0,25,14,11,46,40,6,0
"2011","Leeds 102I","E01032492",997,404,120,284,11,257,227,30,303,291,12,22
"2011","Leeds 103A","E01011307",610,420,173,247,2,135,132,3,45,38,7,8
"2011","Leeds 103B","E01011308",655,483,227,256,1,112,104,8,49,43,6,10
"2011","Leeds 103C","E01011393",693,527,201,326,4,96,82,14,57,52,5,9
"2011","Leeds 103D","E01011394",497,416,206,210,3,43,41,2,29,28,1,6
"2011","Leeds 103E","E01011395",464,354,89,265,1,60,55,5,41,37,4,8
"2011","Leeds 104A","E01011533",687,406,164,242,1,105,94,11,167,155,12,8
"2011","Leeds 104B","E01011541",1010,378,135,243,3,321,108,213,290,276,14,18
"2011","Leeds 104C","E01011545",651,432,158,274,10,45,33,12,158,146,12,6
"2011","Leeds 104D","E01011547",834,441,132,309,12,244,206,38,122,109,13,15
"2011","Leeds 105C","E01011499",1053,702,110,592,20,192,118,74,133,129,4,6
"2011","Leeds 105D","E01011500",689,544,258,286,1,85,82,3,52,41,11,7
"2011","Leeds 105E","E01032495",922,647,107,540,3,153,146,7,115,103,12,4
"2011","Leeds 105F","E01032496",878,618,193,425,24,100,46,54,123,108,15,13
"2011","Leeds 106A","E01011530",651,492,222,270,0,29,10,19,121,115,6,9
"2011","Leeds 106B","E01011534",684,487,213,274,0,43,6,37,147,134,13,7
"2011","Leeds 106C","E01011546",743,501,195,306,3,77,58,19,153,147,6,9
"2011","Leeds 106D","E01011548",639,522,275,247,2,34,33,1,73,65,8,8
"2011","Leeds 106E","E01011550",552,480,194,286,0,5,4,1,63,55,8,4
"2011","Leeds 107A","E01011537",947,671,353,318,4,113,85,28,140,129,11,19
"2011","Leeds 107B","E01011538",662,383,138,245,2,178,157,21,85,69,16,14
"2011","Leeds 107C","E01011551",647,479,125,354,4,81,16,65,75,69,6,8
"2011","Leeds 107D","E01011552",575,304,123,181,2,214,206,8,43,36,7,12
"2011","Leeds 108A","E01011535",658,580,286,294,1,15,13,2,60,50,10,2
"2011","Leeds 108B","E01011536",660,580,268,312,6,34,32,2,35,32,3,5
"2011","Leeds 108C","E01011549",512,473,130,343,0,4,2,2,31,29,2,4
"2011","Leeds 108D","E01011553",615,529,206,323,0,28,26,2,53,51,2,5
"2011","Leeds 109A","E01011685",777,483,237,246,1,38,8,30,250,226,24,5
"2011","Leeds 109B","E01011687",574,460,228,232,0,38,21,17,68,60,8,8
"2011","Leeds 109C","E01011690",661,410,254,156,1,14,6,8,226,220,6,10
"2011","Leeds 109D","E01011692",666,430,199,231,4,34,17,17,193,181,12,5
"2011","Leeds 109E","E01011693",725,349,125,224,0,35,19,16,337,319,18,4
"2011","Leeds 109F","E01011694",615,332,167,165,1,16,7,9,250,243,7,16
"2011","Leeds 109G","E01032876",533,381,195,186,3,16,5,11,117,90,27,16
"2011","Leeds 110A","E01011442",543,71,41,30,5,58,14,44,404,395,9,5
"2011","Leeds 110B","E01011443",479,69,36,33,0,58,8,50,349,346,3,3
"2011","Leeds 110C","E01011444",586,42,29,13,6,80,15,65,456,447,9,2
"2011","Leeds 110D","E01011451",466,181,84,97,1,81,7,74,197,188,9,6
"2011","Leeds 110E","E01011668",517,77,36,41,3,108,39,69,327,314,13,2
"2011","Leeds 110F","E01011669",518,121,48,73,1,97,51,46,295,256,39,4
"2011","Leeds 110G","E01032946",778,175,89,86,9,123,11,112,447,412,35,24
"2011","Leeds 111A","E01033008",704,114,34,80,3,21,4,17,557,541,16,9
"2011","Leeds 111B","E01033010",690,113,38,75,6,38,2,36,513,492,21,20
"2011","Leeds 111C","E01033011",761,127,35,92,9,30,1,29,587,568,19,8
"2011","Leeds 111D","E01033015",705,128,31,97,2,36,1,35,532,518,14,7
"2011","Leeds 111E","E01033016",709,187,56,131,2,44,2,42,469,450,19,7
"2011","Leeds 112A","E01011467",647,232,63,169,7,219,153,66,170,160,10,19
"2011","Leeds 112B","E01011468",743,202,77,125,2,462,366,96,56,48,8,21
"2011","Leeds 112C","E01011470",607,365,142,223,0,159,123,36,76,70,6,7
"2011","Leeds 112D","E01033018",729,39,13,26,3,23,6,17,658,653,5,6
"2011","Leeds 112E","E01033019",766,108,20,88,1,15,9,6,638,621,17,4
"2011","Wakefield 001A","E01011740",660,266,109,157,0,350,293,57,40,34,6,4
"2011","Wakefield 001B","E01011741",636,499,259,240,2,93,77,16,32,26,6,10
"2011","Wakefield 001C","E01011742",716,339,130,209,0,315,195,120,46,41,5,16
"2011","Wakefield 001D","E01011745",697,240,86,154,4,409,353,56,41,34,7,3
"2011","Wakefield 001E","E01011746",564,214,92,122,0,309,262,47,37,31,6,4
"2011","Wakefield 002A","E01011752",722,504,217,287,8,57,52,5,144,130,14,9
"2011","Wakefield 002B","E01011753",627,467,243,224,1,43,26,17,111,101,10,5
"2011","Wakefield 002C","E01011756",758,275,148,127,3,391,320,71,81,71,10,8
"2011","Wakefield 002D","E01011760",795,518,237,281,2,37,13,24,230,205,25,8
"2011","Wakefield 002E","E01011762",737,527,249,278,2,23,18,5,178,168,10,7
"2011","Wakefield 003A","E01011743",597,564,317,247,0,14,12,2,15,11,4,4
"2011","Wakefield 003B","E01011744",669,592,275,317,13,22,15,7,35,31,4,7
"2011","Wakefield 003C","E01011747",726,267,71,196,2,407,332,75,43,40,3,7
"2011","Wakefield 003D","E01011750",603,229,92,137,0,332,280,52,34,29,5,8
"2011","Wakefield 003E","E01011754",630,385,184,201,1,196,165,31,41,33,8,7
"2011","Wakefield 004A","E01011757",744,472,183,289,8,201,172,29,56,50,6,7
"2011","Wakefield 004B","E01011759",831,398,155,243,7,367,262,105,55,47,8,4
"2011","Wakefield 004C","E01011761",792,599,272,327,2,78,50,28,102,95,7,11
"2011","Wakefield 004D","E01011763",744,392,184,208,2,271,161,110,74,70,4,5
"2011","Wakefield 004E","E01011764",714,348,138,210,14,269,210,59,78,70,8,5
"2011","Wakefield 005A","E01011748",656,525,273,252,2,54,43,11,66,60,6,9
"2011","Wakefield 005B","E01011749",969,655,222,433,2,65,33,32,243,232,11,4
"2011","Wakefield 005C","E01011751",517,464,204,260,0,8,3,5,41,37,4,4
"2011","Wakefield 005D","E01011755",677,607,258,349,0,12,7,5,54,46,8,4
"2011","Wakefield 006A","E01011873",679,588,187,401,5,10,5,5,71,62,9,5
"2011","Wakefield 006B","E01011877",544,474,204,270,1,9,7,2,54,45,9,6
"2011","Wakefield 006C","E01011894",543,482,202,280,1,13,10,3,43,40,3,4
"2011","Wakefield 006D","E01011895",587,450,159,291,1,92,69,23,40,36,4,4
"2011","Wakefield 007A","E01011875",676,377,133,244,5,213,161,52,75,61,14,6
"2011","Wakefield 007B","E01011876",653,359,171,188,7,199,148,51,84,70,14,4
"2011","Wakefield 007C","E01011878",668,555,235,320,2,31,17,14,77,71,6,3
"2011","Wakefield 007D","E01011880",660,564,242,322,6,21,10,11,69,58,11,0
"2011","Wakefield 008A","E01011881",660,460,222,238,1,98,69,29,95,89,6,6
"2011","Wakefield 008B","E01011887",498,444,216,228,2,9,8,1,37,30,7,6
"2011","Wakefield 008C","E01011893",574,510,223,287,0,4,2,2,53,46,7,7
"2011","Wakefield 008D","E01011896",627,429,227,202,1,134,107,27,56,45,11,7
"2011","Wakefield 008E","E01011897",698,321,152,169,1,307,197,110,64,50,14,5
"2011","Wakefield 009A","E01011874",665,560,268,292,1,45,26,19,55,52,3,4
"2011","Wakefield 009B","E01011879",637,521,227,294,2,13,7,6,98,89,9,3
"2011","Wakefield 009C","E01011882",641,510,286,224,0,92,76,16,37,26,11,2
"2011","Wakefield 009D","E01011883",642,408,156,252,0,178,130,48,46,42,4,10
"2011","Wakefield 010A","E01011805",707,305,135,170,2,310,240,70,80,73,7,10
"2011","Wakefield 010B","E01011807",662,356,134,222,2,183,123,60,118,113,5,3
"2011","Wakefield 010C","E01011808",770,558,293,265,9,120,85,35,74,69,5,9
"2011","Wakefield 010D","E01011810",582,414,160,254,0,122,100,22,42,37,5,4
"2011","Wakefield 011A","E01011803",583,273,115,158,1,263,219,44,44,38,6,2
"2011","Wakefield 011B","E01011804",708,439,228,211,27,186,150,36,49,39,10,7
"2011","Wakefield 011C","E01011806",664,434,212,222,1,153,124,29,76,67,9,0
"2011","Wakefield 011D","E01011809",736,347,177,170,3,338,281,57,42,38,4,6
"2011","Wakefield 011E","E01011811",661,243,96,147,2,343,277,66,70,63,7,3
"2011","Wakefield 012A","E01011835",640,563,318,245,1,7,2,5,64,58,6,5
"2011","Wakefield 012B","E01011836",576,439,135,304,0,67,50,17,68,62,6,2
"2011","Wakefield 012C","E01011839",642,491,255,236,13,100,59,41,33,31,2,5
"2011","Wakefield 012D","E01011843",643,422,178,244,1,153,15,138,60,57,3,7
"2011","Wakefield 012E","E01011844",729,642,142,500,13,9,3,6,57,55,2,8
"2011","Wakefield 013A","E01011758",614,359,126,233,3,164,133,31,78,70,8,10
"2011","Wakefield 013B","E01011812",1010,880,298,582,1,22,18,4,102,86,16,5
"2011","Wakefield 013C","E01011820",636,480,177,303,1,76,24,52,76,68,8,3
"2011","Wakefield 013D","E01011821",599,383,192,191,15,167,115,52,24,23,1,10
"2011","Wakefield 014A","E01011885",597,527,286,241,2,36,27,9,27,22,5,5
"2011","Wakefield 014B","E01011886",649,557,299,258,0,38,28,10,53,44,9,1
"2011","Wakefield 014C","E01011888",598,549,308,241,1,10,4,6,29,25,4,9
"2011","Wakefield 014D","E01011890",489,397,177,220,0,60,46,14,31,26,5,1
"2011","Wakefield 014E","E01011891",716,416,204,212,0,256,123,133,35,31,4,9
"2011","Wakefield 015A","E01011834",613,386,106,280,0,147,124,23,73,64,9,7
"2011","Wakefield 015B","E01011837",613,371,164,207,2,180,141,39,55,44,11,5
"2011","Wakefield 015C","E01011838",1102,371,106,265,8,490,303,187,223,204,19,10
"2011","Wakefield 015D","E01011841",706,441,229,212,10,160,99,61,88,83,5,7
"2011","Wakefield 015E","E01011842",689,206,92,114,0,439,332,107,33,27,6,11
"2011","Wakefield 016A","E01011813",700,318,93,225,10,321,222,99,46,36,10,5
"2011","Wakefield 016B","E01011814",803,346,114,232,3,379,295,84,65,53,12,10
"2011","Wakefield 016C","E01011815",685,392,199,193,1,222,161,61,64,58,6,6
"2011","Wakefield 016D","E01011816",630,252,109,143,0,333,268,65,41,37,4,4
"2011","Wakefield 016E","E01011819",717,469,194,275,0,57,21,36,184,172,12,7
"2011","Wakefield 016F","E01011822",636,454,213,241,1,64,53,11,114,104,10,3
"2011","Wakefield 017A","E01011884",961,633,232,401,14,40,26,14,269,255,14,5
"2011","Wakefield 017B","E01011912",687,241,121,120,4,220,77,143,214,205,9,8
"2011","Wakefield 017C","E01011913",546,274,124,150,3,104,83,21,150,139,11,15
"2011","Wakefield 017D","E01011916",1205,150,62,88,3,630,415,215,404,381,23,18
"2011","Wakefield 018A","E01011840",685,338,131,207,7,280,220,60,53,45,8,7
"2011","Wakefield 018B","E01011850",628,285,123,162,0,310,256,54,33,26,7,0
"2011","Wakefield 018C","E01011852",651,291,135,156,7,300,235,65,44,38,6,9
"2011","Wakefield 018D","E01011853",588,335,134,201,2,226,190,36,22,19,3,3
"2011","Wakefield 019A","E01011920",702,340,151,189,2,78,43,35,276,260,16,6
"2011","Wakefield 019B","E01011923",714,483,251,232,2,15,6,9,194,184,10,20
"2011","Wakefield 019C","E01011924",655,503,244,259,2,46,31,15,99,87,12,5
"2011","Wakefield 019D","E01011925",667,232,72,160,1,359,300,59,73,65,8,2
"2011","Wakefield 020A","E01011909",595,411,229,182,1,120,94,26,52,50,2,11
"2011","Wakefield 020B","E01011910",730,194,78,116,1,488,371,117,34,27,7,13
"2011","Wakefield 020C","E01011911",629,220,75,145,0,367,292,75,39,34,5,3
"2011","Wakefield 020D","E01011914",667,286,99,187,1,337,245,92,35,24,11,8
"2011","Wakefield 020E","E01011915",631,260,81,179,3,204,110,94,160,155,5,4
"2011","Wakefield 021A","E01011823",619,438,198,240,0,90,70,20,88,79,9,3
"2011","Wakefield 021B","E01011824",620,264,70,194,2,282,231,51,62,54,8,10
"2011","Wakefield 021C","E01011825",771,553,189,364,1,66,53,13,143,133,10,8
"2011","Wakefield 021D","E01011826",590,494,248,246,1,49,37,12,40,37,3,6
"2011","Wakefield 021E","E01011827",526,450,273,177,1,46,38,8,28,21,7,1
"2011","Wakefield 021F","E01011828",631,443,207,236,2,32,26,6,153,139,14,1
"2011","Wakefield 022A","E01011889",502,440,173,267,1,21,15,6,39,34,5,1
"2011","Wakefield 022B","E01011892",779,441,129,312,16,232,168,64,81,69,12,9
"2011","Wakefield 022C","E01011919",832,450,146,304,2,238,185,53,135,123,12,7
"2011","Wakefield 022D","E01011921",608,433,205,228,0,120,99,21,52,45,7,3
"2011","Wakefield 022E","E01011926",645,274,104,170,2,254,180,74,110,105,5,5
"2011","Wakefield 022F","E01011927",568,297,102,195,1,215,148,67,48,44,4,7
"2011","Wakefield 023A","E01011845",626,589,383,206,2,5,4,1,19,15,4,11
"2011","Wakefield 023B","E01011846",594,483,250,233,8,47,26,21,51,45,6,5
"2011","Wakefield 023C","E01011847",615,564,314,250,0,12,7,5,35,33,2,4
"2011","Wakefield 023D","E01011848",624,542,330,212,2,40,28,12,35,29,6,5
"2011","Wakefield 023E","E01011851",690,373,184,189,3,204,104,100,105,96,9,5
"2011","Wakefield 024A","E01011775",1131,855,234,621,5,161,120,41,104,88,16,6
"2011","Wakefield 024B","E01011776",619,360,149,211,0,198,164,34,55,46,9,6
"2011","Wakefield 024C","E01011777",622,461,228,233,0,90,79,11,68,60,8,3
"2011","Wakefield 024D","E01011778",652,478,224,254,0,93,68,25,76,68,8,5
"2011","Wakefield 024E","E01011817",557,317,115,202,0,203,159,44,34,29,5,3
"2011","Wakefield 024F","E01011818",592,444,220,224,2,96,78,18,45,36,9,5
"2011","Wakefield 025A","E01011829",613,487,222,265,4,39,26,13,76,70,6,7
"2011","Wakefield 025B","E01011830",660,385,207,178,1,194,136,58,74,67,7,6
"2011","Wakefield 025C","E01011831",776,434,160,274,0,223,83,140,111,102,9,8
"2011","Wakefield 025D","E01011832",621,374,181,193,1,182,140,42,60,53,7,4
"2011","Wakefield 025E","E01011833",667,506,267,239,2,93,12,81,58,55,3,8
"2011","Wakefield 026A","E01011899",542,196,80,116,2,314,256,58,21,16,5,9
"2011","Wakefield 026B","E01011900",752,279,116,163,8,416,325,91,43,37,6,6
"2011","Wakefield 026C","E01011901",584,116,59,57,0,438,351,87,27,22,5,3
"2011","Wakefield 026D","E01011904",500,132,68,64,0,343,290,53,20,16,4,5
"2011","Wakefield 026E","E01011918",634,272,115,157,2,323,246,77,32,27,5,5
"2011","Wakefield 026F","E01011922",639,198,44,154,1,400,244,156,34,26,8,6
"2011","Wakefield 027A","E01011779",598,382,187,195,1,172,152,20,35,29,6,8
"2011","Wakefield 027B","E01011780",870,244,89,155,3,579,469,110,38,29,9,6
"2011","Wakefield 027C","E01011781",804,415,147,268,5,273,192,81,99,85,14,12
"2011","Wakefield 027D","E01011782",640,487,241,246,1,94,79,15,56,45,11,2
"2011","Wakefield 027E","E01011783",594,397,209,188,1,32,25,7,158,143,15,6
"2011","Wakefield 028A","E01011902",674,463,287,176,0,100,67,33,105,100,5,6
"2011","Wakefield 028B","E01011903",617,411,249,162,0,168,132,36,32,27,5,6
"2011","Wakefield 028C","E01011905",684,618,349,269,0,11,7,4,52,49,3,3
"2011","Wakefield 028D","E01011907",875,428,204,224,1,242,192,50,183,172,11,21
"2011","Wakefield 029A","E01011793",729,533,280,253,8,126,83,43,55,50,5,7
"2011","Wakefield 029B","E01011794",613,366,153,213,1,179,133,46,60,49,11,7
"2011","Wakefield 029C","E01011795",595,329,152,177,0,216,170,46,45,39,6,5
"2011","Wakefield 029D","E01011796",582,458,190,268,1,69,59,10,45,41,4,9
"2011","Wakefield 029E","E01011799",775,374,172,202,12,318,233,85,57,53,4,14
"2011","Wakefield 029F","E01011800",718,545,230,315,1,62,42,20,104,95,9,6
"2011","Wakefield 030A","E01011898",717,289,120,169,46,116,90,26,262,252,10,4
"2011","Wakefield 030B","E01011906",672,143,41,102,0,488,366,122,37,34,3,4
"2011","Wakefield 030C","E01011908",934,537,258,279,4,83,50,33,301,287,14,9
"2011","Wakefield 030D","E01011917",699,218,98,120,7,288,196,92,169,161,8,17
"2011","Wakefield 030E","E01011944",589,371,154,217,2,67,23,44,148,130,18,1
"2011","Wakefield 031A","E01011797",706,625,296,329,2,8,4,4,66,59,7,5
"2011","Wakefield 031B","E01011798",662,422,195,227,2,55,10,45,170,150,20,13
"2011","Wakefield 031C","E01011801",645,437,161,276,0,135,104,31,71,64,7,2
"2011","Wakefield 031D","E01011802",647,491,266,225,0,78,61,17,71,63,8,7
"2011","Wakefield 032A","E01011765",640,457,199,258,2,123,101,22,49,40,9,9
"2011","Wakefield 032B","E01011766",584,421,164,257,0,117,84,33,41,38,3,5
"2011","Wakefield 032C","E01011773",609,572,334,238,0,6,5,1,29,23,6,2
"2011","Wakefield 032D","E01011774",590,440,221,219,1,101,80,21,37,32,5,11
"2011","Wakefield 033A","E01011939",639,601,355,246,0,4,1,3,31,29,2,3
"2011","Wakefield 033B","E01011945",648,485,276,209,27,74,40,34,54,48,6,8
"2011","Wakefield 033C","E01011947",670,622,398,224,0,11,9,2,32,26,6,5
"2011","Wakefield 033D","E01011948",665,628,366,262,0,4,2,2,25,22,3,8
"2011","Wakefield 034A","E01011767",740,624,342,282,0,60,38,22,51,40,11,5
"2011","Wakefield 034B","E01011768",583,501,284,217,1,20,15,5,60,48,12,1
"2011","Wakefield 034C","E01011769",930,702,236,466,9,59,10,49,153,137,16,7
"2011","Wakefield 034D","E01011770",795,529,231,298,2,180,127,53,69,59,10,15
"2011","Wakefield 034E","E01011849",730,623,393,230,3,38,23,15,61,54,7,5
"2011","Wakefield 034F","E01011857",721,632,374,258,0,37,23,14,44,38,6,8
"2011","Wakefield 035A","E01011928",625,377,196,181,1,197,139,58,47,44,3,3
"2011","Wakefield 035B","E01011931",637,489,247,242,2,96,69,27,45,38,7,5
"2011","Wakefield 035C","E01011932",607,520,272,248,1,14,8,6,65,58,7,7
"2011","Wakefield 035D","E01011938",570,483,223,260,3,17,10,7,64,56,8,3
"2011","Wakefield 036A","E01011929",746,671,355,316,0,8,5,3,63,57,6,4
"2011","Wakefield 036B","E01011930",713,617,296,321,0,11,5,6,80,71,9,5
"2011","Wakefield 036C","E01011933",657,519,224,295,1,60,7,53,69,60,9,8
"2011","Wakefield 036D","E01011937",606,531,267,264,1,5,0,5,63,59,4,6
"2011","Wakefield 037A","E01011934",621,520,280,240,1,19,10,9,71,65,6,10
"2011","Wakefield 037B","E01011936",659,279,104,175,1,336,264,72,39,31,8,4
"2011","Wakefield 037C","E01011940",614,310,137,173,7,265,203,62,27,22,5,5
"2011","Wakefield 037D","E01011943",806,335,120,215,22,397,251,146,45,38,7,7
"2011","Wakefield 038A","E01011935",756,615,245,370,5,29,25,4,99,90,9,8
"2011","Wakefield 038B","E01011941",646,431,230,201,30,151,93,58,30,25,5,4
"2011","Wakefield 038C","E01011942",554,472,294,178,7,34,25,9,33,28,5,8
"2011","Wakefield 038D","E01011946",617,560,307,253,1,8,5,3,42,34,8,6
"2011","Wakefield 039A","E01011785",608,391,161,230,3,108,79,29,88,81,7,18
"2011","Wakefield 039B","E01011789",510,261,132,129,3,167,119,48,74,72,2,5
"2011","Wakefield 039C","E01011791",626,337,172,165,0,217,169,48,64,56,8,8
"2011","Wakefield 039D","E01011792",631,199,92,107,2,381,296,85,44,40,4,5
"2011","Wakefield 040A","E01011771",615,277,113,164,0,295,235,60,37,32,5,6
"2011","Wakefield 040B","E01011772",692,533,231,302,0,56,40,16,97,84,13,6
"2011","Wakefield 040C","E01011784",772,493,231,262,2,189,140,49,70,60,10,18
"2011","Wakefield 040D","E01011786",620,419,176,243,0,92,21,71,103,94,9,6
"2011","Wakefield 041A","E01011854",513,343,151,192,1,40,26,14,125,117,8,4
"2011","Wakefield 041B","E01011855",686,485,199,286,2,107,72,35,81,70,11,11
"2011","Wakefield 041C","E01011856",622,473,248,225,1,22,13,9,119,110,9,7
"2011","Wakefield 041D","E01011858",638,447,163,284,1,126,108,18,60,51,9,4
"2011","Wakefield 042A","E01011787",765,582,295,287,3,53,20,33,116,105,11,11
"2011","Wakefield 042B","E01011788",729,597,310,287,0,63,34,29,61,56,5,8
"2011","Wakefield 042C","E01011790",761,363,151,212,3,251,178,73,140,121,19,4
"2011","Wakefield 042D","E01011865",754,381,180,201,2,318,252,66,45,40,5,8
"2011","Wakefield 042E","E01011867",684,360,121,239,13,240,182,58,65,59,6,6
"2011","Wakefield 043A","E01011859",688,323,155,168,0,278,235,43,81,73,8,6
"2011","Wakefield 043B","E01011869",683,294,124,170,4,119,88,31,260,242,18,6
"2011","Wakefield 043C","E01011870",641,502,305,197,1,94,40,54,37,33,4,7
"2011","Wakefield 043D","E01011871",661,446,185,261,1,111,82,29,98,86,12,5
"2011","Wakefield 044A","E01011860",642,496,263,233,2,85,63,22,57,47,10,2
"2011","Wakefield 044B","E01011861",815,571,223,348,2,113,57,56,126,114,12,3
"2011","Wakefield 044C","E01011862",606,324,108,216,0,205,169,36,69,61,8,8
"2011","Wakefield 044D","E01011863",609,226,83,143,0,323,231,92,56,51,5,4
"2011","Wakefield 045A","E01011864",662,272,110,162,3,333,219,114,46,39,7,8
"2011","Wakefield 045B","E01011866",641,408,188,220,2,192,160,32,34,25,9,5
"2011","Wakefield 045C","E01011868",814,444,152,292,2,261,205,56,102,96,6,5
"2011","Wakefield 045D","E01011872",629,359,138,221,2,201,129,72,63,58,5,4
"2011","Derby 001A","E01013461",711,604,353,251,28,6,4,2,68,59,9,5
"2011","Derby 001B","E01013462",633,528,262,266,1,52,51,1,46,39,7,6
"2011","Derby 001C","E01013463",607,560,313,247,0,4,2,2,43,39,4,0
"2011","Derby 001D","E01013464",634,569,358,211,1,26,26,0,32,31,1,6
"2011","Derby 002A","E01013465",694,643,384,259,2,13,2,11,34,33,1,2
"2011","Derby 002B","E01013466",648,611,354,257,0,1,0,1,26,21,5,10
"2011","Derby 002C","E01013467",609,566,355,211,0,4,4,0,34,29,5,5
"2011","Derby 002D","E01013468",698,653,403,250,0,4,4,0,41,35,6,0
"2011","Derby 002E","E01013469",722,571,448,123,1,6,1,5,137,130,7,7
"2011","Derby 003A","E01013574",536,503,216,287,1,5,5,0,26,19,7,1
"2011","Derby 003B","E01013575",602,509,218,291,1,7,2,5,83,80,3,2
"2011","Derby 003C","E01013576",566,477,168,309,2,19,8,11,65,59,6,3
"2011","Derby 003D","E01013577",596,538,165,373,2,3,0,3,50,45,5,3
"2011","Derby 003E","E01013578",555,466,131,335,0,4,1,3,79,76,3,6
"2011","Derby 003F","E01013579",631,513,186,327,2,10,2,8,102,98,4,4
"2011","Derby 003G","E01013580",701,524,188,336,2,2,0,2,167,148,19,6
"2011","Derby 004A","E01013530",622,374,134,240,1,106,74,32,137,133,4,4
"2011","Derby 004B","E01013531",601,394,183,211,2,147,125,22,56,49,7,2
"2011","Derby 004C","E01013532",618,383,179,204,0,173,166,7,48,38,10,14
"2011","Derby 004D","E01013581",610,283,118,165,15,242,182,60,64,55,9,6
"2011","Derby 005A","E01013526",735,564,297,267,0,59,21,38,108,102,6,4
"2011","Derby 005B","E01013527",638,541,288,253,14,12,3,9,66,65,1,5
"2011","Derby 005C","E01013528",731,437,226,211,3,125,80,45,152,140,12,14
"2011","Derby 005D","E01013529",1032,569,199,370,8,188,9,179,260,251,9,7
"2011","Derby 006A","E01013505",608,538,226,312,0,25,20,5,43,37,6,2
"2011","Derby 006B","E01013506",696,508,319,189,1,116,109,7,55,50,5,16
"2011","Derby 006C","E01013513",500,332,145,187,1,129,120,9,30,25,5,8
"2011","Derby 006D","E01013534",662,487,206,281,1,104,62,42,65,58,7,5
"2011","Derby 006E","E01013582",694,475,212,263,1,112,99,13,97,83,14,9
"2011","Derby 007A","E01013533",705,178,62,116,3,474,408,66,33,27,6,17
"2011","Derby 007B","E01013535",521,127,43,84,1,357,343,14,27,24,3,9
"2011","Derby 007C","E01013536",680,217,72,145,1,389,377,12,66,63,3,7
"2011","Derby 007D","E01013537",725,521,255,266,3,108,103,5,84,74,10,9
"2011","Derby 007E","E01013538",625,391,181,210,3,94,72,22,125,115,10,12
"2011","Derby 008A","E01013522",918,255,113,142,37,338,228,110,278,267,11,10
"2011","Derby 008B","E01013523",836,218,89,129,4,316,173,143,287,269,18,11
"2011","Derby 008C","E01013524",676,165,55,110,23,233,131,102,249,245,4,6
"2011","Derby 008D","E01013525",1062,513,201,312,50,178,56,122,312,289,23,9
"2011","Derby 009A","E01013548",639,415,207,208,2,164,121,43,47,43,4,11
"2011","Derby 009B","E01013549",622,387,212,175,2,186,165,21,39,29,10,8
"2011","Derby 009C","E01013552",738,349,179,170,1,318,300,18,47,41,6,23
"2011","Derby 009D","E01013553",646,420,199,221,0,183,177,6,39,31,8,4
"2011","Derby 009E","E01013555",598,421,197,224,0,129,115,14,38,31,7,10
"2011","Derby 010A","E01013592",635,531,263,268,5,16,5,11,80,69,11,3
"2011","Derby 010B","E01013594",630,570,376,194,0,31,0,31,25,23,2,4
"2011","Derby 010C","E01013596",692,581,336,245,8,44,36,8,53,46,7,6
"2011","Derby 010D","E01013599",618,575,331,244,1,2,1,1,31,29,2,9
"2011","Derby 011A","E01013547",809,323,136,187,2,80,30,50,394,379,15,10
"2011","Derby 011B","E01013550",538,225,99,126,3,211,193,18,84,75,9,15
"2011","Derby 011C","E01013551",687,237,96,141,4,90,23,67,354,336,18,2
"2011","Derby 011D","E01013554",805,213,91,122,12,293,86,207,277,266,11,10
"2011","Derby 012A","E01013507",643,544,265,279,2,53,43,10,39,34,5,5
"2011","Derby 012B","E01013508",488,274,111,163,1,173,157,16,32,28,4,8
"2011","Derby 012C","E01013509",713,564,249,315,2,63,57,6,77,72,5,7
"2011","Derby 012D","E01013510",624,362,159,203,3,204,197,7,41,34,7,14
"2011","Derby 012E","E01013511",637,583,330,253,0,13,8,5,40,36,4,1
"2011","Derby 012F","E01013512",632,344,148,196,2,204,182,22,75,63,12,7
"2011","Derby 013A","E01013453",1121,311,108,203,48,284,44,240,468,421,47,10
"2011","Derby 013B","E01013454",543,228,96,132,6,160,101,59,142,141,1,7
"2011","Derby 013C","E01013456",1053,195,79,116,22,431,173,258,396,384,12,9
"2011","Derby 013D","E01013457",822,364,164,200,6,119,23,96,322,305,17,11
"2011","Derby 013E","E01013460",909,226,98,128,12,109,18,91,553,530,23,9
"2011","Derby 013F","E01013479",1142,107,47,60,9,498,141,357,516,490,26,12
"2011","Derby 014A","E01013593",591,538,303,235,0,10,8,2,40,33,7,3
"2011","Derby 014B","E01013595",957,638,267,371,31,151,59,92,129,115,14,8
"2011","Derby 014C","E01013597",650,363,174,189,1,230,190,40,45,39,6,11
"2011","Derby 014D","E01013598",632,408,181,227,2,149,135,14,69,57,12,4
"2011","Derby 015A","E01013556",611,540,301,239,3,3,0,3,61,56,5,4
"2011","Derby 015B","E01013557",605,567,380,187,1,4,0,4,27,23,4,6
"2011","Derby 015C","E01013558",853,687,369,318,10,84,12,72,63,55,8,9
"2011","Derby 015D","E01013559",579,518,283,235,0,8,1,7,49,44,5,4
"2011","Derby 015E","E01013564",809,701,357,344,13,17,3,14,76,73,3,2
"2011","Derby 016A","E01013480",1085,182,91,91,6,404,143,261,472,457,15,21
"2011","Derby 016B","E01013483",699,380,189,191,2,74,28,46,231,220,11,12
"2011","Derby 016C","E01013485",639,289,127,162,2,134,54,80,196,182,14,18
"2011","Derby 016D","E01013565",541,323,165,158,1,37,9,28,171,156,15,9
"2011","Derby 016E","E01013566",720,285,148,137,2,166,48,118,249,235,14,18
"2011","Derby 017A","E01013455",812,491,226,265,5,188,140,48,115,106,9,13
"2011","Derby 017B","E01013458",569,395,227,168,2,79,44,35,89,85,4,4
"2011","Derby 017C","E01013542",696,441,215,226,0,143,86,57,107,89,18,5
"2011","Derby 017D","E01013546",645,543,294,249,1,16,9,7,76,73,3,9
"2011","Derby 018A","E01013481",585,257,159,98,5,137,21,116,172,164,8,14
"2011","Derby 018C","E01013484",695,246,151,95,1,192,78,114,237,228,9,19
"2011","Derby 018D","E01013486",573,268,165,103,3,97,19,78,179,170,9,26
"2011","Derby 018E","E01013487",761,287,156,131,15,186,34,152,252,244,8,21
"2011","Derby 018F","E01033166",584,98,46,52,6,277,183,94,194,189,5,9
"2011","Derby 018G","E01033167",621,88,41,47,12,326,114,212,175,169,6,20
"2011","Derby 019A","E01013540",645,550,299,251,1,37,9,28,49,40,9,8
"2011","Derby 019B","E01013560",595,547,289,258,0,5,4,1,41,37,4,2
"2011","Derby 019C","E01013561",687,610,359,251,0,9,8,1,57,49,8,11
"2011","Derby 019D","E01013562",719,464,278,186,2,159,79,80,79,71,8,15
"2011","Derby 019E","E01013563",627,548,282,266,1,4,2,2,70,65,5,4
"2011","Derby 020A","E01013459",595,447,228,219,4,44,8,36,95,87,8,5
"2011","Derby 020B","E01013567",633,295,159,136,0,100,19,81,226,211,15,12
"2011","Derby 020C","E01013568",751,394,205,189,5,126,27,99,212,195,17,14
"2011","Derby 020D","E01013569",541,351,189,162,3,28,6,22,149,141,8,10
"2011","Derby 021A","E01013539",718,635,186,449,13,22,2,20,46,42,4,2
"2011","Derby 021B","E01013541",651,337,100,237,46,140,9,131,123,117,6,5
"2011","Derby 021C","E01013543",624,550,235,315,1,11,0,11,61,59,2,1
"2011","Derby 021D","E01013544",670,580,285,295,4,18,7,11,65,56,9,3
"2011","Derby 021E","E01013545",714,447,250,197,5,149,7,142,99,93,6,14
"2011","Derby 022A","E01013488",572,515,273,242,1,7,7,0,45,37,8,4
"2011","Derby 022B","E01013489",618,550,343,207,0,5,4,1,60,53,7,3
"2011","Derby 022C","E01013490",587,465,260,205,0,83,77,6,34,27,7,5
"2011","Derby 022D","E01013491",600,501,274,227,1,35,34,1,59,49,10,4
"2011","Derby 023A","E01013570",681,306,137,169,3,177,106,71,183,176,7,12
"2011","Derby 023B","E01013571",670,335,169,166,1,174,124,50,153,141,12,7
"2011","Derby 023C","E01013572",688,440,221,219,3,168,88,80,69,62,7,8
"2011","Derby 023D","E01013573",813,262,83,179,5,479,409,70,59,54,5,8
"2011","Derby 024A","E01013470",625,419,191,228,42,111,64,47,48,41,7,5
"2011","Derby 024B","E01013474",719,400,177,223,9,214,177,37,84,75,9,12
"2011","Derby 024C","E01013476",723,542,207,335,1,64,39,25,110,102,8,6
"2011","Derby 024E","E01033171",655,396,172,224,4,49,16,33,202,188,14,4
"2011","Derby 024F","E01033172",730,321,101,220,12,103,32,71,290,273,17,4
"2011","Derby 025A","E01013471",806,453,154,299,1,114,60,54,229,217,12,9
"2011","Derby 025B","E01013473",670,317,121,196,4,198,143,55,142,121,21,9
"2011","Derby 025C","E01013475",573,247,84,163,0,242,224,18,80,75,5,4
"2011","Derby 025D","E01013477",765,470,217,253,4,107,83,24,175,162,13,9
"2011","Derby 025E","E01013502",614,362,145,217,2,178,163,15,57,52,5,15
"2011","Derby 025F","E01013503",615,499,221,278,0,36,28,8,71,66,5,9
"2011","Derby 026A","E01013472",965,309,116,193,1,505,244,261,132,129,3,18
"2011","Derby 026B","E01013497",617,313,132,181,0,218,197,21,80,74,6,6
"2011","Derby 026C","E01013504",714,333,130,203,1,243,228,15,134,125,9,3
"2011","Derby 026D","E01013583",582,213,73,140,4,256,234,22,104,94,10,5
"2011","Derby 026E","E01013590",643,169,71,98,1,380,361,19,88,76,12,5
"2011","Derby 026F","E01013591",819,283,118,165,19,264,152,112,238,221,17,15
"2011","Derby 027A","E01013492",594,517,286,231,1,24,20,4,45,42,3,7
"2011","Derby 027B","E01013493",647,417,211,206,18,132,57,75,79,74,5,1
"2011","Derby 027C","E01013494",795,432,231,201,15,267,165,102,74,63,11,7
"2011","Derby 027D","E01013495",712,517,226,291,0,117,87,30,75,71,4,3
"2011","Derby 028A","E01013496",661,261,112,149,1,324,54,270,68,58,10,7
"2011","Derby 028B","E01013498",585,465,224,241,1,69,61,8,42,39,3,8
"2011","Derby 028C","E01013499",646,378,194,184,1,211,177,34,45,37,8,11
"2011","Derby 028D","E01013500",724,542,306,236,4,123,99,24,51,43,8,4
"2011","Derby 028E","E01013501",620,505,271,234,0,70,58,12,40,34,6,5
"2011","Derby 029A","E01013584",635,189,66,123,2,387,344,43,49,44,5,8
"2011","Derby 029B","E01013585",660,301,108,193,1,277,240,37,71,59,12,10
"2011","Derby 029C","E01013586",618,160,43,117,17,350,92,258,79,78,1,12
"2011","Derby 029D","E01013587",590,477,224,253,2,36,25,11,74,65,9,1
"2011","Derby 029E","E01013588",662,345,148,197,2,237,152,85,69,61,8,9
"2011","Derby 029F","E01013589",551,448,227,221,3,45,36,9,49,46,3,6
"2011","Derby 030B","E01013517",667,467,281,186,2,139,82,57,48,39,9,11
"2011","Derby 030C","E01013518",581,470,246,224,1,39,33,6,59,51,8,12
"2011","Derby 030D","E01013521",691,321,145,176,25,271,124,147,60,57,3,14
"2011","Derby 030E","E01033168",494,402,165,237,13,32,5,27,44,43,1,3
"2011","Derby 030F","E01033169",558,445,80,365,16,21,15,6,74,71,3,2
"2011","Derby 030G","E01033170",566,430,184,246,15,22,17,5,92,82,10,7
"2011","Derby 031A","E01013514",684,549,269,280,2,53,42,11,75,72,3,5
"2011","Derby 031B","E01013515",730,427,165,262,2,233,95,138,54,49,5,14
"2011","Derby 031C","E01013519",587,367,88,279,24,140,5,135,56,51,5,0
"2011","Derby 031D","E01013520",645,571,309,262,0,8,5,3,65,63,2,1
"2011","Leicester 001A","E01013615",543,452,134,318,2,30,16,14,57,54,3,2
"2011","Leicester 001B","E01013616",683,408,108,300,10,159,57,102,103,99,4,3
"2011","Leicester 001C","E01013618",685,444,154,290,4,160,153,7,72,68,4,5
"2011","Leicester 001D","E01013619",639,191,80,111,4,388,374,14,47,45,2,9
"2011","Leicester 002A","E01013733",619,484,133,351,9,15,3,12,105,93,12,6
"2011","Leicester 002B","E01013734",531,391,234,157,1,47,9,38,87,79,8,5
"2011","Leicester 002C","E01013735",469,397,238,159,0,7,4,3,56,47,9,9
"2011","Leicester 002D","E01013736",720,592,270,322,1,22,4,18,102,91,11,3
"2011","Leicester 002E","E01013737",465,369,187,182,1,4,3,1,89,84,5,2
"2011","Leicester 003A","E01013600",755,267,108,159,5,419,365,54,48,42,6,16
"2011","Leicester 003B","E01013601",644,301,116,185,1,275,264,11,50,42,8,17
"2011","Leicester 003C","E01013602",797,302,112,190,3,360,345,15,120,118,2,12
"2011","Leicester 003D","E01013603",798,213,84,129,3,505,321,184,59,48,11,18
"2011","Leicester 003E","E01013604",648,274,105,169,0,301,284,17,64,51,13,9
"2011","Leicester 003F","E01013605",698,395,164,231,2,115,44,71,174,157,17,12
"2011","Leicester 004A","E01013617",936,542,117,425,1,164,125,39,221,189,32,8
"2011","Leicester 004B","E01013620",694,125,33,92,2,513,287,226,47,39,8,7
"2011","Leicester 004C","E01013621",743,147,39,108,2,531,374,157,55,51,4,8
"2011","Leicester 004D","E01013622",729,207,69,138,5,449,255,194,53,47,6,15
"2011","Leicester 004E","E01013623",807,595,233,362,7,101,29,72,99,89,10,5
"2011","Leicester 005A","E01013732",742,533,224,309,1,34,12,22,166,153,13,8
"2011","Leicester 005B","E01013739",570,354,204,150,0,120,115,5,75,69,6,21
"2011","Leicester 005C","E01013740",499,389,233,156,2,22,8,14,81,74,7,5
"2011","Leicester 005D","E01013741",529,409,209,200,2,8,4,4,107,104,3,3
"2011","Leicester 006A","E01013625",668,265,131,134,5,196,20,176,180,169,11,22
"2011","Leicester 006B","E01013628",645,217,86,131,4,287,194,93,118,106,12,19
"2011","Leicester 006C","E01013715",439,268,180,88,0,48,6,42,117,102,15,6
"2011","Leicester 006D","E01013716",560,285,186,99,2,90,10,80,179,157,22,4
"2011","Leicester 006E","E01013738",491,423,270,153,0,3,1,2,57,51,6,8
"2011","Leicester 007A","E01013624",511,199,106,93,1,240,6,234,64,52,12,7
"2011","Leicester 007B","E01013626",574,255,135,120,4,171,17,154,133,118,15,11
"2011","Leicester 007C","E01013627",421,330,199,131,0,14,1,13,73,63,10,4
"2011","Leicester 007D","E01013629",527,308,141,167,0,101,18,83,112,106,6,6
"2011","Leicester 007E","E01013630",576,287,163,124,0,107,23,84,173,168,5,9
"2011","Leicester 008A","E01013606",693,582,327,255,5,21,16,5,78,72,6,7
"2011","Leicester 008B","E01013607",1136,522,247,275,66,158,15,143,379,358,21,11
"2011","Leicester 008C","E01013680",822,565,242,323,5,43,8,35,203,192,11,6
"2011","Leicester 008D","E01013685",616,543,265,278,7,6,3,3,55,46,9,5
"2011","Leicester 008E","E01013686",708,571,312,259,0,11,6,5,123,117,6,3
"2011","Leicester 009A","E01013696",818,548,157,391,9,130,33,97,128,118,10,3
"2011","Leicester 009B","E01013697",921,618,240,378,10,136,29,107,147,135,12,10
"2011","Leicester 009C","E01013699",644,452,213,239,11,79,32,47,97,91,6,5
"2011","Leicester 009E","E01032862",693,356,43,313,13,69,4,65,253,244,9,2
"2011","Leicester 009F","E01032863",612,360,68,292,14,41,4,37,195,188,7,2
"2011","Leicester 009G","E01032865",681,506,107,399,36,17,8,9,120,118,2,2
"2011","Leicester 010A","E01013713",489,268,155,113,2,76,26,50,133,129,4,10
"2011","Leicester 010B","E01013714",503,346,211,135,1,40,9,31,108,102,6,8
"2011","Leicester 010C","E01013717",495,288,138,150,3,94,17,77,109,98,11,1
"2011","Leicester 010D","E01013718",558,297,159,138,2,129,41,88,120,111,9,10
"2011","Leicester 010E","E01013719",480,246,144,102,4,77,12,65,144,136,8,9
"2011","Leicester 010F","E01013720",606,166,81,85,2,372,300,72,51,45,6,15
"2011","Leicester 011A","E01013651",648,280,106,174,4,276,257,19,83,79,4,5
"2011","Leicester 011B","E01013652",576,222,87,135,1,265,256,9,75,70,5,13
"2011","Leicester 011C","E01013653",683,241,93,148,0,325,301,24,110,101,9,7
"2011","Leicester 011D","E01013655",717,289,119,170,2,187,141,46,228,213,15,11
"2011","Leicester 012A","E01013721",658,399,208,191,10,174,159,15,68,63,5,7
"2011","Leicester 012B","E01013723",480,201,78,123,2,233,226,7,39,36,3,5
"2011","Leicester 012C","E01013725",528,137,40,97,3,337,314,23,43,43,0,8
"2011","Leicester 012D","E01013726",885,142,51,91,11,662,598,64,49,47,2,21
"2011","Leicester 012E","E01013728",542,215,76,139,2,273,229,44,43,38,5,9
"2011","Leicester 013A","E01013694",650,285,98,187,7,266,193,73,83,67,16,9
"2011","Leicester 013B","E01013700",615,428,192,236,1,124,115,9,49,42,7,13
"2011","Leicester 013C","E01013770",551,380,191,189,6,98,93,5,55,49,6,12
"2011","Leicester 013D","E01013771",519,451,201,250,2,13,9,4,51,45,6,2
"2011","Leicester 013E","E01013773",576,330,139,191,10,190,180,10,34,30,4,12
"2011","Leicester 016A","E01013681",772,259,96,163,7,109,23,86,388,368,20,9
"2011","Leicester 016B","E01013682",772,357,122,235,6,99,39,60,300,282,18,10
"2011","Leicester 016C","E01013683",980,360,146,214,15,119,17,102,468,448,20,18
"2011","Leicester 016D","E01013684",894,229,90,139,5,197,144,53,431,419,12,32
"2011","Leicester 017A","E01013654",835,208,100,108,3,384,259,125,217,208,9,23
"2011","Leicester 017B","E01013656",502,238,132,106,2,70,10,60,185,179,6,7
"2011","Leicester 017C","E01013657",529,223,122,101,2,162,69,93,128,121,7,14
"2011","Leicester 017D","E01013658",561,258,107,151,1,70,17,53,224,212,12,8
"2011","Leicester 017E","E01013659",565,213,120,93,4,101,14,87,237,227,10,10
"2011","Leicester 017F","E01013743",428,236,148,88,1,73,16,57,112,106,6,6
"2011","Leicester 017G","E01013745",423,258,175,83,3,51,11,40,103,98,5,8
"2011","Leicester 018A","E01013742",462,215,136,79,1,123,24,99,110,103,7,13
"2011","Leicester 018B","E01013744",482,319,211,108,1,46,24,22,107,101,6,9
"2011","Leicester 018C","E01013746",724,73,39,34,5,562,483,79,65,62,3,19
"2011","Leicester 018D","E01013748",682,84,51,33,4,491,331,160,82,60,22,21
"2011","Leicester 018E","E01013754",705,54,23,31,1,569,515,54,55,52,3,26
"2011","Leicester 018F","E01013755",720,41,21,20,1,633,570,63,29,24,5,16
"2011","Leicester 019A","E01013660",647,347,138,209,5,135,78,57,148,134,14,12
"2011","Leicester 019B","E01013661",633,217,87,130,5,325,156,169,71,68,3,15
"2011","Leicester 019C","E01013664",777,274,95,179,1,402,388,14,80,72,8,20
"2011","Leicester 019D","E01013665",620,361,182,179,1,123,98,25,127,110,17,8
"2011","Leicester 019E","E01013667",678,273,95,178,20,310,302,8,50,45,5,25
"2011","Leicester 019F","E01013668",578,333,167,166,0,61,44,17,170,89,81,14
"2011","Leicester 020A","E01013729",545,394,154,240,0,80,73,7,62,56,6,9
"2011","Leicester 020B","E01013780",622,517,257,260,0,8,2,6,88,85,3,9
"2011","Leicester 020C","E01013783",619,530,265,265,1,7,5,2,76,65,11,5
"2011","Leicester 020D","E01013785",542,491,227,264,1,5,2,3,40,34,6,5
"2011","Leicester 020E","E01013786",700,490,229,261,2,34,26,8,171,153,18,3
"2011","Leicester 021A","E01013662",517,332,186,146,1,16,9,7,156,133,23,12
"2011","Leicester 021B","E01013663",512,377,182,195,5,34,31,3,84,80,4,12
"2011","Leicester 021C","E01013747",532,348,176,172,0,22,14,8,154,143,11,8
"2011","Leicester 021D","E01013749",449,317,146,171,2,40,40,0,74,74,0,16
"2011","Leicester 021E","E01013750",416,296,175,121,1,16,9,7,99,94,5,4
"2011","Leicester 021F","E01013758",428,312,178,134,0,8,3,5,100,88,12,8
"2011","Leicester 022A","E01013751",524,307,203,104,1,51,14,37,156,142,14,9
"2011","Leicester 022B","E01013752",444,278,188,90,0,43,6,37,114,108,6,9
"2011","Leicester 022C","E01013753",517,210,124,86,6,135,40,95,157,143,14,9
"2011","Leicester 022D","E01013760",698,168,88,80,5,172,70,102,335,319,16,18
"2011","Leicester 022E","E01013761",619,153,70,83,4,279,49,230,175,171,4,8
"2011","Leicester 022F","E01013762",542,237,150,87,3,103,17,86,193,186,7,6
"2011","Leicester 023A","E01013774",704,201,111,90,4,47,12,35,436,421,15,16
"2011","Leicester 023B","E01013776",754,199,89,110,4,57,16,41,476,461,15,18
"2011","Leicester 023C","E01013778",939,133,43,90,15,360,191,169,424,404,20,7
"2011","Leicester 023D","E01013779",893,225,91,134,6,51,13,38,594,581,13,17
"2011","Leicester 023E","E01013781",768,230,83,147,2,95,31,64,428,414,14,13
"2011","Leicester 023F","E01013782",673,353,139,214,4,80,9,71,230,220,10,6
"2011","Leicester 023G","E01013784",525,269,141,128,6,12,6,6,234,223,11,4
"2011","Leicester 025A","E01013666",597,545,329,216,3,6,2,4,40,36,4,3
"2011","Leicester 025B","E01013669",457,416,240,176,0,4,4,0,34,31,3,3
"2011","Leicester 025C","E01013670",707,531,284,247,7,79,72,7,81,77,4,9
"2011","Leicester 025D","E01013671",589,447,196,251,1,70,68,2,61,58,3,10
"2011","Leicester 025E","E01013672",511,459,282,177,0,23,23,0,28,26,2,1
"2011","Leicester 026A","E01013631",544,244,80,164,9,250,168,82,30,23,7,11
"2011","Leicester 026B","E01013632",740,139,39,100,1,565,531,34,20,15,5,15
"2011","Leicester 026C","E01013638",664,143,43,100,3,479,371,108,27,26,1,12
"2011","Leicester 026D","E01013640",636,112,25,87,0,486,354,132,29,27,2,9
"2011","Leicester 027A","E01013756",675,361,187,174,4,73,22,51,224,215,9,13
"2011","Leicester 027B","E01013757",489,391,230,161,1,7,4,3,82,74,8,8
"2011","Leicester 027C","E01013759",531,452,265,187,2,8,5,3,61,55,6,8
"2011","Leicester 027D","E01013763",828,157,75,82,0,218,57,161,439,428,11,14
"2011","Leicester 027E","E01013764",458,390,225,165,0,5,3,2,55,45,10,8
"2011","Leicester 027F","E01013765",548,213,116,97,1,75,48,27,250,242,8,9
"2011","Leicester 027G","E01013766",500,374,226,148,5,37,5,32,75,73,2,9
"2011","Leicester 028A","E01013633",681,245,80,165,9,358,255,103,52,46,6,17
"2011","Leicester 028B","E01013634",622,248,84,164,0,332,311,21,34,31,3,8
"2011","Leicester 028C","E01013637",764,292,89,203,9,388,358,30,48,44,4,27
"2011","Leicester 028D","E01013639",538,272,58,214,7,191,119,72,63,54,9,5
"2011","Leicester 028E","E01013641",617,297,131,166,2,63,56,7,252,238,14,3
"2011","Leicester 029A","E01013635",595,421,231,190,1,22,18,4,143,136,7,8
"2011","Leicester 029B","E01013636",492,427,232,195,2,5,3,2,51,47,4,7
"2011","Leicester 029C","E01013775",968,327,98,229,6,50,29,21,577,537,40,8
"2011","Leicester 029D","E01013777",731,356,118,238,3,19,10,9,342,319,23,11
"2011","Leicester 030A","E01013642",837,354,171,183,0,27,5,22,451,440,11,5
"2011","Leicester 030B","E01013643",738,344,158,186,10,17,7,10,356,330,26,11
"2011","Leicester 030C","E01013649",684,282,153,129,1,48,22,26,343,333,10,10
"2011","Leicester 030D","E01013650",742,320,137,183,3,13,5,8,400,376,24,6
"2011","Leicester 030E","E01013702",623,478,240,238,7,12,4,8,121,114,7,5
"2011","Leicester 030F","E01013710",714,413,208,205,2,31,3,28,258,250,8,10
"2011","Leicester 030G","E01013711",728,345,191,154,0,101,12,89,276,264,12,6
"2011","Leicester 031A","E01013613",775,435,143,292,5,59,18,41,270,260,10,6
"2011","Leicester 031B","E01013614",714,468,200,268,0,55,28,27,186,169,17,5
"2011","Leicester 031C","E01013687",737,301,101,200,12,65,26,39,350,330,20,9
"2011","Leicester 031D","E01013688",699,285,94,191,3,153,105,48,248,238,10,10
"2011","Leicester 032A","E01013703",513,422,222,200,2,8,3,5,80,76,4,1
"2011","Leicester 032B","E01013704",597,452,233,219,0,7,4,3,126,119,7,12
"2011","Leicester 032C","E01013706",646,535,274,261,1,17,6,11,87,81,6,6
"2011","Leicester 032D","E01013707",602,520,231,289,3,12,3,9,62,55,7,5
"2011","Leicester 032E","E01013712",570,424,275,149,1,21,8,13,113,110,3,11
"2011","Leicester 034A","E01013608",627,519,250,269,7,13,7,6,86,79,7,2
"2011","Leicester 034B","E01013609",741,534,269,265,3,102,24,78,81,72,9,21
"2011","Leicester 034C","E01013610",747,405,170,235,1,242,204,38,79,73,6,20
"2011","Leicester 034D","E01013611",604,401,178,223,1,144,140,4,54,43,11,4
"2011","Leicester 034E","E01013612",631,484,224,260,1,29,10,19,110,104,6,7
"2011","Leicester 035A","E01013678",644,412,193,219,3,156,143,13,64,57,7,9
"2011","Leicester 035B","E01013679",520,190,72,118,2,283,272,11,39,37,2,6
"2011","Leicester 035C","E01013691",606,136,52,84,3,430,395,35,23,22,1,14
"2011","Leicester 035D","E01013692",483,88,23,65,2,371,320,51,13,12,1,9
"2011","Leicester 035E","E01013693",522,87,21,66,0,398,250,148,18,13,5,19
"2011","Leicester 036A","E01013673",611,298,100,198,0,260,247,13,32,31,1,21
"2011","Leicester 036B","E01013674",774,270,114,156,2,428,399,29,37,33,4,37
"2011","Leicester 036C","E01013675",667,367,141,226,0,240,236,4,53,48,5,7
"2011","Leicester 036D","E01013676",823,380,122,258,7,350,322,28,77,68,9,9
"2011","Leicester 036E","E01013677",672,301,122,179,4,311,291,20,47,39,8,9
"2011","Leicester 037A","E01013695",609,284,135,149,0,269,257,12,45,38,7,11
"2011","Leicester 037B","E01013698",587,365,175,190,3,157,155,2,46,41,5,16
"2011","Leicester 037C","E01013767",567,430,235,195,0,89,85,4,41,39,2,7
"2011","Leicester 037D","E01013768",705,347,171,176,5,286,270,16,49,44,5,18
"2011","Leicester 037E","E01013772",616,346,169,177,1,213,200,13,47,41,6,9
"2011","Leicester 037F","E01032597",655,254,95,159,0,341,316,25,40,36,4,20
"2011","Leicester 038A","E01013689",519,202,73,129,12,62,42,20,236,215,21,7
"2011","Leicester 038B","E01013690",656,351,130,221,2,161,126,35,134,119,15,8
"2011","Leicester 038C","E01013705",667,432,217,215,1,163,24,139,64,60,4,7
"2011","Leicester 038D","E01013709",552,478,266,212,0,3,1,2,67,60,7,4
"2011","Leicester 038E","E01032599",580,510,267,243,2,9,6,3,54,50,4,5
"2011","Leicester 039A","E01013722",598,275,134,141,1,279,258,21,32,27,5,11
"2011","Leicester 039B","E01013727",649,318,121,197,4,260,234,26,56,50,6,11
"2011","Leicester 039C","E01013730",758,217,78,139,1,479,436,43,48,43,5,13
"2011","Leicester 039D","E01013731",648,276,68,208,38,264,32,232,66,54,12,4
"2011","Leicester 039E","E01032602",601,263,97,166,0,270,259,11,57,52,5,11
"2011","Leicester 040A","E01013646",1099,209,92,117,2,230,81,149,644,632,12,14
"2011","Leicester 040B","E01013647",947,59,30,29,4,623,79,544,250,221,29,11
"2011","Leicester 040C","E01013648",746,84,55,29,8,203,24,179,440,422,18,11
"2011","Leicester 040D","E01032875",423,38,24,14,3,153,5,148,215,199,16,14
"2011","Leicester 041A","E01032867",813,82,24,58,13,148,15,133,558,549,9,12
"2011","Leicester 041B","E01032868",483,54,8,46,4,58,2,56,358,344,14,9
"2011","Leicester 041C","E01032872",778,69,18,51,4,108,6,102,590,582,8,7
"2011","Leicester 041D","E01032873",887,69,20,49,2,328,15,313,485,476,9,3
"2011","Nottingham 001A","E01013887",637,572,310,262,0,26,25,1,37,31,6,2
"2011","Nottingham 001B","E01013892",600,539,329,210,1,13,6,7,40,35,5,7
"2011","Nottingham 001C","E01013893",583,244,61,183,21,258,150,108,51,45,6,9
"2011","Nottingham 001D","E01013894",638,577,303,274,5,25,17,8,30,26,4,1
"2011","Nottingham 002A","E01013879",573,211,79,132,11,284,208,76,60,57,3,7
"2011","Nottingham 002B","E01013880",678,281,103,178,0,301,272,29,81,75,6,15
"2011","Nottingham 002C","E01013881",649,276,114,162,1,296,275,21,68,64,4,8
"2011","Nottingham 002D","E01013882",628,343,156,187,3,157,135,22,115,107,8,10
"2011","Nottingham 002E","E01013885",769,285,106,179,0,278,189,89,191,179,12,15
"2011","Nottingham 004A","E01013886",660,386,143,243,2,182,119,63,82,73,9,8
"2011","Nottingham 004B","E01013888",696,473,244,229,1,92,81,11,120,111,9,10
"2011","Nottingham 004C","E01013889",721,540,285,255,2,76,49,27,95,87,8,8
"2011","Nottingham 004D","E01013890",661,501,190,311,1,27,16,11,130,119,11,2
"2011","Nottingham 004E","E01013891",731,355,128,227,3,255,197,58,110,102,8,8
"2011","Nottingham 005A","E01013875",521,460,200,260,6,20,16,4,33,28,5,2
"2011","Nottingham 005B","E01013876",757,256,85,171,5,274,207,67,214,206,8,8
"2011","Nottingham 005C","E01013877",680,166,72,94,0,442,383,59,62,60,2,10
"2011","Nottingham 005D","E01013878",538,218,86,132,1,273,239,34,33,29,4,13
"2011","Nottingham 005E","E01013883",681,357,145,212,2,262,185,77,52,47,5,8
"2011","Nottingham 005F","E01013884",639,279,90,189,2,287,252,35,61,55,6,10
"2011","Nottingham 006A","E01013853",653,427,201,226,5,170,149,21,41,34,7,10
"2011","Nottingham 006B","E01013854",639,326,132,194,1,256,234,22,47,44,3,9
"2011","Nottingham 006C","E01013855",642,216,91,125,0,340,312,28,76,75,1,10
"2011","Nottingham 006D","E01013856",638,358,147,211,1,205,187,18,68,62,6,6
"2011","Nottingham 006F","E01033397",694,318,70,248,0,208,189,19,161,154,7,7
"2011","Nottingham 006G","E01033398",637,168,38,130,1,248,235,13,206,196,10,14
"2011","Nottingham 007A","E01013963",718,384,168,216,2,262,249,13,53,43,10,17
"2011","Nottingham 007B","E01013964",671,423,205,218,1,159,123,36,79,74,5,9
"2011","Nottingham 007C","E01013965",617,379,156,223,1,150,141,9,73,61,12,14
"2011","Nottingham 007D","E01013966",568,335,116,219,2,160,150,10,66,59,7,5
"2011","Nottingham 007E","E01013967",478,325,169,156,3,53,32,21,91,85,6,6
"2011","Nottingham 008A","E01013827",608,287,92,195,0,225,205,20,89,81,8,7
"2011","Nottingham 008B","E01013828",790,433,165,268,32,117,18,99,202,192,10,6
"2011","Nottingham 008C","E01013834",642,269,102,167,0,296,285,11,66,52,14,11
"2011","Nottingham 008D","E01013835",715,311,97,214,1,297,190,107,89,83,6,17
"2011","Nottingham 008E","E01013836",872,376,107,269,4,257,105,152,227,211,16,8
"2011","Nottingham 009A","E01013829",797,407,105,302,3,209,125,84,168,158,10,10
"2011","Nottingham 009B","E01013830",696,479,225,254,7,101,82,19,106,94,12,3
"2011","Nottingham 009C","E01013831",672,538,228,310,26,42,31,11,61,57,4,5
"2011","Nottingham 009D","E01013832",745,320,131,189,0,240,77,163,168,158,10,17
"2011","Nottingham 009E","E01013833",561,279,73,206,0,224,198,26,53,52,1,5
"2011","Nottingham 010A","E01013935",744,548,303,245,20,23,17,6,149,136,13,4
"2011","Nottingham 010B","E01013968",669,422,236,186,1,161,141,20,68,57,11,17
"2011","Nottingham 010C","E01013969",798,423,176,247,0,45,8,37,325,304,21,5
"2011","Nottingham 010D","E01013970",670,438,158,280,1,35,19,16,191,177,14,5
"2011","Nottingham 010E","E01013971",769,378,170,208,2,83,9,74,287,275,12,19
"2011","Nottingham 011A","E01013817",642,192,77,115,0,348,332,16,91,85,6,11
"2011","Nottingham 011B","E01013818",579,143,59,84,0,379,349,30,51,49,2,6
"2011","Nottingham 011C","E01013822",641,196,70,126,0,369,342,27,69,66,3,7
"2011","Nottingham 011D","E01013825",690,330,105,225,2,259,248,11,88,80,8,11
"2011","Nottingham 011E","E01013826",706,205,63,142,3,391,377,14,93,87,6,14
"2011","Nottingham 012A","E01013837",736,545,218,327,0,33,15,18,150,142,8,8
"2011","Nottingham 012B","E01013838",664,506,218,288,0,28,12,16,123,115,8,7
"2011","Nottingham 012C","E01013839",862,269,86,183,2,325,46,279,253,246,7,13
"2011","Nottingham 012D","E01013840",982,592,176,416,1,33,12,21,351,342,9,5
"2011","Nottingham 012E","E01013841",692,241,67,174,17,179,44,135,247,231,16,8
"2011","Nottingham 013A","E01013819",735,291,109,182,3,346,289,57,88,84,4,7
"2011","Nottingham 013B","E01013820",669,241,67,174,1,308,297,11,105,100,5,14
"2011","Nottingham 013C","E01013821",627,248,91,157,1,266,248,18,100,96,4,12
"2011","Nottingham 013D","E01013823",666,322,110,212,1,244,238,6,88,79,9,11
"2011","Nottingham 013E","E01013824",599,246,71,175,1,254,243,11,89,81,8,9
"2011","Nottingham 014A","E01013864",710,196,59,137,3,430,166,264,73,66,7,8
"2011","Nottingham 014B","E01013865",752,403,206,197,1,275,235,40,54,50,4,19
"2011","Nottingham 014C","E01013866",609,305,126,179,0,239,204,35,56,34,22,9
"2011","Nottingham 014D","E01013867",598,249,84,165,0,265,251,14,67,65,2,17
"2011","Nottingham 015A","E01013937",748,438,205,233,1,64,46,18,239,229,10,6
"2011","Nottingham 015B","E01013938",704,430,198,232,1,41,22,19,219,212,7,13
"2011","Nottingham 015C","E01013941",827,365,191,174,13,34,3,31,407,386,21,8
"2011","Nottingham 015D","E01013943",812,223,97,126,1,173,38,135,404,394,10,11
"2011","Nottingham 015E","E01013972",693,332,152,180,2,102,37,65,251,243,8,6
"2011","Nottingham 016A","E01013936",1057,584,193,391,4,141,46,95,321,303,18,7
"2011","Nottingham 016B","E01013939",769,494,234,260,27,73,26,47,164,151,13,11
"2011","Nottingham 016C","E01013940",753,202,55,147,9,420,157,263,115,107,8,7
"2011","Nottingham 016D","E01013942",958,281,89,192,3,503,175,328,153,146,7,18
"2011","Nottingham 017A","E01013843",663,229,118,111,0,48,11,37,376,373,3,10
"2011","Nottingham 017B","E01013844",621,196,73,123,1,137,15,122,284,270,14,3
"2011","Nottingham 017C","E01013845",606,273,101,172,6,89,24,65,225,213,12,13
"2011","Nottingham 017D","E01013847",433,204,105,99,1,59,3,56,166,159,7,3
"2011","Nottingham 018A","E01013810",617,211,76,135,0,199,150,49,194,185,9,13
"2011","Nottingham 018B","E01013811",588,80,34,46,4,250,139,111,237,231,6,17
"2011","Nottingham 018C","E01013812",570,123,46,77,0,199,99,100,238,228,10,10
"2011","Nottingham 018D","E01013842",648,181,68,113,13,155,47,108,280,265,15,19
"2011","Nottingham 018E","E01013846",684,168,82,86,4,166,18,148,336,325,11,10
"2011","Nottingham 019A","E01013930",731,429,158,271,1,133,79,54,163,148,15,5
"2011","Nottingham 019B","E01013931",622,505,306,199,1,51,5,46,49,37,12,16
"2011","Nottingham 019C","E01013932",658,474,272,202,0,66,62,4,108,104,4,10
"2011","Nottingham 019D","E01013933",780,304,124,180,3,336,301,35,125,112,13,12
"2011","Nottingham 019E","E01013934",647,367,182,185,24,147,105,42,99,91,8,10
"2011","Nottingham 020A","E01013859",732,351,167,184,4,305,301,4,51,46,5,21
"2011","Nottingham 020B","E01013861",722,221,119,102,7,436,397,39,34,25,9,24
"2011","Nottingham 020C","E01013868",627,219,94,125,3,345,292,53,41,35,6,19
"2011","Nottingham 020D","E01013929",751,524,232,292,15,105,65,40,97,90,7,10
"2011","Nottingham 021A","E01013954",594,241,91,150,5,218,173,45,110,106,4,20
"2011","Nottingham 021B","E01013959",841,246,103,143,2,479,439,40,94,90,4,20
"2011","Nottingham 021C","E01013960",770,165,65,100,1,517,498,19,61,50,11,26
"2011","Nottingham 021D","E01013962",859,384,143,241,2,308,260,48,138,120,18,27
"2011","Nottingham 022A","E01013813",758,36,20,16,1,590,22,568,128,121,7,3
"2011","Nottingham 022B","E01013814",841,106,39,67,25,290,41,249,414,389,25,6
"2011","Nottingham 022C","E01013815",627,76,43,33,2,238,64,174,305,289,16,6
"2011","Nottingham 022D","E01013816",914,98,41,57,4,332,36,296,470,455,15,10
"2011","Nottingham 023C","E01013958",838,179,85,94,2,490,420,70,143,131,12,24
"2011","Nottingham 023D","E01013961",853,125,61,64,4,308,170,138,403,397,6,13
"2011","Nottingham 023E","E01033399",569,90,51,39,4,296,171,125,169,158,11,10
"2011","Nottingham 023F","E01033401",559,77,40,37,5,96,46,50,379,363,16,2
"2011","Nottingham 023G","E01033405",711,49,21,28,6,165,129,36,484,471,13,7
"2011","Nottingham 023H","E01033409",619,15,7,8,3,496,436,60,93,84,9,12
"2011","Nottingham 023I","E01033411",578,111,38,73,2,374,283,91,69,63,6,22
"2011","Nottingham 024A","E01013913",688,540,288,252,1,70,65,5,68,60,8,9
"2011","Nottingham 024B","E01013914",627,535,291,244,0,12,11,1,74,67,7,6
"2011","Nottingham 024C","E01013915",656,495,257,238,1,70,63,7,81,62,19,9
"2011","Nottingham 024D","E01013916",622,310,112,198,5,236,221,15,59,56,3,12
"2011","Nottingham 024E","E01013917",783,404,130,274,5,233,190,43,127,116,11,14
"2011","Nottingham 025A","E01013858",592,353,152,201,4,181,173,8,44,41,3,10
"2011","Nottingham 025B","E01013860",713,351,171,180,0,289,239,50,52,47,5,21
"2011","Nottingham 025C","E01013862",640,232,102,130,0,360,253,107,39,34,5,9
"2011","Nottingham 025D","E01013863",620,446,198,248,0,99,96,3,71,63,8,4
"2011","Nottingham 026A","E01013944",651,375,166,209,10,52,45,7,209,192,17,5
"2011","Nottingham 026B","E01013945",610,106,46,60,6,194,96,98,284,273,11,20
"2011","Nottingham 026D","E01013947",759,126,47,79,4,281,106,175,338,318,20,10
"2011","Nottingham 026E","E01013948",754,52,21,31,3,617,474,143,66,62,4,16
"2011","Nottingham 026F","E01013953",513,86,47,39,4,28,18,10,394,389,5,1
"2011","Nottingham 026G","E01033395",549,35,21,14,2,212,46,166,296,288,8,4
"2011","Nottingham 026H","E01033396",552,59,28,31,4,325,163,162,154,146,8,10
"2011","Nottingham 027A","E01013977",766,589,291,298,0,76,36,40,98,94,4,3
"2011","Nottingham 027B","E01013978",669,435,180,255,0,114,55,59,111,101,10,9
"2011","Nottingham 027C","E01013979",601,500,240,260,0,11,10,1,86,80,6,4
"2011","Nottingham 027D","E01013981",653,548,272,276,1,21,3,18,79,74,5,4
"2011","Nottingham 028E","E01032520",1058,472,264,208,3,33,10,23,541,518,23,9
"2011","Nottingham 028F","E01032522",1002,399,207,192,1,42,11,31,551,523,28,9
"2011","Nottingham 028G","E01033404",1219,146,74,72,2,315,151,164,742,730,12,14
"2011","Nottingham 029A","E01013918",781,313,108,205,2,109,34,75,349,331,18,8
"2011","Nottingham 029B","E01013919",836,312,115,197,3,147,35,112,363,342,21,11
"2011","Nottingham 029C","E01013920",1219,208,74,134,3,701,451,250,287,273,14,20
"2011","Nottingham 029D","E01013921",882,214,73,141,3,319,104,215,332,317,15,14
"2011","Nottingham 029E","E01013957",654,269,107,162,2,207,169,38,164,155,9,12
"2011","Nottingham 030A","E01013980",666,580,315,265,0,10,9,1,65,58,7,11
"2011","Nottingham 030B","E01013982",625,550,323,227,0,27,18,9,42,37,5,6
"2011","Nottingham 030C","E01013983",733,282,145,137,4,367,64,303,74,69,5,6
"2011","Nottingham 030D","E01013984",643,600,425,175,2,6,4,2,32,31,1,3
"2011","Nottingham 030E","E01013985",739,615,401,214,2,33,21,12,77,72,5,12
"2011","Nottingham 031C","E01013924",723,23,15,8,3,467,438,29,212,208,4,18
"2011","Nottingham 031E","E01013926",633,142,63,79,2,167,126,41,307,296,11,15
"2011","Nottingham 031G","E01013928",548,110,60,50,2,65,20,45,369,355,14,2
"2011","Nottingham 031H","E01033408",1014,256,151,105,3,123,60,63,620,604,16,12
"2011","Nottingham 031I","E01033410",820,204,126,78,2,58,17,41,550,525,25,6
"2011","Nottingham 032A","E01013973",401,86,30,56,3,184,89,95,117,78,39,11
"2011","Nottingham 032B","E01013974",667,360,236,124,1,128,107,21,159,133,26,19
"2011","Nottingham 032C","E01013975",425,269,169,100,0,60,50,10,86,66,20,10
"2011","Nottingham 032D","E01013976",679,230,73,157,3,247,237,10,186,164,22,13
"2011","Nottingham 034A","E01013895",636,581,351,230,0,8,6,2,40,38,2,7
"2011","Nottingham 034B","E01013896",588,249,109,140,1,274,228,46,58,49,9,6
"2011","Nottingham 034C","E01013901",639,520,243,277,5,11,8,3,93,85,8,10
"2011","Nottingham 034D","E01013902",677,560,295,265,1,30,15,15,84,69,15,2
"2011","Nottingham 035A","E01013897",641,375,193,182,1,190,185,5,67,64,3,8
"2011","Nottingham 035B","E01013898",436,244,121,123,2,123,97,26,63,54,9,4
"2011","Nottingham 035C","E01013899",492,320,134,186,2,124,123,1,40,32,8,6
"2011","Nottingham 035D","E01013900",672,402,170,232,1,204,179,25,56,46,10,9
"2011","Nottingham 035E","E01013903",491,370,197,173,2,63,55,8,51,45,6,5
"2011","Nottingham 035F","E01013907",756,323,161,162,0,340,268,72,75,63,12,18
"2011","Nottingham 036A","E01013905",633,321,127,194,3,233,219,14,67,52,15,9
"2011","Nottingham 036B","E01013908",774,340,174,166,114,249,191,58,61,51,10,10
"2011","Nottingham 036C","E01013909",786,271,91,180,57,388,193,195,54,45,9,16
"2011","Nottingham 036D","E01013912",666,514,264,250,5,78,63,15,60,51,9,9
"2011","Nottingham 037A","E01013904",626,417,170,247,1,148,129,19,54,45,9,6
"2011","Nottingham 037B","E01013906",689,436,177,259,0,173,153,20,67,57,10,13
"2011","Nottingham 037C","E01013910",628,398,190,208,0,141,138,3,79,65,14,10
"2011","Nottingham 037D","E01013911",690,416,202,214,1,213,207,6,47,43,4,13
"2011","Nottingham 038A","E01013849",693,283,88,195,1,344,302,42,51,43,8,14
"2011","Nottingham 038B","E01013850",715,334,150,184,3,312,263,49,53,46,7,13
"2011","Nottingham 038C","E01013851",786,225,72,153,1,466,379,87,78,74,4,16
"2011","Nottingham 038D","E01013852",763,379,156,223,2,311,252,59,53,40,13,18
"2011","Nottingham 038E","E01032621",704,428,214,214,2,226,202,24,43,35,8,5
"2011","Nottingham 039A","E01013874",684,370,147,223,3,67,34,33,236,221,15,8
"2011","Nottingham 039B","E01033400",599,122,49,73,3,241,180,61,221,203,18,12
"2011","Nottingham 039C","E01033402",623,36,9,27,19,170,6,164,394,390,4,4
"2011","Nottingham 039D","E01033403",639,134,35,99,3,189,73,116,306,288,18,7
"2011","Nottingham 039E","E01033406",602,73,17,56,1,93,8,85,421,407,14,14
"2011","Nottingham 039F","E01033407",640,85,37,48,1,76,39,37,466,454,12,12
"2011","Nottingham 040A","E01013870",1026,268,89,179,14,432,306,126,293,271,22,19
"2011","Nottingham 040B","E01013871",858,251,106,145,4,498,393,105,76,68,8,29
"2011","Nottingham 040C","E01013872",821,306,116,190,2,325,290,35,176,164,12,12
"2011","Nottingham 040D","E01013873",619,287,113,174,2,111,73,38,213,191,22,6
"2011","Rutland 001A","E01013788",1014,589,327,262,3,109,19,90,305,93,212,8
"2011","Rutland 001B","E01013789",596,398,240,158,14,50,15,35,112,100,12,22
"2011","Rutland 001C","E01013790",501,390,197,193,0,36,9,27,62,43,19,13
"2011","Rutland 001D","E01013796",565,311,171,140,8,70,13,57,161,61,100,15
"2011","Rutland 002A","E01013793",610,477,294,183,12,30,12,18,84,78,6,7
"2011","Rutland 002B","E01013800",659,513,279,234,10,81,29,52,50,41,9,5
"2011","Rutland 002C","E01013801",725,426,212,214,15,142,35,107,129,118,11,13
"2011","Rutland 002D","E01013809",525,413,242,171,5,61,20,41,42,39,3,4
"2011","Rutland 003A","E01013798",579,484,215,269,5,16,0,16,70,65,5,4
"2011","Rutland 003B","E01013799",651,273,142,131,10,150,22,128,178,163,15,40
"2011","Rutland 003C","E01013802",1178,835,508,327,19,146,18,128,170,154,16,8
"2011","Rutland 003D","E01013803",982,763,464,299,9,116,29,87,79,71,8,15
"2011","Rutland 004A","E01013791",483,328,189,139,0,84,12,72,65,56,9,6
"2011","Rutland 004B","E01013792",684,562,337,225,5,27,8,19,81,67,14,9
"2011","Rutland 004C","E01013797",724,529,289,240,6,45,6,39,141,83,58,3
"2011","Rutland 004D","E01013804",661,550,294,256,7,31,7,24,63,49,14,10
"2011","Rutland 004E","E01013805",536,365,165,200,5,98,18,80,59,51,8,9
"2011","Rutland 005A","E01013787",540,399,229,170,1,38,6,32,80,68,12,22
"2011","Rutland 005B","E01013794",561,460,257,203,3,30,8,22,62,55,7,6
"2011","Rutland 005C","E01013795",488,344,221,123,1,43,12,31,83,74,9,17
"2011","Rutland 005D","E01013806",498,351,189,162,2,41,8,33,88,66,22,16
"2011","Rutland 005E","E01013807",622,419,224,195,15,86,27,59,93,86,7,9
"2011","Rutland 005F","E01013808",620,377,204,173,5,155,36,119,76,60,16,7
"2011","Amber Valley 001A","E01019400",669,443,218,225,2,109,60,49,104,89,15,11
"2011","Amber Valley 001B","E01019401",771,397,205,192,2,239,89,150,117,108,9,16
"2011","Amber Valley 001C","E01019402",646,462,214,248,0,125,37,88,54,48,6,5
"2011","Amber Valley 001D","E01019404",759,500,296,204,1,121,34,87,120,113,7,17
"2011","Amber Valley 002A","E01019406",482,377,246,131,6,48,17,31,41,35,6,10
"2011","Amber Valley 002B","E01019423",556,451,286,165,1,13,6,7,82,74,8,9
"2011","Amber Valley 002C","E01019424",506,344,192,152,0,109,40,69,46,33,13,7
"2011","Amber Valley 002D","E01019477",1006,803,480,323,1,108,45,63,79,66,13,15
"2011","Amber Valley 003A","E01019403",675,311,155,156,1,272,149,123,70,63,7,21
"2011","Amber Valley 003B","E01019444",594,184,88,96,0,348,112,236,51,40,11,11
"2011","Amber Valley 003C","E01019468",650,413,196,217,0,152,82,70,75,64,11,10
"2011","Amber Valley 003D","E01019469",657,328,118,210,0,254,110,144,61,52,9,14
"2011","Amber Valley 003E","E01019471",642,288,135,153,2,183,45,138,158,144,14,11
"2011","Amber Valley 004A","E01019443",713,574,357,217,2,63,31,32,70,65,5,4
"2011","Amber Valley 004B","E01019470",707,552,260,292,4,54,20,34,90,80,10,7
"2011","Amber Valley 004C","E01019473",536,503,251,252,2,4,1,3,22,20,2,5
"2011","Amber Valley 004D","E01019474",518,462,211,251,2,3,2,1,48,44,4,3
"2011","Amber Valley 004E","E01019475",532,392,187,205,0,57,20,37,75,65,10,8
"2011","Amber Valley 004F","E01019476",637,568,372,196,2,21,7,14,34,32,2,12
"2011","Amber Valley 005A","E01019420",601,414,216,198,2,58,20,38,117,101,16,10
"2011","Amber Valley 005B","E01019442",649,500,249,251,2,60,34,26,83,77,6,4
"2011","Amber Valley 005C","E01019445",640,467,199,268,2,35,13,22,129,126,3,7
"2011","Amber Valley 005D","E01019455",627,476,217,259,12,9,4,5,119,111,8,11
"2011","Amber Valley 005E","E01019456",763,554,240,314,13,70,26,44,115,103,12,11
"2011","Amber Valley 005F","E01019457",548,471,260,211,1,20,11,9,52,45,7,4
"2011","Amber Valley 006A","E01019429",700,616,361,255,0,11,1,10,69,59,10,4
"2011","Amber Valley 006B","E01019454",632,498,304,194,4,97,33,64,24,22,2,9
"2011","Amber Valley 006C","E01019460",664,539,239,300,2,44,20,24,73,65,8,6
"2011","Amber Valley 006D","E01019461",657,499,286,213,1,99,30,69,48,38,10,10
"2011","Amber Valley 006E","E01019462",544,500,320,180,0,8,1,7,32,29,3,4
"2011","Amber Valley 007A","E01019405",592,498,351,147,4,6,4,2,75,69,6,9
"2011","Amber Valley 007B","E01019414",705,631,413,218,1,13,7,6,52,40,12,8
"2011","Amber Valley 007C","E01019428",630,465,265,200,4,89,41,48,64,58,6,8
"2011","Amber Valley 007D","E01019430",800,706,357,349,3,25,15,10,58,51,7,8
"2011","Amber Valley 008A","E01019421",818,630,325,305,2,120,53,67,58,50,8,8
"2011","Amber Valley 008B","E01019422",653,579,351,228,0,24,11,13,47,43,4,3
"2011","Amber Valley 008C","E01019432",847,627,348,279,3,146,73,73,53,44,9,18
"2011","Amber Valley 008D","E01019458",712,464,202,262,5,46,19,27,185,175,10,12
"2011","Amber Valley 008E","E01019459",598,337,174,163,2,198,83,115,48,44,4,13
"2011","Amber Valley 008F","E01019463",639,297,144,153,3,283,118,165,49,43,6,7
"2011","Amber Valley 009A","E01019408",643,516,258,258,4,41,11,30,72,67,5,10
"2011","Amber Valley 009B","E01019409",743,637,392,245,13,52,2,50,36,31,5,5
"2011","Amber Valley 009C","E01019412",579,533,189,344,2,4,2,2,37,32,5,3
"2011","Amber Valley 009D","E01019413",548,456,131,325,8,9,2,7,73,72,1,2
"2011","Amber Valley 009E","E01019416",641,567,337,230,1,20,13,7,51,43,8,2
"2011","Amber Valley 010A","E01019407",1017,649,309,340,10,69,19,50,275,246,29,14
"2011","Amber Valley 010B","E01019415",801,569,281,288,2,81,35,46,132,121,11,17
"2011","Amber Valley 010C","E01019417",912,557,272,285,1,210,120,90,125,113,12,19
"2011","Amber Valley 010D","E01019419",913,730,367,363,3,21,6,15,151,142,9,8
"2011","Amber Valley 011A","E01019410",631,532,216,316,2,6,3,3,86,80,6,5
"2011","Amber Valley 011B","E01019411",644,472,229,243,6,95,44,51,65,59,6,6
"2011","Amber Valley 011C","E01019418",703,540,226,314,9,68,38,30,77,73,4,9
"2011","Amber Valley 011D","E01019447",651,536,322,214,1,42,21,21,64,60,4,8
"2011","Amber Valley 011E","E01019449",784,667,274,393,2,14,7,7,97,89,8,4
"2011","Amber Valley 012A","E01019431",600,437,198,239,2,83,39,44,65,62,3,13
"2011","Amber Valley 012B","E01019433",769,628,312,316,3,23,10,13,108,100,8,7
"2011","Amber Valley 012C","E01019438",667,498,222,276,3,43,22,21,114,107,7,9
"2011","Amber Valley 012D","E01019451",830,625,261,364,4,70,32,38,126,120,6,5
"2011","Amber Valley 012E","E01019464",792,719,354,365,3,19,7,12,44,41,3,7
"2011","Amber Valley 013A","E01019434",540,431,218,213,1,44,21,23,60,54,6,4
"2011","Amber Valley 013B","E01019435",662,521,173,348,0,50,25,25,86,81,5,5
"2011","Amber Valley 013C","E01019436",558,438,223,215,0,28,12,16,83,73,10,9
"2011","Amber Valley 013D","E01019439",516,456,211,245,0,8,2,6,49,46,3,3
"2011","Amber Valley 013E","E01019440",662,476,226,250,0,89,32,57,85,78,7,12
"2011","Amber Valley 015A","E01019446",509,438,231,207,0,38,10,28,29,25,4,4
"2011","Amber Valley 015B","E01019448",686,572,281,291,1,65,37,28,43,35,8,5
"2011","Amber Valley 015C","E01019450",639,392,179,213,2,182,58,124,51,44,7,12
"2011","Amber Valley 015D","E01019465",525,357,204,153,1,119,53,66,34,32,2,14
"2011","Amber Valley 015E","E01019467",650,547,318,229,2,33,15,18,61,60,1,7
"2011","Amber Valley 016A","E01019425",639,574,353,221,1,26,12,14,34,31,3,4
"2011","Amber Valley 016B","E01019426",672,492,294,198,17,73,27,46,73,70,3,17
"2011","Amber Valley 016C","E01019427",717,584,322,262,0,34,14,20,93,86,7,6
"2011","Amber Valley 016D","E01019472",1123,851,537,314,4,56,16,40,186,177,9,26
"2011","Amber Valley 017A","E01019437",610,340,179,161,1,200,110,90,47,38,9,22
"2011","Amber Valley 017B","E01019441",672,340,156,184,1,164,63,101,152,140,12,15
"2011","Amber Valley 017C","E01019452",733,332,163,169,1,330,162,168,53,45,8,17
"2011","Amber Valley 017D","E01019453",808,469,178,291,3,119,51,68,207,196,11,10
"2011","Amber Valley 017E","E01032613",532,376,222,154,8,112,31,81,29,21,8,7
"2011","Bolsover 001A","E01019478",652,561,248,313,0,22,19,3,62,57,5,7
"2011","Bolsover 001B","E01019479",690,515,231,284,2,105,91,14,62,55,7,6
"2011","Bolsover 001C","E01019491",981,710,301,409,0,55,55,0,204,186,18,12
"2011","Bolsover 001D","E01019493",663,571,290,281,2,27,27,0,59,50,9,4
"2011","Bolsover 001E","E01019494",913,635,368,267,0,149,109,40,116,107,9,13
"2011","Bolsover 002A","E01019492",796,502,250,252,3,200,191,9,81,69,12,10
"2011","Bolsover 002B","E01019495",703,451,226,225,0,180,169,11,61,56,5,11
"2011","Bolsover 002C","E01019524",587,454,239,215,0,66,62,4,60,51,9,7
"2011","Bolsover 002D","E01019525",652,459,218,241,3,126,101,25,53,44,9,11
"2011","Bolsover 003A","E01019496",625,382,157,225,1,128,53,75,102,89,13,12
"2011","Bolsover 003B","E01019497",651,350,203,147,2,166,158,8,121,114,7,12
"2011","Bolsover 003C","E01019498",731,320,133,187,1,180,92,88,223,208,15,7
"2011","Bolsover 003D","E01019523",500,268,133,135,0,165,160,5,60,52,8,7
"2011","Bolsover 004A","E01019483",857,513,206,307,1,167,131,36,173,161,12,3
"2011","Bolsover 004B","E01019484",864,621,318,303,2,110,97,13,119,106,13,12
"2011","Bolsover 004C","E01019485",555,339,183,156,0,118,101,17,80,73,7,18
"2011","Bolsover 004D","E01019488",643,319,156,163,0,166,122,44,152,139,13,6
"2011","Bolsover 005A","E01019486",439,379,178,201,0,19,19,0,38,33,5,3
"2011","Bolsover 005B","E01019487",715,375,185,190,1,278,218,60,48,42,6,13
"2011","Bolsover 005C","E01019489",535,444,262,182,0,55,43,12,31,20,11,5
"2011","Bolsover 005D","E01019490",475,373,159,214,1,61,61,0,33,28,5,7
"2011","Bolsover 005E","E01019502",703,498,278,220,1,148,144,4,41,37,4,15
"2011","Bolsover 005F","E01019504",611,440,252,188,1,79,70,9,74,69,5,17
"2011","Bolsover 006A","E01019508",827,463,282,181,1,258,253,5,81,71,10,24
"2011","Bolsover 006B","E01019509",489,157,86,71,1,276,180,96,41,35,6,14
"2011","Bolsover 006C","E01019510",561,268,149,119,19,237,199,38,29,24,5,8
"2011","Bolsover 006D","E01019512",1092,801,363,438,4,140,130,10,130,121,9,17
"2011","Bolsover 007A","E01019503",1046,769,409,360,9,120,89,31,129,122,7,19
"2011","Bolsover 007B","E01019505",605,357,180,177,0,105,34,71,127,116,11,16
"2011","Bolsover 007C","E01019506",565,345,190,155,1,128,111,17,78,68,10,13
"2011","Bolsover 007D","E01019507",778,345,173,172,0,261,175,86,152,136,16,20
"2011","Bolsover 007E","E01019511",837,515,244,271,2,89,65,24,226,219,7,5
"2011","Bolsover 008A","E01019480",677,550,291,259,1,61,56,5,56,49,7,9
"2011","Bolsover 008B","E01019482",670,519,285,234,1,96,95,1,43,35,8,11
"2011","Bolsover 008C","E01019520",724,459,195,264,13,161,157,4,73,59,14,18
"2011","Bolsover 008D","E01019521",663,511,227,284,0,92,92,0,52,47,5,8
"2011","Bolsover 008E","E01019522",648,414,184,230,1,134,133,1,85,78,7,14
"2011","Bolsover 009A","E01019481",541,332,127,205,2,166,164,2,27,23,4,14
"2011","Bolsover 009B","E01019514",661,476,176,300,1,82,81,1,96,91,5,6
"2011","Bolsover 009C","E01019515",675,365,148,217,2,233,220,13,63,55,8,12
"2011","Bolsover 009D","E01019516",682,454,258,196,1,71,28,43,143,130,13,13
"2011","Bolsover 009E","E01019519",788,532,245,287,8,128,68,60,111,101,10,9
"2011","Bolsover 010A","E01019499",599,401,185,216,1,79,40,39,113,103,10,5
"2011","Bolsover 010B","E01019500",597,354,164,190,1,192,181,11,43,36,7,7
"2011","Bolsover 010C","E01019501",654,505,288,217,0,57,53,4,83,74,9,9
"2011","Bolsover 010D","E01019513",559,452,206,246,1,6,5,1,95,93,2,5
"2011","Bolsover 010E","E01019517",657,572,245,327,1,13,13,0,67,63,4,4
"2011","Bolsover 010F","E01019518",665,568,217,351,0,10,7,3,80,76,4,7
"2011","Chesterfield 001A","E01019526",620,445,201,244,0,78,61,17,95,89,6,2
"2011","Chesterfield 001B","E01019528",704,567,300,267,1,94,91,3,40,34,6,2
"2011","Chesterfield 001C","E01019572",642,245,128,117,9,329,289,40,47,43,4,12
"2011","Chesterfield 001D","E01019573",678,444,198,246,2,101,71,30,121,111,10,10
"2011","Chesterfield 001E","E01019574",642,428,269,159,1,148,137,11,58,54,4,7
"2011","Chesterfield 002A","E01019563",647,299,108,191,0,273,263,10,69,62,7,6
"2011","Chesterfield 002B","E01019564",650,541,306,235,0,41,38,3,65,59,6,3
"2011","Chesterfield 002C","E01019565",652,290,143,147,3,311,304,7,42,37,5,6
"2011","Chesterfield 002D","E01019566",722,282,126,156,0,367,360,7,66,60,6,7
"2011","Chesterfield 002E","E01019568",557,170,63,107,0,361,360,1,25,25,0,1
"2011","Chesterfield 003A","E01019527",693,289,146,143,0,342,337,5,56,48,8,6
"2011","Chesterfield 003B","E01019529",649,455,189,266,0,74,53,21,115,101,14,5
"2011","Chesterfield 003C","E01019530",689,388,155,233,1,147,45,102,150,142,8,3
"2011","Chesterfield 003D","E01019531",630,353,144,209,8,112,61,51,147,139,8,10
"2011","Chesterfield 003E","E01019553",737,602,212,390,2,28,6,22,100,90,10,5
"2011","Chesterfield 004A","E01019541",667,403,212,191,3,221,211,10,30,24,6,10
"2011","Chesterfield 004B","E01019542",841,329,145,184,0,392,384,8,109,99,10,11
"2011","Chesterfield 004C","E01019543",768,307,156,151,0,413,408,5,38,34,4,10
"2011","Chesterfield 004D","E01019544",724,425,242,183,2,243,240,3,49,38,11,5
"2011","Chesterfield 004E","E01019571",638,299,145,154,1,269,251,18,66,59,7,3
"2011","Chesterfield 005A","E01019532",535,402,202,200,3,75,70,5,49,43,6,6
"2011","Chesterfield 005B","E01019533",630,575,296,279,0,16,15,1,38,37,1,1
"2011","Chesterfield 005C","E01019534",615,484,287,197,0,90,76,14,35,29,6,6
"2011","Chesterfield 005D","E01019535",638,542,315,227,0,49,38,11,44,39,5,3
"2011","Chesterfield 005E","E01019536",814,405,150,255,0,321,280,41,79,70,9,9
"2011","Chesterfield 006A","E01019549",529,282,150,132,1,194,169,25,49,46,3,3
"2011","Chesterfield 006B","E01019550",670,439,222,217,1,182,121,61,42,30,12,6
"2011","Chesterfield 006C","E01019551",706,618,380,238,1,49,27,22,32,29,3,6
"2011","Chesterfield 006D","E01019552",517,361,139,222,0,105,101,4,48,45,3,3
"2011","Chesterfield 006E","E01019567",768,402,191,211,0,283,190,93,77,76,1,6
"2011","Chesterfield 007A","E01019537",627,525,311,214,0,71,63,8,25,22,3,6
"2011","Chesterfield 007B","E01019569",857,471,224,247,1,143,134,9,233,216,17,9
"2011","Chesterfield 007C","E01019570",599,449,273,176,1,112,110,2,31,27,4,6
"2011","Chesterfield 007D","E01019580",659,334,171,163,0,261,255,6,56,50,6,8
"2011","Chesterfield 007E","E01019581",688,276,109,167,2,291,201,90,112,103,9,7
"2011","Chesterfield 008A","E01019557",617,424,168,256,1,167,124,43,19,18,1,6
"2011","Chesterfield 008B","E01019558",581,535,257,278,2,13,10,3,29,28,1,2
"2011","Chesterfield 008C","E01019559",494,433,208,225,1,37,13,24,23,19,4,0
"2011","Chesterfield 008D","E01019560",622,381,191,190,1,205,201,4,27,24,3,8
"2011","Chesterfield 008E","E01019561",738,188,81,107,9,506,463,43,24,20,4,11
"2011","Chesterfield 008F","E01019562",628,313,168,145,29,247,245,2,32,28,4,7
"2011","Chesterfield 009A","E01019539",745,593,334,259,2,47,12,35,98,88,10,5
"2011","Chesterfield 009B","E01019540",630,548,278,270,2,5,5,0,70,63,7,5
"2011","Chesterfield 009C","E01019555",775,381,184,197,0,272,269,3,109,97,12,13
"2011","Chesterfield 009D","E01019590",848,745,470,275,0,24,11,13,75,72,3,4
"2011","Chesterfield 009E","E01019591",657,532,268,264,1,44,43,1,71,65,6,9
"2011","Chesterfield 010A","E01019538",803,460,237,223,4,42,14,28,285,267,18,12
"2011","Chesterfield 010B","E01019554",725,382,173,209,2,53,30,23,277,259,18,11
"2011","Chesterfield 010C","E01019556",705,258,123,135,3,239,173,66,194,182,12,11
"2011","Chesterfield 010D","E01019579",786,332,137,195,2,135,89,46,309,286,23,8
"2011","Chesterfield 010F","E01033387",621,236,73,163,8,32,17,15,335,318,17,10
"2011","Chesterfield 010G","E01033388",631,355,155,200,2,130,111,19,141,128,13,3
"2011","Chesterfield 011A","E01019586",616,547,309,238,1,13,13,0,46,40,6,9
"2011","Chesterfield 011B","E01019587",642,565,281,284,2,6,6,0,62,55,7,7
"2011","Chesterfield 011C","E01019588",623,587,373,214,0,4,3,1,28,24,4,4
"2011","Chesterfield 011D","E01019589",609,569,337,232,4,2,0,2,29,22,7,5
"2011","Chesterfield 011E","E01019592",684,632,390,242,1,4,2,2,39,33,6,8
"2011","Chesterfield 011F","E01019593",498,474,303,171,0,1,1,0,21,17,4,2
"2011","Chesterfield 012A","E01019545",619,495,310,185,5,41,22,19,72,62,10,6
"2011","Chesterfield 012B","E01019546",643,493,272,221,0,65,62,3,79,75,4,6
"2011","Chesterfield 012C","E01019547",653,285,132,153,12,254,121,133,98,86,12,4
"2011","Chesterfield 012D","E01019548",965,779,363,416,3,45,29,16,125,113,12,13
"2011","Chesterfield 012E","E01019582",634,480,249,231,4,78,71,7,67,55,12,5
"2011","Chesterfield 012F","E01019583",611,515,239,276,6,7,4,3,79,70,9,4
"2011","Chesterfield 012G","E01019585",999,674,321,353,3,25,11,14,285,260,25,12
"2011","Chesterfield 013A","E01019575",700,235,104,131,1,384,343,41,74,69,5,6
"2011","Chesterfield 013B","E01019576",716,362,215,147,0,314,308,6,35,26,9,5
"2011","Chesterfield 013C","E01019577",762,480,273,207,1,198,192,6,78,72,6,5
"2011","Chesterfield 013D","E01019578",814,153,81,72,1,607,547,60,40,40,0,13
"2011","Derbyshire Dales 001A","E01019602",841,592,381,211,7,105,31,74,129,111,18,8
"2011","Derbyshire Dales 001B","E01019614",726,621,380,241,2,30,7,23,60,52,8,13
"2011","Derbyshire Dales 001C","E01019615",937,623,389,234,9,180,63,117,109,93,16,16
"2011","Derbyshire Dales 001D","E01019631",798,557,336,221,15,101,31,70,111,92,19,14
"2011","Derbyshire Dales 002A","E01019600",762,522,367,155,6,54,16,38,157,138,19,23
"2011","Derbyshire Dales 002B","E01019604",823,661,424,237,2,66,28,38,81,64,17,13
"2011","Derbyshire Dales 002C","E01019606",780,440,303,137,8,64,14,50,153,124,29,115
"2011","Derbyshire Dales 002D","E01019618",734,587,389,198,3,31,10,21,100,87,13,13
"2011","Derbyshire Dales 003A","E01019599",653,526,360,166,8,48,9,39,58,49,9,13
"2011","Derbyshire Dales 003B","E01019601",718,423,275,148,6,229,102,127,50,46,4,10
"2011","Derbyshire Dales 003C","E01019613",687,539,351,188,5,39,12,27,86,70,16,18
"2011","Derbyshire Dales 003D","E01019617",705,479,346,133,4,94,47,47,114,96,18,14
"2011","Derbyshire Dales 004A","E01019608",774,469,286,183,4,221,84,137,69,62,7,11
"2011","Derbyshire Dales 004B","E01019610",672,583,358,225,3,7,3,4,66,57,9,13
"2011","Derbyshire Dales 004C","E01019630",783,572,314,258,1,70,31,39,124,109,15,16
"2011","Derbyshire Dales 005A","E01019609",946,770,430,340,10,37,8,29,119,111,8,10
"2011","Derbyshire Dales 005B","E01019621",547,467,259,208,0,28,4,24,47,46,1,5
"2011","Derbyshire Dales 005C","E01019622",689,561,306,255,1,20,4,16,101,88,13,6
"2011","Derbyshire Dales 005D","E01019624",529,446,276,170,4,40,8,32,37,34,3,2
"2011","Derbyshire Dales 005E","E01019627",513,396,251,145,2,47,17,30,58,49,9,10
"2011","Derbyshire Dales 005F","E01019628",498,391,248,143,1,66,31,35,29,22,7,11
"2011","Derbyshire Dales 006A","E01019619",699,523,339,184,3,96,33,63,72,65,7,5
"2011","Derbyshire Dales 006B","E01019620",683,525,290,235,1,44,11,33,100,87,13,13
"2011","Derbyshire Dales 006C","E01019623",670,372,190,182,2,152,37,115,132,123,9,12
"2011","Derbyshire Dales 006D","E01019625",677,241,125,116,2,404,139,265,26,20,6,4
"2011","Derbyshire Dales 006E","E01019626",668,519,318,201,0,51,17,34,90,78,12,8
"2011","Derbyshire Dales 006F","E01019632",732,587,389,198,0,74,21,53,55,47,8,16
"2011","Derbyshire Dales 007A","E01019633",636,425,240,185,1,179,73,106,24,22,2,7
"2011","Derbyshire Dales 007B","E01019634",660,516,295,221,2,83,24,59,49,43,6,10
"2011","Derbyshire Dales 007C","E01019635",574,510,337,173,0,4,1,3,54,51,3,6
"2011","Derbyshire Dales 007D","E01019636",712,480,281,199,10,84,26,58,129,124,5,9
"2011","Derbyshire Dales 008A","E01019595",915,637,373,264,5,51,25,26,201,189,12,21
"2011","Derbyshire Dales 008B","E01019605",781,617,367,250,6,43,19,24,98,89,9,17
"2011","Derbyshire Dales 008C","E01019611",702,475,321,154,1,72,28,44,130,118,12,24
"2011","Derbyshire Dales 008D","E01019616",758,628,397,231,13,33,7,26,64,55,9,20
"2011","Derbyshire Dales 009A","E01019594",769,421,224,197,9,279,126,153,48,45,3,12
"2011","Derbyshire Dales 009B","E01019596",708,475,255,220,22,128,53,75,72,72,0,11
"2011","Derbyshire Dales 009C","E01019597",592,464,231,233,27,58,11,47,38,36,2,5
"2011","Derbyshire Dales 009D","E01019598",727,371,150,221,14,208,77,131,127,114,13,7
"2011","Derbyshire Dales 010A","E01019603",699,553,338,215,5,27,11,16,103,95,8,11
"2011","Derbyshire Dales 010B","E01019607",765,556,365,191,2,18,8,10,157,141,16,32
"2011","Derbyshire Dales 010C","E01019612",828,604,343,261,2,42,16,26,147,133,14,33
"2011","Derbyshire Dales 010D","E01019629",674,545,316,229,1,29,7,22,86,76,10,13
"2011","Erewash 001A","E01019644",714,408,179,229,0,187,76,111,100,89,11,19
"2011","Erewash 001B","E01019646",631,328,120,208,1,177,73,104,115,105,10,10
"2011","Erewash 001C","E01019663",689,146,50,96,2,474,170,304,46,40,6,21
"2011","Erewash 001D","E01019664",494,258,121,137,0,177,81,96,55,49,6,4
"2011","Erewash 001E","E01019665",631,481,296,185,2,48,20,28,93,83,10,7
"2011","Erewash 003A","E01019657",774,444,192,252,1,174,59,115,149,136,13,6
"2011","Erewash 003B","E01019660",853,614,315,299,6,44,9,35,179,169,10,10
"2011","Erewash 003C","E01019661",605,415,200,215,1,25,5,20,159,150,9,5
"2011","Erewash 003D","E01019662",773,376,156,220,1,199,78,121,187,179,8,10
"2011","Erewash 003E","E01019672",729,483,237,246,4,24,0,24,200,187,13,18
"2011","Erewash 003F","E01019690",550,393,166,227,3,17,4,13,131,121,10,6
"2011","Erewash 004A","E01019670",751,632,344,288,0,56,11,45,60,55,5,3
"2011","Erewash 004B","E01019671",784,638,371,267,1,61,12,49,72,64,8,12
"2011","Erewash 004C","E01019701",935,683,365,318,0,170,33,137,67,59,8,15
"2011","Erewash 005A","E01019673",516,471,274,197,4,14,3,11,20,15,5,7
"2011","Erewash 005B","E01019702",753,709,363,346,0,5,0,5,32,29,3,7
"2011","Erewash 005C","E01019703",651,571,260,311,1,15,5,10,58,50,8,6
"2011","Erewash 005D","E01019704",630,565,327,238,2,15,7,8,44,39,5,4
"2011","Erewash 006A","E01019658",794,581,201,380,14,89,14,75,107,101,6,3
"2011","Erewash 006B","E01019659",712,630,257,373,2,6,2,4,70,66,4,4
"2011","Erewash 006C","E01019674",513,439,243,196,1,8,1,7,62,59,3,3
"2011","Erewash 006D","E01019688",648,360,170,190,1,130,43,87,144,137,7,13
"2011","Erewash 006E","E01019689",643,491,249,242,2,80,25,55,65,59,6,5
"2011","Erewash 007A","E01019666",612,422,213,209,0,145,63,82,41,38,3,4
"2011","Erewash 007B","E01019667",692,479,229,250,2,155,61,94,48,45,3,8
"2011","Erewash 007C","E01019668",673,294,148,146,1,336,119,217,29,28,1,13
"2011","Erewash 007D","E01019669",690,538,307,231,2,89,22,67,49,43,6,12
"2011","Erewash 008A","E01019656",501,421,237,184,1,23,7,16,50,39,11,6
"2011","Erewash 008B","E01019691",642,530,233,297,0,60,20,40,44,38,6,8
"2011","Erewash 008C","E01019692",655,354,155,199,2,226,64,162,60,56,4,13
"2011","Erewash 008D","E01019693",847,486,204,282,3,139,44,95,207,193,14,12
"2011","Erewash 008E","E01019694",496,459,232,227,1,17,14,3,19,17,2,0
"2011","Erewash 008F","E01019696",585,519,297,222,0,21,4,17,42,39,3,3
"2011","Erewash 009A","E01019683",549,450,221,229,2,37,16,21,55,51,4,5
"2011","Erewash 009B","E01019684",694,572,248,324,6,26,8,18,84,79,5,6
"2011","Erewash 009C","E01019685",662,554,316,238,1,18,3,15,83,72,11,6
"2011","Erewash 009D","E01019686",606,493,307,186,1,39,7,32,65,59,6,8
"2011","Erewash 009E","E01019687",664,376,179,197,9,221,68,153,44,36,8,14
"2011","Erewash 010A","E01019648",648,491,221,270,4,69,24,45,80,76,4,4
"2011","Erewash 010B","E01019649",795,521,176,345,2,63,7,56,204,184,20,5
"2011","Erewash 010C","E01019650",748,334,150,184,6,337,117,220,60,53,7,11
"2011","Erewash 010D","E01019651",621,475,244,231,12,76,23,53,50,45,5,8
"2011","Erewash 010E","E01019695",602,485,189,296,2,8,2,6,102,95,7,5
"2011","Erewash 011A","E01019641",620,570,342,228,1,1,0,1,38,34,4,10
"2011","Erewash 011B","E01019652",640,525,248,277,2,11,2,9,93,85,8,9
"2011","Erewash 011C","E01019653",595,538,294,244,0,5,0,5,38,35,3,14
"2011","Erewash 011D","E01019707",635,524,178,346,2,19,0,19,89,81,8,1
"2011","Erewash 011E","E01019708",634,591,259,332,1,3,0,3,32,30,2,7
"2011","Erewash 012A","E01019647",972,482,178,304,17,176,43,133,284,271,13,13
"2011","Erewash 012B","E01019675",752,397,143,254,3,171,45,126,171,161,10,10
"2011","Erewash 012C","E01019679",742,523,186,337,2,54,6,48,156,149,7,7
"2011","Erewash 012D","E01019682",793,371,134,237,4,199,53,146,208,193,15,11
"2011","Erewash 013A","E01019642",641,496,294,202,2,96,33,63,41,33,8,6
"2011","Erewash 013B","E01019643",709,610,365,245,2,36,15,21,54,50,4,7
"2011","Erewash 013C","E01019654",708,493,237,256,6,122,41,81,73,67,6,14
"2011","Erewash 013D","E01019655",675,439,160,279,5,88,24,64,137,131,6,6
"2011","Erewash 014A","E01019676",653,471,195,276,0,82,19,63,93,89,4,7
"2011","Erewash 014B","E01019677",637,527,282,245,2,13,2,11,88,80,8,7
"2011","Erewash 014C","E01019678",670,552,166,386,0,7,0,7,111,106,5,0
"2011","Erewash 014D","E01019680",653,519,220,299,10,26,5,21,88,82,6,10
"2011","Erewash 014E","E01019681",680,591,335,256,4,19,5,14,63,55,8,3
"2011","Erewash 014F","E01019698",612,509,231,278,3,7,1,6,90,76,14,3
"2011","Erewash 015A","E01019697",624,507,242,265,2,64,20,44,48,39,9,3
"2011","Erewash 015B","E01019699",725,276,105,171,11,375,112,263,47,42,5,16
"2011","Erewash 015C","E01019700",1006,757,358,399,6,118,37,81,112,105,7,13
"2011","Erewash 015D","E01019705",800,619,232,387,16,47,9,38,112,105,7,6
"2011","Erewash 015E","E01019706",512,461,212,249,4,11,3,8,32,29,3,4
"2011","Erewash 015F","E01019709",527,311,123,188,10,149,31,118,52,47,5,5
"2011","Erewash 016A","E01019638",513,450,192,258,4,16,1,15,40,32,8,3
"2011","Erewash 016B","E01019639",428,326,133,193,2,63,33,30,36,32,4,1
"2011","Erewash 016C","E01019640",586,513,125,388,4,3,0,3,65,63,2,1
"2011","Erewash 016D","E01019645",702,532,250,282,11,45,14,31,104,96,8,10
"2011","Erewash 016E","E01032614",493,441,125,316,0,9,0,9,39,37,2,4
"2011","High Peak 001A","E01019733",650,477,231,246,4,87,82,5,75,69,6,7
"2011","High Peak 001B","E01019752",557,340,98,242,8,100,27,73,105,98,7,4
"2011","High Peak 001C","E01019753",627,487,187,300,0,16,8,8,122,115,7,2
"2011","High Peak 001D","E01019763",917,676,288,388,4,118,103,15,110,100,10,9
"2011","High Peak 002A","E01019728",518,125,34,91,0,360,316,44,21,19,2,12
"2011","High Peak 002B","E01019729",528,195,52,143,0,299,288,11,24,20,4,10
"2011","High Peak 002C","E01019730",850,468,186,282,9,247,231,16,106,95,11,20
"2011","High Peak 002D","E01019731",490,445,185,260,0,16,13,3,27,22,5,2
"2011","High Peak 002E","E01019732",608,478,218,260,1,75,70,5,47,41,6,7
"2011","High Peak 003A","E01019738",614,448,198,250,3,12,9,3,143,132,11,8
"2011","High Peak 003B","E01019739",821,418,200,218,0,103,64,39,281,259,22,19
"2011","High Peak 003C","E01019740",526,414,170,244,3,2,2,0,104,90,14,3
"2011","High Peak 003D","E01019750",577,334,144,190,5,160,127,33,67,63,4,11
"2011","High Peak 003E","E01019751",881,747,291,456,1,16,12,4,110,95,15,7
"2011","High Peak 003F","E01019768",1044,521,236,285,6,368,301,67,125,117,8,24
"2011","High Peak 004A","E01019727",756,708,446,262,2,13,12,1,27,25,2,6
"2011","High Peak 004B","E01019749",492,469,199,270,0,0,0,0,18,16,2,5
"2011","High Peak 004C","E01019754",774,635,345,290,1,33,30,3,92,81,11,13
"2011","High Peak 004D","E01019756",636,592,178,414,0,3,2,1,36,29,7,5
"2011","High Peak 004E","E01019757",550,481,228,253,0,24,24,0,43,35,8,2
"2011","High Peak 004F","E01019758",587,535,216,319,9,2,1,1,40,36,4,1
"2011","High Peak 005A","E01019746",693,516,244,272,0,27,8,19,144,137,7,6
"2011","High Peak 005B","E01019747",518,455,255,200,0,1,1,0,58,51,7,4
"2011","High Peak 005C","E01019748",665,518,222,296,2,4,2,2,135,129,6,6
"2011","High Peak 005D","E01019755",838,740,370,370,2,9,7,2,83,74,9,4
"2011","High Peak 005E","E01019766",614,475,231,244,2,62,58,4,71,59,12,4
"2011","High Peak 006A","E01019711",593,420,217,203,19,82,63,19,60,56,4,12
"2011","High Peak 006B","E01019734",911,686,358,328,6,130,96,34,76,67,9,13
"2011","High Peak 006C","E01019743",587,286,117,169,10,237,169,68,46,35,11,8
"2011","High Peak 006D","E01019744",645,503,262,241,2,75,65,10,56,49,7,9
"2011","High Peak 006E","E01019745",491,287,119,168,4,143,121,22,48,42,6,9
"2011","High Peak 008A","E01019712",607,537,277,260,2,9,8,1,56,52,4,3
"2011","High Peak 008B","E01019713",429,392,255,137,0,4,4,0,25,19,6,8
"2011","High Peak 008C","E01019764",655,483,253,230,0,120,114,6,41,39,2,11
"2011","High Peak 008D","E01019765",859,629,302,327,7,13,3,10,202,182,20,8
"2011","High Peak 008E","E01019767",666,548,289,259,0,49,48,1,57,50,7,12
"2011","High Peak 010A","E01019710",902,552,288,264,8,108,69,39,218,193,25,16
"2011","High Peak 010B","E01019715",702,357,154,203,3,49,3,46,286,270,16,7
"2011","High Peak 010C","E01019717",678,243,150,93,1,138,119,19,281,262,19,15
"2011","High Peak 010D","E01019722",734,579,273,306,1,10,3,7,140,131,9,4
"2011","High Peak 010E","E01019723",893,550,391,159,14,160,15,145,162,154,8,7
"2011","High Peak 011A","E01019716",547,422,227,195,5,17,5,12,99,88,11,4
"2011","High Peak 011B","E01019724",525,288,135,153,3,155,146,9,73,62,11,6
"2011","High Peak 011C","E01019759",665,372,165,207,6,207,186,21,74,65,9,6
"2011","High Peak 011D","E01019760",625,457,226,231,1,97,83,14,62,55,7,8
"2011","High Peak 011E","E01019761",576,207,87,120,4,303,180,123,53,46,7,9
"2011","High Peak 012A","E01019714",1016,855,401,454,11,34,12,22,108,91,17,8
"2011","High Peak 012B","E01019725",581,487,224,263,2,30,25,5,57,46,11,5
"2011","High Peak 012C","E01019726",544,429,199,230,1,59,56,3,51,42,9,4
"2011","High Peak 012D","E01019762",771,673,439,234,3,12,5,7,73,65,8,10
"2011","High Peak 013E","E01019718",950,693,335,358,13,112,100,12,120,105,15,12
"2011","High Peak 013F","E01019719",678,461,219,242,5,85,79,6,117,113,4,10
"2011","High Peak 013G","E01019720",663,534,312,222,18,43,37,6,59,51,8,9
"2011","High Peak 013H","E01019721",470,434,221,213,2,6,5,1,26,24,2,2
"2011","High Peak 013A","E01019735",655,506,299,207,0,77,55,22,63,53,10,9
"2011","High Peak 013B","E01019736",504,390,233,157,6,23,10,13,67,57,10,18
"2011","High Peak 013C","E01019737",559,379,240,139,2,102,63,39,67,57,10,9
"2011","High Peak 013I","E01019741",466,375,195,180,5,55,50,5,26,21,5,5
"2011","High Peak 013D","E01019742",468,348,179,169,3,44,41,3,68,57,11,5
"2011","North East Derbyshire 001A","E01019801",459,369,166,203,1,33,33,0,52,47,5,4
"2011","North East Derbyshire 001B","E01019802",546,426,184,242,2,51,49,2,58,47,11,9
"2011","North East Derbyshire 001C","E01019803",516,300,132,168,0,178,171,7,32,29,3,6
"2011","North East Derbyshire 001D","E01019804",528,485,187,298,1,10,10,0,32,22,10,0
"2011","North East Derbyshire 001E","E01019805",534,461,189,272,2,32,29,3,35,32,3,4
"2011","North East Derbyshire 001F","E01019806",641,466,171,295,7,125,121,4,39,33,6,4
"2011","North East Derbyshire 001G","E01019807",621,240,123,117,3,346,337,9,24,22,2,8
"2011","North East Derbyshire 002A","E01019778",754,664,425,239,1,64,58,6,22,19,3,3
"2011","North East Derbyshire 002B","E01019779",750,686,488,198,0,5,4,1,51,47,4,8
"2011","North East Derbyshire 002C","E01019790",850,736,341,395,1,20,9,11,87,82,5,6
"2011","North East Derbyshire 002D","E01019816",757,551,333,218,2,144,140,4,45,34,11,15
"2011","North East Derbyshire 004A","E01019780",610,326,152,174,11,232,185,47,35,32,3,6
"2011","North East Derbyshire 004B","E01019781",630,532,283,249,1,45,42,3,43,41,2,9
"2011","North East Derbyshire 004C","E01019782",605,282,120,162,10,262,134,128,50,37,13,1
"2011","North East Derbyshire 004D","E01019786",739,463,240,223,1,162,83,79,106,93,13,7
"2011","North East Derbyshire 004E","E01019827",803,508,288,220,1,237,220,17,52,47,5,5
"2011","North East Derbyshire 005A","E01019770",837,622,398,224,1,138,123,15,54,48,6,22
"2011","North East Derbyshire 005B","E01019787",771,674,383,291,0,45,42,3,41,33,8,11
"2011","North East Derbyshire 005C","E01019788",677,645,373,272,1,10,8,2,18,16,2,3
"2011","North East Derbyshire 005D","E01019794",595,569,383,186,1,9,9,0,12,9,3,4
"2011","North East Derbyshire 006A","E01019783",520,493,276,217,2,6,4,2,18,16,2,1
"2011","North East Derbyshire 006B","E01019784",504,470,231,239,0,5,5,0,27,25,2,2
"2011","North East Derbyshire 006C","E01019785",516,505,268,237,0,2,2,0,7,5,2,2
"2011","North East Derbyshire 006D","E01019793",638,589,354,235,3,16,6,10,23,20,3,7
"2011","North East Derbyshire 006E","E01019795",958,765,353,412,27,110,87,23,47,40,7,9
"2011","North East Derbyshire 007A","E01019798",603,517,277,240,2,34,32,2,43,37,6,7
"2011","North East Derbyshire 007B","E01019821",608,532,349,183,2,22,16,6,45,40,5,7
"2011","North East Derbyshire 007C","E01019822",678,501,277,224,0,119,30,89,50,45,5,8
"2011","North East Derbyshire 007D","E01019823",525,307,171,136,0,179,148,31,32,27,5,7
"2011","North East Derbyshire 008A","E01019771",956,722,461,261,6,129,102,27,89,79,10,10
"2011","North East Derbyshire 008B","E01019772",635,566,339,227,2,23,16,7,41,35,6,3
"2011","North East Derbyshire 008C","E01019828",682,644,473,171,0,3,2,1,28,24,4,7
"2011","North East Derbyshire 008D","E01019829",621,530,309,221,0,44,43,1,41,35,6,6
"2011","North East Derbyshire 009A","E01019796",490,143,75,68,1,316,308,8,24,24,0,6
"2011","North East Derbyshire 009B","E01019797",598,367,198,169,1,161,158,3,66,62,4,3
"2011","North East Derbyshire 009C","E01019799",901,322,183,139,0,476,426,50,96,90,6,7
"2011","North East Derbyshire 009D","E01019800",704,474,216,258,4,150,144,6,67,56,11,9
"2011","North East Derbyshire 009E","E01019808",697,274,124,150,3,376,331,45,38,32,6,6
"2011","North East Derbyshire 009F","E01019826",637,301,154,147,0,298,291,7,32,29,3,6
"2011","North East Derbyshire 010A","E01019769",798,629,420,209,2,84,68,16,73,55,18,10
"2011","North East Derbyshire 010B","E01019774",738,657,498,159,2,34,32,2,33,27,6,12
"2011","North East Derbyshire 010C","E01019824",516,374,225,149,0,102,99,3,39,35,4,1
"2011","North East Derbyshire 010D","E01019830",524,494,300,194,0,1,1,0,25,21,4,4
"2011","North East Derbyshire 010E","E01019831",587,527,261,266,0,13,11,2,43,36,7,4
"2011","North East Derbyshire 011A","E01019809",534,379,236,143,3,103,96,7,42,39,3,7
"2011","North East Derbyshire 011B","E01019810",697,397,169,228,13,202,200,2,83,72,11,2
"2011","North East Derbyshire 011C","E01019811",673,587,296,291,3,9,4,5,72,66,6,2
"2011","North East Derbyshire 011D","E01019812",781,671,310,361,0,19,18,1,86,80,6,5
"2011","North East Derbyshire 011E","E01019813",746,436,191,245,2,242,236,6,58,53,5,8
"2011","North East Derbyshire 011F","E01019825",547,477,221,256,1,39,38,1,28,24,4,2
"2011","North East Derbyshire 012A","E01019773",1104,615,258,357,0,304,290,14,169,152,17,16
"2011","North East Derbyshire 012B","E01019775",808,372,168,204,2,359,334,25,65,62,3,10
"2011","North East Derbyshire 012C","E01019776",629,426,253,173,0,129,124,5,68,54,14,6
"2011","North East Derbyshire 012D","E01019777",1063,470,204,266,23,497,476,21,66,59,7,7
"2011","North East Derbyshire 013A","E01019814",756,603,362,241,0,85,78,7,60,53,7,8
"2011","North East Derbyshire 013B","E01019817",523,204,97,107,0,289,272,17,25,21,4,5
"2011","North East Derbyshire 013C","E01019818",644,301,149,152,0,297,283,14,38,34,4,8
"2011","North East Derbyshire 013D","E01019819",629,441,261,180,0,99,79,20,82,75,7,7
"2011","North East Derbyshire 013E","E01019820",618,529,298,231,0,54,40,14,27,20,7,8
"2011","North East Derbyshire 014A","E01019791",748,429,200,229,4,225,202,23,86,76,10,4
"2011","North East Derbyshire 014B","E01019792",879,389,160,229,11,427,347,80,49,43,6,3
"2011","North East Derbyshire 014C","E01019815",1091,691,251,440,1,282,269,13,104,97,7,13
"2011","North East Derbyshire 014D","E01032586",743,406,236,170,1,269,262,7,60,55,5,7
"2011","South Derbyshire 001A","E01019839",681,544,222,322,1,3,0,3,126,118,8,7
"2011","South Derbyshire 001B","E01019845",570,483,224,259,0,4,4,0,77,68,9,6
"2011","South Derbyshire 001C","E01019846",553,374,173,201,5,106,103,3,61,59,2,7
"2011","South Derbyshire 001D","E01019866",896,727,418,309,1,10,7,3,137,121,16,21
"2011","South Derbyshire 002A","E01019840",666,500,261,239,0,104,93,11,55,48,7,7
"2011","South Derbyshire 002B","E01019841",636,565,345,220,2,13,6,7,55,51,4,1
"2011","South Derbyshire 002C","E01019847",590,472,243,229,1,70,68,2,41,33,8,6
"2011","South Derbyshire 002D","E01019848",792,641,128,513,12,56,10,46,82,79,3,1
"2011","South Derbyshire 002F","E01033532",554,444,94,350,3,4,2,2,101,93,8,2
"2011","South Derbyshire 002G","E01033533",599,488,129,359,0,30,2,28,79,71,8,2
"2011","South Derbyshire 002H","E01033534",493,355,45,310,0,6,2,4,131,124,7,1
"2011","South Derbyshire 003A","E01019873",573,429,138,291,2,13,1,12,121,109,12,8
"2011","South Derbyshire 003B","E01019874",589,517,265,252,0,9,4,5,60,56,4,3
"2011","South Derbyshire 003C","E01019875",485,426,142,284,1,10,2,8,45,40,5,3
"2011","South Derbyshire 003D","E01019881",573,515,295,220,1,10,8,2,42,40,2,5
"2011","South Derbyshire 003E","E01019882",683,527,275,252,0,83,78,5,61,55,6,12
"2011","South Derbyshire 004A","E01019832",803,662,336,326,2,63,50,13,67,52,15,9
"2011","South Derbyshire 004B","E01019833",746,662,365,297,1,14,8,6,68,61,7,1
"2011","South Derbyshire 004C","E01019834",646,544,315,229,3,34,30,4,53,45,8,12
"2011","South Derbyshire 004D","E01019835",605,543,175,368,5,16,13,3,39,35,4,2
"2011","South Derbyshire 005A","E01019867",618,532,315,217,2,10,3,7,67,52,15,7
"2011","South Derbyshire 005B","E01019868",661,507,263,244,7,68,59,9,62,53,9,17
"2011","South Derbyshire 005C","E01019869",538,382,238,144,1,3,3,0,105,58,47,47
"2011","South Derbyshire 005D","E01019880",655,590,291,299,1,2,2,0,54,46,8,8
"2011","South Derbyshire 006A","E01019843",673,478,259,219,0,69,49,20,114,103,11,12
"2011","South Derbyshire 006B","E01019853",635,493,288,205,1,59,39,20,72,65,7,10
"2011","South Derbyshire 006C","E01019854",860,515,279,236,0,140,119,21,192,181,11,13
"2011","South Derbyshire 006D","E01019855",648,505,255,250,3,32,29,3,101,94,7,7
"2011","South Derbyshire 007A","E01019844",662,505,316,189,1,120,119,1,31,27,4,5
"2011","South Derbyshire 007B","E01019856",638,370,190,180,0,202,190,12,56,42,14,10
"2011","South Derbyshire 007C","E01019857",479,436,129,307,0,9,6,3,32,31,1,2
"2011","South Derbyshire 007D","E01019858",646,321,165,156,0,236,190,46,80,77,3,9
"2011","South Derbyshire 007E","E01019859",716,630,359,271,0,29,27,2,56,49,7,1
"2011","South Derbyshire 008A","E01019860",510,471,216,255,1,5,3,2,30,27,3,3
"2011","South Derbyshire 008B","E01019861",766,581,261,320,0,64,63,1,112,104,8,9
"2011","South Derbyshire 008C","E01019862",645,478,268,210,0,41,36,5,120,114,6,6
"2011","South Derbyshire 008D","E01019863",732,316,148,168,5,291,179,112,104,94,10,16
"2011","South Derbyshire 008E","E01019864",602,395,144,251,1,107,105,2,96,92,4,3
"2011","South Derbyshire 008F","E01019865",520,415,167,248,1,43,39,4,59,52,7,2
"2011","South Derbyshire 009A","E01019876",812,592,286,306,1,132,128,4,75,71,4,12
"2011","South Derbyshire 009B","E01019877",789,403,185,218,4,195,142,53,160,153,7,27
"2011","South Derbyshire 009C","E01019878",654,493,230,263,2,78,61,17,69,65,4,12
"2011","South Derbyshire 009D","E01019879",754,641,275,366,2,36,33,3,62,50,12,13
"2011","South Derbyshire 011A","E01019850",658,580,325,255,0,30,29,1,34,28,6,14
"2011","South Derbyshire 011B","E01019851",673,476,213,263,1,122,106,16,67,62,5,7
"2011","South Derbyshire 011C","E01019852",738,585,239,346,2,47,37,10,99,85,14,5
"2011","South Derbyshire 011D","E01019870",649,412,230,182,2,119,111,8,101,92,9,15
"2011","South Derbyshire 011E","E01019871",750,573,287,286,5,85,69,16,69,63,6,18
"2011","South Derbyshire 011F","E01019872",828,703,351,352,2,26,22,4,92,81,11,5
"2011","South Derbyshire 012A","E01019837",814,574,190,384,3,77,16,61,156,143,13,4
"2011","South Derbyshire 012B","E01019838",734,419,162,257,1,157,124,33,145,127,18,12
"2011","South Derbyshire 012C","E01033531",672,465,62,403,18,34,12,22,155,145,10,0
"2011","South Derbyshire 012D","E01033536",672,487,154,333,2,35,2,33,142,134,8,6
"2011","South Derbyshire 012E","E01033537",703,507,219,288,1,43,32,11,147,138,9,5
"2011","South Derbyshire 013A","E01019842",666,351,165,186,4,264,173,91,40,34,6,7
"2011","South Derbyshire 013B","E01019883",1206,760,204,556,16,155,88,67,263,255,8,12
"2011","South Derbyshire 013C","E01019885",730,592,209,383,1,40,36,4,93,87,6,4
"2011","South Derbyshire 013D","E01033535",553,465,112,353,0,14,12,2,74,71,3,0
"2011","Blaby 002A","E01025631",491,432,213,219,3,1,0,1,53,46,7,2
"2011","Blaby 002B","E01025632",470,441,141,300,0,1,0,1,28,28,0,0
"2011","Blaby 002C","E01025633",717,642,286,356,0,4,2,2,67,61,6,4
"2011","Blaby 002D","E01025635",483,442,220,222,3,13,2,11,23,18,5,2
"2011","Blaby 003A","E01025634",535,485,226,259,2,3,1,2,39,38,1,6
"2011","Blaby 003B","E01025638",636,583,382,201,1,16,6,10,31,27,4,5
"2011","Blaby 003C","E01025639",533,450,267,183,0,34,6,28,46,42,4,3
"2011","Blaby 003D","E01025640",658,495,243,252,0,71,17,54,84,79,5,8
"2011","Blaby 003E","E01025645",462,359,171,188,0,36,15,21,59,50,9,8
"2011","Blaby 004A","E01025666",628,425,197,228,3,123,40,83,66,59,7,11
"2011","Blaby 004B","E01025667",490,383,168,215,0,56,21,35,47,44,3,4
"2011","Blaby 004C","E01025668",945,679,175,504,4,13,5,8,244,232,12,5
"2011","Blaby 004D","E01025669",840,628,105,523,0,6,0,6,203,190,13,3
"2011","Blaby 005A","E01025636",607,469,299,170,7,43,1,42,81,76,5,7
"2011","Blaby 005B","E01025637",554,421,229,192,15,44,1,43,67,61,6,7
"2011","Blaby 005C","E01025652",505,442,213,229,4,5,1,4,54,50,4,0
"2011","Blaby 005D","E01025653",668,473,203,270,1,111,28,83,79,70,9,4
"2011","Blaby 005E","E01025654",512,446,269,177,1,5,0,5,53,47,6,7
"2011","Blaby 005F","E01025655",619,517,271,246,0,3,0,3,94,85,9,5
"2011","Blaby 005G","E01025656",496,428,208,220,0,1,0,1,61,56,5,6
"2011","Blaby 006A","E01025625",569,293,128,165,0,203,54,149,65,57,8,8
"2011","Blaby 006B","E01025626",567,398,156,242,2,23,4,19,136,120,16,8
"2011","Blaby 006C","E01025627",897,684,290,394,15,111,28,83,81,73,8,6
"2011","Blaby 006D","E01025651",645,578,282,296,11,14,5,9,38,34,4,4
"2011","Blaby 006E","E01025657",808,598,256,342,8,135,28,107,60,46,14,7
"2011","Blaby 006F","E01025660",681,628,316,312,3,6,2,4,40,31,9,4
"2011","Blaby 007A","E01025641",786,636,291,345,1,51,14,37,92,83,9,6
"2011","Blaby 007B","E01025642",841,635,245,390,3,78,14,64,122,116,6,3
"2011","Blaby 007C","E01025643",632,538,218,320,3,40,7,33,48,44,4,3
"2011","Blaby 007D","E01025649",673,617,319,298,2,2,1,1,50,45,5,2
"2011","Blaby 007E","E01025650",570,500,163,337,3,14,1,13,52,51,1,1
"2011","Blaby 008A","E01025610",660,468,240,228,5,115,36,79,66,54,12,6
"2011","Blaby 008B","E01025611",609,526,278,248,1,41,12,29,36,33,3,5
"2011","Blaby 008C","E01025612",691,528,292,236,1,117,21,96,35,34,1,10
"2011","Blaby 008D","E01025658",736,617,229,388,25,12,4,8,76,67,9,6
"2011","Blaby 008E","E01025659",857,631,324,307,2,66,19,47,153,138,15,5
"2011","Blaby 009A","E01025615",557,513,165,348,0,4,1,3,33,27,6,7
"2011","Blaby 009B","E01025646",752,448,176,272,5,188,32,156,101,93,8,10
"2011","Blaby 009C","E01025647",712,511,242,269,25,109,17,92,62,56,6,5
"2011","Blaby 009D","E01025648",732,686,200,486,2,5,1,4,39,33,6,0
"2011","Blaby 010A","E01025613",619,464,263,201,0,92,30,62,56,42,14,7
"2011","Blaby 010B","E01025614",696,587,256,331,1,52,9,43,50,46,4,6
"2011","Blaby 010C","E01025620",470,363,175,188,4,68,21,47,32,28,4,3
"2011","Blaby 010D","E01025621",448,368,193,175,11,11,3,8,54,48,6,4
"2011","Blaby 010E","E01025644",569,465,207,258,1,62,24,38,39,31,8,2
"2011","Blaby 011A","E01025616",638,581,290,291,1,19,2,17,31,25,6,6
"2011","Blaby 011B","E01025617",731,625,350,275,4,20,6,14,76,65,11,6
"2011","Blaby 011C","E01025618",735,546,245,301,16,110,29,81,59,51,8,4
"2011","Blaby 011D","E01025619",693,616,336,280,0,19,2,17,51,38,13,7
"2011","Blaby 012A","E01025661",678,565,193,372,15,34,6,28,62,51,11,2
"2011","Blaby 012B","E01025662",698,449,195,254,8,165,39,126,71,68,3,5
"2011","Blaby 012C","E01025663",582,487,234,253,0,58,20,38,31,25,6,6
"2011","Blaby 012D","E01025664",544,442,268,174,2,58,12,46,34,31,3,8
"2011","Blaby 012E","E01025665",644,565,317,248,4,25,8,17,47,39,8,3
"2011","Blaby 013A","E01025622",760,565,301,264,0,71,22,49,113,104,9,11
"2011","Blaby 013B","E01025623",680,570,310,260,1,62,11,51,43,41,2,4
"2011","Blaby 013C","E01025624",685,611,264,347,8,8,1,7,54,47,7,4
"2011","Blaby 013D","E01025629",648,519,288,231,5,81,27,54,36,33,3,7
"2011","Blaby 013E","E01025630",695,646,370,276,3,4,1,3,39,32,7,3
"2011","Blaby 013F","E01032603",649,602,394,208,2,6,1,5,34,32,2,5
"2011","Charnwood 001B","E01025692",808,603,228,375,22,73,2,71,107,98,9,3
"2011","Charnwood 001C","E01025693",849,682,381,301,2,30,25,5,123,111,12,12
"2011","Charnwood 001E","E01033386",943,678,349,329,8,168,32,136,84,75,9,5
"2011","Charnwood 002A","E01025699",813,173,66,107,3,459,390,69,154,143,11,24
"2011","Charnwood 002B","E01025700",735,258,88,170,21,257,19,238,190,180,10,9
"2011","Charnwood 002C","E01025701",676,325,122,203,4,207,127,80,128,119,9,12
"2011","Charnwood 002D","E01025703",842,390,176,214,20,117,48,69,301,277,24,14
"2011","Charnwood 002E","E01025704",587,334,160,174,18,87,10,77,141,136,5,7
"2011","Charnwood 002F","E01025705",520,259,94,165,2,70,17,53,186,179,7,3
"2011","Charnwood 002G","E01025706",752,344,145,199,3,244,133,111,150,138,12,11
"2011","Charnwood 003A","E01025720",680,189,98,91,6,113,22,91,364,348,16,8
"2011","Charnwood 003B","E01025721",565,198,123,75,1,105,76,29,244,234,10,17
"2011","Charnwood 003C","E01025722",421,307,178,129,1,33,29,4,74,66,8,6
"2011","Charnwood 003D","E01025723",616,229,111,118,8,99,55,44,273,257,16,7
"2011","Charnwood 003E","E01025724",561,119,61,58,12,36,27,9,391,376,15,3
"2011","Charnwood 003F","E01025725",606,215,120,95,3,318,270,48,58,56,2,12
"2011","Charnwood 004A","E01025695",662,525,284,241,3,11,6,5,119,114,5,4
"2011","Charnwood 004B","E01025696",541,477,230,247,1,13,8,5,49,45,4,1
"2011","Charnwood 004C","E01025697",686,303,157,146,2,263,161,102,109,95,14,9
"2011","Charnwood 004D","E01025698",651,532,274,258,4,22,6,16,91,84,7,2
"2011","Charnwood 005A","E01025744",772,694,348,346,5,4,3,1,65,61,4,4
"2011","Charnwood 005B","E01025745",635,536,286,250,4,41,32,9,48,44,4,6
"2011","Charnwood 005C","E01025746",777,513,242,271,0,146,111,35,108,103,5,10
"2011","Charnwood 005D","E01025747",796,572,247,325,9,122,102,20,78,69,9,15
"2011","Charnwood 006A","E01025740",688,501,233,268,7,49,7,42,123,115,8,8
"2011","Charnwood 006B","E01025741",643,576,254,322,6,0,0,0,58,50,8,3
"2011","Charnwood 006C","E01025742",671,401,195,206,8,207,156,51,49,43,6,6
"2011","Charnwood 006D","E01025743",811,620,235,385,13,66,57,9,105,92,13,7
"2011","Charnwood 007A","E01025689",757,306,153,153,11,230,188,42,195,180,15,15
"2011","Charnwood 007B","E01025690",538,178,79,99,0,230,207,23,114,105,9,16
"2011","Charnwood 007C","E01025707",558,426,258,168,1,48,10,38,80,75,5,3
"2011","Charnwood 007D","E01025709",475,375,222,153,0,14,9,5,80,71,9,6
"2011","Charnwood 008A","E01025760",544,473,247,226,0,19,12,7,45,38,7,7
"2011","Charnwood 008B","E01025761",721,606,297,309,8,32,24,8,62,54,8,13
"2011","Charnwood 008C","E01025768",582,496,281,215,0,26,24,2,53,48,5,7
"2011","Charnwood 008D","E01025769",574,466,235,231,1,28,23,5,66,57,9,13
"2011","Charnwood 009A","E01025702",527,429,221,208,4,29,25,4,63,57,6,2
"2011","Charnwood 009B","E01025715",599,320,138,182,4,187,172,15,79,70,9,9
"2011","Charnwood 009C","E01025716",616,399,185,214,1,128,118,10,77,71,6,11
"2011","Charnwood 009D","E01025717",807,449,121,328,6,269,229,40,76,68,8,7
"2011","Charnwood 009E","E01025718",674,201,96,105,3,238,143,95,218,203,15,14
"2011","Charnwood 009F","E01025719",601,434,253,181,2,33,25,8,129,124,5,3
"2011","Charnwood 010A","E01025708",519,481,307,174,0,3,0,3,32,31,1,3
"2011","Charnwood 010B","E01025710",502,450,274,176,2,4,3,1,42,31,11,4
"2011","Charnwood 010C","E01025711",645,612,402,210,0,2,0,2,25,23,2,6
"2011","Charnwood 010D","E01025712",599,559,368,191,2,4,2,2,31,29,2,3
"2011","Charnwood 010E","E01025713",482,420,228,192,4,2,2,0,53,47,6,3
"2011","Charnwood 010F","E01025714",795,664,206,458,14,33,5,28,82,80,2,2
"2011","Charnwood 011A","E01025674",646,519,255,264,3,46,42,4,71,63,8,7
"2011","Charnwood 011B","E01025675",670,534,275,259,2,30,21,9,97,86,11,7
"2011","Charnwood 011C","E01025676",841,707,315,392,28,29,5,24,75,67,8,2
"2011","Charnwood 011D","E01025677",609,403,195,208,0,128,113,15,65,57,8,13
"2011","Charnwood 012A","E01025732",651,541,243,298,1,35,23,12,68,66,2,6
"2011","Charnwood 012B","E01025733",712,520,277,243,1,81,77,4,103,90,13,7
"2011","Charnwood 012C","E01025734",637,588,348,240,3,5,1,4,37,31,6,4
"2011","Charnwood 012D","E01025735",873,578,273,305,18,91,50,41,173,160,13,13
"2011","Charnwood 013A","E01025748",918,688,262,426,4,59,41,18,162,146,16,5
"2011","Charnwood 013B","E01025749",625,430,202,228,0,145,141,4,42,37,5,8
"2011","Charnwood 013C","E01025750",602,539,267,272,3,7,4,3,45,41,4,8
"2011","Charnwood 013D","E01025751",891,668,240,428,1,71,63,8,146,138,8,5
"2011","Charnwood 014A","E01025726",793,602,179,423,14,40,12,28,128,118,10,9
"2011","Charnwood 014B","E01025727",680,390,184,206,3,213,211,2,66,56,10,8
"2011","Charnwood 014C","E01025728",748,618,286,332,4,82,42,40,37,29,8,7
"2011","Charnwood 014D","E01025729",665,601,251,350,4,17,7,10,43,41,2,0
"2011","Charnwood 014E","E01025737",750,591,234,357,5,52,45,7,92,83,9,10
"2011","Charnwood 014F","E01025739",645,493,292,201,3,82,70,12,54,48,6,13
"2011","Charnwood 015A","E01025685",542,469,239,230,4,29,27,2,33,31,2,7
"2011","Charnwood 015B","E01025686",542,491,219,272,3,5,2,3,41,35,6,2
"2011","Charnwood 015C","E01025730",662,506,292,214,1,23,23,0,117,111,6,15
"2011","Charnwood 015D","E01025731",644,587,323,264,5,24,23,1,20,18,2,8
"2011","Charnwood 016A","E01025687",682,595,386,209,2,7,7,0,70,64,6,8
"2011","Charnwood 016B","E01025688",665,422,249,173,4,94,87,7,123,95,28,22
"2011","Charnwood 016C","E01025736",624,576,335,241,3,12,12,0,27,21,6,6
"2011","Charnwood 016D","E01025738",575,515,294,221,1,4,2,2,34,24,10,21
"2011","Charnwood 017A","E01025756",855,565,230,335,17,51,21,30,210,190,20,12
"2011","Charnwood 017B","E01025757",550,427,128,299,8,18,4,14,97,88,9,0
"2011","Charnwood 017C","E01025758",651,549,216,333,3,27,7,20,68,60,8,4
"2011","Charnwood 017D","E01025759",722,444,264,180,1,155,131,24,111,100,11,11
"2011","Charnwood 018A","E01025752",800,665,309,356,4,59,45,14,69,65,4,3
"2011","Charnwood 018B","E01025753",688,397,188,209,3,197,142,55,74,59,15,17
"2011","Charnwood 018C","E01025754",522,479,248,231,1,11,4,7,29,26,3,2
"2011","Charnwood 018D","E01025755",617,537,260,277,10,19,11,8,45,37,8,6
"2011","Charnwood 019A","E01025679",989,786,407,379,17,76,9,67,102,91,11,8
"2011","Charnwood 019B","E01025680",656,612,343,269,0,6,1,5,34,30,4,4
"2011","Charnwood 019C","E01025681",662,568,325,243,4,23,19,4,58,52,6,9
"2011","Charnwood 019D","E01025682",637,570,368,202,2,29,28,1,31,27,4,5
"2011","Charnwood 020A","E01025678",652,582,286,296,2,20,2,18,43,38,5,5
"2011","Charnwood 020B","E01025683",674,513,236,277,3,96,85,11,55,49,6,7
"2011","Charnwood 020C","E01025684",772,661,306,355,2,9,2,7,93,85,8,7
"2011","Charnwood 021A","E01025762",647,498,259,239,3,64,38,26,79,74,5,3
"2011","Charnwood 021B","E01025763",715,568,321,247,24,27,12,15,91,88,3,5
"2011","Charnwood 021C","E01025764",504,457,254,203,3,9,4,5,32,28,4,3
"2011","Charnwood 021D","E01025765",606,537,327,210,1,11,2,9,54,49,5,3
"2011","Charnwood 021E","E01025766",859,441,182,259,38,230,110,120,132,118,14,18
"2011","Charnwood 021F","E01025767",613,502,249,253,2,42,38,4,62,53,9,5
"2011","Charnwood 022A","E01025670",534,403,201,202,3,101,96,5,17,12,5,10
"2011","Charnwood 022B","E01025671",769,632,310,322,4,27,4,23,99,90,9,7
"2011","Charnwood 022C","E01025672",739,615,304,311,5,68,52,16,43,39,4,8
"2011","Charnwood 022D","E01025673",769,485,237,248,0,146,136,10,127,116,11,11
"2011","Harborough 002A","E01025770",803,562,309,253,9,62,10,52,151,138,13,19
"2011","Harborough 002B","E01025809",930,721,367,354,3,73,7,66,113,95,18,20
"2011","Harborough 002C","E01025815",848,649,386,263,5,59,8,51,108,92,16,27
"2011","Harborough 003A","E01025781",600,452,205,247,6,35,4,31,103,97,6,4
"2011","Harborough 003B","E01025782",617,480,277,203,4,69,10,59,54,49,5,10
"2011","Harborough 003C","E01025783",611,538,329,209,1,12,0,12,55,48,7,5
"2011","Harborough 003D","E01025785",902,709,327,382,12,71,10,61,103,90,13,7
"2011","Harborough 003E","E01025786",678,429,206,223,1,170,18,152,66,60,6,12
"2011","Harborough 003F","E01025787",720,619,367,252,0,17,5,12,78,74,4,6
"2011","Harborough 004A","E01025772",880,727,191,536,10,21,0,21,117,109,8,5
"2011","Harborough 004B","E01025773",525,477,146,331,4,10,1,9,34,30,4,0
"2011","Harborough 004C","E01025774",474,434,158,276,1,7,1,6,28,25,3,4
"2011","Harborough 004D","E01025775",769,588,287,301,11,115,25,90,48,40,8,7
"2011","Harborough 004E","E01025776",774,680,293,387,3,21,6,15,66,57,9,4
"2011","Harborough 005A","E01025771",1026,791,394,397,9,78,17,61,136,116,20,12
"2011","Harborough 005B","E01025778",801,601,223,378,15,83,15,68,98,90,8,4
"2011","Harborough 005C","E01025779",623,547,229,318,3,21,3,18,45,42,3,7
"2011","Harborough 005D","E01025780",524,487,223,264,1,7,2,5,26,23,3,3
"2011","Harborough 005E","E01025784",531,434,227,207,9,23,5,18,60,52,8,5
"2011","Harborough 005F","E01025788",465,375,201,174,2,34,7,27,43,42,1,11
"2011","Harborough 006A","E01025777",910,766,415,351,0,62,10,52,73,64,9,9
"2011","Harborough 006B","E01025808",1031,846,404,442,9,57,23,34,103,91,12,16
"2011","Harborough 006C","E01025810",919,783,410,373,0,45,17,28,74,66,8,17
"2011","Harborough 006D","E01025816",889,736,365,371,4,58,8,50,81,72,9,10
"2011","Harborough 007A","E01025789",476,360,177,183,6,46,13,33,59,48,11,5
"2011","Harborough 007B","E01025794",724,614,306,308,1,12,4,8,92,85,7,5
"2011","Harborough 007C","E01025797",713,601,329,272,3,37,5,32,59,50,9,13
"2011","Harborough 007D","E01025802",617,536,325,211,1,11,3,8,64,55,9,5
"2011","Harborough 007E","E01025803",582,546,243,303,3,1,0,1,28,26,2,4
"2011","Harborough 007F","E01025805",661,588,325,263,1,22,4,18,43,37,6,7
"2011","Harborough 008A","E01025795",848,585,343,242,34,60,8,52,164,152,12,5
"2011","Harborough 008B","E01025796",862,436,182,254,11,274,40,234,128,119,9,13
"2011","Harborough 008C","E01025801",618,350,163,187,7,121,9,112,132,119,13,8
"2011","Harborough 008D","E01025806",680,284,122,162,26,297,54,243,61,52,9,12
"2011","Harborough 009A","E01025798",839,623,366,257,5,27,0,27,172,162,10,12
"2011","Harborough 009B","E01025799",704,592,159,433,20,10,2,8,81,80,1,1
"2011","Harborough 009C","E01025800",538,379,172,207,27,34,2,32,95,88,7,3
"2011","Harborough 009D","E01025804",842,633,358,275,17,79,13,66,109,101,8,4
"2011","Harborough 009E","E01025807",595,409,145,264,5,18,2,16,155,147,8,8
"2011","Harborough 010A","E01025790",921,836,378,458,4,11,1,10,61,56,5,9
"2011","Harborough 010B","E01025791",937,703,393,310,12,108,22,86,101,93,8,13
"2011","Harborough 010C","E01025792",1095,652,351,301,18,226,30,196,179,162,17,20
"2011","Harborough 010D","E01025793",987,690,293,397,31,193,40,153,67,60,7,6
"2011","Harborough 011A","E01025812",728,574,318,256,34,47,5,42,67,61,6,6
"2011","Harborough 011B","E01025813",598,565,307,258,6,4,1,3,17,13,4,6
"2011","Harborough 011C","E01025814",622,540,322,218,7,29,7,22,41,35,6,5
"2011","Harborough 011D","E01032598",861,711,373,338,13,46,4,42,84,77,7,7
"2011","Hinckley and Bosworth 001A","E01025868",663,508,293,215,3,70,59,11,76,68,8,6
"2011","Hinckley and Bosworth 001B","E01025869",750,611,338,273,8,42,35,7,83,73,10,6
"2011","Hinckley and Bosworth 001C","E01025870",597,549,310,239,1,8,8,0,32,28,4,7
"2011","Hinckley and Bosworth 001D","E01025871",524,412,223,189,1,59,47,12,47,40,7,5
"2011","Hinckley and Bosworth 001E","E01025878",1034,811,299,512,8,143,105,38,67,62,5,5
"2011","Hinckley and Bosworth 002A","E01025846",821,760,382,378,2,15,2,13,39,36,3,5
"2011","Hinckley and Bosworth 002B","E01025847",654,577,207,370,1,8,3,5,65,65,0,3
"2011","Hinckley and Bosworth 002C","E01025848",708,539,296,243,0,88,65,23,75,71,4,6
"2011","Hinckley and Bosworth 003A","E01025845",642,593,339,254,2,11,6,5,30,23,7,6
"2011","Hinckley and Bosworth 003B","E01025877",728,568,257,311,1,48,36,12,109,99,10,2
"2011","Hinckley and Bosworth 003C","E01025879",525,314,145,169,4,150,111,39,50,45,5,7
"2011","Hinckley and Bosworth 003D","E01025880",637,580,287,293,8,14,6,8,33,30,3,2
"2011","Hinckley and Bosworth 004A","E01025819",710,478,223,255,1,138,96,42,78,65,13,15
"2011","Hinckley and Bosworth 004B","E01025820",657,568,248,320,2,24,8,16,55,50,5,8
"2011","Hinckley and Bosworth 004C","E01025837",834,646,313,333,6,65,40,25,106,85,21,11
"2011","Hinckley and Bosworth 004D","E01025838",671,529,355,174,3,70,67,3,60,56,4,9
"2011","Hinckley and Bosworth 004E","E01025882",690,512,283,229,4,70,49,21,95,61,34,9
"2011","Hinckley and Bosworth 005A","E01025872",653,592,381,211,1,22,21,1,29,27,2,9
"2011","Hinckley and Bosworth 005B","E01025873",651,556,299,257,2,27,18,9,59,48,11,7
"2011","Hinckley and Bosworth 005C","E01025874",674,519,290,229,4,109,93,16,32,26,6,10
"2011","Hinckley and Bosworth 005D","E01025875",658,404,202,202,0,192,156,36,46,39,7,16
"2011","Hinckley and Bosworth 005E","E01025876",742,663,327,336,4,15,11,4,58,50,8,2
"2011","Hinckley and Bosworth 006A","E01025839",698,554,232,322,12,31,17,14,98,91,7,3
"2011","Hinckley and Bosworth 006B","E01025840",685,514,255,259,2,67,48,19,94,86,8,8
"2011","Hinckley and Bosworth 006C","E01025841",763,671,384,287,5,47,9,38,34,29,5,6
"2011","Hinckley and Bosworth 006D","E01025842",764,444,151,293,16,226,150,76,71,70,1,7
"2011","Hinckley and Bosworth 006E","E01025843",729,501,222,279,9,71,50,21,141,126,15,7
"2011","Hinckley and Bosworth 006F","E01025844",751,345,119,226,4,278,196,82,117,106,11,7
"2011","Hinckley and Bosworth 007A","E01025821",796,564,206,358,9,20,11,9,197,186,11,6
"2011","Hinckley and Bosworth 007B","E01025822",654,373,207,166,5,223,178,45,36,32,4,17
"2011","Hinckley and Bosworth 007C","E01025823",639,436,165,271,5,141,83,58,52,50,2,5
"2011","Hinckley and Bosworth 007D","E01025824",629,467,218,249,5,78,20,58,73,70,3,6
"2011","Hinckley and Bosworth 007E","E01025825",607,500,260,240,1,59,45,14,44,41,3,3
"2011","Hinckley and Bosworth 007F","E01025826",583,486,160,326,5,38,26,12,50,46,4,4
"2011","Hinckley and Bosworth 008A","E01025817",834,729,402,327,3,31,23,8,63,53,10,8
"2011","Hinckley and Bosworth 008B","E01025818",557,389,204,185,2,53,40,13,101,92,9,12
"2011","Hinckley and Bosworth 008C","E01025864",639,543,174,369,2,30,14,16,54,46,8,10
"2011","Hinckley and Bosworth 008D","E01025881",616,526,311,215,0,33,24,9,47,42,5,10
"2011","Hinckley and Bosworth 009A","E01025859",579,532,287,245,1,1,0,1,41,36,5,4
"2011","Hinckley and Bosworth 009B","E01025860",543,516,236,280,2,0,0,0,23,21,2,2
"2011","Hinckley and Bosworth 009C","E01025861",748,612,280,332,4,32,10,22,96,91,5,4
"2011","Hinckley and Bosworth 009D","E01025862",655,592,382,210,2,1,1,0,55,51,4,5
"2011","Hinckley and Bosworth 010A","E01025850",626,451,210,241,2,52,37,15,114,101,13,7
"2011","Hinckley and Bosworth 010B","E01025852",856,437,167,270,10,40,19,21,364,340,24,5
"2011","Hinckley and Bosworth 010C","E01025858",905,568,221,347,7,21,6,15,305,288,17,4
"2011","Hinckley and Bosworth 010D","E01025863",708,498,266,232,3,126,93,33,65,58,7,16
"2011","Hinckley and Bosworth 010E","E01025865",775,512,213,299,4,133,95,38,121,116,5,5
"2011","Hinckley and Bosworth 011A","E01025853",1152,819,265,554,37,76,14,62,216,196,20,4
"2011","Hinckley and Bosworth 011B","E01025854",726,604,207,397,6,20,7,13,93,91,2,3
"2011","Hinckley and Bosworth 011C","E01025855",598,485,197,288,6,32,2,30,73,64,9,2
"2011","Hinckley and Bosworth 011D","E01025866",717,451,220,231,1,209,169,40,52,45,7,4
"2011","Hinckley and Bosworth 011E","E01025867",665,535,238,297,0,28,15,13,97,89,8,5
"2011","Hinckley and Bosworth 012A","E01025849",795,492,215,277,4,89,58,31,197,182,15,13
"2011","Hinckley and Bosworth 012B","E01025851",521,468,252,216,0,18,5,13,29,26,3,6
"2011","Hinckley and Bosworth 012C","E01025856",649,297,152,145,7,285,173,112,51,44,7,9
"2011","Hinckley and Bosworth 012D","E01025857",599,510,194,316,5,11,7,4,69,59,10,4
"2011","Hinckley and Bosworth 013A","E01025827",701,465,304,161,1,194,155,39,23,19,4,18
"2011","Hinckley and Bosworth 013B","E01025828",617,523,311,212,1,46,38,8,44,40,4,3
"2011","Hinckley and Bosworth 013C","E01025829",643,365,180,185,2,233,220,13,30,26,4,13
"2011","Hinckley and Bosworth 013D","E01025830",658,459,223,236,1,118,97,21,75,68,7,5
"2011","Hinckley and Bosworth 014A","E01025831",602,469,205,264,0,57,1,56,71,69,2,5
"2011","Hinckley and Bosworth 014B","E01025832",614,566,253,313,2,4,1,3,38,33,5,4
"2011","Hinckley and Bosworth 014C","E01025833",673,535,253,282,3,35,32,3,90,82,8,10
"2011","Hinckley and Bosworth 014D","E01025834",609,544,261,283,4,4,4,0,55,54,1,2
"2011","Hinckley and Bosworth 014E","E01025835",715,668,416,252,0,4,2,2,40,29,11,3
"2011","Hinckley and Bosworth 014F","E01025836",561,522,284,238,1,2,1,1,33,26,7,3
"2011","Melton 001A","E01025885",738,633,352,281,1,19,16,3,74,66,8,11
"2011","Melton 001B","E01025886",815,586,305,281,20,98,76,22,94,83,11,17
"2011","Melton 001C","E01025887",791,484,257,227,3,43,42,1,223,210,13,38
"2011","Melton 001D","E01025890",538,364,193,171,10,99,80,19,56,50,6,9
"2011","Melton 001E","E01025891",545,454,232,222,1,25,22,3,52,46,6,13
"2011","Melton 001F","E01025892",660,513,260,253,2,36,36,0,100,84,16,9
"2011","Melton 002A","E01025901",793,665,430,235,3,40,5,35,80,72,8,5
"2011","Melton 002B","E01025902",705,633,373,260,6,17,7,10,45,44,1,4
"2011","Melton 002C","E01025903",837,526,196,330,8,67,54,13,230,210,20,6
"2011","Melton 002D","E01025904",832,746,364,382,17,10,4,6,54,45,9,5
"2011","Melton 002E","E01025906",648,593,205,388,0,11,0,11,40,37,3,4
"2011","Melton 003A","E01025883",702,584,302,282,3,41,27,14,70,66,4,4
"2011","Melton 003B","E01025884",752,501,160,341,17,150,137,13,77,68,9,7
"2011","Melton 003C","E01025888",739,583,319,264,0,22,22,0,114,102,12,20
"2011","Melton 003D","E01025909",808,612,320,292,3,81,66,15,93,71,22,19
"2011","Melton 004A","E01025896",660,590,314,276,3,15,10,5,48,43,5,4
"2011","Melton 004B","E01025897",941,499,194,305,21,229,93,136,185,173,12,7
"2011","Melton 004C","E01025898",529,354,189,165,1,83,64,19,86,56,30,5
"2011","Melton 004D","E01025899",489,278,103,175,3,51,21,30,150,142,8,7
"2011","Melton 004E","E01025900",626,303,130,173,23,234,202,32,61,53,8,5
"2011","Melton 004F","E01025905",716,327,178,149,37,307,214,93,38,37,1,7
"2011","Melton 005A","E01025893",859,760,368,392,0,23,11,12,69,63,6,7
"2011","Melton 005B","E01025894",804,353,182,171,1,263,252,11,171,157,14,16
"2011","Melton 005C","E01025895",740,585,211,374,2,51,44,7,98,90,8,4
"2011","Melton 005D","E01025907",696,420,212,208,1,197,182,15,71,56,15,7
"2011","Melton 005E","E01025908",738,605,339,266,2,16,13,3,107,100,7,8
"2011","Melton 006A","E01025889",720,551,303,248,1,47,33,14,103,88,15,18
"2011","Melton 006B","E01025910",759,567,302,265,3,56,39,17,113,102,11,20
"2011","Melton 006C","E01025911",644,500,256,244,4,40,28,12,82,76,6,18
"2011","Melton 006D","E01025912",666,329,179,150,2,31,14,17,270,248,22,34
"2011","North West Leicestershire 001A","E01025924",450,326,146,180,0,30,22,8,85,80,5,9
"2011","North West Leicestershire 001B","E01025925",1190,716,343,373,9,150,120,30,302,278,24,13
"2011","North West Leicestershire 001C","E01025926",649,518,251,267,1,47,46,1,74,67,7,9
"2011","North West Leicestershire 001D","E01025927",669,484,250,234,0,135,132,3,41,38,3,9
"2011","North West Leicestershire 001E","E01025928",618,541,243,298,3,7,5,2,66,56,10,1
"2011","North West Leicestershire 002A","E01025923",590,441,232,209,5,71,56,15,64,55,9,9
"2011","North West Leicestershire 002B","E01025944",625,484,243,241,6,33,26,7,92,80,12,10
"2011","North West Leicestershire 002C","E01025945",666,487,276,211,3,57,54,3,109,100,9,10
"2011","North West Leicestershire 002D","E01025946",717,450,218,232,5,82,69,13,166,150,16,14
"2011","North West Leicestershire 003A","E01025915",553,425,235,190,4,40,5,35,76,70,6,8
"2011","North West Leicestershire 003B","E01025916",652,492,238,254,11,34,31,3,110,105,5,5
"2011","North West Leicestershire 003C","E01025917",854,607,256,351,4,60,17,43,175,155,20,8
"2011","North West Leicestershire 003D","E01025918",693,351,178,173,15,251,90,161,70,62,8,6
"2011","North West Leicestershire 004A","E01025960",621,544,313,231,0,39,14,25,32,29,3,6
"2011","North West Leicestershire 004B","E01025961",640,537,301,236,7,43,40,3,47,40,7,6
"2011","North West Leicestershire 004C","E01025962",594,367,198,169,6,176,172,4,37,35,2,8
"2011","North West Leicestershire 004D","E01025965",583,431,229,202,12,44,34,10,93,90,3,3
"2011","North West Leicestershire 005A","E01025955",576,505,301,204,1,20,20,0,35,30,5,15
"2011","North West Leicestershire 005B","E01025956",484,349,180,169,2,80,56,24,44,41,3,9
"2011","North West Leicestershire 005C","E01025963",624,475,204,271,2,92,87,5,51,46,5,4
"2011","North West Leicestershire 005D","E01025964",661,554,287,267,4,37,36,1,55,48,7,11
"2011","North West Leicestershire 006A","E01025914",531,507,261,246,0,2,2,0,20,20,0,2
"2011","North West Leicestershire 006B","E01025919",589,385,185,200,25,139,138,1,37,34,3,3
"2011","North West Leicestershire 006C","E01025920",657,395,220,175,16,191,147,44,47,38,9,8
"2011","North West Leicestershire 006D","E01025921",721,554,318,236,1,75,69,6,76,74,2,15
"2011","North West Leicestershire 007A","E01025966",643,425,195,230,4,164,158,6,36,33,3,14
"2011","North West Leicestershire 007B","E01025967",736,680,441,239,1,28,19,9,22,16,6,5
"2011","North West Leicestershire 007C","E01025968",778,675,318,357,7,13,10,3,76,71,5,7
"2011","North West Leicestershire 007D","E01025969",809,564,197,367,14,105,76,29,113,103,10,13
"2011","North West Leicestershire 008A","E01025950",731,371,138,233,2,265,217,48,81,78,3,12
"2011","North West Leicestershire 008B","E01025951",691,607,275,332,3,25,13,12,54,52,2,2
"2011","North West Leicestershire 008C","E01025952",650,528,326,202,0,84,80,4,27,23,4,11
"2011","North West Leicestershire 008D","E01025953",468,329,155,174,1,86,76,10,44,39,5,8
"2011","North West Leicestershire 008E","E01025954",605,460,184,276,1,91,90,1,52,50,2,1
"2011","North West Leicestershire 009A","E01025932",541,159,42,117,0,349,326,23,24,18,6,9
"2011","North West Leicestershire 009B","E01025933",538,365,166,199,2,151,147,4,16,16,0,4
"2011","North West Leicestershire 009C","E01025934",646,242,115,127,4,342,59,283,49,43,6,9
"2011","North West Leicestershire 009D","E01025935",544,488,329,159,1,32,21,11,16,14,2,7
"2011","North West Leicestershire 009E","E01025936",559,320,176,144,0,204,197,7,22,19,3,13
"2011","North West Leicestershire 010A","E01025929",833,631,236,395,10,81,25,56,103,93,10,8
"2011","North West Leicestershire 010B","E01025930",727,411,178,233,3,108,40,68,195,182,13,10
"2011","North West Leicestershire 010C","E01025931",789,471,197,274,5,141,112,29,161,150,11,11
"2011","North West Leicestershire 010D","E01025957",776,469,178,291,17,133,14,119,145,137,8,12
"2011","North West Leicestershire 011B","E01025937",668,539,231,308,24,36,3,33,63,55,8,6
"2011","North West Leicestershire 011C","E01025958",652,525,203,322,10,38,34,4,75,70,5,4
"2011","North West Leicestershire 011D","E01025959",874,739,366,373,0,43,36,7,78,62,16,14
"2011","North West Leicestershire 011E","E01033102",649,449,89,360,20,58,6,52,117,109,8,5
"2011","North West Leicestershire 011F","E01033103",638,576,190,386,1,9,6,3,50,43,7,2
"2011","North West Leicestershire 012A","E01025913",918,735,407,328,0,102,87,15,63,47,16,18
"2011","North West Leicestershire 012B","E01025947",758,657,390,267,5,23,10,13,70,62,8,3
"2011","North West Leicestershire 012C","E01025948",676,465,148,317,4,92,57,35,109,101,8,6
"2011","North West Leicestershire 012D","E01025949",722,305,146,159,2,279,267,12,125,120,5,11
"2011","North West Leicestershire 013A","E01025938",532,403,155,248,1,81,71,10,41,34,7,6
"2011","North West Leicestershire 013B","E01025939",794,596,238,358,3,72,65,7,120,109,11,3
"2011","North West Leicestershire 013C","E01025940",837,654,284,370,1,104,74,30,75,65,10,3
"2011","North West Leicestershire 013D","E01025941",630,538,274,264,2,34,32,2,52,43,9,4
"2011","North West Leicestershire 013E","E01025942",698,617,316,301,2,29,22,7,45,39,6,5
"2011","North West Leicestershire 013F","E01025943",811,442,192,250,10,261,243,18,88,80,8,10
"2011","Oadby and Wigston 003A","E01025970",507,473,281,192,2,3,1,2,27,25,2,2
"2011","Oadby and Wigston 003B","E01025971",478,432,267,165,2,6,4,2,32,31,1,6
"2011","Oadby and Wigston 003C","E01025972",461,409,218,191,1,9,3,6,39,36,3,3
"2011","Oadby and Wigston 003D","E01025976",575,326,179,147,3,185,174,11,53,44,9,8
"2011","Oadby and Wigston 003E","E01025977",605,489,326,163,1,8,2,6,86,72,14,21
"2011","Oadby and Wigston 003F","E01025978",684,476,279,197,7,80,44,36,107,100,7,14
"2011","Oadby and Wigston 005A","E01025992",745,425,214,211,6,200,154,46,97,85,12,17
"2011","Oadby and Wigston 005B","E01025994",578,349,133,216,5,145,139,6,66,60,6,13
"2011","Oadby and Wigston 005C","E01025997",578,365,132,233,2,171,136,35,30,26,4,10
"2011","Oadby and Wigston 005D","E01025999",625,429,215,214,15,130,115,15,47,43,4,4
"2011","Oadby and Wigston 005E","E01026005",719,574,317,257,5,82,63,19,53,49,4,5
"2011","Oadby and Wigston 006A","E01025985",589,555,376,179,2,2,0,2,28,23,5,2
"2011","Oadby and Wigston 006B","E01025986",607,554,335,219,1,5,2,3,42,37,5,5
"2011","Oadby and Wigston 006C","E01025987",633,357,126,231,10,121,84,37,139,128,11,6
"2011","Oadby and Wigston 006D","E01025988",681,384,87,297,12,121,18,103,160,145,15,4
"2011","Oadby and Wigston 006E","E01025989",746,451,143,308,14,122,79,43,149,134,15,10
"2011","Oadby and Wigston 007A","E01025990",600,546,337,209,3,11,0,11,36,35,1,4
"2011","Oadby and Wigston 007B","E01025991",573,530,307,223,3,8,3,5,30,29,1,2
"2011","Oadby and Wigston 007C","E01025993",576,520,291,229,6,29,14,15,16,16,0,5
"2011","Oadby and Wigston 007D","E01025998",742,642,258,384,6,8,3,5,83,77,6,3
"2011","Oadby and Wigston 007E","E01026000",532,494,273,221,2,1,0,1,31,28,3,4
"2011","Oadby and Wigston 007F","E01026001",590,516,272,244,9,9,8,1,51,45,6,5
"2011","Oadby and Wigston 008A","E01025995",581,514,282,232,0,4,4,0,61,59,2,2
"2011","Oadby and Wigston 008B","E01026003",651,540,321,219,14,48,40,8,44,37,7,5
"2011","Oadby and Wigston 008C","E01026004",682,631,344,287,1,4,3,1,41,32,9,5
"2011","Oadby and Wigston 008D","E01032600",794,710,393,317,5,2,2,0,67,60,7,10
"2011","Oadby and Wigston 008E","E01032601",569,528,294,234,0,3,2,1,34,30,4,4
"2011","Oadby and Wigston 009A","E01025973",474,445,266,179,0,2,1,1,25,22,3,2
"2011","Oadby and Wigston 009B","E01025974",565,418,201,217,5,15,8,7,122,118,4,5
"2011","Oadby and Wigston 009C","E01025975",503,446,254,192,0,25,3,22,31,28,3,1
"2011","Oadby and Wigston 009E","E01025979",490,422,208,214,2,12,12,0,52,48,4,2
"2011","Oadby and Wigston 009D","E01025980",449,416,240,176,1,2,2,0,30,27,3,0
"2011","Oadby and Wigston 009F","E01025981",589,506,282,224,14,1,1,0,60,58,2,8
"2011","Oadby and Wigston 009G","E01025982",607,542,204,338,0,14,1,13,49,46,3,2
"2011","Oadby and Wigston 009H","E01025983",479,380,187,193,2,22,22,0,67,61,6,8
"2011","Oadby and Wigston 009I","E01025984",482,445,227,218,0,0,0,0,32,28,4,5
"2011","Boston 001A","E01026007",474,416,222,194,2,26,11,15,25,18,7,5
"2011","Boston 001B","E01026008",527,392,223,169,2,92,32,60,29,21,8,12
"2011","Boston 001C","E01026009",516,363,208,155,2,93,28,65,42,23,19,16
"2011","Boston 001D","E01026023",589,418,252,166,2,108,24,84,54,47,7,7
"2011","Boston 001E","E01026024",829,628,339,289,8,108,32,76,68,54,14,17
"2011","Boston 002A","E01026010",631,111,38,73,3,395,166,229,104,98,6,18
"2011","Boston 002B","E01026011",1111,496,209,287,6,324,173,151,273,251,22,12
"2011","Boston 002C","E01026030",994,337,154,183,9,455,162,293,174,166,8,19
"2011","Boston 002D","E01026032",784,418,230,188,8,117,46,71,233,223,10,8
"2011","Boston 002E","E01026037",599,262,143,119,4,180,56,124,142,135,7,11
"2011","Boston 003A","E01026006",1149,441,195,246,12,170,53,117,512,491,21,14
"2011","Boston 003B","E01026021",767,536,343,193,2,38,10,28,180,172,8,11
"2011","Boston 003C","E01026025",988,361,179,182,30,196,62,134,388,372,16,13
"2011","Boston 003D","E01026036",687,351,183,168,7,35,7,28,286,270,16,8
"2011","Boston 004A","E01026012",549,304,203,101,4,215,77,138,23,21,2,3
"2011","Boston 004B","E01026015",643,459,171,288,22,40,12,28,114,106,8,8
"2011","Boston 004C","E01026026",819,338,149,189,11,382,123,259,61,54,7,27
"2011","Boston 004D","E01026027",761,517,239,278,8,104,33,71,123,112,11,9
"2011","Boston 004E","E01026028",851,488,259,229,6,215,46,169,130,121,9,12
"2011","Boston 006A","E01026016",987,730,402,328,9,147,48,99,84,73,11,17
"2011","Boston 006B","E01026033",789,617,337,280,4,63,27,36,93,81,12,12
"2011","Boston 006C","E01026034",793,553,285,268,4,157,42,115,73,67,6,6
"2011","Boston 007A","E01026017",691,424,210,214,2,192,60,132,56,52,4,17
"2011","Boston 007B","E01026018",715,605,396,209,2,44,17,27,58,46,12,6
"2011","Boston 007C","E01026019",1161,587,241,346,21,402,138,264,140,120,20,11
"2011","Boston 007D","E01026020",926,647,352,295,4,113,21,92,154,142,12,8
"2011","Boston 007E","E01026041",613,294,135,159,2,283,91,192,28,18,10,6
"2011","Boston 008A","E01026013",625,564,334,230,0,23,5,18,31,25,6,7
"2011","Boston 008B","E01026014",799,608,317,291,9,85,26,59,90,71,19,7
"2011","Boston 008C","E01026022",867,740,479,261,7,24,4,20,87,80,7,9
"2011","Boston 008D","E01026038",573,477,241,236,6,14,4,10,72,65,7,4
"2011","Boston 008E","E01026040",497,407,185,222,2,28,12,16,53,43,10,7
"2011","Boston 009A","E01026029",1007,786,310,476,7,44,14,30,161,143,18,9
"2011","Boston 009B","E01026031",618,546,365,181,0,27,6,21,39,34,5,6
"2011","Boston 009C","E01026035",869,776,458,318,1,2,0,2,82,69,13,8
"2011","Boston 009D","E01026039",493,433,257,176,2,24,3,21,29,24,5,5
"2011","East Lindsey 001A","E01026045",861,627,402,225,5,87,20,67,121,104,17,21
"2011","East Lindsey 001B","E01026061",503,470,247,223,0,6,1,5,24,24,0,3
"2011","East Lindsey 001C","E01026062",525,401,169,232,0,47,11,36,69,55,14,8
"2011","East Lindsey 001D","E01026063",555,518,317,201,0,4,2,2,29,23,6,4
"2011","East Lindsey 001E","E01026080",853,686,403,283,5,35,7,28,108,95,13,19
"2011","East Lindsey 001F","E01026106",500,410,222,188,0,48,13,35,39,37,2,3
"2011","East Lindsey 001G","E01026107",484,418,180,238,2,10,2,8,49,36,13,5
"2011","East Lindsey 002A","E01026058",913,761,413,348,4,50,10,40,88,79,9,10
"2011","East Lindsey 002B","E01026076",932,753,415,338,2,69,15,54,92,76,16,16
"2011","East Lindsey 002C","E01026079",843,677,419,258,3,56,11,45,97,80,17,10
"2011","East Lindsey 003A","E01026077",503,309,174,135,1,152,41,111,39,37,2,2
"2011","East Lindsey 003B","E01026078",472,287,140,147,0,118,31,87,60,55,5,7
"2011","East Lindsey 003C","E01026087",490,227,105,122,2,187,52,135,70,65,5,4
"2011","East Lindsey 003D","E01026088",548,470,269,201,4,19,10,9,48,41,7,7
"2011","East Lindsey 003E","E01026090",610,408,228,180,0,121,31,90,76,68,8,5
"2011","East Lindsey 003F","E01026091",477,358,179,179,3,62,10,52,50,46,4,4
"2011","East Lindsey 003G","E01026108",1051,475,228,247,35,381,106,275,138,125,13,22
"2011","East Lindsey 004A","E01026081",1175,674,338,336,4,93,19,74,390,373,17,14
"2011","East Lindsey 004C","E01026089",971,747,479,268,3,45,13,32,164,154,10,12
"2011","East Lindsey 004D","E01032986",593,304,170,134,1,68,10,58,216,202,14,4
"2011","East Lindsey 004E","E01032987",640,418,184,234,4,51,11,40,157,145,12,10
"2011","East Lindsey 005A","E01026072",888,586,401,185,3,119,21,98,171,163,8,9
"2011","East Lindsey 005B","E01026073",943,499,326,173,5,231,27,204,191,176,15,17
"2011","East Lindsey 005C","E01026074",966,712,504,208,6,132,26,106,103,93,10,13
"2011","East Lindsey 005D","E01026099",889,724,460,264,12,49,11,38,91,79,12,13
"2011","East Lindsey 006A","E01026103",1009,745,561,184,4,69,1,68,174,160,14,17
"2011","East Lindsey 006B","E01026104",1086,900,687,213,7,73,9,64,95,90,5,11
"2011","East Lindsey 006C","E01026109",1149,895,713,182,7,27,7,20,207,196,11,13
"2011","East Lindsey 007A","E01026071",951,690,418,272,6,48,8,40,180,159,21,27
"2011","East Lindsey 007B","E01026082",1003,828,596,232,3,29,5,24,113,97,16,30
"2011","East Lindsey 007C","E01026121",1105,819,489,330,11,116,25,91,148,134,14,11
"2011","East Lindsey 008A","E01026042",672,345,179,166,0,128,30,98,184,163,21,15
"2011","East Lindsey 008B","E01026043",720,474,277,197,8,121,29,92,98,86,12,19
"2011","East Lindsey 008C","E01026044",587,481,332,149,3,29,6,23,62,54,8,12
"2011","East Lindsey 008D","E01026113",886,699,469,230,2,58,16,42,115,100,15,12
"2011","East Lindsey 008E","E01026117",778,631,407,224,2,48,13,35,85,64,21,12
"2011","East Lindsey 009A","E01026060",565,452,300,152,1,32,14,18,71,58,13,9
"2011","East Lindsey 009B","E01026068",942,665,414,251,3,50,12,38,179,155,24,45
"2011","East Lindsey 009C","E01026070",837,579,354,225,3,40,3,37,187,166,21,28
"2011","East Lindsey 009D","E01026105",959,724,460,264,4,41,11,30,154,136,18,36
"2011","East Lindsey 010A","E01026048",756,450,345,105,17,69,19,50,212,196,16,8
"2011","East Lindsey 010B","E01026049",727,580,390,190,6,28,5,23,101,89,12,12
"2011","East Lindsey 010C","E01026050",798,659,485,174,4,34,7,27,87,78,9,14
"2011","East Lindsey 010D","E01026069",978,617,497,120,11,152,43,109,171,152,19,27
"2011","East Lindsey 011A","E01026064",654,361,168,193,1,201,59,142,82,66,16,9
"2011","East Lindsey 011B","E01026065",828,689,444,245,1,25,2,23,103,98,5,10
"2011","East Lindsey 011C","E01026066",876,702,445,257,2,26,6,20,131,116,15,15
"2011","East Lindsey 011D","E01026067",933,447,228,219,12,176,27,149,284,273,11,14
"2011","East Lindsey 012A","E01026084",683,438,250,188,4,77,26,51,159,149,10,5
"2011","East Lindsey 012B","E01026085",1094,857,606,251,10,31,3,28,192,180,12,4
"2011","East Lindsey 012C","E01026115",802,354,209,145,20,120,37,83,302,292,10,6
"2011","East Lindsey 012D","E01026116",713,488,289,199,27,75,15,60,120,106,14,3
"2011","East Lindsey 013A","E01026046",531,331,185,146,6,79,24,55,94,82,12,21
"2011","East Lindsey 013B","E01026047",588,506,352,154,7,14,1,13,52,48,4,9
"2011","East Lindsey 013C","E01026055",485,420,262,158,1,27,9,18,32,30,2,5
"2011","East Lindsey 013D","E01026059",452,361,233,128,3,38,15,23,44,34,10,6
"2011","East Lindsey 013E","E01026100",808,515,275,240,2,49,4,45,235,210,25,7
"2011","East Lindsey 013F","E01026101",590,275,165,110,13,185,54,131,106,96,10,11
"2011","East Lindsey 014A","E01026092",630,288,119,169,4,57,13,44,273,261,12,8
"2011","East Lindsey 014B","E01026093",852,257,144,113,4,53,6,47,528,502,26,10
"2011","East Lindsey 014C","E01026095",483,271,140,131,1,10,3,7,196,185,11,5
"2011","East Lindsey 014D","E01026114",730,321,198,123,2,53,2,51,351,333,18,3
"2011","East Lindsey 015A","E01026083",795,282,138,144,5,440,151,289,58,54,4,10
"2011","East Lindsey 015B","E01026094",836,422,277,145,27,277,48,229,102,93,9,8
"2011","East Lindsey 015C","E01026096",614,501,245,256,4,10,1,9,90,83,7,9
"2011","East Lindsey 015D","E01026097",771,443,315,128,4,207,51,156,105,95,10,12
"2011","East Lindsey 016A","E01026051",525,445,212,233,2,17,4,13,54,47,7,7
"2011","East Lindsey 016B","E01026052",644,351,232,119,8,76,17,59,197,81,116,12
"2011","East Lindsey 016C","E01026053",763,458,206,252,7,32,4,28,262,126,136,4
"2011","East Lindsey 016D","E01026054",725,411,193,218,9,140,37,103,148,128,20,17
"2011","East Lindsey 016E","E01026118",777,652,447,205,33,8,0,8,74,59,15,10
"2011","East Lindsey 016F","E01026119",502,432,315,117,2,12,3,9,39,31,8,17
"2011","East Lindsey 016G","E01026120",663,419,264,155,13,88,16,72,134,121,13,9
"2011","East Lindsey 017A","E01026056",474,370,215,155,3,30,15,15,57,40,17,14
"2011","East Lindsey 017B","E01026110",644,466,281,185,6,77,12,65,78,64,14,17
"2011","East Lindsey 017C","E01026111",652,448,260,188,11,106,24,82,69,56,13,18
"2011","East Lindsey 017D","E01026112",502,184,101,83,1,177,65,112,126,109,17,14
"2011","East Lindsey 018A","E01026057",825,652,382,270,2,45,12,33,100,84,16,26
"2011","East Lindsey 018B","E01026075",927,696,439,257,3,75,15,60,128,117,11,25
"2011","East Lindsey 018C","E01026098",880,711,417,294,10,72,20,52,67,55,12,20
"2011","East Lindsey 018D","E01026102",946,761,430,331,6,88,30,58,79,66,13,12
"2011","Lincoln 001A","E01026149",791,352,170,182,1,362,343,19,61,58,3,15
"2011","Lincoln 001B","E01026150",766,229,98,131,1,463,453,10,36,31,5,37
"2011","Lincoln 001C","E01026166",537,288,133,155,1,192,177,15,33,27,6,23
"2011","Lincoln 001D","E01026168",616,213,83,130,0,349,334,15,36,27,9,18
"2011","Lincoln 002A","E01026153",1090,710,273,437,10,116,59,57,245,230,15,9
"2011","Lincoln 002B","E01026155",744,559,232,327,2,21,15,6,158,146,12,4
"2011","Lincoln 002C","E01026157",628,300,184,116,0,244,206,38,77,71,6,7
"2011","Lincoln 002D","E01026165",715,357,173,184,0,292,287,5,46,37,9,20
"2011","Lincoln 003A","E01026125",500,323,143,180,1,6,2,4,165,153,12,5
"2011","Lincoln 003B","E01026144",628,294,124,170,5,66,17,49,255,241,14,8
"2011","Lincoln 003C","E01026147",1025,739,295,444,14,11,9,2,253,238,15,8
"2011","Lincoln 003D","E01026148",936,385,169,216,2,167,156,11,366,344,22,16
"2011","Lincoln 003E","E01026151",835,494,237,257,19,130,125,5,181,169,12,11
"2011","Lincoln 003F","E01026164",558,456,273,183,2,42,42,0,44,41,3,14
"2011","Lincoln 003G","E01026167",775,466,317,149,0,50,40,10,227,201,26,32
"2011","Lincoln 004A","E01026122",749,275,128,147,7,131,80,51,324,297,27,12
"2011","Lincoln 004B","E01026123",1009,516,156,360,32,293,216,77,158,144,14,10
"2011","Lincoln 004C","E01026124",645,311,121,190,3,40,18,22,287,269,18,4
"2011","Lincoln 004D","E01026126",852,182,71,111,3,432,403,29,208,193,15,27
"2011","Lincoln 004E","E01026152",565,85,23,62,2,445,443,2,22,22,0,11
"2011","Lincoln 004F","E01026154",512,290,114,176,0,168,159,9,45,40,5,9
"2011","Lincoln 004G","E01026156",474,233,108,125,0,204,199,5,28,25,3,9
"2011","Lincoln 005A","E01026132",784,170,72,98,7,186,167,19,396,382,14,25
"2011","Lincoln 005B","E01026143",711,312,138,174,2,21,8,13,371,356,15,5
"2011","Lincoln 005C","E01026145",619,363,171,192,4,45,30,15,203,193,10,4
"2011","Lincoln 005D","E01026146",726,167,82,85,2,220,174,46,323,311,12,14
"2011","Lincoln 006A","E01026134",764,329,116,213,1,146,140,6,277,257,20,11
"2011","Lincoln 006B","E01026176",890,188,76,112,2,270,161,109,409,390,19,21
"2011","Lincoln 006C","E01026177",777,293,110,183,4,32,13,19,441,423,18,7
"2011","Lincoln 006D","E01026178",771,384,168,216,2,75,46,29,301,270,31,9
"2011","Lincoln 007A","E01026127",639,237,61,176,1,328,324,4,52,45,7,21
"2011","Lincoln 007B","E01026128",1185,810,285,525,38,120,98,22,201,184,17,16
"2011","Lincoln 007C","E01026129",705,153,37,116,1,496,355,141,43,40,3,12
"2011","Lincoln 007D","E01026131",597,366,166,200,4,150,147,3,67,55,12,10
"2011","Lincoln 008A","E01026133",995,483,233,250,9,112,16,96,389,364,25,2
"2011","Lincoln 008B","E01026135",676,572,270,302,0,47,45,2,54,48,6,3
"2011","Lincoln 008C","E01026136",616,548,297,251,1,18,3,15,43,38,5,6
"2011","Lincoln 008D","E01026174",604,328,101,227,3,54,39,15,213,196,17,6
"2011","Lincoln 009A","E01026130",588,507,282,225,1,20,18,2,57,49,8,3
"2011","Lincoln 009B","E01026158",648,555,301,254,2,15,4,11,75,60,15,1
"2011","Lincoln 009C","E01026159",643,508,176,332,3,14,4,10,116,102,14,2
"2011","Lincoln 009D","E01026160",606,513,206,307,2,3,2,1,85,76,9,3
"2011","Lincoln 009E","E01026162",621,466,233,233,3,90,66,24,59,51,8,3
"2011","Lincoln 009F","E01026163",602,507,190,317,2,5,3,2,86,80,6,2
"2011","Lincoln 010A","E01026161",675,311,127,184,1,288,274,14,60,52,8,15
"2011","Lincoln 010B","E01026170",591,310,150,160,8,197,176,21,66,57,9,10
"2011","Lincoln 010C","E01026172",575,300,130,170,1,220,205,15,41,32,9,13
"2011","Lincoln 010D","E01026173",697,146,61,85,1,506,499,7,26,22,4,18
"2011","Lincoln 010E","E01026175",883,363,103,260,2,243,188,55,270,253,17,5
"2011","Lincoln 011A","E01026137",465,413,157,256,1,10,7,3,38,30,8,3
"2011","Lincoln 011B","E01026138",618,557,232,325,4,13,10,3,41,35,6,3
"2011","Lincoln 011C","E01026139",496,462,256,206,0,3,2,1,26,22,4,5
"2011","Lincoln 011D","E01026140",624,339,113,226,0,185,13,172,96,85,11,4
"2011","Lincoln 011E","E01026141",557,481,188,293,1,31,31,0,40,39,1,4
"2011","Lincoln 011F","E01026142",508,303,125,178,0,155,150,5,38,34,4,12
"2011","Lincoln 011G","E01026169",752,522,305,217,1,180,173,7,40,32,8,9
"2011","Lincoln 011H","E01026171",667,609,374,235,1,7,7,0,47,42,5,3
"2011","North Kesteven 001A","E01026186",690,610,344,266,0,6,4,2,67,59,8,7
"2011","North Kesteven 001B","E01026187",750,611,199,412,1,5,1,4,129,117,12,4
"2011","North Kesteven 001C","E01026189",809,721,442,279,2,3,1,2,74,60,14,9
"2011","North Kesteven 001D","E01026203",802,695,396,299,0,27,24,3,70,56,14,10
"2011","North Kesteven 001E","E01026204",738,685,404,281,1,4,3,1,40,36,4,8
"2011","North Kesteven 001F","E01026206",780,689,320,369,1,5,5,0,77,63,14,8
"2011","North Kesteven 003B","E01026182",579,445,212,233,0,49,47,2,80,72,8,5
"2011","North Kesteven 003C","E01026193",615,504,264,240,0,48,47,1,51,49,2,12
"2011","North Kesteven 003D","E01026199",954,774,419,355,1,45,44,1,109,91,18,25
"2011","North Kesteven 003E","E01026225",678,518,170,348,0,84,84,0,69,60,9,7
"2011","North Kesteven 003F","E01026226",812,741,466,275,3,4,2,2,53,48,5,11
"2011","North Kesteven 003G","E01032990",919,642,87,555,3,16,9,7,252,237,15,6
"2011","North Kesteven 003H","E01032994",556,426,196,230,11,30,20,10,81,73,8,8
"2011","North Kesteven 004A","E01026184",508,159,88,71,0,37,7,30,309,28,281,3
"2011","North Kesteven 004B","E01026185",810,584,362,222,2,118,112,6,94,72,22,12
"2011","North Kesteven 004C","E01026188",1041,626,242,384,11,214,178,36,171,152,19,19
"2011","North Kesteven 004D","E01026190",646,393,212,181,1,177,92,85,60,46,14,15
"2011","North Kesteven 004E","E01026237",492,431,244,187,6,12,4,8,41,31,10,2
"2011","North Kesteven 004F","E01026238",526,444,179,265,2,12,6,6,63,51,12,5
"2011","North Kesteven 005A","E01026191",697,554,262,292,5,75,52,23,56,51,5,7
"2011","North Kesteven 005B","E01026205",665,452,234,218,1,151,146,5,47,43,4,14
"2011","North Kesteven 005C","E01026211",746,590,257,333,1,49,41,8,95,87,8,11
"2011","North Kesteven 005D","E01026212",663,538,275,263,2,44,22,22,73,63,10,6
"2011","North Kesteven 005E","E01026213",794,509,290,219,7,176,158,18,79,69,10,23
"2011","North Kesteven 006A","E01026192",496,370,189,181,2,57,46,11,52,47,5,15
"2011","North Kesteven 006B","E01026194",803,616,316,300,3,107,101,6,66,55,11,11
"2011","North Kesteven 006C","E01026195",814,654,342,312,0,37,34,3,103,89,14,20
"2011","North Kesteven 006D","E01026196",651,465,265,200,0,72,68,4,93,79,14,21
"2011","North Kesteven 007A","E01026180",604,443,237,206,2,81,81,0,65,51,14,13
"2011","North Kesteven 007B","E01026183",1096,700,359,341,3,230,227,3,128,115,13,35
"2011","North Kesteven 007C","E01026210",957,664,337,327,1,143,136,7,121,97,24,28
"2011","North Kesteven 007D","E01026224",763,423,210,213,1,260,244,16,61,56,5,18
"2011","North Kesteven 008A","E01026179",437,179,68,111,1,48,38,10,201,37,164,8
"2011","North Kesteven 008B","E01026197",605,465,194,271,0,42,34,8,88,77,11,10
"2011","North Kesteven 008C","E01026198",446,130,30,100,2,18,6,12,291,69,222,5
"2011","North Kesteven 008D","E01026223",899,773,411,362,1,23,19,4,93,71,22,9
"2011","North Kesteven 009A","E01026209",961,773,482,291,2,82,68,14,91,76,15,13
"2011","North Kesteven 009B","E01026221",1039,689,382,307,4,141,133,8,176,150,26,29
"2011","North Kesteven 009C","E01026222",817,657,374,283,2,22,18,4,127,115,12,9
"2011","North Kesteven 010A","E01026227",752,348,160,188,2,189,113,76,193,182,11,20
"2011","North Kesteven 010B","E01026230",534,268,109,159,2,188,177,11,68,65,3,8
"2011","North Kesteven 010C","E01026231",1091,824,293,531,3,44,25,19,208,193,15,12
"2011","North Kesteven 010D","E01026232",1015,631,328,303,5,195,131,64,161,151,10,23
"2011","North Kesteven 010E","E01026235",731,367,200,167,4,227,166,61,117,108,9,16
"2011","North Kesteven 011A","E01026228",618,432,159,273,5,50,36,14,129,120,9,2
"2011","North Kesteven 011B","E01026229",614,473,183,290,1,57,4,53,79,75,4,4
"2011","North Kesteven 011C","E01026233",723,624,286,338,2,6,2,4,85,81,4,6
"2011","North Kesteven 011D","E01026234",1051,848,304,544,28,51,3,48,119,108,11,5
"2011","North Kesteven 011E","E01026236",524,430,276,154,2,31,11,20,52,49,3,9
"2011","North Kesteven 012A","E01026200",696,568,279,289,0,26,19,7,94,88,6,8
"2011","North Kesteven 012B","E01026201",858,621,329,292,6,132,125,7,84,70,14,15
"2011","North Kesteven 012C","E01026202",852,657,391,266,1,119,105,14,64,60,4,11
"2011","North Kesteven 012D","E01026207",523,391,231,160,0,60,60,0,65,61,4,7
"2011","North Kesteven 012E","E01026208",662,501,233,268,7,81,50,31,59,54,5,14
"2011","North Kesteven 013A","E01026220",1019,814,532,282,20,117,76,41,59,50,9,9
"2011","North Kesteven 013B","E01032988",599,321,109,212,6,172,109,63,95,85,10,5
"2011","North Kesteven 013C","E01032989",551,355,56,299,33,46,10,36,116,111,5,1
"2011","North Kesteven 013D","E01032993",623,573,321,252,0,8,5,3,39,28,11,3
"2011","North Kesteven 014A","E01026214",513,434,212,222,2,40,40,0,33,27,6,4
"2011","North Kesteven 014B","E01026215",464,434,278,156,0,4,2,2,23,21,2,3
"2011","North Kesteven 014C","E01026218",565,476,327,149,1,25,1,24,59,54,5,4
"2011","North Kesteven 014D","E01026219",506,463,254,209,1,5,4,1,36,32,4,1
"2011","North Kesteven 014E","E01032991",630,507,266,241,1,30,28,2,86,75,11,6
"2011","North Kesteven 014F","E01032992",600,485,239,246,4,37,29,8,65,60,5,9
"2011","South Holland 001A","E01026242",621,534,291,243,2,34,32,2,46,42,4,5
"2011","South Holland 001B","E01026243",570,373,178,195,2,140,127,13,47,44,3,8
"2011","South Holland 001C","E01026244",545,442,248,194,1,62,58,4,35,24,11,5
"2011","South Holland 001D","E01026247",815,635,378,257,4,82,70,12,80,68,12,14
"2011","South Holland 001E","E01026276",972,798,457,341,3,89,84,5,75,67,8,7
"2011","South Holland 002A","E01026246",951,734,431,303,2,139,123,16,67,51,16,9
"2011","South Holland 002B","E01026248",892,651,313,338,4,104,86,18,115,88,27,18
"2011","South Holland 002C","E01026257",856,780,517,263,0,33,25,8,37,30,7,6
"2011","South Holland 003A","E01026250",841,451,228,223,9,148,102,46,213,197,16,20
"2011","South Holland 003B","E01026251",792,693,426,267,10,36,16,20,52,42,10,1
"2011","South Holland 003C","E01026252",779,570,331,239,3,84,77,7,101,92,9,21
"2011","South Holland 003D","E01026253",797,523,272,251,3,161,130,31,92,87,5,18
"2011","South Holland 004A","E01026281",538,457,254,203,0,34,34,0,40,32,8,7
"2011","South Holland 004B","E01026282",713,480,266,214,5,160,145,15,48,43,5,20
"2011","South Holland 004C","E01026283",726,609,356,253,1,52,52,0,55,44,11,9
"2011","South Holland 004D","E01026285",609,494,279,215,6,59,53,6,43,40,3,7
"2011","South Holland 004E","E01026286",498,366,193,173,0,66,47,19,56,51,5,10
"2011","South Holland 005A","E01026241",772,509,170,339,1,131,128,3,121,69,52,10
"2011","South Holland 005B","E01026258",747,683,421,262,2,15,12,3,39,36,3,8
"2011","South Holland 005C","E01026259",703,524,268,256,3,104,94,10,61,49,12,11
"2011","South Holland 005D","E01026260",857,573,310,263,5,171,133,38,85,78,7,23
"2011","South Holland 006B","E01026266",919,483,259,224,9,68,13,55,347,320,27,12
"2011","South Holland 006C","E01026273",716,628,365,263,1,29,10,19,54,49,5,4
"2011","South Holland 006D","E01026274",755,584,229,355,24,27,7,20,118,113,5,2
"2011","South Holland 006E","E01026275",859,514,260,254,22,157,125,32,150,141,9,16
"2011","South Holland 006F","E01032995",692,334,203,131,5,107,68,39,235,216,19,11
"2011","South Holland 006G","E01032996",542,449,242,207,3,35,32,3,50,48,2,5
"2011","South Holland 007A","E01026268",873,456,235,221,4,258,233,25,136,127,9,19
"2011","South Holland 007B","E01026269",925,774,476,298,5,33,25,8,103,94,9,10
"2011","South Holland 007C","E01026270",744,345,194,151,4,235,169,66,145,131,14,15
"2011","South Holland 007D","E01026271",756,299,126,173,5,325,301,24,113,103,10,14
"2011","South Holland 007E","E01026272",559,370,219,151,1,62,50,12,112,100,12,14
"2011","South Holland 008A","E01026254",835,542,315,227,9,198,149,49,64,55,9,22
"2011","South Holland 008B","E01026255",864,654,399,255,3,45,17,28,153,140,13,9
"2011","South Holland 008C","E01026256",688,469,261,208,5,149,121,28,56,53,3,9
"2011","South Holland 008D","E01026277",704,330,164,166,1,215,193,22,141,125,16,17
"2011","South Holland 008E","E01026278",609,451,263,188,1,27,16,11,121,108,13,9
"2011","South Holland 008F","E01026279",614,473,271,202,3,57,27,30,71,65,6,10
"2011","South Holland 009A","E01026262",638,557,301,256,1,12,11,1,61,53,8,7
"2011","South Holland 009B","E01026263",805,596,252,344,37,49,24,25,115,106,9,8
"2011","South Holland 009C","E01026264",636,433,218,215,10,81,74,7,106,92,14,6
"2011","South Holland 009D","E01026265",511,397,197,200,0,56,54,2,52,45,7,6
"2011","South Holland 009E","E01026267",1177,822,401,421,33,74,10,64,241,216,25,7
"2011","South Holland 010A","E01026245",933,803,484,319,3,53,50,3,67,53,14,7
"2011","South Holland 010B","E01026249",773,641,357,284,3,53,52,1,66,61,5,10
"2011","South Holland 010C","E01026280",1020,800,420,380,1,118,108,10,85,70,15,16
"2011","South Holland 011A","E01026239",778,552,270,282,0,87,65,22,129,114,15,10
"2011","South Holland 011B","E01026240",964,771,351,420,1,125,119,6,59,51,8,8
"2011","South Holland 011C","E01026284",781,629,304,325,0,89,77,12,56,50,6,7
"2011","South Kesteven 001A","E01026313",653,505,253,252,2,65,54,11,62,54,8,19
"2011","South Kesteven 001B","E01026314",561,413,193,220,8,71,55,16,60,52,8,9
"2011","South Kesteven 001C","E01026329",786,574,322,252,1,87,71,16,109,89,20,15
"2011","South Kesteven 001D","E01026333",1017,847,352,495,1,76,75,1,84,75,9,9
"2011","South Kesteven 002A","E01026291",840,670,384,286,8,98,62,36,59,46,13,5
"2011","South Kesteven 002B","E01026340",966,645,349,296,16,202,161,41,82,72,10,21
"2011","South Kesteven 002C","E01026355",999,818,479,339,7,65,55,10,89,78,11,20
"2011","South Kesteven 002D","E01026365",993,848,519,329,5,44,38,6,79,67,12,17
"2011","South Kesteven 003A","E01026325",613,315,132,183,2,243,240,3,37,34,3,16
"2011","South Kesteven 003B","E01026326",609,453,246,207,1,101,98,3,51,43,8,3
"2011","South Kesteven 003C","E01026327",610,378,189,189,1,187,184,3,31,25,6,13
"2011","South Kesteven 003D","E01026328",600,239,92,147,8,299,272,27,35,31,4,19
"2011","South Kesteven 003E","E01026352",561,516,313,203,0,10,5,5,31,29,2,4
"2011","South Kesteven 003F","E01026353",857,381,211,170,4,187,102,85,269,248,21,16
"2011","South Kesteven 003G","E01026354",489,434,251,183,2,9,6,3,40,32,8,4
"2011","South Kesteven 004A","E01026320",654,583,249,334,3,4,3,1,60,58,2,4
"2011","South Kesteven 004B","E01026321",537,471,243,228,0,2,1,1,59,53,6,5
"2011","South Kesteven 004C","E01026322",534,422,212,210,3,11,1,10,92,85,7,6
"2011","South Kesteven 004D","E01026323",948,410,196,214,4,250,166,84,265,255,10,19
"2011","South Kesteven 004E","E01026324",885,765,315,450,2,20,15,5,95,88,7,3
"2011","South Kesteven 005A","E01026308",596,170,51,119,2,382,357,25,35,34,1,7
"2011","South Kesteven 005B","E01026309",693,465,219,246,2,82,72,10,138,130,8,6
"2011","South Kesteven 005C","E01026310",454,284,142,142,4,128,118,10,32,27,5,6
"2011","South Kesteven 005D","E01026311",666,337,99,238,5,204,170,34,112,95,17,8
"2011","South Kesteven 005E","E01026312",452,116,31,85,6,300,268,32,21,21,0,9
"2011","South Kesteven 006A","E01026317",978,420,166,254,12,107,48,59,431,409,22,8
"2011","South Kesteven 006B","E01026318",856,368,123,245,26,165,61,104,284,261,23,13
"2011","South Kesteven 006C","E01026319",932,688,343,345,10,20,15,5,205,193,12,9
"2011","South Kesteven 006D","E01026343",909,373,172,201,9,133,50,83,386,365,21,8
"2011","South Kesteven 006E","E01026344",682,440,159,281,3,12,8,4,223,218,5,4
"2011","South Kesteven 006F","E01026345",628,383,185,198,3,159,156,3,74,71,3,9
"2011","South Kesteven 007A","E01026292",618,523,245,278,4,10,4,6,73,68,5,8
"2011","South Kesteven 007B","E01026293",844,632,229,403,1,14,8,6,192,157,35,5
"2011","South Kesteven 007C","E01026294",647,515,143,372,5,16,3,13,110,102,8,1
"2011","South Kesteven 007D","E01026316",1038,667,343,324,12,102,67,35,187,170,17,70
"2011","South Kesteven 007E","E01026332",945,729,390,339,9,83,76,7,88,76,12,36
"2011","South Kesteven 008A","E01026290",905,681,358,323,3,109,102,7,94,78,16,18
"2011","South Kesteven 008B","E01026341",619,469,252,217,1,83,81,2,55,48,7,11
"2011","South Kesteven 008C","E01026342",570,476,156,320,1,21,19,2,64,55,9,8
"2011","South Kesteven 008D","E01026361",1130,792,392,400,6,166,135,31,153,134,19,13
"2011","South Kesteven 009A","E01026315",922,513,294,219,2,142,103,39,212,204,8,53
"2011","South Kesteven 009B","E01026331",1042,614,307,307,9,196,116,80,199,183,16,24
"2011","South Kesteven 009C","E01026338",527,393,194,199,3,58,52,6,57,47,10,16
"2011","South Kesteven 009D","E01026339",539,363,121,242,7,87,35,52,71,59,12,11
"2011","South Kesteven 010A","E01026299",718,483,241,242,10,130,114,16,86,76,10,9
"2011","South Kesteven 010B","E01026300",628,587,337,250,0,10,4,6,26,23,3,5
"2011","South Kesteven 010C","E01026301",694,563,323,240,12,13,2,11,81,70,11,25
"2011","South Kesteven 010D","E01026302",491,434,179,255,2,6,6,0,46,41,5,3
"2011","South Kesteven 011B","E01026296",651,561,343,218,0,27,25,2,58,48,10,5
"2011","South Kesteven 011C","E01026297",586,385,197,188,10,147,119,28,36,35,1,8
"2011","South Kesteven 011D","E01026298",868,424,195,229,7,240,178,62,179,160,19,18
"2011","South Kesteven 011E","E01032997",472,291,88,203,55,50,6,44,75,71,4,1
"2011","South Kesteven 011F","E01032998",482,300,45,255,31,29,7,22,120,113,7,2
"2011","South Kesteven 011G","E01032999",521,397,208,189,10,27,17,10,77,68,9,10
"2011","South Kesteven 012A","E01026330",868,684,357,327,1,78,68,10,87,78,9,18
"2011","South Kesteven 012B","E01026360",885,723,355,368,5,81,61,20,64,59,5,12
"2011","South Kesteven 012C","E01026362",671,602,230,372,3,13,12,1,48,43,5,5
"2011","South Kesteven 012D","E01026363",531,416,236,180,1,25,24,1,70,64,6,19
"2011","South Kesteven 012E","E01026364",709,602,301,301,5,48,45,3,40,31,9,14
"2011","South Kesteven 013A","E01026334",619,533,222,311,2,39,34,5,39,35,4,6
"2011","South Kesteven 013B","E01026335",721,563,332,231,0,40,32,8,105,95,10,13
"2011","South Kesteven 013C","E01026336",693,374,202,172,0,241,71,170,69,61,8,9
"2011","South Kesteven 013D","E01026337",653,563,287,276,3,39,34,5,42,32,10,6
"2011","South Kesteven 014A","E01026303",521,461,151,310,1,1,0,1,54,47,7,4
"2011","South Kesteven 014B","E01026304",609,536,246,290,3,15,2,13,49,45,4,6
"2011","South Kesteven 014C","E01026305",596,465,130,335,1,7,3,4,121,115,6,2
"2011","South Kesteven 014D","E01026306",709,431,219,212,37,174,120,54,57,50,7,10
"2011","South Kesteven 014E","E01026307",550,452,228,224,1,12,7,5,78,69,9,7
"2011","South Kesteven 015A","E01026287",623,412,224,188,2,109,97,12,95,89,6,5
"2011","South Kesteven 015B","E01026288",744,317,126,191,25,322,306,16,68,62,6,12
"2011","South Kesteven 015C","E01026289",858,614,257,357,19,139,84,55,80,72,8,6
"2011","South Kesteven 015D","E01026346",512,378,174,204,2,39,37,2,86,82,4,7
"2011","South Kesteven 015E","E01026347",843,522,302,220,9,140,115,25,151,143,8,21
"2011","South Kesteven 015F","E01026348",466,294,111,183,4,134,133,1,29,25,4,5
"2011","South Kesteven 016A","E01026349",791,407,244,163,2,226,212,14,150,140,10,6
"2011","South Kesteven 016B","E01026350",848,432,279,153,12,118,70,48,260,244,16,26
"2011","South Kesteven 016C","E01026351",850,427,267,160,1,105,54,51,288,277,11,29
"2011","South Kesteven 016D","E01026356",580,476,142,334,0,7,7,0,93,91,2,4
"2011","South Kesteven 016E","E01026357",588,465,203,262,2,39,37,2,75,69,6,7
"2011","South Kesteven 016F","E01026358",624,529,303,226,1,13,13,0,74,65,9,7
"2011","South Kesteven 016G","E01026359",667,608,360,248,0,8,5,3,48,46,2,3
"2011","West Lindsey 001A","E01026367",741,392,223,169,0,155,14,141,160,139,21,34
"2011","West Lindsey 001B","E01026368",687,557,321,236,6,50,6,44,68,56,12,6
"2011","West Lindsey 001C","E01026387",1089,907,494,413,1,77,8,69,79,70,9,25
"2011","West Lindsey 001D","E01026416",552,344,179,165,7,85,25,60,100,93,7,16
"2011","West Lindsey 001G","E01032683",998,765,414,351,5,75,14,61,120,103,17,33
"2011","West Lindsey 002A","E01026380",736,547,239,308,5,96,28,68,83,78,5,5
"2011","West Lindsey 002B","E01026401",621,572,305,267,5,8,1,7,27,20,7,9
"2011","West Lindsey 002C","E01026402",828,707,348,359,10,24,5,19,79,77,2,8
"2011","West Lindsey 002D","E01026403",558,449,229,220,8,49,15,34,45,39,6,7
"2011","West Lindsey 002E","E01026407",558,417,171,246,3,74,15,59,55,46,9,9
"2011","West Lindsey 002F","E01026408",580,448,257,191,12,63,16,47,52,42,10,5
"2011","West Lindsey 003A","E01026389",784,508,282,226,6,42,6,36,215,198,17,13
"2011","West Lindsey 003B","E01026390",841,478,263,215,7,223,29,194,122,114,8,11
"2011","West Lindsey 003C","E01026391",818,633,396,237,3,48,10,38,115,99,16,19
"2011","West Lindsey 003D","E01026392",1281,1024,563,461,8,85,13,72,142,136,6,22
"2011","West Lindsey 003E","E01026415",406,263,100,163,1,16,5,11,108,94,14,18
"2011","West Lindsey 004A","E01026378",721,425,192,233,1,93,29,64,198,174,24,4
"2011","West Lindsey 004B","E01026379",733,521,247,274,1,42,7,35,163,154,9,6
"2011","West Lindsey 004C","E01026381",799,467,213,254,16,182,22,160,122,106,16,12
"2011","West Lindsey 004D","E01026382",740,513,252,261,6,37,5,32,174,164,10,10
"2011","West Lindsey 004E","E01026383",614,295,144,151,2,61,19,42,250,240,10,6
"2011","West Lindsey 004F","E01026384",892,422,190,232,3,120,20,100,333,312,21,14
"2011","West Lindsey 005A","E01026385",511,349,209,140,4,32,10,22,111,103,8,15
"2011","West Lindsey 005B","E01026386",522,289,104,185,1,13,3,10,197,177,20,22
"2011","West Lindsey 005C","E01026399",607,447,206,241,9,39,5,34,95,87,8,17
"2011","West Lindsey 005D","E01026411",1045,796,414,382,10,71,9,62,144,119,25,24
"2011","West Lindsey 006A","E01026374",641,181,78,103,3,412,136,276,41,38,3,4
"2011","West Lindsey 006B","E01026375",664,313,125,188,8,270,82,188,66,60,6,7
"2011","West Lindsey 006C","E01026376",778,363,197,166,4,354,97,257,45,38,7,12
"2011","West Lindsey 006D","E01026377",898,492,176,316,43,279,84,195,69,64,5,15
"2011","West Lindsey 007A","E01026388",933,817,471,346,5,29,6,23,71,60,11,11
"2011","West Lindsey 007B","E01026404",962,769,421,348,3,88,20,68,88,77,11,14
"2011","West Lindsey 007C","E01026409",511,389,180,209,3,43,7,36,67,52,15,9
"2011","West Lindsey 007D","E01026410",746,644,469,175,3,42,10,32,41,32,9,16
"2011","West Lindsey 008A","E01026372",1030,829,435,394,18,86,11,75,83,69,14,14
"2011","West Lindsey 008B","E01026412",722,549,306,243,15,89,22,67,57,50,7,12
"2011","West Lindsey 008C","E01026413",871,778,395,383,2,30,3,27,56,43,13,5
"2011","West Lindsey 008D","E01026414",694,530,277,253,18,18,3,15,115,100,15,13
"2011","West Lindsey 009A","E01026396",545,503,326,177,0,2,1,1,33,28,5,7
"2011","West Lindsey 009B","E01026397",993,746,330,416,15,21,3,18,195,176,19,16
"2011","West Lindsey 009C","E01026398",707,457,241,216,32,131,13,118,71,62,9,16
"2011","West Lindsey 009D","E01026400",622,388,114,274,0,14,1,13,211,103,108,9
"2011","West Lindsey 010A","E01026393",636,579,379,200,2,2,0,2,47,41,6,6
"2011","West Lindsey 010B","E01026394",770,570,270,300,8,65,9,56,109,97,12,18
"2011","West Lindsey 010C","E01026395",658,526,350,176,9,54,8,46,60,52,8,9
"2011","West Lindsey 010D","E01026405",523,455,235,220,5,25,4,21,27,24,3,11
"2011","West Lindsey 010E","E01026406",525,498,303,195,2,2,0,2,18,16,2,5
"2011","West Lindsey 011A","E01026366",915,664,356,308,12,134,26,108,87,60,27,18
"2011","West Lindsey 011B","E01026369",486,334,187,147,1,91,12,79,50,47,3,10
"2011","West Lindsey 011C","E01026370",940,828,485,343,6,14,1,13,80,74,6,12
"2011","West Lindsey 011D","E01026371",525,466,279,187,2,12,1,11,38,29,9,7
"2011","West Lindsey 011E","E01026373",828,656,332,324,6,79,12,67,71,62,9,16
"2011","Corby 001A","E01026971",739,434,155,279,2,188,175,13,104,99,5,11
"2011","Corby 001B","E01026979",566,443,233,210,1,48,26,22,62,54,8,12
"2011","Corby 001C","E01026980",652,537,257,280,0,35,31,4,69,59,10,11
"2011","Corby 001D","E01026982",787,392,138,254,19,229,128,101,132,122,10,15
"2011","Corby 002A","E01026969",802,417,193,224,0,250,237,13,114,109,5,21
"2011","Corby 002B","E01026970",656,454,134,320,4,129,128,1,62,56,6,7
"2011","Corby 002C","E01026972",766,468,150,318,2,186,183,3,100,94,6,10
"2011","Corby 002D","E01026976",544,325,104,221,1,148,145,3,67,63,4,3
"2011","Corby 002E","E01026981",480,396,206,190,0,33,28,5,45,40,5,6
"2011","Corby 002F","E01026983",464,282,110,172,1,92,92,0,83,79,4,6
"2011","Corby 003A","E01026957",727,371,138,233,0,185,181,4,159,150,9,12
"2011","Corby 003B","E01026958",738,380,98,282,1,189,178,11,158,151,7,10
"2011","Corby 003C","E01026977",838,676,337,339,11,84,17,67,56,51,5,11
"2011","Corby 003D","E01026978",604,435,182,253,4,78,64,14,77,72,5,10
"2011","Corby 004A","E01026962",602,399,188,211,1,127,123,4,65,58,7,10
"2011","Corby 004B","E01026973",587,439,193,246,0,80,76,4,61,53,8,7
"2011","Corby 004C","E01026974",476,400,214,186,1,36,36,0,34,26,8,5
"2011","Corby 004D","E01026975",645,298,115,183,4,244,229,15,84,76,8,15
"2011","Corby 004E","E01026984",752,471,216,255,2,179,177,2,93,79,14,7
"2011","Corby 004F","E01026985",637,493,265,228,1,93,92,1,45,42,3,5
"2011","Corby 005A","E01026949",613,304,147,157,1,200,164,36,98,94,4,10
"2011","Corby 005B","E01026950",614,266,103,163,2,224,176,48,111,105,6,11
"2011","Corby 005C","E01026951",495,261,105,156,1,162,125,37,64,59,5,7
"2011","Corby 005D","E01026952",499,361,149,212,1,68,51,17,64,58,6,5
"2011","Corby 006A","E01026959",646,384,165,219,1,146,142,4,107,102,5,8
"2011","Corby 006B","E01026960",609,238,88,150,1,247,212,35,116,107,9,7
"2011","Corby 006C","E01026961",502,252,81,171,0,155,151,4,88,86,2,7
"2011","Corby 006D","E01026965",426,170,61,109,0,159,153,6,88,85,3,9
"2011","Corby 006E","E01026966",564,368,190,178,1,137,128,9,54,51,3,4
"2011","Corby 006F","E01026967",693,396,170,226,4,186,167,19,94,87,7,13
"2011","Corby 006G","E01026968",611,207,87,120,1,288,277,11,109,104,5,6
"2011","Corby 008A","E01026953",590,498,243,255,0,46,42,4,40,37,3,6
"2011","Corby 008B","E01026954",534,303,94,209,1,143,139,4,75,64,11,12
"2011","Corby 008C","E01026955",557,506,190,316,2,4,4,0,40,38,2,5
"2011","Corby 008D","E01026956",818,481,112,369,8,199,168,31,119,108,11,11
"2011","Corby 009A","E01026963",550,232,44,188,4,210,4,206,99,94,5,5
"2011","Corby 009B","E01032963",613,443,71,372,1,16,5,11,146,138,8,7
"2011","Corby 009C","E01032964",584,412,69,343,2,5,1,4,160,153,7,5
"2011","Corby 009D","E01032965",492,336,42,294,3,22,3,19,131,126,5,0
"2011","Corby 009E","E01032966",603,415,38,377,2,17,4,13,169,161,8,0
"2011","Corby 009F","E01032967",540,326,42,284,3,11,1,10,197,192,5,3
"2011","Daventry 001A","E01027005",823,606,304,302,0,73,20,53,124,115,9,20
"2011","Daventry 001B","E01027026",794,620,321,299,5,74,15,59,73,62,11,22
"2011","Daventry 001C","E01027030",731,576,310,266,2,56,20,36,81,75,6,16
"2011","Daventry 002A","E01027000",608,420,169,251,0,118,37,81,58,54,4,12
"2011","Daventry 002B","E01027001",510,452,134,318,1,12,0,12,44,40,4,1
"2011","Daventry 002C","E01027002",638,518,254,264,1,37,9,28,65,52,13,17
"2011","Daventry 002D","E01027003",593,482,191,291,4,20,2,18,80,69,11,7
"2011","Daventry 002E","E01027022",745,570,294,276,2,63,21,42,76,71,5,34
"2011","Daventry 003A","E01026994",453,335,173,162,1,77,29,48,37,31,6,3
"2011","Daventry 003D","E01026999",776,559,303,256,7,126,33,93,71,63,8,13
"2011","Daventry 003E","E01027006",745,573,272,301,6,91,22,69,68,57,11,7
"2011","Daventry 003F","E01032968",909,790,431,359,3,63,12,51,44,39,5,9
"2011","Daventry 004A","E01026998",742,529,297,232,4,29,5,24,156,143,13,24
"2011","Daventry 004B","E01027015",522,470,244,226,3,13,1,12,33,26,7,3
"2011","Daventry 004C","E01027016",616,490,228,262,7,17,6,11,95,88,7,7
"2011","Daventry 004D","E01027021",768,609,336,273,8,54,20,34,89,82,7,8
"2011","Daventry 004E","E01027027",903,697,302,395,8,86,28,58,95,82,13,17
"2011","Daventry 005A","E01026997",682,579,304,275,1,37,20,17,50,46,4,15
"2011","Daventry 005B","E01027018",623,545,311,234,1,13,6,7,61,54,7,3
"2011","Daventry 005C","E01027019",652,394,188,206,20,136,50,86,84,72,12,18
"2011","Daventry 005D","E01027020",535,470,279,191,3,17,7,10,44,39,5,1
"2011","Daventry 005E","E01027023",824,618,310,308,3,119,44,75,70,58,12,14
"2011","Daventry 006A","E01026987",516,406,185,221,5,66,23,43,33,30,3,6
"2011","Daventry 006B","E01026989",592,357,99,258,29,108,6,102,97,89,8,1
"2011","Daventry 006C","E01026990",1069,660,179,481,60,135,11,124,208,202,6,6
"2011","Daventry 006D","E01027012",726,487,232,255,2,166,48,118,65,61,4,6
"2011","Daventry 006E","E01027014",799,627,156,471,13,46,1,45,109,106,3,4
"2011","Daventry 007A","E01026986",1134,616,150,466,11,286,71,215,218,203,15,3
"2011","Daventry 007B","E01026988",596,276,101,175,7,229,92,137,81,75,6,3
"2011","Daventry 007C","E01026991",759,645,428,217,2,33,4,29,72,67,5,7
"2011","Daventry 007D","E01026992",931,380,171,209,5,313,60,253,207,187,20,26
"2011","Daventry 007E","E01027010",489,424,224,200,1,38,9,29,21,20,1,5
"2011","Daventry 008A","E01027007",536,325,106,219,0,120,50,70,85,76,9,6
"2011","Daventry 008B","E01027008",888,647,254,393,16,28,10,18,191,170,21,6
"2011","Daventry 008C","E01027009",595,280,85,195,1,214,91,123,95,87,8,5
"2011","Daventry 008D","E01027013",715,215,57,158,9,414,146,268,67,57,10,10
"2011","Daventry 009A","E01027011",820,640,355,285,2,78,19,59,92,86,6,8
"2011","Daventry 009B","E01027017",670,376,196,180,3,227,63,164,52,43,9,12
"2011","Daventry 009C","E01027024",714,598,289,309,0,29,5,24,77,74,3,10
"2011","Daventry 009D","E01027025",751,423,169,254,5,197,58,139,114,105,9,12
"2011","Daventry 010A","E01026993",824,693,394,299,2,56,18,38,59,50,9,14
"2011","Daventry 010B","E01027004",773,594,297,297,6,79,25,54,84,76,8,10
"2011","Daventry 010C","E01027028",887,723,315,408,0,33,8,25,124,113,11,7
"2011","Daventry 010D","E01027029",671,394,136,258,2,186,57,129,83,76,7,6
"2011","East Northamptonshire 001A","E01027033",802,536,285,251,17,134,20,114,100,93,7,15
"2011","East Northamptonshire 001B","E01027043",805,530,298,232,2,121,33,88,126,108,18,26
"2011","East Northamptonshire 001C","E01027050",791,586,328,258,6,94,15,79,91,83,8,14
"2011","East Northamptonshire 002A","E01027031",832,591,310,281,7,80,10,70,130,114,16,24
"2011","East Northamptonshire 002B","E01027044",839,618,346,272,4,69,11,58,134,125,9,14
"2011","East Northamptonshire 002C","E01027046",513,402,197,205,1,28,3,25,76,68,8,6
"2011","East Northamptonshire 002D","E01027047",561,357,192,165,0,128,26,102,62,53,9,14
"2011","East Northamptonshire 002E","E01027048",614,350,206,144,14,102,13,89,130,91,39,18
"2011","East Northamptonshire 002F","E01027049",439,316,203,113,2,37,5,32,72,61,11,12
"2011","East Northamptonshire 003A","E01027032",779,511,274,237,3,97,12,85,144,131,13,24
"2011","East Northamptonshire 003B","E01027045",819,600,304,296,0,118,16,102,89,80,9,12
"2011","East Northamptonshire 003C","E01027075",804,641,207,434,4,45,9,36,109,101,8,5
"2011","East Northamptonshire 003D","E01027076",926,582,223,359,2,177,27,150,151,141,10,14
"2011","East Northamptonshire 003E","E01027077",736,594,187,407,1,25,3,22,114,111,3,2
"2011","East Northamptonshire 004A","E01027057",718,569,262,307,6,76,14,62,53,49,4,14
"2011","East Northamptonshire 004B","E01027074",858,697,319,378,1,96,17,79,58,51,7,6
"2011","East Northamptonshire 004C","E01027078",888,642,322,320,10,140,23,117,85,69,16,11
"2011","East Northamptonshire 005A","E01027051",750,442,173,269,5,165,26,139,134,122,12,4
"2011","East Northamptonshire 005B","E01027052",576,480,182,298,1,31,7,24,56,51,5,8
"2011","East Northamptonshire 005C","E01027053",624,531,241,290,1,21,4,17,64,57,7,7
"2011","East Northamptonshire 005D","E01027054",515,466,244,222,1,9,2,7,37,36,1,2
"2011","East Northamptonshire 005E","E01027055",465,403,165,238,0,19,3,16,42,36,6,1
"2011","East Northamptonshire 005F","E01027056",625,354,163,191,0,209,52,157,56,50,6,6
"2011","East Northamptonshire 006A","E01027038",675,386,179,207,5,195,5,190,83,75,8,6
"2011","East Northamptonshire 006B","E01027039",737,512,182,330,1,113,14,99,104,91,13,7
"2011","East Northamptonshire 006C","E01027040",707,582,223,359,5,41,4,37,76,71,5,3
"2011","East Northamptonshire 006D","E01027041",728,314,130,184,0,280,54,226,114,112,2,20
"2011","East Northamptonshire 006E","E01027042",721,615,168,447,3,30,7,23,71,66,5,2
"2011","East Northamptonshire 007A","E01027034",739,438,199,239,1,198,26,172,84,75,9,18
"2011","East Northamptonshire 007B","E01027035",588,328,147,181,2,174,38,136,76,65,11,8
"2011","East Northamptonshire 007D","E01027037",836,740,276,464,0,12,1,11,82,74,8,2
"2011","East Northamptonshire 007E","E01033244",925,807,275,532,1,8,0,8,104,97,7,5
"2011","East Northamptonshire 007F","E01033245",423,329,131,198,2,18,6,12,71,68,3,3
"2011","East Northamptonshire 008A","E01027061",757,507,188,319,1,177,36,141,67,55,12,5
"2011","East Northamptonshire 008B","E01027062",929,616,232,384,9,173,25,148,124,110,14,7
"2011","East Northamptonshire 008C","E01027063",730,628,276,352,3,20,2,18,71,58,13,8
"2011","East Northamptonshire 008D","E01027064",641,581,295,286,6,8,5,3,43,41,2,3
"2011","East Northamptonshire 008E","E01027072",608,277,118,159,0,287,62,225,32,25,7,12
"2011","East Northamptonshire 008F","E01027073",889,669,308,361,0,112,15,97,102,93,9,6
"2011","East Northamptonshire 009A","E01027058",622,323,173,150,2,253,62,191,36,35,1,8
"2011","East Northamptonshire 009B","E01027059",750,524,214,310,2,70,13,57,147,138,9,7
"2011","East Northamptonshire 009C","E01027060",845,484,209,275,19,139,27,112,195,181,14,8
"2011","East Northamptonshire 009D","E01027065",847,478,183,295,6,134,13,121,216,202,14,13
"2011","East Northamptonshire 009E","E01027069",805,450,178,272,3,221,33,188,123,109,14,8
"2011","East Northamptonshire 010A","E01027066",808,742,305,437,2,2,0,2,58,53,5,4
"2011","East Northamptonshire 010B","E01027067",675,620,387,233,3,0,0,0,46,42,4,6
"2011","East Northamptonshire 010C","E01027068",1118,958,308,650,9,9,2,7,136,127,9,6
"2011","East Northamptonshire 010D","E01027070",682,606,282,324,1,17,2,15,55,49,6,3
"2011","East Northamptonshire 010E","E01027071",598,525,222,303,1,25,2,23,42,39,3,5
"2011","Kettering 001A","E01027090",615,383,205,178,1,38,33,5,149,140,9,44
"2011","Kettering 001B","E01027103",682,509,257,252,0,72,56,16,86,79,7,15
"2011","Kettering 001C","E01027129",949,760,432,328,3,86,74,12,86,78,8,14
"2011","Kettering 002B","E01027094",649,542,280,262,1,60,56,4,38,35,3,8
"2011","Kettering 002C","E01027095",576,424,163,261,6,87,52,35,52,45,7,7
"2011","Kettering 002D","E01027107",565,427,207,220,9,39,28,11,83,79,4,7
"2011","Kettering 002E","E01027108",526,494,283,211,0,2,1,1,26,23,3,4
"2011","Kettering 002F","E01027109",505,392,174,218,0,67,47,20,44,39,5,2
"2011","Kettering 002G","E01032969",490,338,46,292,30,46,10,36,70,60,10,6
"2011","Kettering 002H","E01032970",571,413,132,281,9,82,57,25,63,56,7,4
"2011","Kettering 002I","E01032971",508,313,111,202,14,42,16,26,126,120,6,13
"2011","Kettering 003A","E01027123",662,531,286,245,1,78,77,1,42,36,6,10
"2011","Kettering 003B","E01027124",1003,567,243,324,0,242,133,109,184,169,15,10
"2011","Kettering 003C","E01027125",709,644,299,345,1,13,4,9,45,41,4,6
"2011","Kettering 003D","E01027126",992,604,278,326,7,145,94,51,218,202,16,18
"2011","Kettering 004A","E01027079",739,551,206,345,7,41,19,22,128,112,16,12
"2011","Kettering 004B","E01027080",752,671,311,360,0,13,2,11,65,57,8,3
"2011","Kettering 004C","E01027087",495,386,141,245,1,24,21,3,80,76,4,4
"2011","Kettering 004D","E01027088",482,411,163,248,1,3,1,2,65,61,4,2
"2011","Kettering 004E","E01027089",809,681,280,401,6,34,2,32,79,67,12,9
"2011","Kettering 005A","E01027081",613,340,106,234,0,181,171,10,79,70,9,13
"2011","Kettering 005B","E01027082",703,377,121,256,13,146,90,56,161,148,13,6
"2011","Kettering 005C","E01027083",648,236,89,147,0,322,306,16,75,64,11,15
"2011","Kettering 005D","E01027127",780,291,115,176,0,420,324,96,47,42,5,22
"2011","Kettering 005E","E01027128",676,376,161,215,1,229,209,20,62,52,10,8
"2011","Kettering 006A","E01027105",918,445,148,297,6,38,5,33,416,395,21,13
"2011","Kettering 006B","E01027106",876,434,156,278,1,100,23,77,336,316,20,5
"2011","Kettering 006C","E01027111",916,514,171,343,24,46,19,27,326,299,27,6
"2011","Kettering 006D","E01027112",935,559,198,361,5,63,48,15,298,278,20,10
"2011","Kettering 007A","E01027104",1096,551,198,353,13,248,191,57,271,251,20,13
"2011","Kettering 007B","E01027110",1110,299,142,157,19,497,264,233,253,228,25,42
"2011","Kettering 007C","E01027113",963,597,294,303,2,119,60,59,205,194,11,40
"2011","Kettering 007D","E01027115",485,446,271,175,2,3,2,1,32,28,4,2
"2011","Kettering 007E","E01027116",817,579,163,416,5,24,8,16,201,195,6,8
"2011","Kettering 007F","E01027117",610,409,242,167,26,41,7,34,132,121,11,2
"2011","Kettering 008A","E01027096",453,397,188,209,2,8,3,5,41,32,9,5
"2011","Kettering 008B","E01027097",592,513,273,240,3,4,0,4,70,66,4,2
"2011","Kettering 008C","E01027098",482,394,166,228,3,26,0,26,54,51,3,5
"2011","Kettering 008D","E01027099",670,606,360,246,4,1,1,0,52,45,7,7
"2011","Kettering 008E","E01027122",503,453,247,206,1,4,2,2,41,35,6,4
"2011","Kettering 009A","E01027100",683,520,270,250,10,73,52,21,74,67,7,6
"2011","Kettering 009B","E01027114",680,526,220,306,1,59,47,12,86,77,9,8
"2011","Kettering 009C","E01027130",788,579,276,303,5,124,59,65,73,63,10,7
"2011","Kettering 009D","E01027131",994,377,109,268,9,461,322,139,128,120,8,19
"2011","Kettering 010A","E01027084",642,587,327,260,2,1,1,0,43,38,5,9
"2011","Kettering 010B","E01027085",517,427,219,208,0,53,48,5,33,30,3,4
"2011","Kettering 010C","E01027086",684,610,311,299,7,12,2,10,50,45,5,5
"2011","Kettering 010D","E01027120",521,436,151,285,0,7,4,3,76,71,5,2
"2011","Kettering 010E","E01027121",533,513,254,259,0,2,2,0,16,12,4,2
"2011","Kettering 011A","E01027091",762,479,206,273,9,200,116,84,65,59,6,9
"2011","Kettering 011B","E01027092",619,523,247,276,0,34,25,9,50,46,4,12
"2011","Kettering 011C","E01027101",1017,729,251,478,10,103,77,26,157,138,19,18
"2011","Kettering 011D","E01027102",679,547,239,308,4,69,48,21,55,50,5,4
"2011","Kettering 011F","E01027119",748,501,240,261,2,132,125,7,92,81,11,21
"2011","Kettering 011G","E01032972",578,488,215,273,4,39,35,4,44,37,7,3
"2011","Kettering 011H","E01032973",596,439,61,378,51,39,5,34,65,60,5,2
"2011","Kettering 011I","E01032974",535,424,168,256,1,45,22,23,60,54,6,5
"2011","Northampton 001A","E01027145",567,444,237,207,0,55,52,3,64,60,4,4
"2011","Northampton 001B","E01027148",572,523,230,293,1,6,5,1,40,34,6,2
"2011","Northampton 001C","E01027149",612,495,252,243,0,55,51,4,57,50,7,5
"2011","Northampton 001D","E01027232",622,421,196,225,1,73,70,3,117,102,15,10
"2011","Northampton 002A","E01027218",701,652,372,280,3,1,0,1,40,31,9,5
"2011","Northampton 002B","E01027219",798,721,437,284,2,9,4,5,60,43,17,6
"2011","Northampton 002C","E01027221",748,623,303,320,13,19,1,18,86,76,10,7
"2011","Northampton 002D","E01027222",497,458,196,262,0,9,4,5,28,25,3,2
"2011","Northampton 003A","E01027143",530,437,220,217,1,59,3,56,32,27,5,1
"2011","Northampton 003B","E01027144",635,599,338,261,1,2,0,2,30,27,3,3
"2011","Northampton 003C","E01027146",635,566,289,277,3,6,4,2,50,43,7,10
"2011","Northampton 003D","E01027147",809,455,219,236,4,213,191,22,107,91,16,30
"2011","Northampton 004A","E01027195",607,267,90,177,1,206,118,88,126,120,6,7
"2011","Northampton 004B","E01027245",667,424,122,302,11,113,104,9,112,103,9,7
"2011","Northampton 004C","E01027247",619,452,116,336,10,64,58,6,85,76,9,8
"2011","Northampton 004D","E01027248",586,285,77,208,1,216,196,20,74,63,11,10
"2011","Northampton 004E","E01027249",683,318,106,212,1,249,235,14,103,96,7,12
"2011","Northampton 005A","E01027174",515,459,200,259,9,14,10,4,31,28,3,2
"2011","Northampton 005B","E01027175",599,377,93,284,8,119,115,4,93,89,4,2
"2011","Northampton 005C","E01027178",781,327,71,256,71,298,217,81,79,68,11,6
"2011","Northampton 005D","E01027200",577,294,71,223,14,170,147,23,96,81,15,3
"2011","Northampton 005E","E01027246",756,356,81,275,16,282,261,21,97,87,10,5
"2011","Northampton 006A","E01027171",683,428,182,246,2,186,178,8,57,49,8,10
"2011","Northampton 006B","E01027172",658,557,293,264,14,28,24,4,49,48,1,10
"2011","Northampton 006C","E01027182",606,521,280,241,2,13,3,10,68,60,8,2
"2011","Northampton 006D","E01027183",613,562,335,227,3,4,4,0,37,34,3,7
"2011","Northampton 007A","E01027196",527,341,151,190,1,90,88,2,92,79,13,3
"2011","Northampton 007B","E01027197",605,332,115,217,6,210,163,47,50,43,7,7
"2011","Northampton 007C","E01027198",650,255,80,175,1,286,255,31,100,92,8,8
"2011","Northampton 007D","E01027199",504,161,38,123,0,283,261,22,53,46,7,7
"2011","Northampton 008A","E01027190",778,571,321,250,4,88,11,77,109,102,7,6
"2011","Northampton 008B","E01027191",761,423,139,284,32,122,21,101,176,164,12,8
"2011","Northampton 008C","E01027193",619,550,266,284,1,4,2,2,62,62,0,2
"2011","Northampton 008D","E01027194",626,574,356,218,2,2,1,1,43,37,6,5
"2011","Northampton 009A","E01027192",538,325,109,216,1,8,6,2,200,190,10,4
"2011","Northampton 009B","E01027229",613,282,83,199,5,210,197,13,102,92,10,14
"2011","Northampton 009C","E01027230",618,265,91,174,0,207,176,31,136,126,10,10
"2011","Northampton 009D","E01027231",800,282,95,187,2,410,394,16,87,80,7,19
"2011","Northampton 010A","E01027179",770,587,245,342,7,105,94,11,61,54,7,10
"2011","Northampton 010B","E01027180",707,447,227,220,0,194,160,34,45,29,16,21
"2011","Northampton 010C","E01027181",770,658,407,251,0,56,7,49,54,42,12,2
"2011","Northampton 011A","E01027140",461,219,86,133,1,177,168,9,56,52,4,8
"2011","Northampton 011B","E01027142",601,379,131,248,10,139,96,43,59,52,7,14
"2011","Northampton 011C","E01027176",602,430,135,295,8,102,102,0,55,51,4,7
"2011","Northampton 011D","E01027177",630,240,69,171,7,288,281,7,80,73,7,15
"2011","Northampton 012A","E01027168",728,222,74,148,2,387,333,54,101,86,15,16
"2011","Northampton 012B","E01027169",585,457,185,272,2,38,33,5,81,77,4,7
"2011","Northampton 012C","E01027170",621,316,84,232,1,230,224,6,67,59,8,7
"2011","Northampton 012D","E01027173",600,356,124,232,1,157,138,19,78,71,7,8
"2011","Northampton 013A","E01027136",776,480,180,300,1,44,21,23,238,221,17,13
"2011","Northampton 013B","E01027186",668,543,228,315,0,8,6,2,111,102,9,6
"2011","Northampton 013C","E01027188",732,454,146,308,2,171,165,6,95,89,6,10
"2011","Northampton 013D","E01027220",596,530,322,208,0,30,27,3,32,29,3,4
"2011","Northampton 014A","E01027208",602,503,223,280,2,18,17,1,73,66,7,6
"2011","Northampton 014B","E01027209",551,413,131,282,4,5,2,3,127,120,7,2
"2011","Northampton 014C","E01027211",629,570,339,231,0,3,2,1,52,43,9,4
"2011","Northampton 014D","E01027212",566,468,134,334,1,5,4,1,87,78,9,5
"2011","Northampton 015A","E01027184",625,359,127,232,2,61,15,46,192,182,10,11
"2011","Northampton 015B","E01027185",595,282,93,189,1,176,152,24,131,123,8,5
"2011","Northampton 015C","E01027187",539,285,118,167,28,49,6,43,171,159,12,6
"2011","Northampton 015D","E01027189",734,471,203,268,1,79,56,23,177,165,12,6
"2011","Northampton 016A","E01027137",631,327,85,242,2,180,119,61,115,103,12,7
"2011","Northampton 016B","E01027138",635,520,202,318,12,27,25,2,70,61,9,6
"2011","Northampton 016C","E01027139",616,422,104,318,8,68,46,22,112,104,8,6
"2011","Northampton 016D","E01027141",540,468,185,283,1,29,8,21,34,30,4,8
"2011","Northampton 016E","E01027259",581,479,214,265,8,19,4,15,75,72,3,0
"2011","Northampton 017A","E01027239",666,251,75,176,5,322,262,60,70,64,6,18
"2011","Northampton 017B","E01027241",711,241,78,163,44,210,131,79,209,198,11,7
"2011","Northampton 017C","E01027242",595,267,81,186,4,254,235,19,52,51,1,18
"2011","Northampton 017D","E01027243",674,341,104,237,0,271,247,24,47,45,2,15
"2011","Northampton 017E","E01027244",684,144,44,100,7,483,434,49,39,38,1,11
"2011","Northampton 018A","E01027213",642,424,168,256,3,122,108,14,83,74,9,10
"2011","Northampton 018B","E01027214",746,412,207,205,3,235,227,8,79,72,7,17
"2011","Northampton 018C","E01027216",776,652,358,294,1,27,21,6,92,82,10,4
"2011","Northampton 018D","E01027240",512,264,101,163,11,200,97,103,33,31,2,4
"2011","Northampton 019A","E01027207",605,570,323,247,1,2,1,1,32,30,2,0
"2011","Northampton 019B","E01027210",451,380,178,202,3,46,42,4,17,12,5,5
"2011","Northampton 019C","E01027215",601,483,220,263,1,63,59,4,50,40,10,4
"2011","Northampton 019D","E01027217",941,798,449,349,5,45,12,33,84,71,13,9
"2011","Northampton 020A","E01027255",540,497,262,235,2,2,2,0,35,31,4,4
"2011","Northampton 020B","E01027256",630,563,333,230,8,7,3,4,46,40,6,6
"2011","Northampton 020C","E01027258",497,454,163,291,0,2,1,1,40,38,2,1
"2011","Northampton 020D","E01027260",584,525,301,224,0,22,19,3,32,30,2,5
"2011","Northampton 021B","E01027152",742,305,97,208,5,176,106,70,244,237,7,12
"2011","Northampton 021C","E01027153",994,179,53,126,33,435,325,110,314,293,21,33
"2011","Northampton 021D","E01027154",778,320,110,210,4,104,60,44,339,309,30,11
"2011","Northampton 021E","E01032978",799,63,17,46,59,471,333,138,188,182,6,18
"2011","Northampton 021F","E01032979",743,60,17,43,11,499,333,166,161,153,8,12
"2011","Northampton 022A","E01027132",937,397,120,277,13,95,12,83,426,408,18,6
"2011","Northampton 022B","E01027133",759,480,180,300,10,29,4,25,235,219,16,5
"2011","Northampton 022C","E01027134",690,409,141,268,4,36,6,30,238,225,13,3
"2011","Northampton 022D","E01027135",716,520,214,306,0,36,29,7,148,140,8,12
"2011","Northampton 023A","E01027155",980,311,109,202,30,114,28,86,514,494,20,11
"2011","Northampton 023B","E01027225",724,260,77,183,7,65,14,51,385,372,13,7
"2011","Northampton 023C","E01027227",659,301,94,207,6,57,5,52,289,266,23,6
"2011","Northampton 023D","E01027228",929,335,105,230,5,149,111,38,434,415,19,6
"2011","Northampton 024A","E01027151",728,343,121,222,6,137,125,12,224,213,11,18
"2011","Northampton 024B","E01027236",679,544,301,243,1,42,22,20,83,77,6,9
"2011","Northampton 024C","E01027237",882,575,229,346,3,46,23,23,249,226,23,9
"2011","Northampton 024D","E01027238",960,402,150,252,28,217,173,44,299,286,13,14
"2011","Northampton 025A","E01027223",1107,279,105,174,59,268,26,242,486,464,22,15
"2011","Northampton 025B","E01027224",904,304,126,178,13,262,228,34,307,292,15,18
"2011","Northampton 025C","E01027226",853,305,125,180,7,204,139,65,324,308,16,13
"2011","Northampton 025D","E01027257",477,416,240,176,0,23,18,5,29,26,3,9
"2011","Northampton 026A","E01027233",483,239,39,200,8,158,148,10,75,66,9,3
"2011","Northampton 026B","E01027234",588,457,143,314,9,48,40,8,67,55,12,7
"2011","Northampton 026C","E01027235",629,216,52,164,4,332,255,77,68,65,3,9
"2011","Northampton 026D","E01027252",640,392,103,289,15,125,121,4,98,92,6,10
"2011","Northampton 027A","E01027156",504,257,91,166,5,176,169,7,56,51,5,10
"2011","Northampton 027B","E01027159",511,423,190,233,2,25,24,1,52,44,8,9
"2011","Northampton 027C","E01027160",705,536,145,391,8,20,15,5,134,127,7,7
"2011","Northampton 027D","E01027161",669,264,80,184,11,341,247,94,38,33,5,15
"2011","Northampton 028B","E01027158",646,426,151,275,5,41,10,31,160,147,13,14
"2011","Northampton 028C","E01027201",880,668,274,394,23,56,30,26,126,114,12,7
"2011","Northampton 028D","E01027202",674,495,252,243,1,109,108,1,55,47,8,14
"2011","Northampton 028E","E01032980",732,181,37,144,18,103,9,94,427,417,10,3
"2011","Northampton 028F","E01032981",669,345,106,239,1,44,11,33,275,251,24,4
"2011","Northampton 029A","E01027250",595,499,209,290,1,10,4,6,77,74,3,8
"2011","Northampton 029C","E01027253",730,589,235,354,49,33,1,32,57,52,5,2
"2011","Northampton 029D","E01027254",652,580,213,367,8,4,2,2,53,49,4,7
"2011","Northampton 029E","E01032975",651,513,96,417,6,13,5,8,119,111,8,0
"2011","Northampton 029F","E01032976",651,308,111,197,105,129,11,118,104,98,6,5
"2011","Northampton 029G","E01032977",707,344,45,299,82,114,7,107,165,156,9,2
"2011","Northampton 030A","E01027162",689,450,126,324,1,65,57,8,166,154,12,7
"2011","Northampton 030B","E01027163",566,498,220,278,2,5,5,0,57,53,4,4
"2011","Northampton 030C","E01027164",622,415,77,338,0,6,5,1,198,186,12,3
"2011","Northampton 030D","E01027165",491,427,108,319,0,3,1,2,61,59,2,0
"2011","Northampton 030E","E01027166",625,476,109,367,1,5,2,3,139,130,9,4
"2011","Northampton 030F","E01027167",572,486,187,299,3,5,3,2,76,72,4,2
"2011","Northampton 031A","E01027203",557,469,84,385,1,5,2,3,81,78,3,1
"2011","Northampton 031B","E01027204",642,486,162,324,3,90,39,51,55,54,1,8
"2011","Northampton 031C","E01027205",723,631,111,520,1,6,5,1,83,80,3,2
"2011","Northampton 031D","E01027206",1027,911,324,587,0,30,21,9,82,73,9,4
"2011","South Northamptonshire 001A","E01027282",653,480,224,256,3,128,36,92,36,31,5,6
"2011","South Northamptonshire 001B","E01027283",611,493,246,247,1,32,7,25,76,66,10,9
"2011","South Northamptonshire 001C","E01027285",689,537,285,252,2,84,30,54,59,51,8,7
"2011","South Northamptonshire 001D","E01027286",654,529,293,236,3,56,19,37,49,39,10,17
"2011","South Northamptonshire 001E","E01027287",679,565,345,220,6,68,18,50,30,26,4,10
"2011","South Northamptonshire 002A","E01027273",763,518,269,249,2,143,45,98,85,83,2,15
"2011","South Northamptonshire 002B","E01027274",623,542,255,287,3,18,3,15,53,48,5,7
"2011","South Northamptonshire 002C","E01027275",600,501,284,217,7,45,14,31,42,41,1,5
"2011","South Northamptonshire 002D","E01027308",687,433,224,209,1,73,18,55,161,150,11,19
"2011","South Northamptonshire 003A","E01027263",796,599,349,250,9,103,36,67,80,72,8,5
"2011","South Northamptonshire 003C","E01027279",743,541,291,250,1,149,36,113,38,34,4,14
"2011","South Northamptonshire 003D","E01027284",756,625,290,335,2,50,13,37,67,57,10,12
"2011","South Northamptonshire 003E","E01027294",744,610,239,371,9,65,17,48,51,46,5,9
"2011","South Northamptonshire 003F","E01032982",500,336,80,256,15,28,1,27,116,109,7,5
"2011","South Northamptonshire 003G","E01032983",523,415,51,364,1,16,2,14,90,82,8,1
"2011","South Northamptonshire 003H","E01032984",539,429,47,382,21,7,2,5,82,77,5,0
"2011","South Northamptonshire 003I","E01032985",611,470,243,227,0,59,21,38,69,61,8,13
"2011","South Northamptonshire 004A","E01027262",675,526,277,249,2,53,19,34,79,67,12,15
"2011","South Northamptonshire 004B","E01027277",760,612,288,324,4,53,19,34,82,73,9,9
"2011","South Northamptonshire 004C","E01027289",714,536,303,233,5,106,31,75,55,52,3,12
"2011","South Northamptonshire 004D","E01027300",523,459,169,290,3,22,4,18,36,32,4,3
"2011","South Northamptonshire 004E","E01027303",639,493,206,287,5,20,5,15,115,105,10,6
"2011","South Northamptonshire 005A","E01027297",695,531,273,258,2,78,19,59,76,70,6,8
"2011","South Northamptonshire 005B","E01027298",516,465,204,261,4,4,0,4,36,29,7,7
"2011","South Northamptonshire 005C","E01027299",616,401,172,229,12,140,55,85,54,51,3,9
"2011","South Northamptonshire 005D","E01027301",909,598,203,395,62,77,15,62,167,158,9,5
"2011","South Northamptonshire 005E","E01027302",672,294,130,164,49,247,59,188,76,68,8,6
"2011","South Northamptonshire 006A","E01027291",590,533,299,234,1,11,2,9,43,32,11,2
"2011","South Northamptonshire 006B","E01027292",466,284,122,162,0,143,42,101,28,24,4,11
"2011","South Northamptonshire 006C","E01027293",483,426,198,228,0,4,1,3,47,42,5,6
"2011","South Northamptonshire 006D","E01027304",729,594,311,283,1,42,9,33,80,72,8,12
"2011","South Northamptonshire 006E","E01027305",769,552,284,268,1,76,11,65,101,84,17,39
"2011","South Northamptonshire 007A","E01027261",776,606,288,318,1,69,18,51,80,69,11,20
"2011","South Northamptonshire 007B","E01027295",858,657,282,375,7,95,29,66,89,80,9,10
"2011","South Northamptonshire 007C","E01027306",722,547,285,262,0,61,18,43,98,85,13,16
"2011","South Northamptonshire 008A","E01027276",1040,831,372,459,15,63,14,49,121,108,13,10
"2011","South Northamptonshire 008B","E01027280",897,773,281,492,10,23,2,21,80,75,5,11
"2011","South Northamptonshire 008C","E01027281",684,482,210,272,23,129,39,90,47,45,2,3
"2011","South Northamptonshire 008D","E01027307",832,653,342,311,10,74,17,57,81,71,10,14
"2011","South Northamptonshire 009A","E01027265",669,573,289,284,5,18,0,18,66,60,6,7
"2011","South Northamptonshire 009B","E01027266",482,456,208,248,0,0,0,0,23,20,3,3
"2011","South Northamptonshire 009C","E01027270",581,522,126,396,1,2,0,2,54,49,5,2
"2011","South Northamptonshire 009D","E01027271",628,480,123,357,6,29,4,25,111,100,11,2
"2011","South Northamptonshire 009E","E01027272",591,521,166,355,1,10,1,9,56,53,3,3
"2011","South Northamptonshire 010A","E01027264",648,456,218,238,8,65,9,56,109,101,8,10
"2011","South Northamptonshire 010B","E01027267",509,325,121,204,4,94,16,78,78,61,17,8
"2011","South Northamptonshire 010C","E01027268",517,415,135,280,1,19,7,12,80,71,9,2
"2011","South Northamptonshire 010D","E01027269",689,352,145,207,10,224,30,194,93,85,8,10
"2011","South Northamptonshire 011A","E01027288",904,609,309,300,2,180,58,122,83,77,6,30
"2011","South Northamptonshire 011B","E01027290",918,688,365,323,2,59,11,48,129,104,25,40
"2011","South Northamptonshire 011C","E01027296",845,612,310,302,14,91,19,72,103,93,10,25
"2011","Wellingborough 001A","E01027326",710,533,299,234,19,66,15,51,79,75,4,13
"2011","Wellingborough 001B","E01027327",695,380,134,246,3,202,51,151,102,93,9,8
"2011","Wellingborough 001C","E01027328",582,384,198,186,9,116,46,70,65,60,5,8
"2011","Wellingborough 001D","E01027338",994,770,400,370,4,125,32,93,72,56,16,23
"2011","Wellingborough 002A","E01027330",633,348,130,218,9,177,51,126,88,83,5,11
"2011","Wellingborough 002B","E01027331",623,316,154,162,9,206,82,124,81,72,9,11
"2011","Wellingborough 002C","E01027332",649,580,353,227,1,7,2,5,50,45,5,11
"2011","Wellingborough 002D","E01027333",840,702,249,453,2,15,4,11,116,111,5,5
"2011","Wellingborough 002E","E01027334",531,131,27,104,1,347,148,199,47,41,6,5
"2011","Wellingborough 003A","E01027343",621,542,245,297,1,2,0,2,73,67,6,3
"2011","Wellingborough 003B","E01027344",628,519,276,243,2,37,0,37,66,61,5,4
"2011","Wellingborough 003C","E01027345",489,460,179,281,2,4,3,1,18,13,5,5
"2011","Wellingborough 003D","E01027346",577,498,112,386,4,8,1,7,66,59,7,1
"2011","Wellingborough 003E","E01027347",744,675,286,389,1,8,1,7,57,49,8,3
"2011","Wellingborough 004A","E01027313",639,386,209,177,5,29,5,24,211,194,17,8
"2011","Wellingborough 004B","E01027314",897,400,174,226,2,129,29,100,342,321,21,24
"2011","Wellingborough 004C","E01027315",1062,475,169,306,43,131,5,126,407,383,24,6
"2011","Wellingborough 004D","E01027316",650,376,164,212,20,97,8,89,149,139,10,8
"2011","Wellingborough 005A","E01027339",555,218,83,135,6,290,55,235,32,29,3,9
"2011","Wellingborough 005B","E01027340",658,420,220,200,4,186,82,104,42,37,5,6
"2011","Wellingborough 005C","E01027341",593,324,106,218,0,178,89,89,82,68,14,9
"2011","Wellingborough 005D","E01027342",652,266,63,203,41,262,16,246,75,71,4,8
"2011","Wellingborough 006A","E01027349",860,261,99,162,16,278,70,208,293,278,15,12
"2011","Wellingborough 006B","E01027350",672,449,236,213,4,104,38,66,103,99,4,12
"2011","Wellingborough 006C","E01027351",794,343,176,167,11,341,134,207,81,72,9,18
"2011","Wellingborough 006D","E01027352",638,357,148,209,9,109,17,92,155,136,19,8
"2011","Wellingborough 007A","E01027309",651,581,321,260,2,18,7,11,42,35,7,8
"2011","Wellingborough 007B","E01027310",607,210,54,156,1,312,133,179,73,66,7,11
"2011","Wellingborough 007C","E01027311",483,393,166,227,13,30,13,17,44,40,4,3
"2011","Wellingborough 007D","E01027312",627,381,183,198,1,179,72,107,54,44,10,12
"2011","Wellingborough 008A","E01027317",644,385,174,211,1,205,60,145,52,50,2,1
"2011","Wellingborough 008B","E01027318",591,201,47,154,2,338,122,216,39,31,8,11
"2011","Wellingborough 008C","E01027319",605,375,113,262,8,150,37,113,66,59,7,6
"2011","Wellingborough 008D","E01027320",744,480,158,322,11,158,53,105,86,78,8,9
"2011","Wellingborough 008E","E01027321",580,479,120,359,5,45,21,24,46,44,2,5
"2011","Wellingborough 009A","E01027322",511,388,148,240,3,44,11,33,70,63,7,6
"2011","Wellingborough 009B","E01027323",610,415,193,222,3,118,39,79,67,64,3,7
"2011","Wellingborough 009C","E01027324",503,465,264,201,0,13,7,6,24,20,4,1
"2011","Wellingborough 009D","E01027325",673,516,240,276,1,57,10,47,96,84,12,3
"2011","Wellingborough 009E","E01027329",791,669,422,247,8,52,17,35,53,45,8,9
"2011","Wellingborough 009F","E01027353",772,614,364,250,0,59,15,44,86,81,5,13
"2011","Wellingborough 010A","E01027335",632,558,330,228,1,33,15,18,36,33,3,4
"2011","Wellingborough 010B","E01027336",652,413,195,218,13,142,40,102,67,57,10,17
"2011","Wellingborough 010C","E01027337",793,659,296,363,2,29,7,22,88,75,13,15
"2011","Wellingborough 010D","E01027348",890,704,353,351,1,65,12,53,103,93,10,17
"2011","Wellingborough 010E","E01027354",1053,689,270,419,7,165,41,124,174,154,20,18
"2011","Wellingborough 010F","E01027355",659,598,284,314,4,10,4,6,42,37,5,5
"2011","Ashfield 001A","E01027979",699,581,378,203,0,17,14,3,89,82,7,12
"2011","Ashfield 001B","E01027980",649,344,151,193,1,245,215,30,53,47,6,6
"2011","Ashfield 001C","E01027981",678,560,344,216,5,42,25,17,64,55,9,7
"2011","Ashfield 001D","E01027983",642,386,181,205,1,87,46,41,164,154,10,4
"2011","Ashfield 002A","E01027970",609,494,240,254,1,9,3,6,96,86,10,9
"2011","Ashfield 002B","E01027971",602,545,320,225,0,6,3,3,46,42,4,5
"2011","Ashfield 002C","E01027982",666,490,270,220,3,97,87,10,66,60,6,10
"2011","Ashfield 002D","E01027984",636,503,245,258,5,39,37,2,72,68,4,17
"2011","Ashfield 003A","E01027966",636,234,107,127,1,352,321,31,35,34,1,14
"2011","Ashfield 003B","E01027986",624,375,198,177,0,166,143,23,81,75,6,2
"2011","Ashfield 003C","E01027987",746,388,153,235,1,224,138,86,122,107,15,11
"2011","Ashfield 003D","E01027990",789,639,254,385,0,28,21,7,115,104,11,7
"2011","Ashfield 004A","E01027967",756,388,159,229,1,76,46,30,277,255,22,14
"2011","Ashfield 004B","E01027972",874,625,250,375,10,125,97,28,102,94,8,12
"2011","Ashfield 004C","E01027977",782,486,204,282,6,156,110,46,114,105,9,20
"2011","Ashfield 004D","E01027978",805,325,128,197,13,161,40,121,299,291,8,7
"2011","Ashfield 004E","E01027985",757,488,182,306,3,95,80,15,163,150,13,8
"2011","Ashfield 005A","E01027964",617,383,169,214,1,166,154,12,60,53,7,7
"2011","Ashfield 005B","E01027965",563,244,106,138,0,217,199,18,90,81,9,12
"2011","Ashfield 005C","E01027968",573,216,120,96,0,259,211,48,85,80,5,13
"2011","Ashfield 005D","E01027974",671,214,86,128,6,365,317,48,71,67,4,15
"2011","Ashfield 005E","E01027976",790,338,174,164,11,305,280,25,116,98,18,20
"2011","Ashfield 006A","E01027969",575,421,208,213,2,60,47,13,89,76,13,3
"2011","Ashfield 006B","E01027975",708,495,202,293,9,83,53,30,109,99,10,12
"2011","Ashfield 006C","E01027988",693,568,313,255,1,12,5,7,106,97,9,6
"2011","Ashfield 006D","E01027989",736,587,389,198,13,54,38,16,75,67,8,7
"2011","Ashfield 006E","E01027991",539,351,187,164,5,130,94,36,41,36,5,12
"2011","Ashfield 006F","E01027992",846,734,230,504,22,20,5,15,66,63,3,4
"2011","Ashfield 007A","E01027949",646,537,267,270,1,14,12,2,92,87,5,2
"2011","Ashfield 007B","E01027951",648,263,146,117,0,320,306,14,55,47,8,10
"2011","Ashfield 007C","E01027953",636,517,298,219,1,66,60,6,45,40,5,7
"2011","Ashfield 007D","E01027954",664,421,166,255,1,120,11,109,117,109,8,5
"2011","Ashfield 007E","E01027973",647,598,335,263,1,10,7,3,34,30,4,4
"2011","Ashfield 008A","E01027952",808,377,137,240,4,266,216,50,144,128,16,17
"2011","Ashfield 008B","E01027955",512,341,152,189,2,36,30,6,126,119,7,7
"2011","Ashfield 008C","E01027956",686,290,123,167,1,343,267,76,40,34,6,12
"2011","Ashfield 008D","E01027958",596,310,119,191,3,216,180,36,61,54,7,6
"2011","Ashfield 009A","E01027947",692,551,266,285,4,49,6,43,80,71,9,8
"2011","Ashfield 009B","E01027948",792,643,302,341,2,19,10,9,126,117,9,2
"2011","Ashfield 009C","E01027950",918,689,350,339,4,146,122,24,66,54,12,13
"2011","Ashfield 009D","E01027957",524,415,212,203,0,57,56,1,43,40,3,9
"2011","Ashfield 009E","E01027959",527,471,152,319,1,10,8,2,43,42,1,2
"2011","Ashfield 010A","E01027995",681,592,304,288,3,20,7,13,60,56,4,6
"2011","Ashfield 010B","E01027996",859,543,242,301,3,227,209,18,75,69,6,11
"2011","Ashfield 010C","E01027997",740,626,366,260,6,27,6,21,72,64,8,9
"2011","Ashfield 010D","E01027998",836,673,390,283,5,44,40,4,110,96,14,4
"2011","Ashfield 011A","E01027960",740,529,292,237,0,133,104,29,63,57,6,15
"2011","Ashfield 011B","E01027961",792,681,390,291,1,33,29,4,68,61,7,9
"2011","Ashfield 011C","E01027962",608,515,208,307,1,34,32,2,45,39,6,13
"2011","Ashfield 011D","E01027963",645,399,182,217,2,194,185,9,44,38,6,6
"2011","Ashfield 012A","E01027945",726,556,281,275,0,43,10,33,115,98,17,12
"2011","Ashfield 012B","E01027946",621,470,242,228,3,86,80,6,56,45,11,6
"2011","Ashfield 012C","E01027993",655,579,300,279,1,5,4,1,62,56,6,8
"2011","Ashfield 012D","E01027994",640,494,297,197,6,75,53,22,58,53,5,7
"2011","Ashfield 013A","E01027929",1052,758,253,505,14,173,126,47,100,94,6,7
"2011","Ashfield 013B","E01027931",899,515,228,287,11,243,139,104,112,109,3,18
"2011","Ashfield 013C","E01027934",582,502,198,304,0,18,16,2,58,53,5,4
"2011","Ashfield 013D","E01027935",503,404,155,249,1,52,45,7,43,41,2,3
"2011","Ashfield 013E","E01027936",650,610,387,223,1,5,3,2,28,25,3,6
"2011","Ashfield 014A","E01027927",934,527,212,315,11,247,177,70,130,118,12,19
"2011","Ashfield 014B","E01027928",893,546,242,304,6,60,34,26,269,242,27,12
"2011","Ashfield 014C","E01027932",898,582,226,356,3,72,46,26,234,219,15,7
"2011","Ashfield 014D","E01027933",661,431,180,251,1,48,37,11,171,158,13,10
"2011","Ashfield 014E","E01027937",648,339,129,210,0,179,143,36,118,104,14,12
"2011","Ashfield 015A","E01027925",743,603,328,275,2,89,54,35,40,35,5,9
"2011","Ashfield 015B","E01027938",489,459,151,308,2,6,2,4,21,19,2,1
"2011","Ashfield 015C","E01027940",562,517,258,259,1,1,0,1,41,36,5,2
"2011","Ashfield 015D","E01027943",592,493,267,226,0,19,16,3,75,65,10,5
"2011","Ashfield 015E","E01027944",655,594,321,273,0,5,5,0,48,39,9,8
"2011","Ashfield 016A","E01027926",657,565,326,239,0,17,11,6,69,60,9,6
"2011","Ashfield 016B","E01027930",717,349,143,206,2,290,248,42,54,49,5,22
"2011","Ashfield 016C","E01027939",601,235,110,125,1,316,296,20,28,23,5,21
"2011","Ashfield 016D","E01027941",571,431,226,205,1,98,67,31,35,29,6,6
"2011","Ashfield 016E","E01027942",524,319,145,174,1,131,116,15,64,60,4,9
"2011","Bassetlaw 001A","E01028000",951,776,441,335,2,66,59,7,88,81,7,19
"2011","Bassetlaw 001B","E01028024",775,565,258,307,1,117,97,20,79,70,9,13
"2011","Bassetlaw 001C","E01028025",633,408,176,232,0,95,41,54,125,109,16,5
"2011","Bassetlaw 001D","E01028026",661,377,177,200,1,205,197,8,69,60,9,9
"2011","Bassetlaw 001E","E01028027",592,428,224,204,4,66,37,29,87,75,12,7
"2011","Bassetlaw 001F","E01028028",677,439,200,239,2,167,156,11,56,47,9,13
"2011","Bassetlaw 002A","E01027999",994,812,429,383,2,100,68,32,67,58,9,13
"2011","Bassetlaw 002B","E01028005",822,684,390,294,1,58,36,22,66,51,15,13
"2011","Bassetlaw 002C","E01028031",473,340,163,177,2,104,86,18,19,14,5,8
"2011","Bassetlaw 002D","E01028032",559,493,248,245,5,24,14,10,35,29,6,2
"2011","Bassetlaw 002E","E01028035",961,761,423,338,7,77,44,33,95,82,13,21
"2011","Bassetlaw 003A","E01028023",947,757,413,344,1,75,65,10,105,91,14,9
"2011","Bassetlaw 003B","E01028034",1010,771,412,359,2,144,125,19,75,66,9,18
"2011","Bassetlaw 003C","E01028036",868,662,379,283,1,55,46,9,116,95,21,34
"2011","Bassetlaw 004A","E01028001",593,223,98,125,1,326,307,19,33,30,3,10
"2011","Bassetlaw 004B","E01028002",600,505,291,214,0,38,28,10,52,42,10,5
"2011","Bassetlaw 004C","E01028003",600,466,230,236,3,85,79,6,37,33,4,9
"2011","Bassetlaw 004D","E01028004",681,603,378,225,4,16,14,2,52,44,8,6
"2011","Bassetlaw 004E","E01028029",524,292,145,147,1,131,118,13,85,76,9,15
"2011","Bassetlaw 004F","E01028030",497,391,174,217,0,50,45,5,49,44,5,7
"2011","Bassetlaw 005A","E01028013",783,542,280,262,6,116,112,4,95,89,6,24
"2011","Bassetlaw 005B","E01028014",767,325,142,183,2,376,313,63,48,43,5,16
"2011","Bassetlaw 005C","E01028015",628,509,227,282,0,47,43,4,66,59,7,6
"2011","Bassetlaw 005D","E01028016",615,478,291,187,0,65,56,9,52,44,8,20
"2011","Bassetlaw 006A","E01028046",673,551,274,277,2,22,20,2,92,83,9,6
"2011","Bassetlaw 006B","E01028047",739,633,120,513,3,15,7,8,85,82,3,3
"2011","Bassetlaw 006C","E01028048",611,538,182,356,0,28,25,3,42,36,6,3
"2011","Bassetlaw 006D","E01028049",749,471,190,281,4,203,157,46,63,55,8,8
"2011","Bassetlaw 006E","E01028050",729,584,241,343,10,27,16,11,105,100,5,3
"2011","Bassetlaw 008A","E01028008",508,244,110,134,0,196,187,9,60,58,2,8
"2011","Bassetlaw 008B","E01028009",630,578,373,205,2,6,6,0,37,37,0,7
"2011","Bassetlaw 008C","E01028010",547,502,264,238,1,9,7,2,25,22,3,10
"2011","Bassetlaw 008D","E01028011",794,326,161,165,0,275,237,38,176,163,13,17
"2011","Bassetlaw 008E","E01028012",618,421,185,236,0,76,62,14,114,103,11,7
"2011","Bassetlaw 008F","E01028022",659,439,178,261,1,87,25,62,126,114,12,6
"2011","Bassetlaw 009A","E01028055",774,327,152,175,0,250,193,57,182,176,6,15
"2011","Bassetlaw 009B","E01028056",507,318,159,159,4,101,83,18,77,71,6,7
"2011","Bassetlaw 009C","E01028058",741,603,232,371,6,50,36,14,75,65,10,7
"2011","Bassetlaw 009D","E01028059",640,572,150,422,0,4,3,1,64,62,2,0
"2011","Bassetlaw 010A","E01028017",620,315,141,174,0,229,207,22,63,52,11,13
"2011","Bassetlaw 010B","E01028018",625,514,254,260,0,46,36,10,63,52,11,2
"2011","Bassetlaw 010C","E01028019",628,359,161,198,2,206,192,14,52,41,11,9
"2011","Bassetlaw 010D","E01028020",864,412,178,234,4,91,16,75,348,330,18,9
"2011","Bassetlaw 010E","E01028021",674,524,273,251,2,73,7,66,69,61,8,6
"2011","Bassetlaw 012A","E01028057",602,298,127,171,0,48,15,33,249,232,17,7
"2011","Bassetlaw 012B","E01028065",726,203,73,130,0,403,295,108,102,95,7,18
"2011","Bassetlaw 012C","E01028066",684,266,103,163,4,296,282,14,106,97,9,12
"2011","Bassetlaw 012D","E01028068",823,370,144,226,14,193,120,73,231,212,19,15
"2011","Bassetlaw 013A","E01028060",727,631,402,229,14,7,5,2,63,59,4,12
"2011","Bassetlaw 013B","E01028061",639,540,220,320,5,10,4,6,79,75,4,5
"2011","Bassetlaw 013C","E01028062",912,482,257,225,6,67,12,55,345,320,25,12
"2011","Bassetlaw 013D","E01028067",643,399,190,209,3,171,163,8,54,50,4,16
"2011","Bassetlaw 014A","E01028040",434,263,135,128,0,64,32,32,82,71,11,25
"2011","Bassetlaw 014B","E01028041",453,181,103,78,1,46,35,11,163,154,9,62
"2011","Bassetlaw 014C","E01028043",601,492,289,203,1,34,30,4,48,42,6,26
"2011","Bassetlaw 014D","E01028063",730,645,330,315,3,14,10,4,49,43,6,19
"2011","Bassetlaw 014E","E01028064",533,335,141,194,0,123,98,25,54,39,15,21
"2011","Bassetlaw 015A","E01028006",535,403,227,176,2,57,50,7,64,57,7,9
"2011","Bassetlaw 015B","E01028007",455,395,221,174,2,30,13,17,24,23,1,4
"2011","Bassetlaw 015C","E01028033",840,680,359,321,5,51,33,18,91,61,30,13
"2011","Bassetlaw 015D","E01028037",687,523,265,258,8,28,18,10,115,106,9,13
"2011","Bassetlaw 015E","E01028038",641,401,188,213,0,181,162,19,53,48,5,6
"2011","Bassetlaw 015F","E01028039",504,420,263,157,5,31,17,14,41,37,4,7
"2011","Bassetlaw 016E","E01028042",568,462,220,242,0,51,44,7,47,43,4,8
"2011","Bassetlaw 016F","E01028044",755,294,123,171,0,382,368,14,62,55,7,17
"2011","Bassetlaw 016G","E01028045",857,510,242,268,5,248,227,21,81,68,13,13
"2011","Bassetlaw 016A","E01028051",737,516,257,259,2,137,124,13,72,62,10,10
"2011","Bassetlaw 016B","E01028052",689,624,349,275,1,16,13,3,43,41,2,5
"2011","Bassetlaw 016C","E01028053",782,420,203,217,1,281,263,18,61,54,7,19
"2011","Bassetlaw 016D","E01028054",569,524,297,227,1,13,11,2,27,23,4,4
"2011","Broxtowe 001A","E01028092",529,387,187,200,6,73,58,15,49,42,7,14
"2011","Broxtowe 001B","E01028093",454,432,266,166,2,0,0,0,19,17,2,1
"2011","Broxtowe 001C","E01028107",638,547,278,269,1,31,28,3,54,49,5,5
"2011","Broxtowe 001D","E01028108",657,571,317,254,0,23,20,3,58,51,7,5
"2011","Broxtowe 001E","E01028114",664,517,298,219,1,34,3,31,106,94,12,6
"2011","Broxtowe 002A","E01028110",625,284,100,184,2,255,192,63,70,66,4,14
"2011","Broxtowe 002B","E01028111",635,447,256,191,3,101,57,44,75,62,13,9
"2011","Broxtowe 002C","E01028112",742,395,193,202,7,185,146,39,134,119,15,21
"2011","Broxtowe 002D","E01028113",612,336,139,197,1,210,198,12,42,34,8,23
"2011","Broxtowe 003A","E01028109",749,590,332,258,1,67,63,4,80,70,10,11
"2011","Broxtowe 003B","E01028115",666,625,372,253,0,2,1,1,35,30,5,4
"2011","Broxtowe 003C","E01028116",692,561,282,279,6,43,11,32,71,65,6,11
"2011","Broxtowe 003D","E01028117",553,502,171,331,2,3,1,2,43,40,3,3
"2011","Broxtowe 003E","E01028118",766,675,459,216,1,36,32,4,41,32,9,13
"2011","Broxtowe 004A","E01028102",582,463,222,241,1,44,43,1,69,61,8,5
"2011","Broxtowe 004B","E01028103",532,293,131,162,5,176,81,95,50,49,1,8
"2011","Broxtowe 004C","E01028104",616,531,248,283,0,26,20,6,56,51,5,3
"2011","Broxtowe 004D","E01028122",739,411,155,256,6,235,231,4,70,62,8,17
"2011","Broxtowe 004E","E01028123",767,648,301,347,2,35,33,2,77,66,11,5
"2011","Broxtowe 004F","E01028124",640,556,328,228,0,31,24,7,46,42,4,7
"2011","Broxtowe 007A","E01028087",688,600,398,202,1,7,3,4,67,57,10,13
"2011","Broxtowe 007B","E01028088",634,564,351,213,0,1,1,0,66,59,7,3
"2011","Broxtowe 007C","E01028089",537,499,321,178,0,3,3,0,34,30,4,1
"2011","Broxtowe 007D","E01028090",628,418,222,196,0,139,136,3,58,54,4,13
"2011","Broxtowe 007E","E01028091",617,552,338,214,2,2,1,1,56,53,3,5
"2011","Broxtowe 008A","E01028125",695,552,298,254,1,41,38,3,94,85,9,7
"2011","Broxtowe 008B","E01028126",576,409,172,237,2,91,85,6,68,57,11,6
"2011","Broxtowe 008C","E01028127",759,379,197,182,4,291,269,22,66,57,9,19
"2011","Broxtowe 008D","E01028134",636,442,164,278,5,44,36,8,140,128,12,5
"2011","Broxtowe 009A","E01028076",592,386,225,161,1,90,41,49,111,104,7,4
"2011","Broxtowe 009B","E01028077",587,264,107,157,2,206,152,54,104,97,7,11
"2011","Broxtowe 009C","E01028078",624,350,145,205,9,123,112,11,131,123,8,11
"2011","Broxtowe 009D","E01028079",538,316,173,143,2,26,16,10,190,182,8,4
"2011","Broxtowe 009E","E01028084",744,620,319,301,1,9,6,3,106,100,6,8
"2011","Broxtowe 010A","E01028128",730,656,353,303,1,5,4,1,63,54,9,5
"2011","Broxtowe 010B","E01028129",630,458,231,227,1,126,98,28,29,25,4,16
"2011","Broxtowe 010C","E01028130",802,448,197,251,3,225,196,29,119,105,14,7
"2011","Broxtowe 010D","E01028131",621,534,265,269,0,20,18,2,62,55,7,5
"2011","Broxtowe 010E","E01028132",432,278,126,152,3,104,100,4,40,36,4,7
"2011","Broxtowe 010F","E01028133",638,406,129,277,1,37,31,6,189,173,16,5
"2011","Broxtowe 011A","E01028073",775,299,167,132,2,219,203,16,234,223,11,21
"2011","Broxtowe 011B","E01028074",711,273,144,129,1,196,148,48,230,212,18,11
"2011","Broxtowe 011C","E01028075",694,340,154,186,12,58,40,18,278,266,12,6
"2011","Broxtowe 011D","E01028085",902,469,260,209,2,112,41,71,306,292,14,13
"2011","Broxtowe 011E","E01028086",727,472,234,238,3,36,29,7,208,195,13,8
"2011","Broxtowe 012A","E01028080",773,544,203,341,8,56,24,32,161,151,10,4
"2011","Broxtowe 012B","E01028081",574,399,230,169,1,42,41,1,131,121,10,1
"2011","Broxtowe 012C","E01028082",507,442,203,239,1,4,2,2,59,55,4,1
"2011","Broxtowe 012D","E01028083",599,275,122,153,2,159,42,117,159,153,6,4
"2011","Broxtowe 013A","E01028097",615,558,322,236,0,5,5,0,49,44,5,3
"2011","Broxtowe 013B","E01028098",735,266,113,153,0,272,264,8,188,46,142,9
"2011","Broxtowe 013C","E01028099",628,523,270,253,2,34,31,3,59,48,11,10
"2011","Broxtowe 013D","E01028100",782,556,295,261,12,130,127,3,69,57,12,15
"2011","Broxtowe 013E","E01028101",596,276,116,160,1,253,247,6,52,47,5,14
"2011","Broxtowe 014A","E01028069",525,438,219,219,0,3,1,2,83,77,6,1
"2011","Broxtowe 014B","E01028070",483,449,288,161,1,2,1,1,27,23,4,4
"2011","Broxtowe 014C","E01028094",742,554,263,291,2,84,69,15,91,81,10,11
"2011","Broxtowe 014D","E01028095",616,460,242,218,2,79,77,2,69,68,1,6
"2011","Broxtowe 014E","E01028096",766,604,369,235,1,10,9,1,140,135,5,11
"2011","Broxtowe 015A","E01028135",569,535,293,242,1,1,1,0,26,25,1,6
"2011","Broxtowe 015B","E01028136",665,597,315,282,1,5,5,0,61,54,7,1
"2011","Broxtowe 015C","E01028137",984,762,228,534,0,16,3,13,198,184,14,8
"2011","Broxtowe 015D","E01028138",559,410,225,185,23,44,41,3,77,69,8,5
"2011","Broxtowe 015E","E01028139",573,493,218,275,0,10,5,5,62,59,3,8
"2011","Broxtowe 016A","E01028105",503,390,188,202,0,53,47,6,55,49,6,5
"2011","Broxtowe 016B","E01028106",672,531,296,235,1,45,18,27,93,82,11,2
"2011","Broxtowe 016C","E01028119",798,669,214,455,1,3,1,2,117,107,10,8
"2011","Broxtowe 016D","E01028120",643,608,331,277,0,0,0,0,33,26,7,2
"2011","Broxtowe 016E","E01028121",581,499,230,269,0,2,1,1,72,68,4,8
"2011","Broxtowe 016F","E01033412",1007,904,477,427,0,33,32,1,56,47,9,14
"2011","Broxtowe 016G","E01033413",950,773,356,417,2,52,49,3,113,102,11,10
"2011","Gedling 001A","E01028189",949,716,372,344,3,116,44,72,99,89,10,15
"2011","Gedling 001B","E01028198",621,575,354,221,0,5,0,5,34,28,6,7
"2011","Gedling 001C","E01028199",657,615,401,214,0,5,0,5,29,25,4,8
"2011","Gedling 001D","E01028200",692,592,322,270,2,22,5,17,50,46,4,26
"2011","Gedling 001E","E01028201",495,468,281,187,0,2,2,0,20,15,5,5
"2011","Gedling 002A","E01028150",615,533,321,212,5,19,4,15,50,41,9,8
"2011","Gedling 002B","E01028151",467,404,203,201,2,6,4,2,50,45,5,5
"2011","Gedling 002C","E01028152",625,510,282,228,1,30,20,10,68,57,11,16
"2011","Gedling 002D","E01028153",585,327,166,161,1,196,73,123,54,42,12,7
"2011","Gedling 002E","E01028154",695,521,214,307,5,75,6,69,91,80,11,3
"2011","Gedling 002F","E01028213",886,642,402,240,2,39,10,29,191,181,10,12
"2011","Gedling 004A","E01028143",633,407,222,185,10,136,72,64,71,60,11,9
"2011","Gedling 004B","E01028205",523,374,179,195,2,97,9,88,41,36,5,9
"2011","Gedling 004C","E01028206",633,543,285,258,2,26,12,14,57,54,3,5
"2011","Gedling 004D","E01028207",524,472,263,209,2,14,8,6,31,24,7,5
"2011","Gedling 004E","E01028208",485,345,181,164,2,74,39,35,57,50,7,7
"2011","Gedling 005A","E01028173",441,128,54,74,0,282,45,237,24,16,8,7
"2011","Gedling 005B","E01028174",585,356,141,215,1,157,98,59,63,56,7,8
"2011","Gedling 005C","E01028175",804,588,297,291,12,95,36,59,96,86,10,13
"2011","Gedling 005D","E01028209",616,359,173,186,3,146,82,64,99,85,14,9
"2011","Gedling 006A","E01028144",663,444,193,251,3,51,28,23,153,140,13,12
"2011","Gedling 006B","E01028165",747,421,184,237,1,165,82,83,148,139,9,12
"2011","Gedling 006C","E01028166",715,443,201,242,10,189,89,100,64,54,10,9
"2011","Gedling 006D","E01028167",832,501,232,269,16,118,38,80,193,181,12,4
"2011","Gedling 007A","E01028179",588,526,280,246,2,5,3,2,52,50,2,3
"2011","Gedling 007B","E01028180",648,538,317,221,2,34,16,18,72,67,5,2
"2011","Gedling 007C","E01028181",666,526,252,274,5,5,3,2,123,107,16,7
"2011","Gedling 007D","E01028182",653,483,200,283,1,77,10,67,89,85,4,3
"2011","Gedling 007E","E01028183",598,540,358,182,3,15,9,6,35,27,8,5
"2011","Gedling 008A","E01028148",836,747,471,276,1,4,0,4,75,62,13,9
"2011","Gedling 008B","E01028149",749,608,336,272,2,47,13,34,80,70,10,12
"2011","Gedling 008C","E01028178",927,762,453,309,9,51,18,33,96,78,18,9
"2011","Gedling 009A","E01028176",613,541,276,265,0,5,3,2,61,53,8,6
"2011","Gedling 009B","E01028177",750,600,341,259,1,9,2,7,132,116,16,8
"2011","Gedling 009C","E01028214",633,556,330,226,0,2,1,1,71,63,8,4
"2011","Gedling 009D","E01028215",510,472,231,241,0,2,1,1,36,34,2,0
"2011","Gedling 009E","E01028216",516,490,263,227,0,2,2,0,22,21,1,2
"2011","Gedling 009F","E01028217",585,426,236,190,2,3,1,2,152,151,1,2
"2011","Gedling 009G","E01028218",665,600,382,218,2,1,1,0,55,52,3,7
"2011","Gedling 010A","E01028193",672,437,226,211,16,133,59,74,82,75,7,4
"2011","Gedling 010B","E01028194",644,495,228,267,1,16,7,9,129,116,13,3
"2011","Gedling 010C","E01028195",621,519,214,305,3,7,4,3,89,83,6,3
"2011","Gedling 010D","E01028196",580,529,256,273,0,9,4,5,40,34,6,2
"2011","Gedling 010E","E01028197",608,507,281,226,1,36,4,32,55,52,3,9
"2011","Gedling 010F","E01028204",583,504,268,236,0,15,7,8,60,55,5,4
"2011","Gedling 011A","E01028172",462,390,193,197,2,39,4,35,25,21,4,6
"2011","Gedling 011B","E01028190",646,557,241,316,5,17,5,12,61,56,5,6
"2011","Gedling 011C","E01028202",649,499,283,216,3,90,30,60,48,41,7,9
"2011","Gedling 011D","E01028203",606,472,237,235,5,61,21,40,65,53,12,3
"2011","Gedling 011E","E01028212",620,388,141,247,5,162,69,93,55,49,6,10
"2011","Gedling 012A","E01028168",541,468,256,212,0,15,5,10,52,46,6,6
"2011","Gedling 012B","E01028169",604,528,305,223,0,17,7,10,52,44,8,7
"2011","Gedling 012C","E01028170",619,445,212,233,2,89,31,58,72,64,8,11
"2011","Gedling 012D","E01028171",563,412,185,227,0,54,28,26,91,83,8,6
"2011","Gedling 012E","E01028191",735,567,221,346,6,60,28,32,95,83,12,7
"2011","Gedling 012F","E01028192",638,444,167,277,1,79,16,63,109,97,12,5
"2011","Gedling 013A","E01028160",657,510,230,280,0,28,15,13,116,113,3,3
"2011","Gedling 013B","E01028161",654,473,205,268,5,36,11,25,139,132,7,1
"2011","Gedling 013C","E01028162",631,495,201,294,3,54,35,19,76,69,7,3
"2011","Gedling 013D","E01028163",639,547,308,239,0,8,3,5,77,67,10,7
"2011","Gedling 013E","E01028211",588,423,192,231,0,78,25,53,82,75,7,5
"2011","Gedling 014A","E01028155",626,417,212,205,3,87,35,52,112,102,10,7
"2011","Gedling 014B","E01028156",655,474,235,239,1,84,35,49,89,81,8,7
"2011","Gedling 014C","E01028157",493,440,222,218,3,2,0,2,44,40,4,4
"2011","Gedling 014D","E01028158",761,434,208,226,18,117,66,51,180,170,10,12
"2011","Gedling 014E","E01028159",600,367,160,207,4,108,34,74,113,102,11,8
"2011","Gedling 014F","E01028164",570,325,150,175,3,160,62,98,69,59,10,13
"2011","Gedling 014G","E01028210",688,365,162,203,13,183,65,118,114,108,6,13
"2011","Gedling 015A","E01028184",481,414,157,257,2,8,2,6,54,50,4,3
"2011","Gedling 015B","E01028185",885,530,201,329,27,113,25,88,209,192,17,6
"2011","Gedling 015C","E01028186",761,371,126,245,2,180,79,101,201,181,20,7
"2011","Gedling 015D","E01028187",676,342,78,264,2,107,38,69,223,211,12,2
"2011","Gedling 015E","E01028188",648,415,126,289,8,69,11,58,153,143,10,3
"2011","Gedling 016A","E01028142",849,692,375,317,10,53,12,41,86,77,9,8
"2011","Gedling 016B","E01028146",653,532,194,338,1,27,14,13,90,76,14,3
"2011","Gedling 016C","E01028147",474,225,57,168,0,187,170,17,59,51,8,3
"2011","Gedling 016D","E01032622",544,487,241,246,1,11,6,5,38,33,5,7
"2011","Mansfield 001A","E01028224",647,409,275,134,0,177,125,52,50,46,4,11
"2011","Mansfield 001B","E01028257",596,399,176,223,1,93,8,85,98,91,7,5
"2011","Mansfield 001C","E01028258",721,495,319,176,0,163,130,33,54,49,5,9
"2011","Mansfield 001D","E01028259",563,347,161,186,13,133,76,57,61,57,4,9
"2011","Mansfield 002A","E01028223",436,241,107,134,8,123,104,19,53,48,5,11
"2011","Mansfield 002B","E01028225",640,455,252,203,2,124,99,25,54,48,6,5
"2011","Mansfield 002C","E01028226",604,311,160,151,1,122,43,79,163,150,13,7
"2011","Mansfield 002D","E01028260",728,540,292,248,1,90,84,6,77,63,14,20
"2011","Mansfield 003A","E01028251",649,615,283,332,0,9,8,1,20,14,6,5
"2011","Mansfield 003B","E01028252",826,531,213,318,2,231,186,45,50,45,5,12
"2011","Mansfield 003C","E01028253",713,654,372,282,1,13,3,10,40,33,7,5
"2011","Mansfield 003D","E01028277",526,480,287,193,0,11,10,1,28,22,6,7
"2011","Mansfield 003E","E01028278",641,485,272,213,0,92,85,7,55,47,8,9
"2011","Mansfield 004A","E01028271",792,351,145,206,12,253,146,107,160,153,7,16
"2011","Mansfield 004B","E01028279",663,348,164,184,1,260,251,9,43,30,13,11
"2011","Mansfield 004C","E01028280",547,310,142,168,2,191,188,3,36,29,7,8
"2011","Mansfield 004D","E01028281",573,259,79,180,11,211,190,21,83,80,3,9
"2011","Mansfield 004E","E01028283",772,601,293,308,0,42,15,27,124,114,10,5
"2011","Mansfield 005A","E01028242",695,571,262,309,5,10,3,7,108,101,7,1
"2011","Mansfield 005B","E01028250",605,507,253,254,3,15,11,4,78,73,5,2
"2011","Mansfield 005C","E01028272",729,472,222,250,38,47,18,29,163,154,9,9
"2011","Mansfield 005D","E01028273",624,501,228,273,1,26,24,2,93,85,8,3
"2011","Mansfield 006A","E01028229",720,461,268,193,2,195,174,21,52,47,5,10
"2011","Mansfield 006B","E01028232",656,494,315,179,0,84,82,2,65,57,8,13
"2011","Mansfield 006E","E01028267",726,393,135,258,0,272,261,11,49,43,6,12
"2011","Mansfield 006F","E01028282",515,294,147,147,1,148,103,45,61,58,3,11
"2011","Mansfield 006G","E01033392",960,598,313,285,2,218,207,11,125,109,16,17
"2011","Mansfield 007A","E01028237",659,571,319,252,0,25,10,15,58,54,4,5
"2011","Mansfield 007B","E01028238",594,387,220,167,0,136,40,96,64,62,2,7
"2011","Mansfield 007C","E01028239",657,523,247,276,0,26,16,10,102,96,6,6
"2011","Mansfield 007D","E01028240",628,561,289,272,0,17,3,14,44,35,9,6
"2011","Mansfield 007E","E01028241",884,791,226,565,0,10,7,3,81,73,8,2
"2011","Mansfield 007F","E01028243",809,575,317,258,1,172,166,6,55,44,11,6
"2011","Mansfield 008A","E01028227",608,334,182,152,1,123,46,77,146,142,4,4
"2011","Mansfield 008B","E01028228",511,302,169,133,2,49,10,39,151,142,9,7
"2011","Mansfield 008C","E01028247",789,284,131,153,3,200,58,142,296,281,15,6
"2011","Mansfield 008D","E01028268",770,325,141,184,5,73,54,19,349,335,14,18
"2011","Mansfield 008E","E01028269",656,365,164,201,2,26,10,16,256,246,10,7
"2011","Mansfield 008F","E01028284",714,333,170,163,2,131,111,20,236,226,10,12
"2011","Mansfield 009A","E01028233",806,443,197,246,0,125,55,70,235,225,10,3
"2011","Mansfield 009B","E01028234",797,330,122,208,0,306,212,94,149,133,16,12
"2011","Mansfield 009C","E01028274",691,307,126,181,17,156,85,71,200,184,16,11
"2011","Mansfield 009D","E01028275",665,268,94,174,2,299,241,58,81,76,5,15
"2011","Mansfield 009E","E01028276",767,167,81,86,1,480,416,64,106,102,4,13
"2011","Mansfield 010A","E01028230",584,333,152,181,1,182,168,14,60,47,13,8
"2011","Mansfield 010B","E01028231",652,354,156,198,1,235,229,6,50,41,9,12
"2011","Mansfield 010C","E01028244",666,518,249,269,0,58,25,33,78,68,10,12
"2011","Mansfield 010D","E01028245",589,308,140,168,1,226,221,5,38,31,7,16
"2011","Mansfield 010E","E01028246",720,611,315,296,3,24,19,5,73,68,5,9
"2011","Mansfield 010F","E01028248",634,437,233,204,0,105,94,11,81,72,9,11
"2011","Mansfield 010G","E01028249",561,442,216,226,1,71,67,4,38,33,5,9
"2011","Mansfield 011A","E01028235",678,625,302,323,0,8,2,6,43,41,2,2
"2011","Mansfield 011B","E01028236",715,603,265,338,1,15,11,4,93,88,5,3
"2011","Mansfield 011C","E01028262",618,568,302,266,0,5,5,0,42,34,8,3
"2011","Mansfield 011D","E01028264",779,713,360,353,0,19,19,0,46,39,7,1
"2011","Mansfield 012A","E01028254",561,441,256,185,3,57,33,24,57,53,4,3
"2011","Mansfield 012B","E01028256",807,252,98,154,7,482,345,137,54,54,0,12
"2011","Mansfield 012C","E01028261",686,322,141,181,0,325,303,22,36,32,4,3
"2011","Mansfield 012D","E01028263",785,122,34,88,0,610,455,155,34,28,6,19
"2011","Mansfield 013A","E01028219",626,576,351,225,0,3,0,3,45,41,4,2
"2011","Mansfield 013B","E01028220",781,621,281,340,4,10,8,2,142,133,9,4
"2011","Mansfield 013D","E01028222",680,635,407,228,0,2,1,1,41,38,3,2
"2011","Mansfield 013E","E01028255",594,538,360,178,1,24,18,6,25,20,5,6
"2011","Mansfield 013F","E01028270",651,554,290,264,1,14,5,9,75,66,9,7
"2011","Mansfield 013G","E01033389",594,422,91,331,0,3,2,1,168,155,13,1
"2011","Mansfield 013H","E01033390",584,455,69,386,1,3,1,2,121,115,6,4
"2011","Mansfield 013I","E01033391",511,470,260,210,1,11,3,8,23,17,6,6
"2011","Newark and Sherwood 001A","E01028301",727,322,150,172,0,308,230,78,85,80,5,12
"2011","Newark and Sherwood 001B","E01028302",690,483,260,223,6,118,68,50,65,62,3,18
"2011","Newark and Sherwood 001C","E01028338",665,391,166,225,0,184,132,52,77,67,10,13
"2011","Newark and Sherwood 001D","E01028339",727,442,178,264,2,92,16,76,165,152,13,26
"2011","Newark and Sherwood 001E","E01028340",710,401,206,195,0,225,183,42,62,52,10,22
"2011","Newark and Sherwood 001F","E01028341",758,604,383,221,3,16,8,8,124,112,12,11
"2011","Newark and Sherwood 002A","E01028313",849,460,222,238,8,296,224,72,62,55,7,23
"2011","Newark and Sherwood 002B","E01028314",978,744,220,524,0,102,28,74,126,115,11,6
"2011","Newark and Sherwood 002C","E01028321",717,566,343,223,8,74,48,26,64,51,13,5
"2011","Newark and Sherwood 002D","E01028322",884,611,317,294,1,198,191,7,64,48,16,10
"2011","Newark and Sherwood 002E","E01028323",667,506,230,276,1,47,10,37,109,95,14,4
"2011","Newark and Sherwood 003A","E01028303",669,560,353,207,2,45,35,10,45,36,9,17
"2011","Newark and Sherwood 003B","E01028312",937,699,426,273,0,65,60,5,159,133,26,14
"2011","Newark and Sherwood 003C","E01028337",621,556,311,245,3,7,7,0,45,40,5,10
"2011","Newark and Sherwood 003D","E01028349",631,504,272,232,0,50,41,9,64,55,9,13
"2011","Newark and Sherwood 003E","E01028350",498,373,186,187,0,70,56,14,49,42,7,6
"2011","Newark and Sherwood 004A","E01028315",653,582,371,211,1,3,0,3,64,58,6,3
"2011","Newark and Sherwood 004B","E01028316",702,498,297,201,3,128,111,17,66,57,9,7
"2011","Newark and Sherwood 004C","E01028317",642,533,298,235,3,38,32,6,57,40,17,11
"2011","Newark and Sherwood 004D","E01028353",1159,936,483,453,0,105,77,28,101,89,12,17
"2011","Newark and Sherwood 005A","E01028295",801,682,346,336,1,35,11,24,70,55,15,13
"2011","Newark and Sherwood 005B","E01028297",815,436,211,225,1,294,183,111,70,63,7,14
"2011","Newark and Sherwood 005C","E01028327",672,481,278,203,2,103,89,14,72,62,10,14
"2011","Newark and Sherwood 005D","E01028328",738,645,385,260,3,36,21,15,45,41,4,9
"2011","Newark and Sherwood 005E","E01028329",626,524,281,243,1,33,31,2,61,53,8,7
"2011","Newark and Sherwood 006A","E01028296",554,437,230,207,1,42,17,25,69,58,11,5
"2011","Newark and Sherwood 006B","E01028298",664,540,241,299,1,44,8,36,74,67,7,5
"2011","Newark and Sherwood 006C","E01028299",525,307,107,200,1,136,43,93,72,64,8,9
"2011","Newark and Sherwood 006D","E01028300",681,396,176,220,6,193,120,73,75,63,12,11
"2011","Newark and Sherwood 006E","E01028342",622,443,146,297,1,46,5,41,125,115,10,7
"2011","Newark and Sherwood 006F","E01028343",899,584,293,291,1,219,173,46,70,59,11,25
"2011","Newark and Sherwood 006G","E01028344",610,535,231,304,1,12,7,5,59,51,8,3
"2011","Newark and Sherwood 007A","E01028294",820,435,154,281,7,141,99,42,224,212,12,13
"2011","Newark and Sherwood 007B","E01028304",648,279,114,165,3,257,203,54,92,84,8,17
"2011","Newark and Sherwood 007C","E01028305",568,356,158,198,1,45,41,4,157,149,8,9
"2011","Newark and Sherwood 007D","E01028306",688,421,190,231,13,173,133,40,69,61,8,12
"2011","Newark and Sherwood 007E","E01028307",500,363,131,232,14,32,22,10,87,83,4,4
"2011","Newark and Sherwood 007F","E01028310",888,335,160,175,5,195,70,125,342,321,21,11
"2011","Newark and Sherwood 007G","E01028311",843,308,166,142,11,243,43,200,274,262,12,7
"2011","Newark and Sherwood 008A","E01028345",999,706,443,263,8,109,103,6,156,142,14,20
"2011","Newark and Sherwood 008B","E01028346",925,754,462,292,1,60,56,4,97,88,9,13
"2011","Newark and Sherwood 008C","E01028347",638,502,286,216,1,27,8,19,99,88,11,9
"2011","Newark and Sherwood 008D","E01028348",507,318,185,133,7,104,56,48,66,50,16,12
"2011","Newark and Sherwood 009A","E01028292",902,802,339,463,1,12,8,4,81,77,4,6
"2011","Newark and Sherwood 009B","E01028293",851,589,273,316,11,34,9,25,211,198,13,6
"2011","Newark and Sherwood 009C","E01028333",614,457,236,221,1,37,19,18,111,103,8,8
"2011","Newark and Sherwood 009D","E01028334",595,306,118,188,0,221,209,12,52,45,7,16
"2011","Newark and Sherwood 009E","E01028335",865,445,255,190,1,121,102,19,284,272,12,14
"2011","Newark and Sherwood 010A","E01028308",736,583,342,241,1,57,43,14,82,73,9,13
"2011","Newark and Sherwood 010B","E01028309",632,539,317,222,6,15,11,4,65,58,7,7
"2011","Newark and Sherwood 010C","E01028318",621,347,146,201,0,226,220,6,33,22,11,15
"2011","Newark and Sherwood 010D","E01028319",848,429,192,237,6,340,277,63,59,52,7,14
"2011","Newark and Sherwood 010E","E01028320",765,286,131,155,3,410,384,26,44,35,9,22
"2011","Newark and Sherwood 011A","E01028285",527,433,175,258,1,5,4,1,83,77,6,5
"2011","Newark and Sherwood 011B","E01028286",598,407,236,171,1,139,126,13,39,34,5,12
"2011","Newark and Sherwood 011C","E01028287",640,536,304,232,0,33,28,5,62,57,5,9
"2011","Newark and Sherwood 011D","E01028288",644,541,277,264,2,19,14,5,74,65,9,8
"2011","Newark and Sherwood 011E","E01028289",642,530,256,274,3,8,6,2,96,93,3,5
"2011","Newark and Sherwood 011F","E01028290",614,441,220,221,2,108,89,19,52,47,5,11
"2011","Newark and Sherwood 011G","E01028291",638,432,156,276,15,120,110,10,66,55,11,5
"2011","Newark and Sherwood 012B","E01028325",515,418,227,191,1,33,30,3,49,47,2,14
"2011","Newark and Sherwood 012C","E01028326",583,419,203,216,0,122,120,2,36,32,4,6
"2011","Newark and Sherwood 012D","E01028336",474,363,199,164,1,37,21,16,63,57,6,10
"2011","Newark and Sherwood 012E","E01028352",468,426,225,201,6,4,4,0,29,24,5,3
"2011","Newark and Sherwood 012F","E01033393",865,606,94,512,31,20,6,14,207,201,6,1
"2011","Newark and Sherwood 012G","E01033394",561,460,238,222,11,24,10,14,59,55,4,7
"2011","Newark and Sherwood 013A","E01028330",689,612,366,246,3,18,16,2,52,42,10,4
"2011","Newark and Sherwood 013B","E01028331",598,438,237,201,10,82,76,6,63,53,10,5
"2011","Newark and Sherwood 013C","E01028332",692,624,335,289,3,30,21,9,26,24,2,9
"2011","Newark and Sherwood 013D","E01028351",481,428,256,172,1,25,25,0,22,20,2,5
"2011","Rushcliffe 001A","E01028371",820,674,368,306,5,62,20,42,70,60,10,9
"2011","Rushcliffe 001B","E01028403",944,754,438,316,5,88,19,69,85,75,10,12
"2011","Rushcliffe 001C","E01028411",851,694,330,364,1,37,7,30,105,98,7,14
"2011","Rushcliffe 002A","E01028357",631,577,342,235,0,9,3,6,45,38,7,0
"2011","Rushcliffe 002B","E01028358",628,418,230,188,2,124,45,79,76,70,6,8
"2011","Rushcliffe 002C","E01028359",667,579,229,350,12,13,5,8,62,59,3,1
"2011","Rushcliffe 002D","E01028360",766,551,187,364,18,68,6,62,123,113,10,6
"2011","Rushcliffe 002E","E01028361",604,515,213,302,1,9,1,8,75,72,3,4
"2011","Rushcliffe 002F","E01028362",593,329,156,173,7,221,59,162,33,29,4,3
"2011","Rushcliffe 003A","E01028393",502,459,290,169,2,5,1,4,32,21,11,4
"2011","Rushcliffe 003B","E01028394",693,558,334,224,4,59,16,43,64,58,6,8
"2011","Rushcliffe 003C","E01028395",571,503,225,278,4,16,6,10,41,37,4,7
"2011","Rushcliffe 003D","E01028413",754,503,271,232,2,175,40,135,70,64,6,4
"2011","Rushcliffe 003E","E01028414",692,588,379,209,5,14,3,11,81,76,5,4
"2011","Rushcliffe 003F","E01028415",628,517,267,250,2,34,10,24,68,59,9,7
"2011","Rushcliffe 004A","E01028354",598,511,247,264,4,6,3,3,76,75,1,1
"2011","Rushcliffe 004B","E01028355",658,499,218,281,3,64,19,45,88,77,11,4
"2011","Rushcliffe 004C","E01028384",667,496,179,317,1,3,2,1,164,156,8,3
"2011","Rushcliffe 004D","E01028385",674,543,232,311,1,41,9,32,85,74,11,4
"2011","Rushcliffe 004E","E01028386",632,476,208,268,1,6,0,6,143,132,11,6
"2011","Rushcliffe 005A","E01028396",641,472,188,284,1,8,0,8,156,149,7,4
"2011","Rushcliffe 005B","E01028398",690,451,218,233,0,36,5,31,199,189,10,4
"2011","Rushcliffe 005C","E01028399",498,342,148,194,0,26,0,26,130,124,6,0
"2011","Rushcliffe 005D","E01028416",691,217,85,132,9,119,21,98,337,313,24,9
"2011","Rushcliffe 005E","E01028417",622,247,85,162,0,15,0,15,356,343,13,4
"2011","Rushcliffe 005F","E01028418",679,255,104,151,1,139,1,138,277,268,9,7
"2011","Rushcliffe 006A","E01028356",606,522,289,233,3,16,1,15,57,54,3,8
"2011","Rushcliffe 006B","E01028375",794,469,163,306,49,79,8,71,193,185,8,4
"2011","Rushcliffe 006C","E01028376",670,516,267,249,1,7,2,5,141,136,5,5
"2011","Rushcliffe 006D","E01028377",735,651,233,418,9,13,2,11,60,57,3,2
"2011","Rushcliffe 006E","E01028397",696,563,276,287,8,45,12,33,76,72,4,4
"2011","Rushcliffe 007A","E01028363",510,453,176,277,0,0,0,0,54,50,4,3
"2011","Rushcliffe 007B","E01028364",676,574,251,323,0,6,2,4,92,84,8,4
"2011","Rushcliffe 007C","E01028365",681,503,222,281,3,9,3,6,156,145,11,10
"2011","Rushcliffe 007D","E01028391",826,735,435,300,2,23,8,15,58,56,2,8
"2011","Rushcliffe 007E","E01028392",934,575,302,273,7,211,41,170,134,121,13,7
"2011","Rushcliffe 008A","E01028372",557,337,190,147,2,140,46,94,72,61,11,6
"2011","Rushcliffe 008B","E01028373",562,487,323,164,0,33,9,24,36,34,2,6
"2011","Rushcliffe 008C","E01028374",580,327,184,143,13,189,44,145,46,45,1,5
"2011","Rushcliffe 008D","E01028400",584,536,273,263,1,3,0,3,43,41,2,1
"2011","Rushcliffe 008E","E01028401",481,395,179,216,0,36,17,19,46,45,1,4
"2011","Rushcliffe 009A","E01028366",515,318,98,220,12,142,41,101,40,28,12,3
"2011","Rushcliffe 009B","E01028367",549,457,227,230,2,26,12,14,55,47,8,9
"2011","Rushcliffe 009C","E01028368",632,560,265,295,1,19,5,14,45,43,2,7
"2011","Rushcliffe 009D","E01028369",592,371,137,234,9,155,65,90,57,45,12,0
"2011","Rushcliffe 009E","E01028370",640,467,230,237,3,112,48,64,56,50,6,2
"2011","Rushcliffe 010A","E01028402",772,673,388,285,4,22,6,16,63,56,7,10
"2011","Rushcliffe 010B","E01028419",1046,834,415,419,7,99,34,65,97,90,7,9
"2011","Rushcliffe 010C","E01028420",579,456,248,208,7,33,8,25,77,67,10,6
"2011","Rushcliffe 011A","E01028404",674,555,322,233,1,5,1,4,108,101,7,5
"2011","Rushcliffe 011B","E01028405",899,553,242,311,28,219,72,147,91,83,8,8
"2011","Rushcliffe 011C","E01028406",710,489,223,266,14,113,47,66,84,77,7,10
"2011","Rushcliffe 011D","E01028407",863,723,337,386,5,24,8,16,106,99,7,5
"2011","Rushcliffe 012A","E01028379",719,671,452,219,0,6,4,2,36,31,5,6
"2011","Rushcliffe 012B","E01028412",793,736,455,281,4,7,4,3,40,39,1,6
"2011","Rushcliffe 012C","E01028421",866,770,462,308,4,21,3,18,61,53,8,10
"2011","Rushcliffe 013A","E01028380",530,275,114,161,17,193,65,128,42,35,7,3
"2011","Rushcliffe 013B","E01028381",597,552,332,220,0,5,3,2,30,25,5,10
"2011","Rushcliffe 013C","E01028382",628,540,350,190,5,6,1,5,70,68,2,7
"2011","Rushcliffe 013D","E01028383",505,409,258,151,4,32,12,20,54,49,5,6
"2011","Rushcliffe 014A","E01028378",892,698,417,281,1,71,31,40,103,93,10,19
"2011","Rushcliffe 014B","E01028387",672,440,212,228,5,153,53,100,63,58,5,11
"2011","Rushcliffe 014C","E01028408",861,643,377,266,1,60,10,50,136,106,30,21
"2011","Rushcliffe 015A","E01028388",622,547,259,288,5,6,0,6,58,55,3,6
"2011","Rushcliffe 015B","E01028389",669,589,401,188,0,18,4,14,49,43,6,13
"2011","Rushcliffe 015C","E01028390",686,570,346,224,3,63,17,46,41,37,4,9
"2011","Rushcliffe 015D","E01028409",508,449,245,204,2,10,3,7,44,39,5,3
"2011","Rushcliffe 015E","E01028410",530,426,227,199,0,27,3,24,71,63,8,6
"2011","Herefordshire 001A","E01013998",612,510,344,166,7,26,0,26,53,44,9,16
"2011","Herefordshire 001B","E01014051",737,489,288,201,6,82,2,80,138,121,17,22
"2011","Herefordshire 001C","E01014052",652,447,307,140,3,14,2,12,157,143,14,31
"2011","Herefordshire 001D","E01014096",649,527,338,189,5,30,0,30,77,58,19,10
"2011","Herefordshire 002A","E01014041",721,514,336,178,5,55,5,50,137,128,9,10
"2011","Herefordshire 002B","E01014042",665,236,109,127,12,298,23,275,111,102,9,8
"2011","Herefordshire 002C","E01014043",513,432,312,120,1,15,1,14,58,51,7,7
"2011","Herefordshire 002D","E01014044",598,414,203,211,5,96,7,89,81,72,9,2
"2011","Herefordshire 003A","E01014045",683,480,263,217,15,33,3,30,149,137,12,6
"2011","Herefordshire 003B","E01014046",616,508,318,190,1,53,1,52,47,41,6,7
"2011","Herefordshire 003C","E01014047",612,332,187,145,5,186,15,171,81,76,5,8
"2011","Herefordshire 003D","E01014048",776,269,155,114,10,218,11,207,259,249,10,20
"2011","Herefordshire 004A","E01013999",614,475,348,127,3,38,1,37,81,75,6,17
"2011","Herefordshire 004B","E01014017",632,488,328,160,2,24,3,21,104,87,17,14
"2011","Herefordshire 004C","E01014024",545,408,272,136,5,34,2,32,87,80,7,11
"2011","Herefordshire 004D","E01014025",596,452,309,143,3,68,2,66,57,51,6,16
"2011","Herefordshire 004E","E01014055",672,452,284,168,8,89,6,83,100,82,18,23
"2011","Herefordshire 004F","E01014097",576,406,273,133,10,52,10,42,81,73,8,27
"2011","Herefordshire 005A","E01014000",567,445,276,169,7,33,4,29,65,55,10,17
"2011","Herefordshire 005B","E01014001",623,478,291,187,1,46,5,41,85,74,11,13
"2011","Herefordshire 005C","E01014002",616,530,380,150,1,17,2,15,57,51,6,11
"2011","Herefordshire 005D","E01014003",595,408,214,194,4,97,10,87,76,70,6,10
"2011","Herefordshire 005E","E01014004",589,441,300,141,1,49,13,36,86,72,14,12
"2011","Herefordshire 005F","E01014005",798,307,166,141,10,281,22,259,180,158,22,20
"2011","Herefordshire 005G","E01014015",656,481,266,215,5,53,4,49,104,90,14,13
"2011","Herefordshire 006A","E01014008",705,515,338,177,3,67,4,63,97,89,8,23
"2011","Herefordshire 006B","E01014009",646,492,354,138,4,70,18,52,59,48,11,21
"2011","Herefordshire 006C","E01014033",776,515,358,157,4,83,3,80,146,141,5,28
"2011","Herefordshire 006D","E01014034",683,338,201,137,15,162,15,147,157,144,13,11
"2011","Herefordshire 006E","E01014056",610,453,312,141,1,23,4,19,104,84,20,29
"2011","Herefordshire 007A","E01014006",652,496,271,225,13,60,20,40,67,58,9,16
"2011","Herefordshire 007B","E01014012",699,556,355,201,2,39,4,35,92,77,15,10
"2011","Herefordshire 007C","E01014013",670,368,160,208,26,130,25,105,139,55,84,7
"2011","Herefordshire 007D","E01014016",665,399,290,109,3,136,7,129,114,107,7,13
"2011","Herefordshire 007E","E01014100",650,495,285,210,6,48,12,36,85,74,11,16
"2011","Herefordshire 007F","E01014101",454,263,162,101,1,22,2,20,144,134,10,24
"2011","Herefordshire 008A","E01014022",791,664,329,335,3,22,6,16,92,86,6,10
"2011","Herefordshire 008B","E01014023",680,485,257,228,7,74,14,60,105,85,20,9
"2011","Herefordshire 008C","E01014081",598,464,283,181,5,45,2,43,69,60,9,15
"2011","Herefordshire 008D","E01014082",694,526,313,213,22,80,19,61,62,55,7,4
"2011","Herefordshire 009A","E01014027",532,393,249,144,0,58,11,47,64,55,9,17
"2011","Herefordshire 009B","E01014028",624,512,347,165,2,28,5,23,73,60,13,9
"2011","Herefordshire 009C","E01014029",656,436,288,148,3,123,11,112,83,69,14,11
"2011","Herefordshire 009D","E01014030",587,470,285,185,8,65,15,50,34,30,4,10
"2011","Herefordshire 010A","E01014083",710,592,364,228,13,12,3,9,88,83,5,5
"2011","Herefordshire 010B","E01014084",735,434,194,240,6,155,37,118,129,117,12,11
"2011","Herefordshire 010C","E01014085",578,346,177,169,5,136,57,79,79,74,5,12
"2011","Herefordshire 010D","E01014087",712,487,239,248,3,14,3,11,203,188,15,5
"2011","Herefordshire 010E","E01014088",696,426,197,229,12,56,11,45,197,185,12,5
"2011","Herefordshire 010F","E01014089",579,412,206,206,6,91,42,49,62,56,6,8
"2011","Herefordshire 011A","E01013987",671,538,319,219,0,57,11,46,67,56,11,9
"2011","Herefordshire 011B","E01013988",912,660,419,241,14,92,6,86,134,127,7,12
"2011","Herefordshire 011C","E01014007",668,597,317,280,2,12,4,8,51,44,7,6
"2011","Herefordshire 011D","E01014095",581,385,226,159,8,92,42,50,90,82,8,6
"2011","Herefordshire 012A","E01013986",729,298,133,165,12,285,62,223,122,114,8,12
"2011","Herefordshire 012B","E01013989",582,285,107,178,10,208,81,127,74,64,10,5
"2011","Herefordshire 012C","E01014010",849,249,152,97,7,144,19,125,419,395,24,30
"2011","Herefordshire 012D","E01014011",648,320,148,172,7,122,45,77,188,172,16,11
"2011","Herefordshire 012E","E01014086",713,246,97,149,22,234,41,193,198,182,16,13
"2011","Herefordshire 012F","E01014092",903,582,336,246,7,77,22,55,229,202,27,8
"2011","Herefordshire 013A","E01014075",693,529,303,226,9,35,4,31,110,100,10,10
"2011","Herefordshire 013B","E01014076",1030,606,254,352,5,78,10,68,320,288,32,21
"2011","Herefordshire 013C","E01014077",710,588,333,255,8,33,16,17,76,66,10,5
"2011","Herefordshire 013D","E01014078",599,396,198,198,10,118,48,70,61,47,14,14
"2011","Herefordshire 014A","E01014090",601,548,315,233,1,6,1,5,41,34,7,5
"2011","Herefordshire 014B","E01014091",634,573,376,197,1,11,1,10,39,34,5,10
"2011","Herefordshire 014C","E01014093",598,436,246,190,2,110,13,97,44,36,8,6
"2011","Herefordshire 014D","E01014094",589,506,275,231,8,25,8,17,41,36,5,9
"2011","Herefordshire 015A","E01014068",609,435,225,210,6,106,49,57,50,36,14,12
"2011","Herefordshire 015B","E01014070",897,657,280,377,21,90,26,64,116,100,16,13
"2011","Herefordshire 015C","E01014072",826,485,210,275,16,211,78,133,105,73,32,9
"2011","Herefordshire 015D","E01014073",801,285,99,186,15,324,120,204,171,58,113,6
"2011","Herefordshire 015E","E01014074",722,252,134,118,2,335,138,197,120,112,8,13
"2011","Herefordshire 016A","E01013996",680,512,216,296,11,15,7,8,135,123,12,7
"2011","Herefordshire 016B","E01013997",822,617,226,391,14,44,13,31,146,135,11,1
"2011","Herefordshire 016C","E01014079",641,454,274,180,1,102,39,63,63,54,9,21
"2011","Herefordshire 016D","E01014080",598,451,303,148,2,85,27,58,53,47,6,7
"2011","Herefordshire 017A","E01013992",594,297,99,198,13,204,53,151,79,74,5,1
"2011","Herefordshire 017B","E01013993",606,327,155,172,5,224,92,132,44,39,5,6
"2011","Herefordshire 017C","E01013994",632,268,111,157,3,308,147,161,39,33,6,14
"2011","Herefordshire 017D","E01013995",734,179,89,90,5,502,227,275,36,30,6,12
"2011","Herefordshire 017E","E01014071",610,260,119,141,5,278,132,146,56,50,6,11
"2011","Herefordshire 018A","E01013990",751,584,372,212,2,54,14,40,99,88,11,12
"2011","Herefordshire 018B","E01013991",536,364,200,164,1,77,13,64,79,76,3,15
"2011","Herefordshire 018C","E01014014",729,555,320,235,3,51,3,48,101,92,9,19
"2011","Herefordshire 018D","E01014054",585,409,262,147,7,56,4,52,90,79,11,23
"2011","Herefordshire 019A","E01014035",790,356,200,156,13,249,21,228,159,144,15,13
"2011","Herefordshire 019B","E01014036",690,481,350,131,15,27,4,23,160,153,7,7
"2011","Herefordshire 019C","E01014037",733,587,417,170,13,52,3,49,67,59,8,14
"2011","Herefordshire 019D","E01014038",624,399,240,159,13,128,14,114,76,72,4,8
"2011","Herefordshire 019E","E01014039",721,527,214,313,16,40,6,34,134,129,5,4
"2011","Herefordshire 019F","E01014040",757,530,330,200,12,93,10,83,112,103,9,10
"2011","Herefordshire 020A","E01014018",628,472,350,122,3,29,12,17,109,100,9,15
"2011","Herefordshire 020B","E01014019",671,490,307,183,4,76,14,62,76,66,10,25
"2011","Herefordshire 020C","E01014020",636,519,361,158,4,20,5,15,72,56,16,21
"2011","Herefordshire 020D","E01014021",638,450,312,138,9,73,21,52,98,90,8,8
"2011","Herefordshire 021A","E01014026",896,633,397,236,3,74,38,36,172,148,24,14
"2011","Herefordshire 021B","E01014059",780,608,369,239,7,25,11,14,116,93,23,24
"2011","Herefordshire 021C","E01014060",646,499,323,176,1,35,10,25,95,81,14,16
"2011","Herefordshire 021D","E01014069",793,499,161,338,17,125,35,90,146,131,15,6
"2011","Herefordshire 021E","E01014098",583,339,165,174,5,154,43,111,69,63,6,16
"2011","Herefordshire 021F","E01014099",735,544,335,209,1,33,9,24,137,125,12,20
"2011","Herefordshire 022A","E01014061",683,580,387,193,4,51,9,42,41,33,8,7
"2011","Herefordshire 022B","E01014062",819,483,301,182,2,90,23,67,230,217,13,14
"2011","Herefordshire 022C","E01014063",734,497,294,203,19,154,53,101,53,49,4,11
"2011","Herefordshire 022D","E01014064",779,331,154,177,19,306,111,195,112,100,12,11
"2011","Herefordshire 022E","E01014065",634,451,236,215,2,63,21,42,112,108,4,6
"2011","Herefordshire 022F","E01014066",541,315,186,129,0,93,13,80,123,109,14,10
"2011","Herefordshire 022G","E01014067",594,526,302,224,3,6,2,4,53,46,7,6
"2011","Herefordshire 023A","E01014031",631,505,279,226,2,41,13,28,71,67,4,12
"2011","Herefordshire 023B","E01014032",689,529,316,213,0,35,5,30,100,67,33,25
"2011","Herefordshire 023C","E01014049",666,497,316,181,2,28,6,22,121,109,12,18
"2011","Herefordshire 023D","E01014050",706,559,330,229,3,34,11,23,98,85,13,12
"2011","Herefordshire 023E","E01014053",719,489,298,191,0,48,17,31,150,125,25,32
"2011","Herefordshire 023F","E01014057",726,504,296,208,5,122,30,92,77,66,11,18
"2011","Herefordshire 023G","E01014058",699,616,412,204,0,8,2,6,67,54,13,8
"2011","Shropshire 025A","E01028853",641,274,99,175,7,286,243,43,59,52,7,15
"2011","Shropshire 025B","E01028854",665,500,265,235,3,71,17,54,84,82,2,7
"2011","Shropshire 025C","E01028855",656,533,301,232,4,12,9,3,99,88,11,8
"2011","Shropshire 025D","E01028856",602,370,204,166,2,107,57,50,113,101,12,10
"2011","Shropshire 025E","E01028857",752,497,248,249,4,127,117,10,109,91,18,15
"2011","Shropshire 027A","E01028826",760,496,282,214,4,145,131,14,103,88,15,12
"2011","Shropshire 027B","E01028827",598,364,186,178,4,146,127,19,78,28,50,6
"2011","Shropshire 027C","E01028844",478,140,92,48,0,40,6,34,292,70,222,6
"2011","Shropshire 027D","E01028845",881,745,502,243,1,31,26,5,94,65,29,10
"2011","Shropshire 029A","E01028838",649,323,174,149,18,223,167,56,76,67,9,9
"2011","Shropshire 029B","E01028839",555,488,282,206,1,8,3,5,54,50,4,4
"2011","Shropshire 029C","E01028840",534,428,214,214,0,53,51,2,43,36,7,10
"2011","Shropshire 029D","E01028841",681,353,180,173,1,133,117,16,176,161,15,18
"2011","Shropshire 029E","E01028850",931,582,292,290,7,136,30,106,183,168,15,23
"2011","Shropshire 029F","E01028851",741,527,342,185,2,79,39,40,117,101,16,16
"2011","Shropshire 029G","E01028852",708,432,270,162,6,137,122,15,124,113,11,9
"2011","Shropshire 031A","E01028830",702,502,302,200,3,23,3,20,161,146,15,13
"2011","Shropshire 031B","E01028831",635,539,309,230,2,33,6,27,57,53,4,4
"2011","Shropshire 031C","E01028836",686,359,185,174,1,245,230,15,58,46,12,23
"2011","Shropshire 031D","E01028837",660,545,314,231,2,24,23,1,81,75,6,8
"2011","Shropshire 033A","E01028832",871,522,248,274,2,105,35,70,228,203,25,14
"2011","Shropshire 033B","E01028833",670,481,292,189,2,68,30,38,108,105,3,11
"2011","Shropshire 033C","E01028834",645,476,262,214,4,86,82,4,60,55,5,19
"2011","Shropshire 033D","E01028835",632,486,250,236,0,72,71,1,68,56,12,6
"2011","Shropshire 034A","E01028828",673,443,236,207,3,98,67,31,107,89,18,22
"2011","Shropshire 034B","E01028829",579,497,309,188,1,36,29,7,34,29,5,11
"2011","Shropshire 034C","E01028842",665,475,280,195,0,50,33,17,126,116,10,14
"2011","Shropshire 034D","E01028847",617,380,211,169,1,52,45,7,150,138,12,34
"2011","Shropshire 034E","E01028859",661,420,233,187,1,52,47,5,168,141,27,20
"2011","Shropshire 035A","E01028843",681,435,267,168,6,65,35,30,145,130,15,30
"2011","Shropshire 035B","E01028846",729,543,325,218,1,60,36,24,94,80,14,31
"2011","Shropshire 035C","E01028848",690,610,376,234,2,10,6,4,61,54,7,7
"2011","Shropshire 035D","E01028849",893,486,250,236,3,232,194,38,148,138,10,24
"2011","Shropshire 035E","E01028858",839,647,440,207,4,42,23,19,124,112,12,22
"2011","Shropshire 001A","E01028891",850,383,184,199,9,158,20,138,290,274,16,10
"2011","Shropshire 001B","E01028892",593,491,306,185,3,13,1,12,73,68,5,13
"2011","Shropshire 001C","E01028894",649,395,176,219,11,185,15,170,53,51,2,5
"2011","Shropshire 001D","E01028895",684,418,215,203,3,116,21,95,141,130,11,6
"2011","Shropshire 001E","E01028896",889,594,276,318,10,76,6,70,203,188,15,6
"2011","Shropshire 001F","E01028897",617,438,246,192,3,111,28,83,51,47,4,14
"2011","Shropshire 002A","E01028880",638,488,270,218,0,84,15,69,56,48,8,10
"2011","Shropshire 002B","E01028881",523,461,297,164,1,11,1,10,45,42,3,5
"2011","Shropshire 002C","E01028882",605,397,213,184,0,41,6,35,148,128,20,19
"2011","Shropshire 002D","E01028893",605,484,276,208,4,55,12,43,45,36,9,17
"2011","Shropshire 002E","E01028899",648,488,280,208,8,58,4,54,78,71,7,16
"2011","Shropshire 004A","E01028864",611,468,269,199,6,64,10,54,65,55,10,8
"2011","Shropshire 004B","E01028865",722,588,341,247,2,46,5,41,80,76,4,6
"2011","Shropshire 004C","E01028866",593,371,222,149,1,27,8,19,187,169,18,7
"2011","Shropshire 004D","E01028867",612,346,200,146,13,163,27,136,76,69,7,14
"2011","Shropshire 004E","E01028872",560,409,230,179,0,28,2,26,97,86,11,26
"2011","Shropshire 005A","E01028873",835,359,213,146,4,256,41,215,197,186,11,19
"2011","Shropshire 005B","E01028874",615,505,322,183,0,41,5,36,61,54,7,8
"2011","Shropshire 005C","E01028875",984,773,330,443,19,94,9,85,91,83,8,7
"2011","Shropshire 005D","E01028876",841,474,241,233,11,187,33,154,159,148,11,10
"2011","Shropshire 005E","E01028877",534,485,268,217,2,5,2,3,41,37,4,1
"2011","Shropshire 005F","E01028878",683,488,271,217,2,67,8,59,115,94,21,11
"2011","Shropshire 005G","E01028879",652,406,177,229,1,152,41,111,78,71,7,15
"2011","Shropshire 008A","E01028886",757,426,180,246,10,171,20,151,142,122,20,8
"2011","Shropshire 008B","E01028887",596,503,309,194,1,28,7,21,55,51,4,9
"2011","Shropshire 008C","E01028889",622,507,325,182,2,40,4,36,68,55,13,5
"2011","Shropshire 008D","E01028890",651,385,205,180,4,122,20,102,134,120,14,6
"2011","Shropshire 009A","E01028868",592,466,264,202,6,71,12,59,41,37,4,8
"2011","Shropshire 009B","E01028869",555,418,199,219,2,66,15,51,62,55,7,7
"2011","Shropshire 009C","E01028871",484,289,140,149,8,76,10,66,91,82,9,20
"2011","Shropshire 009D","E01028885",791,506,247,259,0,71,11,60,206,91,115,8
"2011","Shropshire 010A","E01028860",720,591,308,283,4,52,3,49,57,46,11,16
"2011","Shropshire 010B","E01028862",650,522,288,234,6,47,9,38,63,53,10,12
"2011","Shropshire 010C","E01028863",497,375,193,182,2,60,3,57,50,48,2,10
"2011","Shropshire 010D","E01028888",593,490,244,246,2,32,9,23,62,55,7,7
"2011","Shropshire 010E","E01028898",555,454,256,198,5,36,8,28,55,46,9,5
"2011","Shropshire 013A","E01028861",526,337,190,147,9,43,3,40,121,114,7,16
"2011","Shropshire 013B","E01028870",578,465,237,228,0,38,3,35,66,52,14,9
"2011","Shropshire 013C","E01028883",524,274,153,121,3,32,2,30,211,91,120,4
"2011","Shropshire 013D","E01028884",647,441,219,222,4,135,8,127,61,52,9,6
"2011","Shropshire 003A","E01028910",507,418,243,175,1,14,9,5,63,56,7,11
"2011","Shropshire 003B","E01028911",539,469,255,214,2,30,22,8,26,25,1,12
"2011","Shropshire 003C","E01028912",499,221,112,109,2,208,175,33,49,44,5,19
"2011","Shropshire 003D","E01028920",525,332,186,146,1,130,111,19,42,34,8,20
"2011","Shropshire 003E","E01028921",632,514,258,256,0,58,36,22,49,42,7,11
"2011","Shropshire 003F","E01028925",531,459,255,204,1,6,6,0,49,45,4,16
"2011","Shropshire 003G","E01028926",596,341,179,162,1,182,145,37,60,49,11,12
"2011","Shropshire 006C","E01028902",498,416,266,150,1,19,14,5,53,51,2,9
"2011","Shropshire 006D","E01028903",636,366,222,144,0,223,186,37,40,33,7,7
"2011","Shropshire 006E","E01028904",577,402,190,212,3,112,103,9,53,45,8,7
"2011","Shropshire 006F","E01028905",730,383,144,239,3,229,150,79,108,102,6,7
"2011","Shropshire 006G","E01028909",607,348,144,204,2,184,146,38,64,59,5,9
"2011","Shropshire 006H","E01033528",1050,808,285,523,19,83,10,73,136,126,10,4
"2011","Shropshire 007A","E01028906",668,227,106,121,0,167,27,140,265,245,20,9
"2011","Shropshire 007B","E01028907",809,597,370,227,5,27,10,17,159,141,18,21
"2011","Shropshire 007C","E01028908",755,298,131,167,1,190,166,24,256,246,10,10
"2011","Shropshire 007D","E01028916",699,615,417,198,0,34,28,6,40,34,6,10
"2011","Shropshire 007E","E01028917",642,463,232,231,1,32,8,24,137,130,7,9
"2011","Shropshire 007F","E01028924",632,416,183,233,12,142,102,40,59,53,6,3
"2011","Shropshire 011A","E01028913",641,525,316,209,5,47,40,7,52,45,7,12
"2011","Shropshire 011B","E01028918",580,425,195,230,6,53,38,15,91,82,9,5
"2011","Shropshire 011C","E01028919",493,368,178,190,2,44,34,10,62,52,10,17
"2011","Shropshire 011D","E01028927",427,332,195,137,3,28,21,7,61,52,9,3
"2011","Shropshire 011E","E01028928",644,476,252,224,0,108,84,24,53,47,6,7
"2011","Shropshire 012A","E01028914",460,370,236,134,1,49,45,4,37,33,4,3
"2011","Shropshire 012B","E01028915",586,467,277,190,1,57,35,22,51,45,6,10
"2011","Shropshire 012C","E01028922",494,384,228,156,4,11,7,4,87,73,14,8
"2011","Shropshire 012D","E01028923",648,540,314,226,9,37,18,19,56,53,3,6
"2011","Shropshire 014A","E01028929",593,486,239,247,0,12,3,9,89,86,3,6
"2011","Shropshire 014B","E01028969",541,387,199,188,3,53,13,40,91,79,12,7
"2011","Shropshire 014C","E01028970",493,373,215,158,0,31,7,24,79,68,11,10
"2011","Shropshire 014D","E01028971",910,624,367,257,7,104,17,87,157,136,21,18
"2011","Shropshire 014E","E01028978",616,452,244,208,3,88,14,74,58,54,4,15
"2011","Shropshire 014F","E01028979",508,336,156,180,11,71,18,53,74,63,11,16
"2011","Shropshire 015A","E01028933",655,476,201,275,11,88,40,48,73,61,12,7
"2011","Shropshire 015B","E01028934",614,309,153,156,0,243,103,140,52,46,6,10
"2011","Shropshire 015C","E01028956",642,548,296,252,0,61,10,51,27,24,3,6
"2011","Shropshire 015D","E01028957",641,193,78,115,2,402,175,227,28,24,4,16
"2011","Shropshire 015E","E01028958",764,478,198,280,5,222,68,154,53,47,6,6
"2011","Shropshire 016A","E01028932",784,630,274,356,3,31,6,25,116,104,12,4
"2011","Shropshire 016B","E01028981",668,531,232,299,10,38,14,24,84,75,9,5
"2011","Shropshire 016C","E01028982",642,447,161,286,1,138,48,90,47,39,8,9
"2011","Shropshire 016D","E01028983",810,380,158,222,3,366,133,233,47,44,3,14
"2011","Shropshire 017A","E01028930",678,497,199,298,5,54,5,49,119,112,7,3
"2011","Shropshire 017B","E01028931",925,530,208,322,18,140,36,104,225,203,22,12
"2011","Shropshire 017C","E01028944",836,491,263,228,15,194,54,140,130,123,7,6
"2011","Shropshire 017D","E01028945",1032,517,195,322,1,214,74,140,289,269,20,11
"2011","Shropshire 018A","E01028965",641,366,182,184,12,198,61,137,53,49,4,12
"2011","Shropshire 018B","E01028966",494,463,245,218,0,11,4,7,16,15,1,4
"2011","Shropshire 018C","E01028967",655,236,83,153,2,377,130,247,19,16,3,21
"2011","Shropshire 018D","E01028968",537,314,145,169,1,170,54,116,46,41,5,6
"2011","Shropshire 018E","E01028988",710,473,195,278,32,104,32,72,98,83,15,3
"2011","Shropshire 018F","E01028989",658,386,160,226,1,210,57,153,48,43,5,13
"2011","Shropshire 019A","E01028946",1126,462,279,183,10,73,6,67,560,538,22,21
"2011","Shropshire 019B","E01028972",738,657,398,259,0,3,1,2,74,52,22,4
"2011","Shropshire 019C","E01028973",969,489,246,243,4,135,12,123,329,313,16,12
"2011","Shropshire 019D","E01028987",1056,544,261,283,17,160,6,154,318,304,14,17
"2011","Shropshire 020A","E01028941",835,501,245,256,2,135,14,121,183,164,19,14
"2011","Shropshire 020B","E01028942",514,413,157,256,0,18,1,17,75,73,2,8
"2011","Shropshire 020C","E01028943",1076,794,358,436,14,33,7,26,231,212,19,4
"2011","Shropshire 020D","E01028951",674,488,278,210,0,122,24,98,56,48,8,8
"2011","Shropshire 020E","E01028953",647,569,353,216,1,10,2,8,63,44,19,4
"2011","Shropshire 021A","E01028947",637,592,412,180,0,15,2,13,24,23,1,6
"2011","Shropshire 021B","E01028948",636,435,243,192,0,166,46,120,23,20,3,12
"2011","Shropshire 021C","E01028949",648,538,316,222,0,32,4,28,69,54,15,9
"2011","Shropshire 021D","E01028985",632,529,315,214,4,13,2,11,84,82,2,2
"2011","Shropshire 022A","E01028938",874,547,280,267,4,76,7,69,231,218,13,16
"2011","Shropshire 022B","E01028939",772,498,241,257,1,40,3,37,227,203,24,6
"2011","Shropshire 022C","E01028984",689,432,210,222,1,169,34,135,76,63,13,11
"2011","Shropshire 022D","E01028986",634,546,300,246,2,29,1,28,51,43,8,6
"2011","Shropshire 023A","E01028940",678,529,306,223,0,74,22,52,70,61,9,5
"2011","Shropshire 023B","E01028952",800,611,332,279,5,13,4,9,167,160,7,4
"2011","Shropshire 023C","E01028962",676,258,118,140,0,363,105,258,43,38,5,12
"2011","Shropshire 023D","E01028963",663,595,324,271,2,17,1,16,44,39,5,5
"2011","Shropshire 023E","E01028964",675,604,333,271,2,13,4,9,52,48,4,4
"2011","Shropshire 023F","E01028974",507,385,220,165,0,33,6,27,71,42,29,18
"2011","Shropshire 024A","E01028935",630,583,356,227,1,14,3,11,28,25,3,4
"2011","Shropshire 024B","E01028936",858,762,463,299,2,12,2,10,73,61,12,9
"2011","Shropshire 024C","E01028937",637,497,264,233,0,78,18,60,54,47,7,8
"2011","Shropshire 024D","E01028959",1098,701,390,311,8,160,39,121,206,191,15,23
"2011","Shropshire 026A","E01028954",522,425,268,157,2,33,15,18,53,37,16,9
"2011","Shropshire 026B","E01028955",494,306,177,129,6,140,42,98,34,25,9,8
"2011","Shropshire 026C","E01028975",720,498,244,254,6,137,34,103,65,50,15,14
"2011","Shropshire 026D","E01028976",684,600,385,215,1,15,3,12,56,49,7,12
"2011","Shropshire 026E","E01028977",819,586,359,227,4,119,38,81,96,85,11,14
"2011","Shropshire 028A","E01028950",978,738,458,280,0,79,12,67,137,125,12,24
"2011","Shropshire 028B","E01028960",540,430,270,160,4,20,5,15,71,68,3,15
"2011","Shropshire 028C","E01028961",525,334,194,140,0,29,12,17,137,126,11,25
"2011","Shropshire 028D","E01028980",938,616,362,254,2,97,30,67,190,174,16,33
"2011","Shropshire 030A","E01028991",519,338,237,101,4,45,7,38,105,94,11,27
"2011","Shropshire 030B","E01028992",691,417,286,131,6,136,12,124,118,93,25,14
"2011","Shropshire 030D","E01033529",431,377,246,131,0,5,1,4,42,38,4,7
"2011","Shropshire 030E","E01033530",831,541,330,211,4,86,9,77,167,150,17,33
"2011","Shropshire 032A","E01028990",467,348,226,122,2,46,2,44,55,49,6,16
"2011","Shropshire 032B","E01028997",1075,819,608,211,11,132,12,120,95,84,11,18
"2011","Shropshire 032C","E01028998",1105,848,580,268,12,92,3,89,132,121,11,21
"2011","Shropshire 036A","E01028993",618,427,282,145,4,34,4,30,141,130,11,12
"2011","Shropshire 036B","E01029004",447,248,178,70,2,18,4,14,128,105,23,51
"2011","Shropshire 036C","E01029013",780,526,333,193,18,59,7,52,162,148,14,15
"2011","Shropshire 036D","E01029014",504,220,113,107,8,215,15,200,55,50,5,6
"2011","Shropshire 036E","E01029015",597,396,263,133,1,31,1,30,136,123,13,33
"2011","Shropshire 037A","E01028994",557,381,283,98,1,74,4,70,71,66,5,30
"2011","Shropshire 037B","E01029003",1040,788,583,205,12,70,4,66,145,128,17,25
"2011","Shropshire 037C","E01029005",558,385,282,103,0,31,4,27,126,119,7,16
"2011","Shropshire 037D","E01029016",595,465,316,149,7,20,9,11,87,77,10,16
"2011","Shropshire 038A","E01029006",753,534,378,156,6,133,14,119,61,56,5,19
"2011","Shropshire 038B","E01029007",504,217,122,95,9,216,25,191,55,47,8,7
"2011","Shropshire 038D","E01029009",554,463,315,148,4,4,0,4,75,67,8,8
"2011","Shropshire 038E","E01029010",582,347,179,168,10,144,15,129,78,68,10,3
"2011","Shropshire 038F","E01029011",683,448,294,154,11,138,12,126,82,76,6,4
"2011","Shropshire 038G","E01029012",796,556,297,259,40,83,5,78,115,103,12,2
"2011","Shropshire 038H","E01033526",615,284,211,73,6,153,10,143,162,148,14,10
"2011","Shropshire 038I","E01033527",686,500,400,100,1,51,3,48,125,114,11,9
"2011","Shropshire 039A","E01028995",641,464,260,204,0,77,9,68,92,84,8,8
"2011","Shropshire 039B","E01028996",573,461,323,138,7,29,1,28,59,47,12,17
"2011","Shropshire 039C","E01028999",654,495,329,166,2,65,5,60,81,70,11,11
"2011","Shropshire 039D","E01029000",477,399,262,137,5,24,1,23,43,40,3,6
"2011","Shropshire 039E","E01029001",798,631,366,265,12,66,2,64,77,71,6,12
"2011","Shropshire 039F","E01029002",551,314,184,130,5,127,15,112,97,88,9,8
"2011","Stoke-on-Trent 001A","E01014257",640,440,240,200,0,134,126,8,49,47,2,17
"2011","Stoke-on-Trent 001B","E01014258",541,488,135,353,0,14,13,1,36,32,4,3
"2011","Stoke-on-Trent 001C","E01014259",647,520,266,254,0,81,77,4,34,30,4,12
"2011","Stoke-on-Trent 001D","E01014260",604,350,208,142,2,225,219,6,21,21,0,6
"2011","Stoke-on-Trent 001E","E01014264",772,630,250,380,2,76,70,6,61,55,6,3
"2011","Stoke-on-Trent 002A","E01014357",705,388,158,230,3,207,196,11,89,79,10,18
"2011","Stoke-on-Trent 002B","E01014358",590,229,91,138,1,278,253,25,65,60,5,17
"2011","Stoke-on-Trent 002C","E01014359",758,480,232,248,1,187,181,6,86,75,11,4
"2011","Stoke-on-Trent 002D","E01014360",784,631,220,411,0,36,30,6,109,98,11,8
"2011","Stoke-on-Trent 003A","E01014261",577,162,88,74,0,363,303,60,39,38,1,13
"2011","Stoke-on-Trent 003B","E01014262",528,291,142,149,1,206,172,34,20,19,1,10
"2011","Stoke-on-Trent 003C","E01014263",624,308,107,201,0,268,261,7,38,32,6,10
"2011","Stoke-on-Trent 003D","E01014333",605,520,220,300,9,40,30,10,34,28,6,2
"2011","Stoke-on-Trent 003E","E01014334",756,440,280,160,0,274,55,219,26,22,4,16
"2011","Stoke-on-Trent 004A","E01014331",639,285,146,139,0,281,274,7,62,57,5,11
"2011","Stoke-on-Trent 004B","E01014332",790,595,387,208,3,147,147,0,30,23,7,15
"2011","Stoke-on-Trent 004C","E01014335",751,584,291,293,4,77,72,5,82,75,7,4
"2011","Stoke-on-Trent 004D","E01014336",717,294,136,158,2,347,313,34,62,56,6,12
"2011","Stoke-on-Trent 004E","E01014337",722,401,194,207,6,234,230,4,71,63,8,10
"2011","Stoke-on-Trent 005A","E01014354",846,315,155,160,1,344,192,152,174,167,7,12
"2011","Stoke-on-Trent 005B","E01014355",753,479,213,266,0,64,17,47,192,187,5,18
"2011","Stoke-on-Trent 005C","E01014356",746,486,239,247,1,47,21,26,202,193,9,10
"2011","Stoke-on-Trent 005D","E01014361",667,293,124,169,2,101,41,60,259,246,13,12
"2011","Stoke-on-Trent 006A","E01014241",656,429,198,231,2,120,104,16,93,84,9,12
"2011","Stoke-on-Trent 006B","E01014242",628,302,149,153,1,274,273,1,36,31,5,15
"2011","Stoke-on-Trent 006C","E01014243",599,514,264,250,0,38,24,14,40,37,3,7
"2011","Stoke-on-Trent 006D","E01014244",606,186,98,88,1,367,359,8,42,41,1,10
"2011","Stoke-on-Trent 006E","E01014245",706,524,253,271,5,49,40,9,115,107,8,13
"2011","Stoke-on-Trent 006F","E01014248",660,387,159,228,2,87,64,23,180,166,14,4
"2011","Stoke-on-Trent 007A","E01014214",628,589,361,228,3,5,4,1,28,25,3,3
"2011","Stoke-on-Trent 007B","E01014215",610,523,295,228,0,27,26,1,54,50,4,6
"2011","Stoke-on-Trent 007C","E01014216",634,536,313,223,3,48,48,0,38,35,3,9
"2011","Stoke-on-Trent 007D","E01014265",681,605,319,286,2,10,7,3,61,52,9,3
"2011","Stoke-on-Trent 007E","E01014267",1060,736,309,427,1,121,116,5,183,169,14,19
"2011","Stoke-on-Trent 007F","E01014272",661,571,302,269,1,6,3,3,76,70,6,7
"2011","Stoke-on-Trent 008A","E01014246",728,390,182,208,0,229,220,9,96,84,12,13
"2011","Stoke-on-Trent 008B","E01014266",577,322,158,164,0,129,121,8,113,110,3,13
"2011","Stoke-on-Trent 008C","E01014268",998,495,150,345,1,361,319,42,111,102,9,30
"2011","Stoke-on-Trent 008D","E01014270",650,563,314,249,1,46,42,4,32,29,3,8
"2011","Stoke-on-Trent 008E","E01014271",615,488,222,266,1,66,62,4,54,48,6,6
"2011","Stoke-on-Trent 009A","E01014247",776,413,232,181,3,123,88,35,223,215,8,14
"2011","Stoke-on-Trent 009B","E01014250",537,197,119,78,5,203,140,63,120,116,4,12
"2011","Stoke-on-Trent 009C","E01014251",912,306,124,182,14,309,117,192,250,240,10,33
"2011","Stoke-on-Trent 009D","E01014252",748,382,146,236,2,107,48,59,250,241,9,7
"2011","Stoke-on-Trent 009E","E01014255",692,251,97,154,2,276,178,98,152,134,18,11
"2011","Stoke-on-Trent 010A","E01014269",668,258,117,141,0,334,332,2,54,46,8,22
"2011","Stoke-on-Trent 010B","E01014324",684,577,360,217,2,23,15,8,76,74,2,6
"2011","Stoke-on-Trent 010C","E01014325",518,475,195,280,3,16,14,2,22,15,7,2
"2011","Stoke-on-Trent 010D","E01014326",589,541,253,288,5,16,12,4,26,23,3,1
"2011","Stoke-on-Trent 011A","E01014249",782,333,184,149,1,165,58,107,252,239,13,31
"2011","Stoke-on-Trent 011B","E01014253",657,500,216,284,0,96,89,7,49,47,2,12
"2011","Stoke-on-Trent 011C","E01014254",643,265,149,116,0,87,23,64,261,245,16,30
"2011","Stoke-on-Trent 011D","E01014256",775,340,179,161,6,280,199,81,136,127,9,13
"2011","Stoke-on-Trent 012A","E01014210",612,303,171,132,7,258,233,25,36,32,4,8
"2011","Stoke-on-Trent 012B","E01014211",622,161,64,97,2,420,211,209,31,28,3,8
"2011","Stoke-on-Trent 012C","E01014212",610,234,112,122,4,331,257,74,22,21,1,19
"2011","Stoke-on-Trent 012D","E01014213",521,284,143,141,0,179,171,8,50,47,3,8
"2011","Stoke-on-Trent 012E","E01014217",639,197,93,104,3,384,265,119,38,26,12,17
"2011","Stoke-on-Trent 013A","E01014323",609,382,156,226,0,50,45,5,170,158,12,7
"2011","Stoke-on-Trent 013B","E01014327",675,475,212,263,1,38,22,16,153,135,18,8
"2011","Stoke-on-Trent 013C","E01014328",640,351,164,187,4,79,65,14,187,176,11,19
"2011","Stoke-on-Trent 013D","E01014329",723,438,167,271,0,138,126,12,124,116,8,23
"2011","Stoke-on-Trent 013E","E01014330",912,207,101,106,0,513,435,78,169,156,13,23
"2011","Stoke-on-Trent 014A","E01014218",612,231,114,117,0,317,290,27,49,46,3,15
"2011","Stoke-on-Trent 014B","E01014219",584,427,202,225,1,83,76,7,59,51,8,14
"2011","Stoke-on-Trent 014C","E01014225",668,603,335,268,0,9,7,2,53,41,12,3
"2011","Stoke-on-Trent 014D","E01014226",723,368,192,176,0,287,177,110,52,41,11,16
"2011","Stoke-on-Trent 014E","E01014228",573,542,354,188,0,6,5,1,24,19,5,1
"2011","Stoke-on-Trent 014F","E01014230",686,464,245,219,1,141,103,38,74,72,2,6
"2011","Stoke-on-Trent 015A","E01014281",622,209,96,113,4,161,73,88,224,213,11,24
"2011","Stoke-on-Trent 015B","E01014285",918,456,157,299,4,169,102,67,258,225,33,31
"2011","Stoke-on-Trent 015C","E01014286",544,242,123,119,3,147,109,38,145,133,12,7
"2011","Stoke-on-Trent 015D","E01014287",635,200,100,100,5,268,56,212,150,143,7,12
"2011","Stoke-on-Trent 016B","E01014231",947,327,97,230,2,459,255,204,137,119,18,22
"2011","Stoke-on-Trent 016D","E01014282",493,127,77,50,3,242,120,122,115,75,40,6
"2011","Stoke-on-Trent 016E","E01014283",806,269,118,151,37,68,12,56,418,398,20,14
"2011","Stoke-on-Trent 016F","E01014284",468,82,46,36,0,28,5,23,351,328,23,7
"2011","Stoke-on-Trent 016G","E01033216",1186,651,360,291,16,189,114,75,306,286,20,24
"2011","Stoke-on-Trent 017A","E01014220",717,222,109,113,1,414,285,129,57,44,13,23
"2011","Stoke-on-Trent 017B","E01014221",657,215,102,113,1,372,249,123,62,57,5,7
"2011","Stoke-on-Trent 017C","E01014222",647,195,107,88,2,385,251,134,48,47,1,17
"2011","Stoke-on-Trent 017D","E01014223",749,193,101,92,2,482,260,222,62,52,10,10
"2011","Stoke-on-Trent 017E","E01014224",671,237,135,102,0,377,281,96,49,42,7,8
"2011","Stoke-on-Trent 017F","E01014229",771,213,64,149,21,476,200,276,41,37,4,20
"2011","Stoke-on-Trent 018A","E01014288",728,479,209,270,2,44,34,10,196,179,17,7
"2011","Stoke-on-Trent 018B","E01014289",666,489,255,234,0,44,22,22,128,119,9,5
"2011","Stoke-on-Trent 018C","E01014290",673,377,174,203,10,98,36,62,185,165,20,3
"2011","Stoke-on-Trent 018D","E01014291",624,352,139,213,5,145,61,84,112,103,9,10
"2011","Stoke-on-Trent 018E","E01014292",692,479,232,247,4,26,16,10,176,157,19,7
"2011","Stoke-on-Trent 018F","E01014294",597,306,144,162,8,152,137,15,122,112,10,9
"2011","Stoke-on-Trent 019A","E01014293",772,336,144,192,2,94,33,61,323,301,22,17
"2011","Stoke-on-Trent 019B","E01014295",794,501,273,228,2,134,94,40,143,128,15,14
"2011","Stoke-on-Trent 019C","E01014339",803,432,176,256,9,69,26,43,283,273,10,10
"2011","Stoke-on-Trent 019D","E01014340",863,433,160,273,7,180,123,57,222,216,6,21
"2011","Stoke-on-Trent 019E","E01014345",893,346,158,188,1,312,219,93,226,216,10,8
"2011","Stoke-on-Trent 020A","E01014274",858,411,172,239,2,278,266,12,147,124,23,20
"2011","Stoke-on-Trent 020B","E01014275",754,249,116,133,0,353,240,113,135,129,6,17
"2011","Stoke-on-Trent 020C","E01014276",735,435,174,261,0,106,83,23,190,174,16,4
"2011","Stoke-on-Trent 020D","E01014277",711,503,249,254,0,78,57,21,120,112,8,10
"2011","Stoke-on-Trent 020E","E01014279",803,466,184,282,1,82,40,42,248,234,14,6
"2011","Stoke-on-Trent 021A","E01014273",577,294,126,168,0,58,24,34,214,206,8,11
"2011","Stoke-on-Trent 021B","E01014278",588,406,200,206,3,96,69,27,75,72,3,8
"2011","Stoke-on-Trent 021C","E01014280",610,512,267,245,3,38,32,6,51,44,7,6
"2011","Stoke-on-Trent 021D","E01014297",487,438,166,272,1,17,12,5,28,25,3,3
"2011","Stoke-on-Trent 022A","E01014296",608,435,202,233,1,113,100,13,49,41,8,10
"2011","Stoke-on-Trent 022B","E01014298",687,315,119,196,1,315,298,17,42,38,4,14
"2011","Stoke-on-Trent 022C","E01014300",623,309,133,176,3,212,177,35,78,67,11,21
"2011","Stoke-on-Trent 022D","E01014302",926,414,205,209,2,344,249,95,135,120,15,31
"2011","Stoke-on-Trent 023A","E01014338",676,468,221,247,6,107,67,40,84,77,7,11
"2011","Stoke-on-Trent 023B","E01014341",764,393,168,225,3,224,126,98,136,126,10,8
"2011","Stoke-on-Trent 023C","E01014342",598,240,92,148,0,310,110,200,36,34,2,12
"2011","Stoke-on-Trent 023D","E01014343",843,456,174,282,0,133,52,81,249,235,14,5
"2011","Stoke-on-Trent 023E","E01014344",615,360,165,195,0,193,187,6,54,53,1,8
"2011","Stoke-on-Trent 024A","E01014363",624,541,355,186,1,58,57,1,15,12,3,9
"2011","Stoke-on-Trent 024B","E01014364",597,455,210,245,8,95,91,4,33,30,3,6
"2011","Stoke-on-Trent 024C","E01014365",638,517,322,195,0,80,75,5,33,28,5,8
"2011","Stoke-on-Trent 024D","E01014369",556,400,239,161,16,97,12,85,39,31,8,4
"2011","Stoke-on-Trent 025A","E01014299",598,535,222,313,6,20,19,1,35,31,4,2
"2011","Stoke-on-Trent 025B","E01014301",651,568,127,441,6,42,40,2,30,24,6,5
"2011","Stoke-on-Trent 025C","E01014303",656,579,197,382,8,25,15,10,42,37,5,2
"2011","Stoke-on-Trent 025D","E01014304",645,555,274,281,2,16,15,1,62,57,5,10
"2011","Stoke-on-Trent 025E","E01014362",586,562,293,269,2,6,6,0,12,11,1,4
"2011","Stoke-on-Trent 026A","E01014233",629,525,333,192,0,68,68,0,30,26,4,6
"2011","Stoke-on-Trent 026B","E01014234",564,234,91,143,1,282,280,2,41,37,4,6
"2011","Stoke-on-Trent 026C","E01014239",601,508,256,252,0,61,59,2,26,22,4,6
"2011","Stoke-on-Trent 026D","E01014240",626,424,197,227,0,139,134,5,45,37,8,18
"2011","Stoke-on-Trent 027A","E01014308",768,628,393,235,1,80,48,32,50,40,10,9
"2011","Stoke-on-Trent 027B","E01014309",599,300,148,152,3,196,170,26,82,77,5,18
"2011","Stoke-on-Trent 027C","E01014311",617,403,235,168,0,118,105,13,83,79,4,13
"2011","Stoke-on-Trent 027D","E01014313",830,335,196,139,2,388,378,10,72,62,10,33
"2011","Stoke-on-Trent 028A","E01014321",642,477,236,241,2,21,19,2,136,127,9,6
"2011","Stoke-on-Trent 028B","E01014366",809,306,175,131,0,440,426,14,49,44,5,14
"2011","Stoke-on-Trent 028C","E01014367",666,197,102,95,1,402,383,19,49,42,7,17
"2011","Stoke-on-Trent 028D","E01014368",676,307,137,170,16,233,143,90,113,105,8,7
"2011","Stoke-on-Trent 029A","E01014305",481,315,155,160,1,48,31,17,113,111,2,4
"2011","Stoke-on-Trent 029B","E01014306",539,288,134,154,4,101,65,36,124,116,8,22
"2011","Stoke-on-Trent 029C","E01014307",462,274,135,139,9,77,31,46,89,80,9,13
"2011","Stoke-on-Trent 029D","E01014312",593,437,239,198,1,55,14,41,93,90,3,7
"2011","Stoke-on-Trent 030A","E01014346",729,646,406,240,3,26,24,2,41,38,3,13
"2011","Stoke-on-Trent 030B","E01014348",615,562,353,209,0,15,14,1,33,25,8,5
"2011","Stoke-on-Trent 030C","E01014349",642,576,370,206,1,8,7,1,47,43,4,10
"2011","Stoke-on-Trent 030D","E01014353",706,406,162,244,0,233,218,15,51,45,6,16
"2011","Stoke-on-Trent 031A","E01014310",751,659,253,406,0,25,15,10,66,60,6,1
"2011","Stoke-on-Trent 031B","E01014314",523,473,178,295,2,14,10,4,29,28,1,5
"2011","Stoke-on-Trent 031C","E01014316",616,185,78,107,0,377,343,34,43,39,4,11
"2011","Stoke-on-Trent 031D","E01014317",692,210,73,137,5,419,330,89,40,36,4,18
"2011","Stoke-on-Trent 031E","E01014322",656,390,165,225,1,166,139,27,93,88,5,6
"2011","Stoke-on-Trent 032A","E01014235",765,355,190,165,1,320,312,8,68,64,4,21
"2011","Stoke-on-Trent 032B","E01014236",986,468,148,320,2,370,358,12,129,118,11,17
"2011","Stoke-on-Trent 032C","E01014237",777,275,116,159,0,443,441,2,40,35,5,19
"2011","Stoke-on-Trent 032D","E01014238",666,213,92,121,1,396,393,3,42,37,5,14
"2011","Stoke-on-Trent 033A","E01014315",598,565,332,233,0,4,1,3,22,14,8,7
"2011","Stoke-on-Trent 033B","E01014318",597,557,243,314,1,4,4,0,32,23,9,3
"2011","Stoke-on-Trent 033C","E01014319",597,443,167,276,0,116,115,1,33,28,5,5
"2011","Stoke-on-Trent 033D","E01014320",477,433,154,279,1,4,3,1,38,34,4,1
"2011","Stoke-on-Trent 034A","E01014347",583,549,242,307,2,4,2,2,25,20,5,3
"2011","Stoke-on-Trent 034B","E01014350",553,514,281,233,1,6,3,3,29,28,1,3
"2011","Stoke-on-Trent 034C","E01014351",566,503,217,286,3,2,0,2,55,49,6,3
"2011","Stoke-on-Trent 034D","E01014352",579,530,254,276,0,25,8,17,23,19,4,1
"2011","Telford and Wrekin 001A","E01014171",591,353,198,155,2,141,64,77,87,78,9,8
"2011","Telford and Wrekin 001B","E01014172",518,451,214,237,2,6,3,3,55,52,3,4
"2011","Telford and Wrekin 001C","E01014173",663,391,193,198,10,133,41,92,123,114,9,6
"2011","Telford and Wrekin 001D","E01014174",593,533,235,298,0,17,3,14,39,33,6,4
"2011","Telford and Wrekin 002A","E01014112",624,517,298,219,1,29,16,13,62,50,12,15
"2011","Telford and Wrekin 002B","E01014131",584,454,264,190,1,44,13,31,68,56,12,17
"2011","Telford and Wrekin 002C","E01014132",450,377,221,156,0,31,10,21,33,26,7,9
"2011","Telford and Wrekin 002D","E01014135",477,365,196,169,6,34,8,26,65,58,7,7
"2011","Telford and Wrekin 003A","E01014175",507,354,185,169,0,91,29,62,52,48,4,10
"2011","Telford and Wrekin 003B","E01014176",632,506,305,201,2,25,8,17,88,80,8,11
"2011","Telford and Wrekin 003C","E01014177",584,472,253,219,1,46,6,40,63,58,5,2
"2011","Telford and Wrekin 003D","E01014178",665,298,142,156,9,135,43,92,211,199,12,12
"2011","Telford and Wrekin 004A","E01014111",625,483,236,247,1,61,11,50,73,55,18,7
"2011","Telford and Wrekin 004B","E01014167",688,527,138,389,0,89,5,84,70,66,4,2
"2011","Telford and Wrekin 004C","E01014168",501,446,153,293,0,6,3,3,45,36,9,4
"2011","Telford and Wrekin 004D","E01014170",658,597,345,252,1,16,5,11,39,32,7,5
"2011","Telford and Wrekin 005A","E01014125",659,323,128,195,4,256,114,142,66,62,4,10
"2011","Telford and Wrekin 005B","E01014126",597,395,212,183,0,136,66,70,63,60,3,3
"2011","Telford and Wrekin 005C","E01014127",644,239,80,159,4,314,174,140,80,74,6,7
"2011","Telford and Wrekin 005D","E01014128",814,419,129,290,4,238,104,134,140,91,49,13
"2011","Telford and Wrekin 005E","E01014169",703,330,68,262,3,202,72,130,154,141,13,14
"2011","Telford and Wrekin 006A","E01014129",534,298,160,138,3,178,65,113,48,43,5,7
"2011","Telford and Wrekin 006B","E01014130",579,475,221,254,1,27,7,20,74,62,12,2
"2011","Telford and Wrekin 006C","E01014179",487,445,239,206,0,6,4,2,36,31,5,0
"2011","Telford and Wrekin 006D","E01014180",586,440,251,189,2,90,38,52,47,42,5,7
"2011","Telford and Wrekin 006E","E01014189",589,423,150,273,0,77,31,46,84,77,7,5
"2011","Telford and Wrekin 006F","E01014190",607,548,165,383,1,9,2,7,43,41,2,6
"2011","Telford and Wrekin 007A","E01014102",674,575,236,339,1,13,3,10,83,78,5,2
"2011","Telford and Wrekin 007B","E01014103",473,376,130,246,1,45,17,28,44,36,8,7
"2011","Telford and Wrekin 007C","E01014138",603,374,152,222,1,156,42,114,64,52,12,8
"2011","Telford and Wrekin 007D","E01014140",615,305,96,209,8,159,71,88,135,126,9,8
"2011","Telford and Wrekin 008A","E01014205",596,523,304,219,2,8,3,5,54,50,4,9
"2011","Telford and Wrekin 008B","E01014206",511,344,152,192,1,84,46,38,76,67,9,6
"2011","Telford and Wrekin 008C","E01014207",492,388,189,199,1,9,3,6,93,90,3,1
"2011","Telford and Wrekin 008D","E01014208",534,294,148,146,1,187,76,111,44,39,5,8
"2011","Telford and Wrekin 008E","E01014209",591,409,203,206,2,89,43,46,86,81,5,5
"2011","Telford and Wrekin 009A","E01014137",519,422,124,298,1,29,15,14,61,55,6,6
"2011","Telford and Wrekin 009B","E01014139",517,293,113,180,5,120,53,67,87,80,7,12
"2011","Telford and Wrekin 009C","E01014141",1086,550,141,409,2,282,91,191,241,235,6,11
"2011","Telford and Wrekin 009D","E01014142",450,167,59,108,2,185,96,89,87,83,4,9
"2011","Telford and Wrekin 009E","E01014143",602,278,130,148,2,202,96,106,102,94,8,18
"2011","Telford and Wrekin 010A","E01014136",693,472,258,214,1,96,38,58,96,85,11,28
"2011","Telford and Wrekin 010B","E01014148",700,521,254,267,2,37,13,24,133,123,10,7
"2011","Telford and Wrekin 010C","E01014149",435,324,152,172,0,43,22,21,65,57,8,3
"2011","Telford and Wrekin 010D","E01014202",899,692,275,417,21,55,20,35,120,113,7,11
"2011","Telford and Wrekin 010E","E01014203",618,532,251,281,0,25,12,13,56,52,4,5
"2011","Telford and Wrekin 010F","E01014204",750,593,264,329,4,44,13,31,106,100,6,3
"2011","Telford and Wrekin 011A","E01014104",641,425,183,242,1,126,64,62,77,71,6,12
"2011","Telford and Wrekin 011B","E01014105",698,319,111,208,3,242,123,119,122,112,10,12
"2011","Telford and Wrekin 011C","E01014113",645,277,122,155,2,204,94,110,148,130,18,14
"2011","Telford and Wrekin 011D","E01014114",647,438,263,175,0,86,35,51,107,86,21,16
"2011","Telford and Wrekin 012A","E01014133",773,580,293,287,7,93,39,54,90,84,6,3
"2011","Telford and Wrekin 012B","E01014134",590,534,323,211,0,15,1,14,39,34,5,2
"2011","Telford and Wrekin 012C","E01014144",656,339,185,154,1,232,105,127,67,63,4,17
"2011","Telford and Wrekin 012D","E01014145",874,371,161,210,3,275,112,163,208,200,8,17
"2011","Telford and Wrekin 013A","E01014185",790,303,150,153,2,358,116,242,110,103,7,17
"2011","Telford and Wrekin 013B","E01014186",627,407,162,245,6,91,35,56,113,105,8,10
"2011","Telford and Wrekin 013C","E01014187",669,434,178,256,3,110,53,57,113,98,15,9
"2011","Telford and Wrekin 013D","E01014188",607,479,201,278,12,20,10,10,92,88,4,4
"2011","Telford and Wrekin 014A","E01014150",686,550,237,313,4,35,17,18,93,88,5,4
"2011","Telford and Wrekin 014B","E01014151",639,307,116,191,0,240,119,121,78,74,4,14
"2011","Telford and Wrekin 014C","E01014152",587,345,183,162,3,187,94,93,43,40,3,9
"2011","Telford and Wrekin 014D","E01014153",793,473,197,276,2,187,52,135,126,111,15,5
"2011","Telford and Wrekin 014E","E01014154",682,453,150,303,2,128,50,78,92,86,6,7
"2011","Telford and Wrekin 014F","E01014155",676,416,163,253,3,174,90,84,77,69,8,6
"2011","Telford and Wrekin 015A","E01014181",667,564,148,416,1,7,2,5,93,90,3,2
"2011","Telford and Wrekin 015B","E01014182",469,408,181,227,1,7,1,6,48,43,5,5
"2011","Telford and Wrekin 015C","E01014183",602,521,261,260,2,29,6,23,46,43,3,4
"2011","Telford and Wrekin 015D","E01014184",529,313,172,141,0,81,5,76,132,48,84,3
"2011","Telford and Wrekin 016A","E01014146",776,517,175,342,14,162,3,159,81,72,9,2
"2011","Telford and Wrekin 016B","E01014147",783,619,175,444,4,50,15,35,108,97,11,2
"2011","Telford and Wrekin 016C","E01014156",796,437,84,353,4,206,108,98,134,127,7,15
"2011","Telford and Wrekin 016D","E01014157",530,454,139,315,0,9,4,5,63,54,9,4
"2011","Telford and Wrekin 016E","E01014158",643,426,139,287,1,132,44,88,82,73,9,2
"2011","Telford and Wrekin 017A","E01014124",755,318,116,202,1,283,114,169,140,135,5,13
"2011","Telford and Wrekin 017B","E01014163",516,181,56,125,0,238,115,123,86,83,3,11
"2011","Telford and Wrekin 017C","E01014164",691,171,59,112,10,450,234,216,56,48,8,4
"2011","Telford and Wrekin 017D","E01014165",586,220,60,160,2,237,109,128,117,95,22,10
"2011","Telford and Wrekin 017E","E01014166",641,422,154,268,3,113,47,66,98,88,10,5
"2011","Telford and Wrekin 018A","E01014191",731,310,105,205,2,200,81,119,214,203,11,5
"2011","Telford and Wrekin 018B","E01014192",480,286,95,191,0,80,24,56,110,103,7,4
"2011","Telford and Wrekin 018C","E01014193",610,377,114,263,0,145,67,78,81,77,4,7
"2011","Telford and Wrekin 018D","E01014194",595,365,114,251,0,145,73,72,78,70,8,7
"2011","Telford and Wrekin 018E","E01014195",523,445,167,278,2,20,13,7,49,44,5,7
"2011","Telford and Wrekin 018F","E01014196",649,298,110,188,3,266,51,215,78,70,8,4
"2011","Telford and Wrekin 019A","E01014119",678,521,219,302,3,96,51,45,51,46,5,7
"2011","Telford and Wrekin 019B","E01014120",767,278,114,164,0,421,131,290,59,51,8,9
"2011","Telford and Wrekin 019C","E01014121",614,434,202,232,7,111,55,56,50,42,8,12
"2011","Telford and Wrekin 019D","E01014122",731,419,114,305,2,58,27,31,246,231,15,6
"2011","Telford and Wrekin 019E","E01014123",617,497,153,344,18,11,5,6,84,79,5,7
"2011","Telford and Wrekin 020A","E01014106",618,390,134,256,1,115,33,82,106,94,12,6
"2011","Telford and Wrekin 020B","E01014107",475,424,200,224,3,9,3,6,34,31,3,5
"2011","Telford and Wrekin 020C","E01014108",645,204,73,131,2,241,134,107,193,185,8,5
"2011","Telford and Wrekin 020D","E01014109",463,317,110,207,1,67,20,47,73,66,7,5
"2011","Telford and Wrekin 020E","E01014110",470,178,51,127,1,141,68,73,149,141,8,1
"2011","Telford and Wrekin 021A","E01014197",552,279,120,159,2,130,53,77,139,138,1,2
"2011","Telford and Wrekin 021B","E01014198",412,125,57,68,1,211,67,144,72,70,2,3
"2011","Telford and Wrekin 021C","E01014199",604,323,105,218,3,106,40,66,168,164,4,4
"2011","Telford and Wrekin 021D","E01014200",452,154,63,91,0,155,73,82,134,126,8,9
"2011","Telford and Wrekin 021E","E01014201",455,212,82,130,1,99,46,53,140,134,6,3
"2011","Telford and Wrekin 022A","E01014159",594,344,169,175,4,169,91,78,70,57,13,7
"2011","Telford and Wrekin 022B","E01014160",526,404,191,213,7,50,19,31,61,57,4,4
"2011","Telford and Wrekin 022C","E01014161",499,320,147,173,5,116,66,50,52,47,5,6
"2011","Telford and Wrekin 022D","E01014162",810,328,145,183,3,328,147,181,132,120,12,19
"2011","Telford and Wrekin 023A","E01014115",549,299,133,166,1,117,40,77,124,115,9,8
"2011","Telford and Wrekin 023B","E01014116",776,336,202,134,5,287,142,145,126,115,11,22
"2011","Telford and Wrekin 023C","E01014117",485,422,234,188,0,17,9,8,42,40,2,4
"2011","Telford and Wrekin 023D","E01014118",447,216,76,140,2,83,46,37,144,140,4,2
"2011","Cannock Chase 001A","E01029368",510,482,281,201,0,0,0,0,20,17,3,8
"2011","Cannock Chase 001B","E01029369",496,427,203,224,0,0,0,0,67,57,10,2
"2011","Cannock Chase 001C","E01029370",577,542,298,244,0,3,1,2,29,24,5,3
"2011","Cannock Chase 001D","E01029371",610,485,198,287,8,42,31,11,69,66,3,6
"2011","Cannock Chase 001E","E01029402",839,732,407,325,3,10,7,3,86,78,8,8
"2011","Cannock Chase 002A","E01029372",527,240,65,175,2,235,232,3,48,41,7,2
"2011","Cannock Chase 002B","E01029373",881,557,202,355,0,180,108,72,134,127,7,10
"2011","Cannock Chase 002C","E01029401",653,535,240,295,1,35,34,1,77,73,4,5
"2011","Cannock Chase 002D","E01029403",620,421,174,247,5,119,98,21,66,58,8,9
"2011","Cannock Chase 002E","E01029404",800,358,196,162,8,178,47,131,238,219,19,18
"2011","Cannock Chase 003A","E01029345",658,480,189,291,1,78,61,17,92,87,5,7
"2011","Cannock Chase 003B","E01029346",743,315,147,168,15,294,187,107,111,100,11,8
"2011","Cannock Chase 003C","E01029347",642,593,326,267,0,7,5,2,36,31,5,6
"2011","Cannock Chase 003D","E01029348",700,511,241,270,1,113,107,6,73,65,8,2
"2011","Cannock Chase 003E","E01029374",955,735,316,419,3,30,12,18,187,181,6,0
"2011","Cannock Chase 004A","E01029383",617,510,176,334,1,41,17,24,59,54,5,6
"2011","Cannock Chase 004B","E01029385",608,525,263,262,0,16,15,1,59,52,7,8
"2011","Cannock Chase 004C","E01029388",615,305,94,211,1,229,186,43,68,64,4,12
"2011","Cannock Chase 004D","E01029390",453,211,88,123,0,187,186,1,48,43,5,7
"2011","Cannock Chase 005A","E01029384",813,615,271,344,5,60,51,9,129,117,12,4
"2011","Cannock Chase 005B","E01029386",603,392,164,228,0,137,135,2,68,65,3,6
"2011","Cannock Chase 005C","E01029387",639,390,183,207,3,148,144,4,89,80,9,9
"2011","Cannock Chase 005D","E01029389",784,522,222,300,4,42,17,25,199,180,19,17
"2011","Cannock Chase 006A","E01029379",643,497,105,392,2,85,76,9,56,54,2,3
"2011","Cannock Chase 006B","E01029398",690,532,276,256,1,105,60,45,41,30,11,11
"2011","Cannock Chase 006C","E01029399",647,472,167,305,3,53,50,3,113,106,7,6
"2011","Cannock Chase 006D","E01029400",636,450,162,288,0,134,130,4,43,40,3,9
"2011","Cannock Chase 007A","E01029354",647,443,199,244,3,135,124,11,53,48,5,13
"2011","Cannock Chase 007B","E01029355",657,357,152,205,1,226,155,71,59,51,8,14
"2011","Cannock Chase 007C","E01029356",638,284,157,127,17,274,142,132,51,39,12,12
"2011","Cannock Chase 007D","E01029357",551,321,150,171,3,139,130,9,82,76,6,6
"2011","Cannock Chase 007E","E01029358",499,167,65,102,17,262,239,23,37,35,2,16
"2011","Cannock Chase 008A","E01029349",615,341,137,204,6,201,168,33,57,51,6,10
"2011","Cannock Chase 008B","E01029350",678,340,167,173,0,217,199,18,110,103,7,11
"2011","Cannock Chase 008C","E01029351",651,253,111,142,2,328,319,9,61,59,2,7
"2011","Cannock Chase 008D","E01029352",548,400,189,211,2,31,17,14,111,105,6,4
"2011","Cannock Chase 008E","E01029393",756,593,290,303,4,76,63,13,74,68,6,9
"2011","Cannock Chase 009A","E01029380",565,498,150,348,3,9,7,2,53,45,8,2
"2011","Cannock Chase 009B","E01029381",692,408,192,216,0,184,181,3,87,80,7,13
"2011","Cannock Chase 009C","E01029382",726,488,217,271,4,83,78,5,134,116,18,17
"2011","Cannock Chase 009D","E01029391",673,565,281,284,4,37,20,17,61,57,4,6
"2011","Cannock Chase 009E","E01029392",716,639,217,422,0,15,10,5,60,54,6,2
"2011","Cannock Chase 010A","E01029375",893,725,164,561,4,60,4,56,100,93,7,4
"2011","Cannock Chase 010B","E01029376",732,519,100,419,13,60,4,56,135,124,11,5
"2011","Cannock Chase 010C","E01029377",513,457,89,368,2,3,2,1,49,48,1,2
"2011","Cannock Chase 010D","E01029378",659,568,184,384,11,11,2,9,69,61,8,0
"2011","Cannock Chase 011A","E01029353",690,452,285,167,4,140,109,31,83,74,9,11
"2011","Cannock Chase 011B","E01029364",724,583,347,236,1,35,1,34,102,97,5,3
"2011","Cannock Chase 011C","E01029365",652,496,249,247,0,59,52,7,88,81,7,9
"2011","Cannock Chase 011D","E01029366",735,670,446,224,0,23,19,4,28,25,3,14
"2011","Cannock Chase 011E","E01029367",944,615,301,314,3,202,56,146,107,94,13,17
"2011","Cannock Chase 012A","E01029359",744,301,84,217,29,229,105,124,181,168,13,4
"2011","Cannock Chase 012B","E01029360",734,394,206,188,14,170,125,45,139,126,13,17
"2011","Cannock Chase 012C","E01029361",628,392,200,192,1,157,148,9,70,65,5,8
"2011","Cannock Chase 012D","E01029362",685,261,106,155,24,316,234,82,67,58,9,17
"2011","Cannock Chase 012E","E01029363",670,447,217,230,0,166,163,3,46,40,6,11
"2011","Cannock Chase 013A","E01029394",634,524,313,211,0,73,69,4,32,31,1,5
"2011","Cannock Chase 013B","E01029395",683,587,324,263,1,9,7,2,80,71,9,6
"2011","Cannock Chase 013C","E01029396",721,555,256,299,6,75,58,17,75,69,6,10
"2011","Cannock Chase 013D","E01029397",1052,629,189,440,2,314,284,30,92,88,4,15
"2011","East Staffordshire 001A","E01029405",638,529,288,241,3,38,16,22,55,50,5,13
"2011","East Staffordshire 001B","E01029406",474,405,234,171,4,10,5,5,44,40,4,11
"2011","East Staffordshire 001C","E01029422",470,369,223,146,1,30,3,27,41,29,12,29
"2011","East Staffordshire 001D","E01029423",670,420,191,229,16,142,35,107,84,77,7,8
"2011","East Staffordshire 001E","E01029467",900,680,414,266,4,63,12,51,128,117,11,25
"2011","East Staffordshire 002A","E01029430",603,509,257,252,3,43,8,35,41,36,5,7
"2011","East Staffordshire 002B","E01029431",686,407,191,216,44,201,83,118,31,26,5,3
"2011","East Staffordshire 002C","E01029432",632,540,324,216,0,42,13,29,45,38,7,5
"2011","East Staffordshire 002D","E01029433",614,393,181,212,2,169,67,102,42,34,8,8
"2011","East Staffordshire 003A","E01029459",624,502,164,338,6,19,7,12,93,86,7,4
"2011","East Staffordshire 003B","E01029460",786,534,262,272,1,112,40,72,130,120,10,9
"2011","East Staffordshire 003C","E01029461",843,541,235,306,5,139,52,87,152,141,11,6
"2011","East Staffordshire 003D","E01029462",689,527,278,249,1,56,22,34,96,74,22,9
"2011","East Staffordshire 004A","E01029443",707,651,372,279,0,8,4,4,39,38,1,9
"2011","East Staffordshire 004B","E01029444",726,562,348,214,2,95,25,70,54,48,6,13
"2011","East Staffordshire 004C","E01029463",508,422,234,188,0,17,6,11,52,47,5,17
"2011","East Staffordshire 004D","E01029464",693,407,201,206,5,214,59,155,54,47,7,13
"2011","East Staffordshire 004E","E01029465",702,577,308,269,3,35,11,24,79,67,12,8
"2011","East Staffordshire 004F","E01029466",615,566,287,279,3,9,4,5,35,32,3,2
"2011","East Staffordshire 005A","E01029454",642,615,355,260,1,3,0,3,19,17,2,4
"2011","East Staffordshire 005B","E01029455",747,697,337,360,1,2,0,2,45,41,4,2
"2011","East Staffordshire 005C","E01029456",747,567,305,262,2,53,10,43,113,106,7,12
"2011","East Staffordshire 005D","E01029457",533,477,170,307,0,3,1,2,51,49,2,2
"2011","East Staffordshire 005E","E01029458",616,523,280,243,0,52,17,35,35,32,3,6
"2011","East Staffordshire 006A","E01029411",519,423,264,159,1,38,11,27,44,38,6,13
"2011","East Staffordshire 006B","E01029412",576,456,250,206,4,37,6,31,60,44,16,19
"2011","East Staffordshire 006C","E01029424",433,320,190,130,0,43,14,29,63,53,10,7
"2011","East Staffordshire 006D","E01029425",601,514,278,236,2,31,2,29,45,35,10,9
"2011","East Staffordshire 006E","E01029473",562,453,256,197,0,31,9,22,70,57,13,8
"2011","East Staffordshire 006F","E01029474",517,459,272,187,1,14,5,9,37,30,7,6
"2011","East Staffordshire 007A","E01029434",628,411,170,241,3,66,22,44,143,127,16,5
"2011","East Staffordshire 007B","E01029435",641,529,319,210,4,23,8,15,76,65,11,9
"2011","East Staffordshire 007C","E01029436",842,381,159,222,5,294,97,197,153,145,8,9
"2011","East Staffordshire 007D","E01029437",924,392,116,276,27,369,149,220,124,117,7,12
"2011","East Staffordshire 007E","E01029438",638,547,315,232,1,41,10,31,43,40,3,6
"2011","East Staffordshire 008A","E01029426",713,369,168,201,7,93,24,69,236,218,18,8
"2011","East Staffordshire 008B","E01029427",653,273,138,135,3,289,112,177,79,72,7,9
"2011","East Staffordshire 008C","E01029428",645,430,140,290,0,62,24,38,151,137,14,2
"2011","East Staffordshire 008D","E01029429",491,332,156,176,0,15,6,9,139,123,16,5
"2011","East Staffordshire 009A","E01029445",849,298,127,171,11,227,81,146,294,282,12,19
"2011","East Staffordshire 009B","E01029446",743,508,280,228,2,63,17,46,164,155,9,6
"2011","East Staffordshire 009C","E01029447",605,280,128,152,17,42,9,33,258,239,19,8
"2011","East Staffordshire 009D","E01029448",734,386,211,175,2,155,17,138,180,162,18,11
"2011","East Staffordshire 010A","E01029468",693,217,101,116,4,417,130,287,47,43,4,8
"2011","East Staffordshire 010B","E01029469",763,646,358,288,3,49,12,37,60,57,3,5
"2011","East Staffordshire 010C","E01029470",635,420,204,216,4,105,36,69,98,87,11,8
"2011","East Staffordshire 010D","E01029471",685,546,257,289,0,20,8,12,110,97,13,9
"2011","East Staffordshire 010E","E01029472",654,391,214,177,2,220,75,145,37,34,3,4
"2011","East Staffordshire 011A","E01029407",544,346,180,166,2,25,8,17,163,146,17,8
"2011","East Staffordshire 011B","E01029408",825,387,143,244,3,95,13,82,330,316,14,10
"2011","East Staffordshire 011C","E01029409",667,325,167,158,5,45,10,35,289,271,18,3
"2011","East Staffordshire 011D","E01029410",601,360,171,189,1,50,11,39,180,168,12,10
"2011","East Staffordshire 011F","E01032896",564,176,51,125,5,99,8,91,271,259,12,13
"2011","East Staffordshire 011G","E01032897",577,364,166,198,5,57,14,43,148,143,5,3
"2011","East Staffordshire 011H","E01032898",599,151,74,77,11,192,24,168,231,215,16,14
"2011","East Staffordshire 012A","E01029418",823,766,312,454,0,7,0,7,47,42,5,3
"2011","East Staffordshire 012B","E01029419",651,582,251,331,1,6,1,5,56,47,9,6
"2011","East Staffordshire 012C","E01029420",737,655,362,293,4,13,4,9,57,51,6,8
"2011","East Staffordshire 013A","E01029413",655,448,207,241,3,107,36,71,91,82,9,6
"2011","East Staffordshire 013B","E01029414",686,540,210,330,1,17,5,12,126,118,8,2
"2011","East Staffordshire 013C","E01029415",627,487,126,361,0,7,4,3,132,122,10,1
"2011","East Staffordshire 013D","E01029416",538,447,255,192,0,13,6,7,71,62,9,7
"2011","East Staffordshire 013E","E01029417",527,438,263,175,1,44,13,31,39,37,2,5
"2011","East Staffordshire 014A","E01029449",698,541,297,244,0,49,12,37,103,100,3,5
"2011","East Staffordshire 014B","E01029450",617,268,108,160,3,277,108,169,62,55,7,7
"2011","East Staffordshire 014C","E01029451",849,571,276,295,1,147,42,105,122,113,9,8
"2011","East Staffordshire 014D","E01029452",769,400,208,192,0,314,108,206,44,36,8,11
"2011","East Staffordshire 014E","E01029453",703,225,95,130,0,387,141,246,75,67,8,16
"2011","East Staffordshire 015A","E01029439",633,566,334,232,1,4,0,4,59,53,6,3
"2011","East Staffordshire 015B","E01029440",526,408,218,190,0,15,1,14,100,93,7,3
"2011","East Staffordshire 015C","E01029441",670,524,295,229,1,80,25,55,57,45,12,8
"2011","East Staffordshire 015D","E01029442",556,503,295,208,2,18,6,12,30,29,1,3
"2011","Lichfield 001A","E01029480",746,624,251,373,4,17,0,17,99,95,4,2
"2011","Lichfield 001B","E01029481",804,602,330,272,8,110,10,100,77,69,8,7
"2011","Lichfield 001C","E01029482",635,467,212,255,0,104,13,91,59,57,2,5
"2011","Lichfield 001D","E01029498",711,573,319,254,4,69,14,55,56,43,13,9
"2011","Lichfield 002A","E01029477",647,561,303,258,1,13,0,13,65,52,13,7
"2011","Lichfield 002B","E01029478",645,494,248,246,4,94,11,83,46,37,9,7
"2011","Lichfield 002C","E01029479",1040,813,257,556,18,110,11,99,92,82,10,7
"2011","Lichfield 002D","E01029509",668,551,327,224,0,52,15,37,54,44,10,11
"2011","Lichfield 003A","E01029486",615,536,309,227,2,40,2,38,32,26,6,5
"2011","Lichfield 003B","E01029507",636,591,292,299,0,11,2,9,31,26,5,3
"2011","Lichfield 003C","E01029508",919,770,342,428,1,71,3,68,71,61,10,6
"2011","Lichfield 003D","E01029515",775,653,389,264,2,45,7,38,61,56,5,14
"2011","Lichfield 004A","E01029492",767,226,101,125,2,484,78,406,50,44,6,5
"2011","Lichfield 004B","E01029499",736,269,123,146,5,403,53,350,45,39,6,14
"2011","Lichfield 004C","E01029501",613,371,200,171,1,187,20,167,43,34,9,11
"2011","Lichfield 004E","E01029526",851,355,208,147,28,260,27,233,179,159,20,29
"2011","Lichfield 004F","E01032899",831,441,298,143,20,224,10,214,130,121,9,16
"2011","Lichfield 004G","E01032900",792,465,93,372,1,134,16,118,185,179,6,7
"2011","Lichfield 005A","E01029483",617,583,333,250,1,8,2,6,20,20,0,5
"2011","Lichfield 005B","E01029484",824,609,319,290,13,40,4,36,156,149,7,6
"2011","Lichfield 005C","E01029485",650,572,288,284,7,5,1,4,62,58,4,4
"2011","Lichfield 005D","E01029500",734,603,303,300,6,93,3,90,28,28,0,4
"2011","Lichfield 005E","E01029520",602,574,331,243,2,6,1,5,15,13,2,5
"2011","Lichfield 005F","E01029524",725,477,250,227,4,128,16,112,104,92,12,12
"2011","Lichfield 005G","E01029525",750,625,362,263,1,82,5,77,30,26,4,12
"2011","Lichfield 006A","E01029487",704,358,172,186,1,284,44,240,55,49,6,6
"2011","Lichfield 006B","E01029493",810,670,280,390,9,54,2,52,72,69,3,5
"2011","Lichfield 006C","E01029494",646,489,243,246,1,71,6,65,78,69,9,7
"2011","Lichfield 006D","E01029495",671,577,264,313,3,37,0,37,51,42,9,3
"2011","Lichfield 006E","E01029497",862,616,331,285,21,128,21,107,85,81,4,12
"2011","Lichfield 007A","E01029491",775,529,293,236,2,123,22,101,114,103,11,7
"2011","Lichfield 007B","E01029511",682,592,320,272,1,21,3,18,61,51,10,7
"2011","Lichfield 007C","E01029512",762,598,284,314,1,54,4,50,107,102,5,2
"2011","Lichfield 007D","E01029518",1114,932,410,522,8,54,4,50,114,109,5,6
"2011","Lichfield 007E","E01029519",935,598,241,357,19,196,22,174,110,102,8,12
"2011","Lichfield 008A","E01029516",743,562,276,286,2,72,6,66,93,77,16,14
"2011","Lichfield 008B","E01029517",669,543,298,245,2,55,7,48,62,56,6,7
"2011","Lichfield 008C","E01029530",676,462,219,243,4,67,4,63,132,76,56,11
"2011","Lichfield 008D","E01029531",679,614,365,249,0,15,2,13,42,35,7,8
"2011","Lichfield 009A","E01029475",842,749,413,336,7,27,2,25,57,49,8,2
"2011","Lichfield 009B","E01029476",607,524,292,232,0,38,4,34,39,33,6,6
"2011","Lichfield 009C","E01029489",653,621,365,256,2,6,2,4,22,16,6,2
"2011","Lichfield 009D","E01029490",607,514,239,275,3,41,5,36,40,37,3,9
"2011","Lichfield 009E","E01029505",649,551,319,232,1,31,4,27,59,54,5,7
"2011","Lichfield 009F","E01029506",757,705,449,256,4,9,0,9,37,33,4,2
"2011","Lichfield 010A","E01029496",753,352,139,213,5,311,38,273,70,65,5,15
"2011","Lichfield 010B","E01029527",548,275,124,151,1,231,38,193,33,29,4,8
"2011","Lichfield 010C","E01029528",523,397,192,205,1,59,7,52,58,49,9,8
"2011","Lichfield 010D","E01029529",491,394,140,254,1,32,4,28,63,56,7,1
"2011","Lichfield 011A","E01029513",491,467,267,200,1,4,1,3,17,15,2,2
"2011","Lichfield 011B","E01029514",613,558,348,210,0,9,2,7,40,35,5,6
"2011","Lichfield 011C","E01029521",692,614,371,243,2,19,0,19,47,41,6,10
"2011","Lichfield 011D","E01029522",625,471,254,217,0,96,12,84,52,44,8,6
"2011","Lichfield 011E","E01029523",625,573,309,264,1,31,4,27,16,14,2,4
"2011","Lichfield 012A","E01029488",695,544,276,268,2,52,3,49,85,69,16,12
"2011","Lichfield 012B","E01029502",644,407,192,215,1,181,22,159,48,45,3,7
"2011","Lichfield 012C","E01029503",644,508,288,220,0,85,11,74,43,36,7,8
"2011","Lichfield 012D","E01029504",704,386,187,199,1,163,18,145,140,124,16,14
"2011","Newcastle-under-Lyme 001A","E01029562",528,457,185,272,0,33,11,22,34,29,5,4
"2011","Newcastle-under-Lyme 001B","E01029565",468,438,164,274,3,7,0,7,17,14,3,3
"2011","Newcastle-under-Lyme 001C","E01029581",675,598,278,320,1,16,3,13,55,45,10,5
"2011","Newcastle-under-Lyme 001D","E01029582",792,686,384,302,1,36,9,27,60,49,11,9
"2011","Newcastle-under-Lyme 001E","E01029586",541,526,305,221,0,0,0,0,15,11,4,0
"2011","Newcastle-under-Lyme 001F","E01029587",539,495,250,245,0,5,3,2,36,34,2,3
"2011","Newcastle-under-Lyme 002A","E01029561",602,356,184,172,4,190,75,115,39,37,2,13
"2011","Newcastle-under-Lyme 002B","E01029563",601,479,242,237,5,82,13,69,31,28,3,4
"2011","Newcastle-under-Lyme 002C","E01029564",542,287,177,110,0,46,16,30,206,194,12,3
"2011","Newcastle-under-Lyme 002D","E01029588",735,445,181,264,0,180,41,139,98,96,2,12
"2011","Newcastle-under-Lyme 003A","E01029540",636,443,260,183,2,159,33,126,22,17,5,10
"2011","Newcastle-under-Lyme 003B","E01029541",624,355,155,200,0,195,66,129,66,64,2,8
"2011","Newcastle-under-Lyme 003C","E01029542",641,469,244,225,1,62,16,46,102,94,8,7
"2011","Newcastle-under-Lyme 003D","E01029543",474,221,86,135,0,221,91,130,20,16,4,12
"2011","Newcastle-under-Lyme 003E","E01029595",591,502,300,202,6,47,18,29,34,28,6,2
"2011","Newcastle-under-Lyme 003F","E01029597",622,302,127,175,0,268,104,164,45,39,6,7
"2011","Newcastle-under-Lyme 004A","E01029536",644,602,329,273,1,6,5,1,32,24,8,3
"2011","Newcastle-under-Lyme 004B","E01029544",517,435,127,308,0,41,8,33,39,36,3,2
"2011","Newcastle-under-Lyme 004C","E01029545",616,503,197,306,1,55,20,35,52,45,7,5
"2011","Newcastle-under-Lyme 004D","E01029546",484,428,114,314,0,6,1,5,44,40,4,6
"2011","Newcastle-under-Lyme 004E","E01029596",522,459,308,151,1,27,13,14,22,17,5,13
"2011","Newcastle-under-Lyme 005A","E01029532",642,489,261,228,3,72,33,39,67,55,12,11
"2011","Newcastle-under-Lyme 005B","E01029533",651,509,286,223,0,110,38,72,23,22,1,9
"2011","Newcastle-under-Lyme 005C","E01029534",673,580,316,264,0,20,10,10,67,61,6,6
"2011","Newcastle-under-Lyme 005D","E01029535",601,305,116,189,2,220,63,157,69,62,7,5
"2011","Newcastle-under-Lyme 005E","E01029556",1111,875,468,407,11,136,61,75,78,68,10,11
"2011","Newcastle-under-Lyme 006A","E01029537",626,447,201,246,1,123,54,69,48,41,7,7
"2011","Newcastle-under-Lyme 006B","E01029538",715,352,159,193,0,317,147,170,31,26,5,15
"2011","Newcastle-under-Lyme 006C","E01029539",618,515,271,244,0,76,34,42,23,17,6,4
"2011","Newcastle-under-Lyme 006D","E01029552",629,442,223,219,4,134,60,74,43,39,4,6
"2011","Newcastle-under-Lyme 006E","E01029558",638,342,142,200,0,216,96,120,69,62,7,11
"2011","Newcastle-under-Lyme 007A","E01029547",626,234,87,147,1,238,98,140,136,131,5,17
"2011","Newcastle-under-Lyme 007B","E01029548",662,253,126,127,4,313,121,192,79,70,9,13
"2011","Newcastle-under-Lyme 007C","E01029559",588,432,165,267,1,94,46,48,57,51,6,4
"2011","Newcastle-under-Lyme 007D","E01029560",672,282,114,168,3,320,129,191,59,54,5,8
"2011","Newcastle-under-Lyme 007E","E01029568",631,395,208,187,0,157,60,97,69,66,3,10
"2011","Newcastle-under-Lyme 008A","E01029583",682,463,214,249,3,123,24,99,86,83,3,7
"2011","Newcastle-under-Lyme 008B","E01029584",538,433,205,228,3,46,11,35,45,40,5,11
"2011","Newcastle-under-Lyme 008C","E01029585",661,504,231,273,2,30,4,26,118,106,12,7
"2011","Newcastle-under-Lyme 008D","E01029609",767,538,235,303,3,45,10,35,175,161,14,6
"2011","Newcastle-under-Lyme 008E","E01029611",800,392,146,246,14,290,89,201,93,83,10,11
"2011","Newcastle-under-Lyme 009A","E01029577",683,576,294,282,2,9,4,5,93,79,14,3
"2011","Newcastle-under-Lyme 009B","E01029579",766,625,302,323,0,64,8,56,70,64,6,7
"2011","Newcastle-under-Lyme 009C","E01029580",574,503,237,266,2,5,0,5,60,56,4,4
"2011","Newcastle-under-Lyme 009D","E01029610",585,498,231,267,0,19,1,18,65,55,10,3
"2011","Newcastle-under-Lyme 009E","E01029612",495,432,233,199,2,8,2,6,48,46,2,5
"2011","Newcastle-under-Lyme 010A","E01029553",605,282,140,142,0,262,120,142,51,43,8,10
"2011","Newcastle-under-Lyme 010B","E01029554",637,154,80,74,23,414,142,272,35,33,2,11
"2011","Newcastle-under-Lyme 010C","E01029566",504,143,63,80,3,326,154,172,22,20,2,10
"2011","Newcastle-under-Lyme 010D","E01029567",725,470,215,255,0,163,59,104,82,74,8,10
"2011","Newcastle-under-Lyme 010E","E01029598",737,332,125,207,4,275,117,158,111,93,18,15
"2011","Newcastle-under-Lyme 010F","E01029599",734,334,194,140,22,299,96,203,69,60,9,10
"2011","Newcastle-under-Lyme 011A","E01029555",758,404,186,218,1,195,71,124,148,132,16,10
"2011","Newcastle-under-Lyme 011B","E01029578",806,424,242,182,3,266,49,217,108,103,5,5
"2011","Newcastle-under-Lyme 011C","E01029602",946,425,224,201,2,123,12,111,379,364,15,17
"2011","Newcastle-under-Lyme 011D","E01029603",739,327,166,161,2,239,91,148,161,145,16,10
"2011","Newcastle-under-Lyme 011E","E01029604",940,255,125,130,6,429,144,285,222,208,14,28
"2011","Newcastle-under-Lyme 012A","E01029576",550,364,211,153,4,100,13,87,72,32,40,10
"2011","Newcastle-under-Lyme 012B","E01029593",745,362,176,186,3,256,81,175,115,105,10,9
"2011","Newcastle-under-Lyme 012C","E01029594",872,620,363,257,0,124,40,84,116,98,18,12
"2011","Newcastle-under-Lyme 013A","E01029557",551,443,255,188,1,34,9,25,65,59,6,8
"2011","Newcastle-under-Lyme 013B","E01029573",640,537,277,260,3,28,1,27,70,65,5,2
"2011","Newcastle-under-Lyme 013C","E01029574",610,497,294,203,0,45,7,38,58,56,2,10
"2011","Newcastle-under-Lyme 013D","E01029575",435,248,115,133,1,133,48,85,45,38,7,8
"2011","Newcastle-under-Lyme 014A","E01029549",798,456,253,203,0,280,97,183,53,47,6,9
"2011","Newcastle-under-Lyme 014B","E01029551",660,537,259,278,1,54,22,32,60,57,3,8
"2011","Newcastle-under-Lyme 014C","E01029591",738,343,188,155,8,317,116,201,59,44,15,11
"2011","Newcastle-under-Lyme 014D","E01029600",623,564,351,213,2,18,5,13,37,34,3,2
"2011","Newcastle-under-Lyme 014E","E01029605",542,472,266,206,0,25,11,14,39,31,8,6
"2011","Newcastle-under-Lyme 014F","E01029607",639,431,230,201,1,162,50,112,32,29,3,13
"2011","Newcastle-under-Lyme 015B","E01029589",522,482,277,205,9,9,3,6,18,15,3,4
"2011","Newcastle-under-Lyme 015C","E01029590",613,510,307,203,0,73,23,50,25,22,3,5
"2011","Newcastle-under-Lyme 015E","E01029601",690,541,343,198,28,56,8,48,53,41,12,12
"2011","Newcastle-under-Lyme 015F","E01029606",587,559,303,256,0,1,0,1,23,21,2,4
"2011","Newcastle-under-Lyme 015G","E01029608",646,550,357,193,2,60,3,57,27,26,1,7
"2011","Newcastle-under-Lyme 015H","E01033257",1113,975,479,496,4,52,22,30,71,68,3,11
"2011","Newcastle-under-Lyme 016A","E01029569",595,441,245,196,2,52,11,41,85,75,10,15
"2011","Newcastle-under-Lyme 016B","E01029570",1035,882,543,339,2,41,9,32,92,82,10,18
"2011","Newcastle-under-Lyme 016C","E01029571",561,471,266,205,1,47,7,40,31,24,7,11
"2011","Newcastle-under-Lyme 016D","E01029572",650,595,309,286,1,15,9,6,37,33,4,2
"2011","South Staffordshire 001A","E01029655",890,637,390,247,1,162,18,144,75,69,6,15
"2011","South Staffordshire 001B","E01029656",729,579,329,250,2,20,1,19,116,109,7,12
"2011","South Staffordshire 001C","E01029657",622,539,183,356,0,30,2,28,48,46,2,5
"2011","South Staffordshire 001D","E01029658",566,377,224,153,0,107,16,91,63,54,9,19
"2011","South Staffordshire 001E","E01029659",578,515,299,216,0,23,3,20,33,32,1,7
"2011","South Staffordshire 001F","E01029660",879,636,359,277,2,124,25,99,103,90,13,14
"2011","South Staffordshire 002A","E01029621",607,495,260,235,1,52,10,42,47,42,5,12
"2011","South Staffordshire 002B","E01029646",568,348,115,233,1,151,13,138,64,59,5,4
"2011","South Staffordshire 002C","E01029647",877,567,169,398,69,173,23,150,61,45,16,7
"2011","South Staffordshire 002D","E01029648",589,392,198,194,6,138,14,124,48,40,8,5
"2011","South Staffordshire 003A","E01029617",681,534,352,182,0,24,2,22,106,95,11,17
"2011","South Staffordshire 003B","E01029618",737,451,282,169,1,172,4,168,97,91,6,16
"2011","South Staffordshire 003C","E01029668",524,443,255,188,1,12,0,12,58,53,5,10
"2011","South Staffordshire 003D","E01029669",564,394,215,179,16,108,2,106,41,35,6,5
"2011","South Staffordshire 003E","E01029670",640,436,232,204,0,32,0,32,140,127,13,32
"2011","South Staffordshire 004A","E01029620",505,396,215,181,0,56,5,51,49,42,7,4
"2011","South Staffordshire 004B","E01029622",633,462,217,245,15,96,16,80,54,48,6,6
"2011","South Staffordshire 004C","E01029623",487,326,168,158,1,138,11,127,18,13,5,4
"2011","South Staffordshire 004D","E01029624",549,468,191,277,0,59,8,51,19,16,3,3
"2011","South Staffordshire 004E","E01029625",481,444,261,183,0,14,0,14,22,21,1,1
"2011","South Staffordshire 004F","E01029641",685,614,283,331,2,25,1,24,42,35,7,2
"2011","South Staffordshire 004G","E01029642",628,529,326,203,0,54,4,50,38,33,5,7
"2011","South Staffordshire 005A","E01029638",885,626,340,286,1,183,24,159,65,58,7,10
"2011","South Staffordshire 005B","E01029639",516,386,152,234,0,110,12,98,18,15,3,2
"2011","South Staffordshire 005C","E01029640",562,456,159,297,1,33,2,31,67,59,8,5
"2011","South Staffordshire 005D","E01029643",635,344,194,150,0,248,28,220,31,26,5,12
"2011","South Staffordshire 005E","E01029644",600,500,297,203,1,53,4,49,36,32,4,10
"2011","South Staffordshire 006A","E01029616",681,585,384,201,3,14,5,9,67,58,9,12
"2011","South Staffordshire 006B","E01029619",841,663,381,282,4,123,4,119,44,40,4,7
"2011","South Staffordshire 006C","E01029636",592,486,251,235,0,53,5,48,47,41,6,6
"2011","South Staffordshire 006D","E01029637",673,569,177,392,4,51,8,43,39,35,4,10
"2011","South Staffordshire 007A","E01029632",606,543,290,253,1,15,0,15,42,37,5,5
"2011","South Staffordshire 007B","E01029633",667,572,315,257,2,67,6,61,22,12,10,4
"2011","South Staffordshire 007C","E01029634",593,335,157,178,0,205,19,186,42,39,3,11
"2011","South Staffordshire 007D","E01029635",724,402,170,232,2,259,34,225,56,52,4,5
"2011","South Staffordshire 008A","E01029613",628,548,322,226,1,41,6,35,35,28,7,3
"2011","South Staffordshire 008B","E01029614",700,459,235,224,16,191,14,177,26,22,4,8
"2011","South Staffordshire 008C","E01029615",574,249,134,115,6,265,26,239,37,30,7,17
"2011","South Staffordshire 008D","E01029627",665,329,187,142,1,272,25,247,54,50,4,9
"2011","South Staffordshire 009A","E01029626",612,497,270,227,2,57,5,52,43,40,3,13
"2011","South Staffordshire 009B","E01029628",512,474,287,187,0,12,3,9,23,20,3,3
"2011","South Staffordshire 009C","E01029629",500,469,287,182,0,8,1,7,17,12,5,6
"2011","South Staffordshire 009D","E01029630",547,468,264,204,0,17,3,14,55,51,4,7
"2011","South Staffordshire 009E","E01029631",580,488,236,252,0,27,2,25,61,59,2,4
"2011","South Staffordshire 010A","E01029654",953,734,422,312,2,125,12,113,78,57,21,14
"2011","South Staffordshire 010B","E01029661",776,669,325,344,5,9,3,6,85,78,7,8
"2011","South Staffordshire 010C","E01029663",597,514,216,298,13,4,1,3,65,61,4,1
"2011","South Staffordshire 010D","E01029665",764,634,259,375,6,9,1,8,111,107,4,4
"2011","South Staffordshire 011A","E01029662",831,751,330,421,1,16,1,15,60,54,6,3
"2011","South Staffordshire 011B","E01029664",675,491,196,295,21,70,6,64,87,83,4,6
"2011","South Staffordshire 011C","E01029666",768,272,95,177,1,419,44,375,64,55,9,12
"2011","South Staffordshire 012A","E01029671",662,470,291,179,1,148,12,136,36,31,5,7
"2011","South Staffordshire 012B","E01029673",672,447,236,211,1,127,18,109,87,83,4,10
"2011","South Staffordshire 012C","E01029676",524,307,184,123,12,116,8,108,79,76,3,10
"2011","South Staffordshire 012D","E01029679",623,261,125,136,3,314,36,278,35,30,5,10
"2011","South Staffordshire 012E","E01029680",632,499,270,229,0,88,12,76,40,35,5,5
"2011","South Staffordshire 013A","E01029645",875,675,474,201,13,102,17,85,72,65,7,13
"2011","South Staffordshire 013B","E01029667",887,608,373,235,2,96,6,90,160,145,15,21
"2011","South Staffordshire 013C","E01029672",626,526,298,228,0,33,8,25,60,54,6,7
"2011","South Staffordshire 013D","E01029674",689,634,281,353,1,24,3,21,25,22,3,5
"2011","South Staffordshire 013E","E01029675",678,607,413,194,0,56,12,44,9,7,2,6
"2011","South Staffordshire 013F","E01029677",557,476,277,199,0,42,4,38,36,35,1,3
"2011","South Staffordshire 013G","E01029678",683,632,272,360,0,8,0,8,39,35,4,4
"2011","South Staffordshire 014A","E01029649",601,366,224,142,0,168,19,149,57,54,3,10
"2011","South Staffordshire 014B","E01029650",660,576,348,228,1,18,2,16,54,49,5,11
"2011","South Staffordshire 014C","E01029651",620,523,328,195,1,19,2,17,67,59,8,10
"2011","South Staffordshire 014D","E01029652",672,586,338,248,1,5,0,5,68,61,7,12
"2011","South Staffordshire 014E","E01029653",521,381,222,159,1,103,5,98,29,24,5,7
"2011","Stafford 001A","E01029702",667,461,276,185,0,154,75,79,43,39,4,9
"2011","Stafford 001B","E01029703",624,514,244,270,11,32,10,22,61,56,5,6
"2011","Stafford 001C","E01029704",602,532,309,223,0,38,20,18,28,24,4,4
"2011","Stafford 001D","E01029705",628,575,358,217,2,12,5,7,30,25,5,9
"2011","Stafford 002A","E01029681",497,290,144,146,0,150,75,75,46,43,3,11
"2011","Stafford 002B","E01029682",711,557,335,222,0,87,34,53,56,51,5,11
"2011","Stafford 002C","E01029683",552,428,272,156,0,47,26,21,61,53,8,16
"2011","Stafford 002D","E01029748",588,539,303,236,0,3,0,3,38,36,2,8
"2011","Stafford 002E","E01029749",738,557,335,222,2,60,22,38,102,88,14,17
"2011","Stafford 003A","E01029740",697,400,179,221,1,217,81,136,67,61,6,12
"2011","Stafford 003B","E01029744",989,741,292,449,3,42,13,29,191,169,22,12
"2011","Stafford 003C","E01029745",903,461,290,171,5,203,41,162,216,204,12,18
"2011","Stafford 003D","E01029746",674,442,221,221,2,139,58,81,84,77,7,7
"2011","Stafford 003E","E01029753",654,455,298,157,2,111,17,94,77,66,11,9
"2011","Stafford 003F","E01029756",759,548,219,329,4,59,5,54,141,127,14,7
"2011","Stafford 004A","E01029733",765,574,340,234,1,50,16,34,113,95,18,27
"2011","Stafford 004B","E01029739",603,554,226,328,2,2,1,1,39,35,4,6
"2011","Stafford 004C","E01029741",688,570,221,349,2,28,1,27,83,80,3,5
"2011","Stafford 004D","E01029754",565,491,264,227,3,16,0,16,49,45,4,6
"2011","Stafford 004E","E01029755",647,597,369,228,0,14,3,11,31,29,2,5
"2011","Stafford 005A","E01029695",924,652,367,285,5,140,58,82,116,106,10,11
"2011","Stafford 005B","E01029696",644,464,267,197,2,60,23,37,102,86,16,16
"2011","Stafford 005C","E01029697",536,417,214,203,2,39,17,22,70,57,13,8
"2011","Stafford 005D","E01029698",689,591,345,246,1,25,16,9,62,52,10,10
"2011","Stafford 005E","E01029747",595,492,236,256,4,52,20,32,42,37,5,5
"2011","Stafford 006A","E01029690",637,520,214,306,4,16,5,11,91,88,3,6
"2011","Stafford 006B","E01029718",805,731,371,360,3,12,2,10,57,46,11,2
"2011","Stafford 006C","E01029743",614,526,331,195,0,20,18,2,56,52,4,12
"2011","Stafford 006D","E01029751",724,602,379,223,1,75,42,33,40,38,2,6
"2011","Stafford 007A","E01029719",730,527,309,218,1,125,37,88,69,62,7,8
"2011","Stafford 007B","E01029720",670,258,98,160,1,319,127,192,81,75,6,11
"2011","Stafford 007C","E01029721",641,527,238,289,1,27,10,17,81,75,6,5
"2011","Stafford 007D","E01029750",660,407,179,228,5,147,42,105,92,87,5,9
"2011","Stafford 007E","E01029752",521,250,119,131,9,217,15,202,41,37,4,4
"2011","Stafford 008A","E01029687",823,662,377,285,2,37,8,29,107,94,13,15
"2011","Stafford 008B","E01029710",640,560,331,229,0,15,4,11,59,54,5,6
"2011","Stafford 008C","E01029711",612,518,238,280,5,44,13,31,38,30,8,7
"2011","Stafford 008D","E01029712",774,650,289,361,5,74,19,55,36,27,9,9
"2011","Stafford 008E","E01029713",694,537,306,231,9,88,19,69,51,49,2,9
"2011","Stafford 009A","E01029692",669,312,114,198,4,258,87,171,81,63,18,14
"2011","Stafford 009B","E01029693",805,194,70,124,14,150,30,120,443,166,277,4
"2011","Stafford 009C","E01029722",687,424,181,243,0,111,38,73,141,118,23,11
"2011","Stafford 009D","E01029725",695,250,106,144,3,255,87,168,171,146,25,16
"2011","Stafford 010A","E01029689",835,441,160,281,6,41,9,32,334,322,12,13
"2011","Stafford 010B","E01029691",693,220,72,148,3,274,75,199,187,167,20,9
"2011","Stafford 010C","E01029694",619,325,96,229,3,19,1,18,270,235,35,2
"2011","Stafford 010D","E01029699",955,502,207,295,14,174,22,152,251,233,18,14
"2011","Stafford 010E","E01029701",1131,387,172,215,2,204,19,185,519,488,31,19
"2011","Stafford 011A","E01029686",607,550,320,230,8,4,1,3,43,39,4,2
"2011","Stafford 011B","E01029700",536,450,177,273,1,4,2,2,76,69,7,5
"2011","Stafford 011C","E01029723",687,573,293,280,1,16,0,16,95,91,4,2
"2011","Stafford 011D","E01029724",680,592,285,307,2,4,0,4,77,72,5,5
"2011","Stafford 011E","E01029732",601,453,251,202,3,20,2,18,112,84,28,13
"2011","Stafford 012A","E01029714",647,584,229,355,1,6,1,5,53,49,4,3
"2011","Stafford 012B","E01029736",602,499,204,295,15,16,1,15,68,66,2,4
"2011","Stafford 012C","E01029737",666,479,251,228,1,132,51,81,49,44,5,5
"2011","Stafford 012D","E01029738",583,508,255,253,1,5,2,3,67,66,1,2
"2011","Stafford 012E","E01029742",861,730,431,299,1,46,13,33,74,67,7,10
"2011","Stafford 013A","E01029715",785,369,76,293,24,290,59,231,98,89,9,4
"2011","Stafford 013B","E01029716",681,352,160,192,2,279,94,185,41,34,7,7
"2011","Stafford 013C","E01029717",770,281,122,159,2,447,132,315,33,27,6,7
"2011","Stafford 013D","E01029727",689,240,103,137,2,366,138,228,62,53,9,19
"2011","Stafford 013E","E01029728",621,466,229,237,4,107,47,60,34,29,5,10
"2011","Stafford 014A","E01029684",596,521,275,246,10,3,0,3,54,47,7,8
"2011","Stafford 014B","E01029685",637,606,380,226,1,1,0,1,24,22,2,5
"2011","Stafford 014C","E01029730",445,408,250,158,0,2,0,2,28,24,4,7
"2011","Stafford 014D","E01029731",638,570,282,288,2,24,2,22,39,34,5,3
"2011","Stafford 014E","E01029757",640,576,258,318,1,1,0,1,58,50,8,4
"2011","Stafford 014F","E01029758",656,619,361,258,1,0,0,0,28,26,2,8
"2011","Stafford 014G","E01029759",726,658,377,281,3,5,0,5,57,52,5,3
"2011","Stafford 014H","E01029760",668,642,432,210,1,1,0,1,18,17,1,6
"2011","Stafford 015A","E01029688",914,740,424,316,1,74,34,40,84,73,11,15
"2011","Stafford 015B","E01029706",660,562,304,258,0,27,18,9,63,53,10,8
"2011","Stafford 015C","E01029707",674,474,243,231,0,127,49,78,56,50,6,17
"2011","Stafford 015D","E01029708",773,607,298,309,1,57,31,26,90,76,14,18
"2011","Stafford 015E","E01029709",620,546,278,268,0,22,9,13,44,37,7,8
"2011","Stafford 016A","E01029726",702,534,284,250,4,107,40,67,43,41,2,14
"2011","Stafford 016B","E01029729",868,430,170,260,7,310,75,235,112,101,11,9
"2011","Stafford 016C","E01029734",949,340,93,247,21,495,181,314,74,64,10,19
"2011","Stafford 016D","E01029735",948,689,283,406,9,138,72,66,108,100,8,4
"2011","Staffordshire Moorlands 001A","E01029797",623,490,300,190,5,41,12,29,75,59,16,12
"2011","Staffordshire Moorlands 001B","E01029806",677,568,347,221,6,35,7,28,61,53,8,7
"2011","Staffordshire Moorlands 001C","E01029808",663,461,260,201,2,90,35,55,98,91,7,12
"2011","Staffordshire Moorlands 001D","E01029809",618,317,152,165,1,261,105,156,29,28,1,10
"2011","Staffordshire Moorlands 001E","E01029810",546,335,166,169,1,172,66,106,36,27,9,2
"2011","Staffordshire Moorlands 002A","E01029767",727,659,387,272,0,13,8,5,49,37,12,6
"2011","Staffordshire Moorlands 002B","E01029769",753,708,480,228,1,6,0,6,31,25,6,7
"2011","Staffordshire Moorlands 002C","E01029770",839,785,397,388,2,4,0,4,45,40,5,3
"2011","Staffordshire Moorlands 002D","E01029802",739,656,403,253,3,14,3,11,56,45,11,10
"2011","Staffordshire Moorlands 003A","E01029763",682,312,120,192,1,294,143,151,64,59,5,11
"2011","Staffordshire Moorlands 003B","E01029764",651,455,124,331,1,101,32,69,92,83,9,2
"2011","Staffordshire Moorlands 003C","E01029765",541,273,157,116,1,178,62,116,83,78,5,6
"2011","Staffordshire Moorlands 003D","E01029766",631,402,168,234,0,156,64,92,61,52,9,12
"2011","Staffordshire Moorlands 003E","E01029774",919,624,255,369,3,110,47,63,174,160,14,8
"2011","Staffordshire Moorlands 004A","E01029768",621,558,357,201,1,23,9,14,34,30,4,5
"2011","Staffordshire Moorlands 004B","E01029771",724,671,454,217,6,11,5,6,28,25,3,8
"2011","Staffordshire Moorlands 004C","E01029772",777,663,338,325,0,47,9,38,60,47,13,7
"2011","Staffordshire Moorlands 004D","E01029773",663,624,403,221,4,2,1,1,27,22,5,6
"2011","Staffordshire Moorlands 005A","E01029804",923,528,250,278,2,43,12,31,340,305,35,10
"2011","Staffordshire Moorlands 005B","E01029807",547,316,160,156,5,139,36,103,75,71,4,12
"2011","Staffordshire Moorlands 005C","E01029811",658,426,195,231,2,150,57,93,60,53,7,20
"2011","Staffordshire Moorlands 005D","E01029812",993,568,255,313,10,138,20,118,261,233,28,16
"2011","Staffordshire Moorlands 005E","E01029814",790,571,274,297,3,66,11,55,145,138,7,5
"2011","Staffordshire Moorlands 006A","E01029792",996,839,396,443,2,14,4,10,133,126,7,8
"2011","Staffordshire Moorlands 006B","E01029793",687,588,307,281,1,44,18,26,46,43,3,8
"2011","Staffordshire Moorlands 006C","E01029805",731,554,301,253,0,92,10,82,67,65,2,18
"2011","Staffordshire Moorlands 006D","E01029813",896,790,401,389,1,35,14,21,60,51,9,10
"2011","Staffordshire Moorlands 006E","E01029815",676,577,345,232,1,60,22,38,33,31,2,5
"2011","Staffordshire Moorlands 006F","E01029816",608,565,323,242,0,22,3,19,17,16,1,4
"2011","Staffordshire Moorlands 007A","E01029801",776,607,389,218,5,47,10,37,100,86,14,17
"2011","Staffordshire Moorlands 007B","E01029803",778,663,418,245,5,27,7,20,71,57,14,12
"2011","Staffordshire Moorlands 007C","E01029817",823,585,381,204,3,82,26,56,119,94,25,34
"2011","Staffordshire Moorlands 008A","E01029762",669,591,362,229,0,24,7,17,49,44,5,5
"2011","Staffordshire Moorlands 008B","E01029775",670,635,419,216,0,2,2,0,29,27,2,4
"2011","Staffordshire Moorlands 008C","E01029776",737,694,453,241,0,3,0,3,32,30,2,8
"2011","Staffordshire Moorlands 008D","E01029777",632,519,292,227,0,61,24,37,49,46,3,3
"2011","Staffordshire Moorlands 009A","E01029779",726,683,460,223,2,2,0,2,34,29,5,5
"2011","Staffordshire Moorlands 009B","E01029780",650,563,287,276,1,48,15,33,25,23,2,13
"2011","Staffordshire Moorlands 009C","E01029794",584,509,304,205,0,11,7,4,56,44,12,8
"2011","Staffordshire Moorlands 009D","E01029818",618,578,304,274,2,4,1,3,32,24,8,2
"2011","Staffordshire Moorlands 009E","E01029819",729,688,429,259,1,4,0,4,30,23,7,6
"2011","Staffordshire Moorlands 010A","E01029761",596,465,299,166,4,48,22,26,62,54,8,17
"2011","Staffordshire Moorlands 010B","E01029782",839,551,271,280,1,180,81,99,93,82,11,14
"2011","Staffordshire Moorlands 010C","E01029795",767,595,336,259,4,82,27,55,76,69,7,10
"2011","Staffordshire Moorlands 010D","E01029796",642,510,278,232,3,79,37,42,38,33,5,12
"2011","Staffordshire Moorlands 011A","E01029781",662,561,319,242,2,39,11,28,57,52,5,3
"2011","Staffordshire Moorlands 011B","E01029783",652,390,194,196,3,181,84,97,67,52,15,11
"2011","Staffordshire Moorlands 011C","E01029786",589,512,242,270,3,15,4,11,51,39,12,8
"2011","Staffordshire Moorlands 011D","E01029787",782,499,287,212,2,133,56,77,139,122,17,9
"2011","Staffordshire Moorlands 012A","E01029778",707,620,350,270,1,17,5,12,49,37,12,20
"2011","Staffordshire Moorlands 012B","E01029789",449,395,219,176,1,17,7,10,28,22,6,8
"2011","Staffordshire Moorlands 012C","E01029798",749,573,300,273,1,76,37,39,89,79,10,10
"2011","Staffordshire Moorlands 012D","E01029799",807,728,452,276,2,22,10,12,50,44,6,5
"2011","Staffordshire Moorlands 012E","E01029800",670,601,329,272,1,5,1,4,55,53,2,8
"2011","Staffordshire Moorlands 013A","E01029784",898,835,455,380,0,7,0,7,43,33,10,13
"2011","Staffordshire Moorlands 013B","E01029785",728,675,317,358,9,1,1,0,35,30,5,8
"2011","Staffordshire Moorlands 013C","E01029788",547,474,261,213,1,3,0,3,58,50,8,11
"2011","Staffordshire Moorlands 013D","E01029790",785,628,289,339,4,107,44,63,37,29,8,9
"2011","Staffordshire Moorlands 013E","E01029791",612,478,242,236,1,11,2,9,110,95,15,12
"2011","Tamworth 001A","E01029846",521,419,210,209,1,62,62,0,37,30,7,2
"2011","Tamworth 001B","E01029847",537,501,238,263,0,5,4,1,30,21,9,1
"2011","Tamworth 001C","E01029848",515,457,237,220,0,24,3,21,31,27,4,3
"2011","Tamworth 001D","E01029852",763,480,281,199,0,222,189,33,43,37,6,18
"2011","Tamworth 001E","E01029853",672,462,217,245,3,125,110,15,76,70,6,6
"2011","Tamworth 001F","E01029854",641,593,376,217,1,8,6,2,36,33,3,3
"2011","Tamworth 002A","E01029835",1048,227,131,96,0,552,339,213,240,217,23,29
"2011","Tamworth 002B","E01029836",587,320,137,183,10,124,80,44,122,118,4,11
"2011","Tamworth 002C","E01029849",683,336,164,172,0,290,256,34,47,43,4,10
"2011","Tamworth 002D","E01029850",574,323,148,175,7,158,147,11,76,71,5,10
"2011","Tamworth 002E","E01029851",985,554,287,267,12,146,82,64,260,243,17,13
"2011","Tamworth 003A","E01029820",585,416,159,257,1,120,115,5,45,44,1,3
"2011","Tamworth 003B","E01029821",648,534,290,244,2,33,17,16,70,64,6,9
"2011","Tamworth 003C","E01029822",526,457,105,352,0,29,27,2,38,37,1,2
"2011","Tamworth 003D","E01029824",734,280,77,203,0,382,254,128,67,56,11,5
"2011","Tamworth 003E","E01029841",608,497,223,274,0,63,41,22,42,34,8,6
"2011","Tamworth 004A","E01029823",657,573,330,243,2,21,20,1,52,46,6,9
"2011","Tamworth 004B","E01029831",634,420,195,225,0,144,137,7,65,59,6,5
"2011","Tamworth 004C","E01029832",700,525,274,251,3,101,72,29,56,50,6,15
"2011","Tamworth 004D","E01029834",680,390,194,196,2,215,210,5,65,62,3,8
"2011","Tamworth 004E","E01029844",496,433,169,264,1,10,7,3,50,44,6,2
"2011","Tamworth 005A","E01029833",684,510,159,351,30,52,11,41,88,79,9,4
"2011","Tamworth 005B","E01029837",697,443,169,274,13,119,118,1,113,106,7,9
"2011","Tamworth 005C","E01029838",714,464,201,263,5,29,22,7,213,200,13,3
"2011","Tamworth 005D","E01029839",445,406,107,299,0,5,4,1,32,30,2,2
"2011","Tamworth 006A","E01029825",512,457,190,267,1,15,12,3,39,36,3,0
"2011","Tamworth 006B","E01029826",640,541,271,270,1,43,34,9,50,47,3,5
"2011","Tamworth 006C","E01029827",541,247,59,188,2,222,203,19,61,52,9,9
"2011","Tamworth 006D","E01029828",480,216,53,163,3,198,182,16,60,50,10,3
"2011","Tamworth 006E","E01029830",543,302,114,188,0,116,70,46,119,114,5,6
"2011","Tamworth 007A","E01029840",460,176,58,118,0,222,214,8,56,46,10,6
"2011","Tamworth 007B","E01029842",518,225,58,167,2,247,234,13,42,40,2,2
"2011","Tamworth 007C","E01029843",552,307,93,214,6,180,157,23,53,44,9,6
"2011","Tamworth 007D","E01029845",472,49,14,35,0,408,17,391,11,11,0,4
"2011","Tamworth 007E","E01029859",754,297,55,242,6,368,337,31,73,64,9,10
"2011","Tamworth 008A","E01029855",547,400,120,280,1,110,41,69,32,30,2,4
"2011","Tamworth 008B","E01029856",595,508,125,383,0,28,23,5,56,54,2,3
"2011","Tamworth 008C","E01029857",567,365,96,269,1,158,117,41,41,39,2,2
"2011","Tamworth 008D","E01029858",635,550,185,365,1,26,8,18,56,54,2,2
"2011","Tamworth 008E","E01029865",602,531,152,379,2,8,4,4,56,51,5,5
"2011","Tamworth 009A","E01029860",536,484,209,275,0,5,3,2,43,35,8,4
"2011","Tamworth 009B","E01029861",595,439,236,203,0,99,65,34,50,39,11,7
"2011","Tamworth 009C","E01029862",480,442,133,309,0,5,4,1,29,25,4,4
"2011","Tamworth 009D","E01029863",756,645,278,367,1,11,11,0,96,86,10,3
"2011","Tamworth 009E","E01029864",646,549,245,304,8,28,6,22,58,57,1,3
"2011","Tamworth 010A","E01029829",781,577,178,399,3,125,57,68,76,67,9,0
"2011","Tamworth 010C","E01029867",679,420,183,237,4,179,169,10,72,63,9,4
"2011","Tamworth 010D","E01029868",500,465,150,315,0,11,7,4,23,22,1,1
"2011","Tamworth 010E","E01029869",660,467,198,269,5,161,149,12,17,16,1,10
"2011","Tamworth 010F","E01032901",634,450,79,371,16,66,7,59,98,92,6,4
"2011","Tamworth 010G","E01032902",598,446,180,266,2,30,18,12,115,102,13,5
"2011","North Warwickshire 001A","E01031035",749,581,272,309,3,79,74,5,81,66,15,5
"2011","North Warwickshire 001B","E01031036",619,501,259,242,1,55,54,1,52,50,2,10
"2011","North Warwickshire 001C","E01031037",645,413,223,190,1,153,148,5,68,56,12,10
"2011","North Warwickshire 001D","E01031038",751,608,271,337,2,90,87,3,45,40,5,6
"2011","North Warwickshire 001E","E01031039",656,604,286,318,3,13,7,6,35,33,2,1
"2011","North Warwickshire 001F","E01031040",754,577,216,361,1,75,47,28,96,85,11,5
"2011","North Warwickshire 002A","E01031016",678,441,237,204,6,167,154,13,54,47,7,10
"2011","North Warwickshire 002B","E01031025",690,475,232,243,2,117,94,23,86,85,1,10
"2011","North Warwickshire 002C","E01031026",596,316,150,166,11,154,42,112,109,101,8,6
"2011","North Warwickshire 002D","E01031031",1015,695,277,418,25,197,152,45,90,79,11,8
"2011","North Warwickshire 002E","E01031032",528,311,157,154,12,103,35,68,101,97,4,1
"2011","North Warwickshire 003A","E01031009",971,663,297,366,3,129,98,31,164,155,9,12
"2011","North Warwickshire 003B","E01031010",847,239,95,144,3,377,257,120,209,200,9,19
"2011","North Warwickshire 003C","E01031011",788,643,317,326,10,48,28,20,79,73,6,8
"2011","North Warwickshire 003D","E01031012",631,381,210,171,1,204,195,9,32,29,3,13
"2011","North Warwickshire 003E","E01031013",484,404,247,157,10,7,3,4,60,58,2,3
"2011","North Warwickshire 003F","E01031014",505,444,244,200,2,29,25,4,28,26,2,2
"2011","North Warwickshire 003G","E01031015",598,237,109,128,0,309,198,111,39,29,10,13
"2011","North Warwickshire 004A","E01031023",639,564,321,243,1,22,15,7,46,40,6,6
"2011","North Warwickshire 004B","E01031024",675,555,303,252,1,35,21,14,68,57,11,16
"2011","North Warwickshire 004C","E01031033",783,553,300,253,14,158,108,50,52,47,5,6
"2011","North Warwickshire 004D","E01031034",767,694,307,387,6,22,17,5,41,35,6,4
"2011","North Warwickshire 005A","E01031005",578,360,153,207,2,132,85,47,71,67,4,13
"2011","North Warwickshire 005B","E01031008",578,332,136,196,19,148,95,53,71,65,6,8
"2011","North Warwickshire 005C","E01031017",524,444,244,200,2,23,18,5,45,37,8,10
"2011","North Warwickshire 005D","E01031018",461,349,168,181,0,28,24,4,76,72,4,8
"2011","North Warwickshire 005E","E01031029",578,478,207,271,4,41,25,16,50,42,8,5
"2011","North Warwickshire 005F","E01031030",984,664,321,343,3,205,141,64,101,91,10,11
"2011","North Warwickshire 006A","E01031019",668,557,229,328,19,42,17,25,47,42,5,3
"2011","North Warwickshire 006B","E01031020",700,543,256,287,6,14,5,9,128,118,10,9
"2011","North Warwickshire 006C","E01031021",779,458,229,229,0,182,98,84,123,108,15,16
"2011","North Warwickshire 006D","E01031022",687,545,287,258,0,41,37,4,89,84,5,12
"2011","North Warwickshire 006E","E01031041",720,626,287,339,2,22,17,5,66,58,8,4
"2011","North Warwickshire 006F","E01031042",721,574,287,287,0,86,83,3,54,45,9,7
"2011","North Warwickshire 007A","E01031006",635,453,162,291,0,89,80,9,91,78,13,2
"2011","North Warwickshire 007B","E01031007",489,427,206,221,0,21,12,9,36,33,3,5
"2011","North Warwickshire 007C","E01031027",580,486,251,235,0,24,21,3,61,54,7,9
"2011","North Warwickshire 007D","E01031028",761,491,254,237,1,78,70,8,169,153,16,22
"2011","Nuneaton and Bedworth 001A","E01031110",655,576,372,204,3,9,8,1,60,56,4,7
"2011","Nuneaton and Bedworth 001B","E01031111",412,395,202,193,0,1,0,1,15,14,1,1
"2011","Nuneaton and Bedworth 001C","E01031112",661,593,312,281,0,2,2,0,61,52,9,5
"2011","Nuneaton and Bedworth 001D","E01031113",607,571,321,250,0,3,3,0,31,30,1,2
"2011","Nuneaton and Bedworth 001E","E01031114",745,439,209,230,1,247,244,3,52,44,8,6
"2011","Nuneaton and Bedworth 002C","E01031073",821,591,304,287,5,103,66,37,109,91,18,13
"2011","Nuneaton and Bedworth 002D","E01031074",723,413,185,228,1,138,100,38,160,153,7,11
"2011","Nuneaton and Bedworth 002E","E01031075",709,372,137,235,1,232,226,6,95,85,10,9
"2011","Nuneaton and Bedworth 002F","E01032890",822,377,148,229,7,329,247,82,98,86,12,11
"2011","Nuneaton and Bedworth 003A","E01031100",503,471,207,264,3,5,2,3,22,15,7,2
"2011","Nuneaton and Bedworth 003B","E01031101",516,475,195,280,2,3,0,3,32,28,4,4
"2011","Nuneaton and Bedworth 003C","E01031102",582,446,194,252,4,33,13,20,96,89,7,3
"2011","Nuneaton and Bedworth 003D","E01031103",490,466,245,221,0,6,2,4,16,15,1,2
"2011","Nuneaton and Bedworth 003E","E01031104",642,612,426,186,0,3,2,1,22,19,3,5
"2011","Nuneaton and Bedworth 004A","E01031081",655,444,136,308,1,107,59,48,99,89,10,4
"2011","Nuneaton and Bedworth 004B","E01031082",504,463,121,342,3,8,4,4,30,27,3,0
"2011","Nuneaton and Bedworth 004C","E01031083",626,542,235,307,2,20,18,2,58,50,8,4
"2011","Nuneaton and Bedworth 004D","E01031084",868,691,216,475,20,9,2,7,142,127,15,6
"2011","Nuneaton and Bedworth 004E","E01031085",523,490,174,316,4,2,0,2,24,23,1,3
"2011","Nuneaton and Bedworth 005A","E01031043",906,304,136,168,15,349,302,47,225,200,25,13
"2011","Nuneaton and Bedworth 005B","E01031044",752,400,184,216,11,157,36,121,170,162,8,14
"2011","Nuneaton and Bedworth 005C","E01031045",763,517,246,271,2,97,36,61,142,129,13,5
"2011","Nuneaton and Bedworth 005D","E01031046",716,361,178,183,7,74,16,58,266,247,19,8
"2011","Nuneaton and Bedworth 005E","E01031047",845,469,210,259,7,59,36,23,304,289,15,6
"2011","Nuneaton and Bedworth 006A","E01031057",687,184,68,116,1,430,396,34,58,55,3,14
"2011","Nuneaton and Bedworth 006B","E01031058",623,433,202,231,3,125,106,19,56,49,7,6
"2011","Nuneaton and Bedworth 006C","E01031059",637,438,192,246,1,55,49,6,136,124,12,7
"2011","Nuneaton and Bedworth 006D","E01031060",635,467,240,227,1,98,90,8,60,56,4,9
"2011","Nuneaton and Bedworth 006E","E01031061",602,435,130,305,2,76,10,66,85,80,5,4
"2011","Nuneaton and Bedworth 007A","E01031090",620,271,80,191,0,278,271,7,60,55,5,11
"2011","Nuneaton and Bedworth 007B","E01031091",599,488,254,234,2,22,20,2,83,80,3,4
"2011","Nuneaton and Bedworth 007C","E01031092",622,356,147,209,0,132,119,13,125,117,8,9
"2011","Nuneaton and Bedworth 007D","E01031093",538,451,223,228,0,27,23,4,57,49,8,3
"2011","Nuneaton and Bedworth 007E","E01031094",506,368,134,234,1,28,20,8,107,95,12,2
"2011","Nuneaton and Bedworth 008A","E01031048",511,427,188,239,2,4,1,3,74,64,10,4
"2011","Nuneaton and Bedworth 008B","E01031049",929,654,240,414,14,99,69,30,150,141,9,12
"2011","Nuneaton and Bedworth 008C","E01031050",776,503,179,324,11,67,3,64,188,174,14,7
"2011","Nuneaton and Bedworth 008D","E01031051",581,529,292,237,0,18,3,15,32,29,3,2
"2011","Nuneaton and Bedworth 009A","E01031115",713,424,226,198,7,101,92,9,175,164,11,6
"2011","Nuneaton and Bedworth 009B","E01031116",719,266,122,144,2,382,319,63,56,48,8,13
"2011","Nuneaton and Bedworth 009C","E01031117",589,345,150,195,6,184,160,24,46,38,8,8
"2011","Nuneaton and Bedworth 009D","E01031118",483,306,154,152,3,127,106,21,36,34,2,11
"2011","Nuneaton and Bedworth 009E","E01031119",731,361,184,177,2,229,170,59,126,116,10,13
"2011","Nuneaton and Bedworth 010A","E01031052",639,398,153,245,2,33,12,21,204,188,16,2
"2011","Nuneaton and Bedworth 010B","E01031053",713,338,173,165,2,249,221,28,112,92,20,12
"2011","Nuneaton and Bedworth 010C","E01031054",661,477,229,248,1,112,76,36,67,60,7,4
"2011","Nuneaton and Bedworth 010D","E01031055",664,498,133,365,0,61,25,36,101,87,14,4
"2011","Nuneaton and Bedworth 010E","E01031056",615,414,186,228,1,133,30,103,62,56,6,5
"2011","Nuneaton and Bedworth 011A","E01031120",585,519,245,274,6,3,3,0,56,50,6,1
"2011","Nuneaton and Bedworth 011B","E01031121",454,441,205,236,0,1,1,0,11,10,1,1
"2011","Nuneaton and Bedworth 011C","E01031122",623,584,323,261,0,3,2,1,33,31,2,3
"2011","Nuneaton and Bedworth 011D","E01031123",507,485,260,225,2,1,0,1,18,16,2,1
"2011","Nuneaton and Bedworth 011E","E01031124",638,608,362,246,1,1,1,0,24,24,0,4
"2011","Nuneaton and Bedworth 012A","E01031105",590,509,258,251,0,5,1,4,74,60,14,2
"2011","Nuneaton and Bedworth 012B","E01031106",624,493,266,227,2,77,76,1,44,40,4,8
"2011","Nuneaton and Bedworth 012C","E01031107",469,396,150,246,2,12,10,2,57,55,2,2
"2011","Nuneaton and Bedworth 012D","E01031108",545,483,194,289,5,14,6,8,41,34,7,2
"2011","Nuneaton and Bedworth 012E","E01031109",738,433,169,264,16,199,188,11,77,73,4,13
"2011","Nuneaton and Bedworth 013A","E01031062",494,436,256,180,2,40,7,33,14,12,2,2
"2011","Nuneaton and Bedworth 013B","E01031063",660,338,194,144,0,277,128,149,37,33,4,8
"2011","Nuneaton and Bedworth 013C","E01031064",571,339,185,154,0,154,102,52,68,54,14,10
"2011","Nuneaton and Bedworth 013D","E01031065",623,434,205,229,1,115,109,6,63,60,3,10
"2011","Nuneaton and Bedworth 013E","E01031066",637,287,121,166,1,273,249,24,57,50,7,19
"2011","Nuneaton and Bedworth 014A","E01031067",733,434,239,195,2,209,156,53,76,73,3,12
"2011","Nuneaton and Bedworth 014B","E01031068",739,666,406,260,0,27,25,2,41,34,7,5
"2011","Nuneaton and Bedworth 014C","E01031069",667,619,442,177,3,2,1,1,38,25,13,5
"2011","Nuneaton and Bedworth 014D","E01031070",655,603,378,225,1,5,3,2,44,39,5,2
"2011","Nuneaton and Bedworth 015A","E01031095",496,315,138,177,1,101,97,4,74,56,18,5
"2011","Nuneaton and Bedworth 015B","E01031096",600,421,167,254,9,41,14,27,127,118,9,2
"2011","Nuneaton and Bedworth 015C","E01031097",751,374,137,237,5,284,246,38,75,65,10,13
"2011","Nuneaton and Bedworth 015D","E01031098",559,445,197,248,7,15,6,9,88,82,6,4
"2011","Nuneaton and Bedworth 015E","E01031099",935,710,229,481,22,26,20,6,173,162,11,4
"2011","Nuneaton and Bedworth 016A","E01031086",773,625,293,332,4,52,14,38,87,75,12,5
"2011","Nuneaton and Bedworth 016B","E01031087",890,599,226,373,1,182,168,14,98,91,7,10
"2011","Nuneaton and Bedworth 016C","E01031088",772,568,187,381,8,104,53,51,87,79,8,5
"2011","Nuneaton and Bedworth 016D","E01031089",639,589,337,252,1,6,6,0,39,33,6,4
"2011","Nuneaton and Bedworth 018A","E01031077",612,426,133,293,0,104,54,50,74,69,5,8
"2011","Nuneaton and Bedworth 018B","E01031078",811,699,324,375,2,8,5,3,98,88,10,4
"2011","Nuneaton and Bedworth 018C","E01031079",642,478,266,212,1,115,112,3,41,34,7,7
"2011","Nuneaton and Bedworth 018D","E01031080",669,442,211,231,2,110,106,4,109,100,9,6
"2011","Nuneaton and Bedworth 018E","E01032588",571,510,270,240,0,1,1,0,55,45,10,5
"2011","Rugby 001B","E01031129",510,397,223,174,1,61,13,48,44,36,8,7
"2011","Rugby 001C","E01031159",691,585,315,270,2,48,43,5,48,35,13,8
"2011","Rugby 001D","E01031160",905,646,341,305,2,115,110,5,121,109,12,21
"2011","Rugby 001E","E01031182",839,589,350,239,0,53,32,21,178,50,128,19
"2011","Rugby 001F","E01032891",694,453,63,390,1,28,4,24,212,202,10,0
"2011","Rugby 001G","E01032892",766,583,250,333,11,78,53,25,91,82,9,3
"2011","Rugby 002A","E01031137",561,353,114,239,30,76,61,15,97,91,6,5
"2011","Rugby 002B","E01031138",450,362,107,255,4,41,5,36,41,38,3,2
"2011","Rugby 002C","E01031139",686,596,172,424,3,19,13,6,66,66,0,2
"2011","Rugby 002D","E01031140",537,445,216,229,3,52,26,26,34,32,2,3
"2011","Rugby 002E","E01031141",749,378,114,264,14,189,58,131,163,154,9,5
"2011","Rugby 002F","E01031142",688,249,47,202,2,360,201,159,73,65,8,4
"2011","Rugby 003A","E01031171",607,407,176,231,3,107,88,19,82,71,11,8
"2011","Rugby 003B","E01031172",735,346,152,194,4,288,219,69,82,78,4,15
"2011","Rugby 003C","E01031173",994,295,160,135,8,441,340,101,227,219,8,23
"2011","Rugby 003D","E01031174",739,341,168,173,2,185,77,108,202,191,11,9
"2011","Rugby 004A","E01031151",620,568,326,242,18,3,2,1,28,27,1,3
"2011","Rugby 004B","E01031152",495,429,251,178,0,24,22,2,37,34,3,5
"2011","Rugby 004C","E01031153",589,399,183,216,3,138,82,56,44,37,7,5
"2011","Rugby 004D","E01031154",763,644,322,322,1,31,23,8,81,77,4,6
"2011","Rugby 004E","E01031181",728,576,270,306,11,84,75,9,45,39,6,12
"2011","Rugby 005A","E01031130",764,450,129,321,9,38,13,25,264,241,23,3
"2011","Rugby 005B","E01031131",687,367,174,193,8,41,13,28,264,248,16,7
"2011","Rugby 005C","E01031132",867,426,166,260,7,82,53,29,346,327,19,6
"2011","Rugby 005D","E01031133",715,373,144,229,4,190,167,23,138,132,6,10
"2011","Rugby 006A","E01031167",551,430,207,223,3,48,10,38,68,62,6,2
"2011","Rugby 006B","E01031168",1157,513,187,326,55,278,160,118,303,290,13,8
"2011","Rugby 006C","E01031169",923,548,182,366,18,77,13,64,275,255,20,5
"2011","Rugby 006D","E01031170",757,399,165,234,7,183,125,58,154,141,13,14
"2011","Rugby 007A","E01031125",658,554,237,317,4,7,4,3,92,84,8,1
"2011","Rugby 007C","E01031127",624,298,133,165,6,256,15,241,58,56,2,6
"2011","Rugby 007D","E01031164",849,693,265,428,20,46,14,32,84,80,4,6
"2011","Rugby 007E","E01031165",690,391,185,206,1,231,199,32,60,55,5,7
"2011","Rugby 007F","E01032893",589,512,110,402,0,43,3,40,29,29,0,5
"2011","Rugby 007G","E01032894",483,325,50,275,36,57,1,56,62,59,3,3
"2011","Rugby 007H","E01032895",542,461,180,281,1,28,6,22,52,49,3,0
"2011","Rugby 008A","E01031155",545,502,248,254,3,1,1,0,36,32,4,3
"2011","Rugby 008B","E01031156",647,570,268,302,18,2,2,0,52,49,3,5
"2011","Rugby 008C","E01031157",791,641,278,363,20,39,5,34,83,74,9,8
"2011","Rugby 008D","E01031158",480,439,263,176,2,8,2,6,28,27,1,3
"2011","Rugby 009A","E01031143",649,558,329,229,2,9,5,4,70,51,19,10
"2011","Rugby 009B","E01031144",576,324,161,163,5,68,50,18,169,150,19,10
"2011","Rugby 009C","E01031145",503,169,101,68,4,169,100,69,122,87,35,39
"2011","Rugby 009D","E01031146",630,367,208,159,0,192,74,118,60,55,5,11
"2011","Rugby 010A","E01031161",874,720,371,349,2,64,40,24,77,67,10,11
"2011","Rugby 010B","E01031162",732,557,287,270,0,86,85,1,79,68,11,10
"2011","Rugby 010C","E01031163",743,398,192,206,0,281,259,22,46,39,7,18
"2011","Rugby 010D","E01031179",690,623,297,326,0,4,4,0,59,53,6,4
"2011","Rugby 010E","E01031180",856,646,322,324,1,100,73,27,99,86,13,10
"2011","Rugby 011A","E01031134",732,670,419,251,1,8,8,0,48,44,4,5
"2011","Rugby 011B","E01031135",777,669,450,219,1,56,55,1,46,41,5,5
"2011","Rugby 011C","E01031136",722,546,266,280,2,75,32,43,90,78,12,9
"2011","Rugby 011D","E01031175",575,521,350,171,0,10,6,4,42,38,4,2
"2011","Rugby 011E","E01031176",590,299,100,199,15,202,193,9,60,57,3,14
"2011","Rugby 011F","E01031177",609,304,108,196,10,221,179,42,63,58,5,11
"2011","Rugby 011G","E01031178",643,482,298,184,3,93,92,1,60,57,3,5
"2011","Rugby 012A","E01031147",671,610,423,187,1,18,14,4,37,29,8,5
"2011","Rugby 012B","E01031148",740,503,294,209,8,138,128,10,75,62,13,16
"2011","Rugby 012C","E01031149",626,511,285,226,1,39,38,1,66,61,5,9
"2011","Rugby 012D","E01031150",493,412,247,165,1,43,40,3,29,24,5,8
"2011","Rugby 012E","E01031166",779,664,373,291,1,41,32,9,62,53,9,11
"2011","Stratford-on-Avon 001A","E01031213",757,582,304,278,10,73,4,69,75,60,15,17
"2011","Stratford-on-Avon 001B","E01031243",788,702,428,274,1,26,2,24,50,34,16,9
"2011","Stratford-on-Avon 001C","E01031244",742,574,344,230,3,63,0,63,85,76,9,17
"2011","Stratford-on-Avon 002A","E01031195",918,750,445,305,6,103,6,97,49,46,3,10
"2011","Stratford-on-Avon 002B","E01031202",788,630,382,248,6,10,1,9,135,131,4,7
"2011","Stratford-on-Avon 002C","E01031203",706,394,219,175,2,239,30,209,57,52,5,14
"2011","Stratford-on-Avon 002D","E01031204",632,556,433,123,4,17,2,15,47,40,7,8
"2011","Stratford-on-Avon 003A","E01031239",688,513,257,256,22,19,2,17,115,106,9,19
"2011","Stratford-on-Avon 003B","E01031240",579,390,208,182,0,124,15,109,56,49,7,9
"2011","Stratford-on-Avon 003C","E01031241",593,480,253,227,0,64,6,58,45,35,10,4
"2011","Stratford-on-Avon 003D","E01031242",653,403,219,184,2,167,20,147,68,56,12,13
"2011","Stratford-on-Avon 004A","E01031219",639,445,203,242,1,150,10,140,39,32,7,4
"2011","Stratford-on-Avon 004B","E01031220",601,496,256,240,3,68,6,62,28,25,3,6
"2011","Stratford-on-Avon 004C","E01031221",695,427,212,215,17,196,13,183,49,43,6,6
"2011","Stratford-on-Avon 004D","E01031222",843,660,330,330,12,35,3,32,132,123,9,4
"2011","Stratford-on-Avon 004E","E01031223",526,384,176,208,13,73,6,67,50,42,8,6
"2011","Stratford-on-Avon 004F","E01031224",455,348,183,165,2,31,2,29,70,60,10,4
"2011","Stratford-on-Avon 005A","E01031197",513,361,203,158,6,33,3,30,98,86,12,15
"2011","Stratford-on-Avon 005B","E01031198",521,378,179,199,4,77,1,76,51,44,7,11
"2011","Stratford-on-Avon 005C","E01031199",598,404,218,186,3,120,11,109,58,51,7,13
"2011","Stratford-on-Avon 005D","E01031200",652,534,219,315,1,43,4,39,71,67,4,3
"2011","Stratford-on-Avon 005E","E01031201",671,597,352,245,7,24,2,22,40,33,7,3
"2011","Stratford-on-Avon 005F","E01031210",516,412,226,186,14,36,3,33,48,42,6,6
"2011","Stratford-on-Avon 005G","E01031211",449,312,143,169,1,87,12,75,39,36,3,10
"2011","Stratford-on-Avon 006A","E01031183",809,532,305,227,9,41,5,36,209,192,17,18
"2011","Stratford-on-Avon 006B","E01031184",650,503,269,234,3,48,3,45,84,74,10,12
"2011","Stratford-on-Avon 006C","E01031185",628,308,136,172,3,262,32,230,46,40,6,9
"2011","Stratford-on-Avon 006D","E01031186",665,390,218,172,3,232,20,212,30,27,3,10
"2011","Stratford-on-Avon 007A","E01031187",813,658,409,249,2,60,7,53,81,78,3,12
"2011","Stratford-on-Avon 007B","E01031188",912,760,472,288,3,57,9,48,83,69,14,9
"2011","Stratford-on-Avon 007C","E01031208",881,754,441,313,19,35,3,32,65,54,11,8
"2011","Stratford-on-Avon 008A","E01031217",513,422,243,179,6,50,0,50,26,24,2,9
"2011","Stratford-on-Avon 008B","E01031218",452,327,170,157,8,33,4,29,67,49,18,17
"2011","Stratford-on-Avon 008C","E01031249",509,303,122,181,1,160,9,151,43,38,5,2
"2011","Stratford-on-Avon 008D","E01031250",662,538,316,222,0,27,3,24,92,80,12,5
"2011","Stratford-on-Avon 008E","E01031251",504,470,282,188,1,11,1,10,15,14,1,7
"2011","Stratford-on-Avon 008F","E01031252",514,321,160,161,2,97,13,84,78,61,17,16
"2011","Stratford-on-Avon 008G","E01031253",661,415,196,219,3,172,12,160,63,59,4,8
"2011","Stratford-on-Avon 009A","E01031228",713,602,393,209,4,17,2,15,86,78,8,4
"2011","Stratford-on-Avon 009B","E01031229",1005,526,328,198,4,83,7,76,383,359,24,9
"2011","Stratford-on-Avon 009C","E01031230",972,603,249,354,49,150,11,139,163,148,15,7
"2011","Stratford-on-Avon 009D","E01031231",1020,433,178,255,16,323,35,288,237,228,9,11
"2011","Stratford-on-Avon 009E","E01031236",650,460,215,245,12,109,4,105,66,64,2,3
"2011","Stratford-on-Avon 009F","E01031238",640,288,149,139,1,265,32,233,77,69,8,9
"2011","Stratford-on-Avon 010A","E01031225",708,602,376,226,3,11,0,11,86,67,19,6
"2011","Stratford-on-Avon 010C","E01031227",904,670,401,269,9,89,5,84,123,110,13,13
"2011","Stratford-on-Avon 010D","E01033250",552,391,109,282,4,22,2,20,132,128,4,3
"2011","Stratford-on-Avon 010E","E01033251",458,255,72,183,38,74,3,71,89,77,12,2
"2011","Stratford-on-Avon 010F","E01033252",546,506,314,192,3,13,0,13,17,17,0,7
"2011","Stratford-on-Avon 011A","E01031232",993,705,378,327,22,72,3,69,186,171,15,8
"2011","Stratford-on-Avon 011B","E01031233",731,471,244,227,6,120,16,104,127,123,4,7
"2011","Stratford-on-Avon 011C","E01031234",971,492,323,169,21,137,5,132,305,287,18,16
"2011","Stratford-on-Avon 011D","E01031235",941,680,476,204,1,65,4,61,182,168,14,13
"2011","Stratford-on-Avon 011E","E01031237",590,492,276,216,2,50,0,50,41,37,4,5
"2011","Stratford-on-Avon 012A","E01031189",621,407,215,192,7,107,8,99,94,79,15,6
"2011","Stratford-on-Avon 012B","E01031190",669,449,183,266,2,161,17,144,49,41,8,8
"2011","Stratford-on-Avon 012C","E01031191",707,596,305,291,12,43,3,40,52,50,2,4
"2011","Stratford-on-Avon 012D","E01031192",859,662,313,349,37,34,6,28,118,111,7,8
"2011","Stratford-on-Avon 012E","E01031248",913,719,456,263,15,83,5,78,77,70,7,19
"2011","Stratford-on-Avon 013A","E01031194",969,659,319,340,1,95,9,86,188,117,71,26
"2011","Stratford-on-Avon 013B","E01031205",659,501,247,254,2,46,6,40,95,87,8,15
"2011","Stratford-on-Avon 013C","E01031206",607,383,200,183,3,167,17,150,43,40,3,11
"2011","Stratford-on-Avon 013D","E01031207",540,372,187,185,7,104,15,89,50,45,5,7
"2011","Stratford-on-Avon 013E","E01031247",965,709,407,302,5,124,8,116,109,100,9,18
"2011","Stratford-on-Avon 014A","E01031196",975,764,390,374,2,81,6,75,119,107,12,9
"2011","Stratford-on-Avon 014B","E01031212",1105,723,325,398,15,174,15,159,179,158,21,14
"2011","Stratford-on-Avon 014C","E01031245",544,406,246,160,12,66,8,58,49,41,8,11
"2011","Stratford-on-Avon 014D","E01031246",464,349,184,165,3,43,4,39,53,47,6,16
"2011","Stratford-on-Avon 015A","E01031193",948,685,419,266,2,107,11,96,125,114,11,29
"2011","Stratford-on-Avon 015B","E01031209",975,696,424,272,5,133,8,125,111,94,17,30
"2011","Stratford-on-Avon 015C","E01031214",776,663,356,307,9,47,7,40,46,43,3,11
"2011","Stratford-on-Avon 015D","E01031215",865,555,308,247,22,139,9,130,138,126,12,11
"2011","Stratford-on-Avon 015E","E01031216",677,397,219,178,2,196,18,178,64,56,8,18
"2011","Warwick 001A","E01031254",624,531,285,246,0,28,15,13,51,46,5,14
"2011","Warwick 001B","E01031255",627,571,317,254,2,5,4,1,46,42,4,3
"2011","Warwick 001C","E01031256",795,632,418,214,3,28,6,22,123,119,4,9
"2011","Warwick 001D","E01031257",666,427,171,256,3,93,90,3,135,126,9,8
"2011","Warwick 001E","E01031258",775,493,299,194,0,82,63,19,191,174,17,9
"2011","Warwick 002A","E01031296",718,567,253,314,19,6,2,4,121,117,4,5
"2011","Warwick 002B","E01031297",876,575,254,321,3,141,115,26,144,128,16,13
"2011","Warwick 002C","E01031298",796,652,361,291,22,19,3,16,97,90,7,6
"2011","Warwick 002D","E01031299",560,525,307,218,2,6,3,3,21,21,0,6
"2011","Warwick 002E","E01031300",708,620,300,320,14,14,6,8,58,52,6,2
"2011","Warwick 003A","E01031303",714,438,235,203,0,151,101,50,113,108,5,12
"2011","Warwick 003B","E01031304",603,530,296,234,0,52,46,6,20,18,2,1
"2011","Warwick 003C","E01031305",654,631,415,216,2,3,1,2,16,15,1,2
"2011","Warwick 003D","E01031306",601,460,246,214,3,78,73,5,53,47,6,7
"2011","Warwick 003E","E01031307",664,581,369,212,4,8,6,2,67,60,7,4
"2011","Warwick 004A","E01031281",626,512,269,243,1,29,28,1,67,59,8,17
"2011","Warwick 004B","E01031282",669,479,259,220,3,84,56,28,78,69,9,25
"2011","Warwick 004C","E01031283",526,398,210,188,3,20,10,10,95,88,7,10
"2011","Warwick 004D","E01031284",506,432,250,182,1,21,21,0,43,38,5,9
"2011","Warwick 005A","E01031277",642,538,290,248,2,35,31,4,61,54,7,6
"2011","Warwick 005B","E01031278",566,487,262,225,2,6,4,2,65,60,5,6
"2011","Warwick 005C","E01031279",622,495,301,194,3,69,66,3,47,41,6,8
"2011","Warwick 005D","E01031280",524,420,219,201,3,45,37,8,48,42,6,8
"2011","Warwick 005E","E01031301",590,490,294,196,1,4,0,4,81,74,7,14
"2011","Warwick 005F","E01031302",434,320,143,177,2,69,57,12,37,33,4,6
"2011","Warwick 005G","E01031308",850,547,296,251,9,87,40,47,192,136,56,15
"2011","Warwick 006A","E01031273",656,183,67,116,2,417,403,14,43,39,4,11
"2011","Warwick 006B","E01031274",621,336,154,182,3,215,197,18,55,50,5,12
"2011","Warwick 006C","E01031275",529,457,274,183,1,45,24,21,21,20,1,5
"2011","Warwick 006D","E01031276",636,327,124,203,0,251,231,20,46,43,3,12
"2011","Warwick 007B","E01031272",784,450,218,232,12,49,38,11,266,254,12,7
"2011","Warwick 007C","E01031285",1043,642,373,269,3,71,7,64,312,301,11,15
"2011","Warwick 007D","E01031286",695,349,150,199,3,249,201,48,86,79,7,8
"2011","Warwick 007E","E01031287",583,524,266,258,3,14,5,9,40,37,3,2
"2011","Warwick 007F","E01031288",713,562,310,252,0,56,10,46,92,81,11,3
"2011","Warwick 007G","E01031289",569,486,213,273,2,29,26,3,47,41,6,5
"2011","Warwick 007H","E01033253",751,244,125,119,20,49,20,29,429,411,18,9
"2011","Warwick 007I","E01033256",707,218,95,123,2,117,65,52,363,345,18,7
"2011","Warwick 008A","E01031309",764,439,184,255,2,204,135,69,111,100,11,8
"2011","Warwick 008B","E01031310",559,435,241,194,5,50,18,32,68,65,3,1
"2011","Warwick 008C","E01031311",569,353,158,195,1,162,147,15,45,38,7,8
"2011","Warwick 008D","E01031312",542,300,135,165,4,169,97,72,66,59,7,3
"2011","Warwick 008E","E01031313",591,545,292,253,1,10,6,4,32,28,4,3
"2011","Warwick 008F","E01031314",605,520,259,261,2,11,4,7,66,59,7,6
"2011","Warwick 009A","E01031290",833,471,214,257,2,55,10,45,297,284,13,8
"2011","Warwick 009B","E01031291",788,273,135,138,2,148,52,96,358,349,9,7
"2011","Warwick 009C","E01031292",649,515,241,274,0,9,5,4,121,110,11,4
"2011","Warwick 009D","E01031293",702,426,186,240,6,108,29,79,148,139,9,14
"2011","Warwick 009E","E01031294",646,388,173,215,1,93,82,11,155,146,9,9
"2011","Warwick 009F","E01031295",497,448,297,151,2,14,6,8,30,30,0,3
"2011","Warwick 010A","E01031271",874,463,257,206,6,225,131,94,166,156,10,14
"2011","Warwick 010B","E01031332",519,244,109,135,21,161,115,46,86,84,2,7
"2011","Warwick 010C","E01031333",482,284,175,109,16,60,6,54,118,111,7,4
"2011","Warwick 010D","E01031334",657,446,164,282,10,94,16,78,104,93,11,3
"2011","Warwick 010E","E01031335",627,320,120,200,7,45,6,39,251,248,3,4
"2011","Warwick 010F","E01031336",832,294,115,179,3,122,30,92,406,392,14,7
"2011","Warwick 010G","E01031337",702,408,167,241,2,98,30,68,186,178,8,8
"2011","Warwick 011A","E01031321",506,198,60,138,1,266,263,3,34,28,6,7
"2011","Warwick 011B","E01031322",851,542,225,317,8,124,98,26,170,156,14,7
"2011","Warwick 011C","E01031323",805,472,251,221,10,125,115,10,188,163,25,10
"2011","Warwick 011D","E01031324",1245,530,237,293,46,186,114,72,462,433,29,21
"2011","Warwick 011E","E01031325",617,338,152,186,3,197,188,9,67,57,10,12
"2011","Warwick 011G","E01033254",574,363,55,308,65,23,4,19,117,113,4,6
"2011","Warwick 011H","E01033255",640,442,148,294,9,109,102,7,72,58,14,8
"2011","Warwick 012A","E01031315",800,564,193,371,11,122,8,114,97,91,6,6
"2011","Warwick 012B","E01031316",767,498,286,212,9,129,106,23,121,111,10,10
"2011","Warwick 012C","E01031317",749,571,362,209,2,24,4,20,144,135,9,8
"2011","Warwick 012D","E01031318",677,594,193,401,0,4,3,1,76,74,2,3
"2011","Warwick 012E","E01031319",855,629,293,336,6,62,7,55,152,145,7,6
"2011","Warwick 012F","E01031320",632,380,186,194,1,122,45,77,123,120,3,6
"2011","Warwick 013A","E01031261",589,203,84,119,1,238,217,21,139,129,10,8
"2011","Warwick 013B","E01031262",637,275,90,185,7,190,110,80,157,147,10,8
"2011","Warwick 013C","E01031263",641,287,135,152,4,98,75,23,243,231,12,9
"2011","Warwick 013D","E01031264",621,282,114,168,1,230,216,14,97,90,7,11
"2011","Warwick 013E","E01031265",516,234,99,135,2,151,144,7,119,111,8,10
"2011","Warwick 013F","E01031266",861,227,82,145,1,215,126,89,404,388,16,14
"2011","Warwick 014A","E01031259",509,458,173,285,1,16,9,7,28,24,4,6
"2011","Warwick 014B","E01031260",512,374,182,192,8,90,74,16,35,30,5,5
"2011","Warwick 014C","E01031267",736,658,365,293,2,18,11,7,55,50,5,3
"2011","Warwick 014D","E01031268",1087,825,268,557,21,98,26,72,134,121,13,9
"2011","Warwick 014E","E01031269",743,546,291,255,8,62,36,26,115,109,6,12
"2011","Warwick 015A","E01031327",628,368,180,188,2,178,129,49,75,70,5,5
"2011","Warwick 015B","E01031328",885,729,339,390,12,46,7,39,95,89,6,3
"2011","Warwick 015C","E01031329",985,727,307,420,8,86,21,65,155,145,10,9
"2011","Warwick 015D","E01031330",599,480,220,260,0,39,37,2,74,69,5,6
"2011","Warwick 015E","E01031331",751,616,277,339,10,35,6,29,81,72,9,9
"2011","Birmingham 001A","E01009417",608,454,222,232,0,100,37,63,47,42,5,7
"2011","Birmingham 001B","E01009418",645,460,226,234,4,137,24,113,41,35,6,3
"2011","Birmingham 001C","E01009419",579,449,247,202,1,65,62,3,53,49,4,11
"2011","Birmingham 001D","E01009433",746,670,392,278,1,4,3,1,66,61,5,5
"2011","Birmingham 002A","E01009415",672,611,336,275,3,6,3,3,46,43,3,6
"2011","Birmingham 002B","E01009422",864,718,406,312,1,17,15,2,120,111,9,8
"2011","Birmingham 002C","E01009423",759,483,239,244,1,174,170,4,85,74,11,16
"2011","Birmingham 002D","E01009425",846,646,417,229,0,81,43,38,108,103,5,11
"2011","Birmingham 003A","E01009416",1008,842,312,530,7,40,1,39,110,102,8,9
"2011","Birmingham 003B","E01009420",632,543,261,282,3,40,37,3,44,40,4,2
"2011","Birmingham 003C","E01009426",607,564,354,210,1,8,1,7,34,31,3,0
"2011","Birmingham 003D","E01009429",588,544,292,252,2,3,1,2,37,33,4,2
"2011","Birmingham 003E","E01009431",611,570,315,255,0,5,3,2,30,28,2,6
"2011","Birmingham 004A","E01009421",639,614,336,278,1,3,2,1,18,18,0,3
"2011","Birmingham 004B","E01009424",689,502,249,253,2,33,14,19,142,136,6,10
"2011","Birmingham 004C","E01009427",702,503,308,195,1,65,2,63,124,122,2,9
"2011","Birmingham 004D","E01009428",650,618,374,244,0,3,2,1,28,27,1,1
"2011","Birmingham 004E","E01009430",648,557,329,228,0,36,9,27,48,46,2,7
"2011","Birmingham 004F","E01009468",626,566,341,225,1,9,4,5,46,39,7,4
"2011","Birmingham 005A","E01009445",686,303,100,203,14,301,276,25,57,53,4,11
"2011","Birmingham 005B","E01009446",1008,706,275,431,14,149,53,96,126,109,17,13
"2011","Birmingham 005C","E01009447",629,472,208,264,2,95,90,5,52,48,4,8
"2011","Birmingham 005D","E01009448",673,408,173,235,4,198,172,26,48,41,7,15
"2011","Birmingham 005E","E01009452",682,554,270,284,2,61,57,4,61,52,9,4
"2011","Birmingham 005F","E01009455",721,271,120,151,19,373,18,355,55,54,1,3
"2011","Birmingham 006A","E01009432",642,429,228,201,1,143,140,3,60,52,8,9
"2011","Birmingham 006B","E01009435",711,603,224,379,16,19,3,16,71,68,3,2
"2011","Birmingham 006C","E01009437",806,579,276,303,8,103,7,96,90,81,9,26
"2011","Birmingham 006D","E01009444",623,588,350,238,0,5,2,3,28,25,3,2
"2011","Birmingham 006E","E01009454",655,552,251,301,0,4,3,1,96,91,5,3
"2011","Birmingham 007A","E01009221",593,473,232,241,3,61,55,6,51,48,3,5
"2011","Birmingham 007B","E01009464",530,490,264,226,1,3,2,1,31,28,3,5
"2011","Birmingham 007C","E01009465",503,469,201,268,0,8,7,1,24,21,3,2
"2011","Birmingham 007D","E01009467",662,512,278,234,1,104,2,102,40,38,2,5
"2011","Birmingham 008A","E01009220",628,420,163,257,1,110,103,7,87,77,10,10
"2011","Birmingham 008B","E01009222",604,289,98,191,4,200,159,41,92,84,8,19
"2011","Birmingham 008C","E01009224",620,538,308,230,0,20,16,4,60,54,6,2
"2011","Birmingham 008D","E01009233",628,350,116,234,1,197,192,5,65,58,7,15
"2011","Birmingham 009A","E01009449",949,559,300,259,2,54,50,4,320,304,16,14
"2011","Birmingham 009B","E01009451",652,433,175,258,5,46,46,0,156,146,10,12
"2011","Birmingham 009C","E01009453",526,452,189,263,1,33,29,4,38,34,4,2
"2011","Birmingham 009D","E01009466",668,556,299,257,4,9,7,2,94,90,4,5
"2011","Birmingham 009E","E01009471",701,575,297,278,1,14,10,4,100,94,6,11
"2011","Birmingham 010A","E01009135",597,484,234,250,2,60,14,46,49,44,5,2
"2011","Birmingham 010B","E01009469",591,521,297,224,0,7,4,3,60,58,2,3
"2011","Birmingham 010C","E01009470",532,515,281,234,1,3,2,1,12,12,0,1
"2011","Birmingham 010D","E01009472",635,559,269,290,1,25,17,8,45,42,3,5
"2011","Birmingham 010E","E01009473",682,503,228,275,1,60,45,15,113,106,7,5
"2011","Birmingham 010F","E01009474",635,501,240,261,1,61,55,6,65,61,4,7
"2011","Birmingham 011A","E01009127",586,248,91,157,2,232,203,29,92,82,10,12
"2011","Birmingham 011B","E01009128",532,255,92,163,2,199,197,2,68,65,3,8
"2011","Birmingham 011C","E01009130",608,280,108,172,17,230,206,24,69,64,5,12
"2011","Birmingham 011D","E01009131",517,284,91,193,1,167,159,8,61,58,3,4
"2011","Birmingham 011E","E01009133",610,278,96,182,0,259,252,7,64,59,5,9
"2011","Birmingham 011F","E01009134",664,302,136,166,2,279,254,25,63,59,4,18
"2011","Birmingham 011G","E01009137",581,329,120,209,1,168,160,8,76,70,6,7
"2011","Birmingham 012A","E01009434",626,535,204,331,3,13,2,11,70,69,1,5
"2011","Birmingham 012B","E01009436",539,506,258,248,2,4,3,1,22,21,1,5
"2011","Birmingham 012C","E01009438",608,547,251,296,1,9,6,3,51,44,7,0
"2011","Birmingham 012D","E01009440",630,575,328,247,1,6,4,2,33,28,5,15
"2011","Birmingham 012E","E01009450",679,577,278,299,2,28,12,16,62,59,3,10
"2011","Birmingham 013A","E01009223",676,492,214,278,0,86,79,7,92,84,8,6
"2011","Birmingham 013B","E01009225",764,411,225,186,0,255,127,128,83,72,11,15
"2011","Birmingham 013C","E01009227",693,563,241,322,3,25,8,17,98,94,4,4
"2011","Birmingham 013D","E01009228",677,539,260,279,1,27,17,10,103,92,11,7
"2011","Birmingham 014A","E01009121",926,405,120,285,30,361,124,237,112,105,7,18
"2011","Birmingham 014B","E01009122",665,274,108,166,1,291,244,47,84,74,10,15
"2011","Birmingham 014C","E01009129",581,237,88,149,3,245,237,8,80,78,2,16
"2011","Birmingham 014D","E01009132",616,277,100,177,6,213,201,12,113,103,10,7
"2011","Birmingham 014E","E01009136",798,356,156,200,22,352,279,73,46,37,9,22
"2011","Birmingham 015A","E01009457",608,583,354,229,2,8,7,1,14,11,3,1
"2011","Birmingham 015B","E01009459",665,571,335,236,0,2,0,2,82,77,5,10
"2011","Birmingham 015C","E01009461",522,487,267,220,1,12,0,12,19,16,3,3
"2011","Birmingham 015D","E01009463",619,545,326,219,1,4,4,0,62,59,3,7
"2011","Birmingham 016A","E01009235",625,510,256,254,4,8,5,3,100,90,10,3
"2011","Birmingham 016B","E01009243",626,494,243,251,2,51,50,1,68,64,4,11
"2011","Birmingham 016C","E01009245",565,448,226,222,3,31,29,2,76,71,5,7
"2011","Birmingham 016D","E01009246",637,517,261,256,0,29,18,11,86,81,5,5
"2011","Birmingham 016E","E01009247",571,495,230,265,2,5,3,2,67,65,2,2
"2011","Birmingham 017A","E01009226",663,508,228,280,3,16,8,8,133,121,12,3
"2011","Birmingham 017B","E01009229",637,522,262,260,4,8,1,7,101,91,10,2
"2011","Birmingham 017C","E01009230",655,527,261,266,1,12,4,8,104,92,12,11
"2011","Birmingham 017D","E01009231",758,650,337,313,7,8,2,6,82,78,4,11
"2011","Birmingham 018A","E01009001",694,477,228,249,14,83,7,76,111,101,10,9
"2011","Birmingham 018B","E01009003",690,474,261,213,3,26,18,8,183,177,6,4
"2011","Birmingham 018C","E01009456",660,567,265,302,2,18,15,3,63,59,4,10
"2011","Birmingham 018D","E01009458",784,387,187,200,97,217,97,120,70,61,9,13
"2011","Birmingham 018E","E01009460",833,451,189,262,34,102,50,52,238,222,16,8
"2011","Birmingham 018F","E01009462",798,470,184,286,9,154,101,53,161,153,8,4
"2011","Birmingham 019A","E01009234",623,494,148,346,5,28,6,22,94,87,7,2
"2011","Birmingham 019B","E01009236",636,474,209,265,3,56,8,48,96,90,6,7
"2011","Birmingham 019C","E01009244",620,451,164,287,1,57,2,55,109,98,11,2
"2011","Birmingham 019D","E01009248",696,558,206,352,3,20,7,13,110,103,7,5
"2011","Birmingham 020A","E01009403",615,334,115,219,4,196,180,16,67,62,5,14
"2011","Birmingham 020B","E01009404",632,346,115,231,3,213,203,10,62,59,3,8
"2011","Birmingham 020C","E01009405",604,380,162,218,2,125,123,2,84,78,6,13
"2011","Birmingham 020D","E01009406",775,380,150,230,27,258,201,57,96,93,3,14
"2011","Birmingham 020E","E01009407",733,370,170,200,6,178,117,61,166,156,10,13
"2011","Birmingham 021A","E01009439",619,528,292,236,1,22,19,3,58,54,4,10
"2011","Birmingham 021B","E01009441",639,373,142,231,4,118,72,46,136,111,25,8
"2011","Birmingham 021C","E01009442",605,564,299,265,1,14,12,2,24,22,2,2
"2011","Birmingham 021D","E01009443",536,466,209,257,1,2,1,1,65,63,2,2
"2011","Birmingham 022A","E01009123",611,373,155,218,5,119,102,17,102,94,8,12
"2011","Birmingham 022B","E01009124",639,127,46,81,6,436,362,74,55,54,1,15
"2011","Birmingham 022C","E01009125",689,430,189,241,3,163,137,26,81,77,4,12
"2011","Birmingham 022D","E01009232",606,481,228,253,0,21,18,3,98,91,7,6
"2011","Birmingham 023A","E01009002",653,197,86,111,5,385,371,14,50,43,7,16
"2011","Birmingham 023C","E01009006",763,505,197,308,12,33,18,15,202,189,13,11
"2011","Birmingham 023D","E01009007",777,286,101,185,2,124,68,56,356,345,11,9
"2011","Birmingham 023F","E01033632",1018,458,230,228,2,395,317,78,145,142,3,18
"2011","Birmingham 024A","E01009237",604,394,184,210,2,88,85,3,107,94,13,13
"2011","Birmingham 024B","E01009238",632,495,253,242,1,62,10,52,69,57,12,5
"2011","Birmingham 024C","E01009240",610,478,211,267,4,7,6,1,113,106,7,8
"2011","Birmingham 024D","E01009241",608,466,191,275,2,7,1,6,128,123,5,5
"2011","Birmingham 024E","E01009242",605,423,218,205,2,9,8,1,161,151,10,10
"2011","Birmingham 025A","E01009005",643,409,187,222,17,112,82,30,93,86,7,12
"2011","Birmingham 025B","E01009009",637,441,193,248,1,129,32,97,58,53,5,8
"2011","Birmingham 025C","E01009098",933,441,132,309,2,359,239,120,108,97,11,23
"2011","Birmingham 025D","E01009100",839,456,140,316,9,258,135,123,98,87,11,18
"2011","Birmingham 025E","E01009105",653,511,212,299,3,71,67,4,60,53,7,8
"2011","Birmingham 026A","E01009126",542,470,210,260,2,4,3,1,64,61,3,2
"2011","Birmingham 026B","E01009408",657,391,163,228,3,157,144,13,98,92,6,8
"2011","Birmingham 026C","E01009409",724,382,172,210,28,113,40,73,189,179,10,12
"2011","Birmingham 026D","E01009410",764,433,196,237,7,134,46,88,168,156,12,22
"2011","Birmingham 028A","E01009008",603,477,229,248,2,56,24,32,67,64,3,1
"2011","Birmingham 028B","E01009011",783,476,215,261,5,175,36,139,113,109,4,14
"2011","Birmingham 028C","E01009012",590,464,209,255,4,14,11,3,104,98,6,4
"2011","Birmingham 028D","E01009102",630,286,116,170,13,204,181,23,108,95,13,19
"2011","Birmingham 028E","E01009104",646,304,103,201,4,219,204,15,99,94,5,20
"2011","Birmingham 029A","E01009096",774,302,135,167,2,410,40,370,46,42,4,14
"2011","Birmingham 029B","E01009097",792,226,117,109,2,518,48,470,34,30,4,12
"2011","Birmingham 029C","E01009099",811,174,61,113,4,562,39,523,60,56,4,11
"2011","Birmingham 029D","E01009101",626,269,118,151,3,321,35,286,25,23,2,8
"2011","Birmingham 029E","E01009103",657,181,87,94,6,433,30,403,29,27,2,8
"2011","Birmingham 029F","E01009106",587,416,204,212,3,124,15,109,35,30,5,9
"2011","Birmingham 030A","E01008915",506,292,124,168,3,43,30,13,160,157,3,8
"2011","Birmingham 030B","E01009411",871,604,213,391,3,23,10,13,230,217,13,11
"2011","Birmingham 030C","E01009412",651,353,166,187,1,62,26,36,226,210,16,9
"2011","Birmingham 030D","E01009413",655,387,167,220,6,81,36,45,175,162,13,6
"2011","Birmingham 030E","E01009414",768,438,146,292,20,87,34,53,210,202,8,13
"2011","Birmingham 031A","E01008998",639,348,144,204,5,159,141,18,114,107,7,13
"2011","Birmingham 031B","E01008999",522,334,157,177,1,77,61,16,105,98,7,5
"2011","Birmingham 031C","E01009000",794,294,125,169,5,188,49,139,298,288,10,9
"2011","Birmingham 031D","E01009013",857,412,169,243,25,136,56,80,265,252,13,19
"2011","Birmingham 031E","E01009400",525,290,135,155,3,116,64,52,111,103,8,5
"2011","Birmingham 031F","E01009401",636,238,114,124,27,190,117,73,167,162,5,14
"2011","Birmingham 031H","E01033630",595,139,16,123,30,192,29,163,229,224,5,5
"2011","Birmingham 031I","E01033646",772,204,77,127,14,248,104,144,290,282,8,16
"2011","Birmingham 032A","E01009049",570,347,174,173,2,90,19,71,118,114,4,13
"2011","Birmingham 032B","E01009056",749,283,136,147,12,300,57,243,133,126,7,21
"2011","Birmingham 032C","E01009263",650,321,146,175,2,156,32,124,162,160,2,9
"2011","Birmingham 032D","E01009264",585,65,28,37,2,148,71,77,366,360,6,4
"2011","Birmingham 032E","E01009265",572,357,176,181,1,86,35,51,121,115,6,7
"2011","Birmingham 033A","E01009051",478,215,122,93,1,92,31,61,155,150,5,15
"2011","Birmingham 033B","E01009053",435,191,97,94,2,117,32,85,106,104,2,19
"2011","Birmingham 033C","E01009054",417,322,206,116,0,19,12,7,69,63,6,7
"2011","Birmingham 033D","E01009058",465,300,155,145,6,31,14,17,120,110,10,8
"2011","Birmingham 033E","E01009061",432,255,152,103,1,80,9,71,78,76,2,18
"2011","Birmingham 033F","E01009239",495,186,86,100,3,131,91,40,166,147,19,9
"2011","Birmingham 034A","E01009266",615,324,156,168,2,73,19,54,208,183,25,8
"2011","Birmingham 034B","E01009269",544,263,141,122,4,94,13,81,174,168,6,9
"2011","Birmingham 034C","E01009270",646,261,123,138,1,246,69,177,117,103,14,21
"2011","Birmingham 034D","E01009271",535,288,150,138,6,110,43,67,124,117,7,7
"2011","Birmingham 034E","E01009273",512,309,193,116,0,73,25,48,114,98,16,16
"2011","Birmingham 035A","E01009050",652,244,154,90,1,242,64,178,157,148,9,8
"2011","Birmingham 035D","E01009057",647,233,120,113,1,265,32,233,123,114,9,25
"2011","Birmingham 035E","E01009059",569,151,91,60,3,292,38,254,96,86,10,27
"2011","Birmingham 035F","E01009060",426,186,104,82,0,124,39,85,105,100,5,11
"2011","Birmingham 035G","E01033621",866,379,235,144,23,280,78,202,171,161,10,13
"2011","Birmingham 036A","E01009268",432,350,187,163,0,19,10,9,55,46,9,8
"2011","Birmingham 036B","E01009272",487,221,121,100,8,194,82,112,57,51,6,7
"2011","Birmingham 036C","E01009274",739,332,190,142,3,213,44,169,178,170,8,13
"2011","Birmingham 036D","E01009349",595,218,107,111,11,181,60,121,169,157,12,16
"2011","Birmingham 036E","E01009351",564,248,131,117,5,141,45,96,158,137,21,12
"2011","Birmingham 036F","E01009354",520,202,98,104,4,197,118,79,99,96,3,18
"2011","Birmingham 037A","E01008899",478,142,66,76,2,250,188,62,69,68,1,15
"2011","Birmingham 037C","E01008901",573,237,113,124,4,237,175,62,78,74,4,17
"2011","Birmingham 037E","E01008916",454,228,119,109,1,101,30,71,114,109,5,10
"2011","Birmingham 037F","E01033636",845,476,285,191,3,166,54,112,175,157,18,25
"2011","Birmingham 038A","E01009079",719,244,92,152,1,399,396,3,58,54,4,17
"2011","Birmingham 038B","E01009080",412,134,38,96,4,223,186,37,42,41,1,9
"2011","Birmingham 038C","E01009081",558,179,66,113,13,296,269,27,53,49,4,17
"2011","Birmingham 038D","E01009083",559,236,112,124,25,238,186,52,46,41,5,14
"2011","Birmingham 039A","E01009275",476,243,136,107,5,143,39,104,77,69,8,8
"2011","Birmingham 039B","E01009350",454,209,121,88,0,142,46,96,90,82,8,13
"2011","Birmingham 039C","E01009352",465,249,156,93,3,119,28,91,81,75,6,13
"2011","Birmingham 039D","E01009353",460,278,176,102,0,71,6,65,100,85,15,11
"2011","Birmingham 039E","E01009355",522,178,109,69,6,197,33,164,125,113,12,16
"2011","Birmingham 039H","E01033635",947,496,270,226,10,163,33,130,248,229,19,30
"2011","Birmingham 040A","E01008905",421,232,120,112,3,110,33,77,64,60,4,12
"2011","Birmingham 040B","E01008907",560,123,53,70,5,337,62,275,85,77,8,10
"2011","Birmingham 040C","E01009047",552,186,105,81,5,269,73,196,82,75,7,10
"2011","Birmingham 040D","E01009048",567,191,102,89,4,268,32,236,93,92,1,11
"2011","Birmingham 040E","E01009062",476,223,113,110,1,156,71,85,82,80,2,14
"2011","Birmingham 041D","E01008909",472,169,47,122,16,243,186,57,37,34,3,7
"2011","Birmingham 041F","E01033628",754,246,132,114,7,377,193,184,102,97,5,22
"2011","Birmingham 041G","E01033637",850,346,152,194,4,400,252,148,73,64,9,27
"2011","Birmingham 042A","E01009084",515,394,184,210,0,46,46,0,66,61,5,9
"2011","Birmingham 042B","E01009085",505,432,201,231,1,9,4,5,54,50,4,9
"2011","Birmingham 042C","E01009087",582,472,272,200,2,9,4,5,89,84,5,10
"2011","Birmingham 042D","E01009089",495,423,218,205,1,3,1,2,66,59,7,2
"2011","Birmingham 042E","E01009090",540,399,212,187,3,42,31,11,92,87,5,4
"2011","Birmingham 043A","E01009201",695,251,97,154,3,371,308,63,53,45,8,17
"2011","Birmingham 043B","E01009202",593,136,66,70,9,384,196,188,53,45,8,11
"2011","Birmingham 043C","E01009203",1145,72,35,37,15,966,772,194,64,59,5,28
"2011","Birmingham 044A","E01009082",500,317,138,179,1,108,104,4,67,64,3,7
"2011","Birmingham 044B","E01009086",605,442,209,233,1,66,60,6,86,73,13,10
"2011","Birmingham 044C","E01009480",583,319,121,198,2,152,139,13,102,99,3,8
"2011","Birmingham 044D","E01009481",696,502,258,244,6,35,24,11,142,131,11,11
"2011","Birmingham 044E","E01009486",587,380,172,208,5,45,10,35,148,140,8,9
"2011","Birmingham 044F","E01009487",604,389,184,205,1,63,55,8,138,123,15,13
"2011","Birmingham 045A","E01009088",711,410,246,164,73,166,72,94,46,41,5,16
"2011","Birmingham 045B","E01009091",663,335,137,198,18,226,143,83,74,69,5,10
"2011","Birmingham 045C","E01009305",753,270,120,150,33,389,313,76,40,38,2,21
"2011","Birmingham 045D","E01009307",759,319,159,160,3,361,289,72,59,50,9,17
"2011","Birmingham 045E","E01009309",657,248,111,137,4,328,316,12,56,54,2,21
"2011","Birmingham 046A","E01009304",836,459,206,253,17,288,269,19,48,37,11,24
"2011","Birmingham 046B","E01009306",684,374,174,200,3,232,198,34,58,53,5,17
"2011","Birmingham 046C","E01009308",805,330,125,205,40,339,217,122,72,69,3,24
"2011","Birmingham 046D","E01009310",803,390,174,216,17,305,251,54,67,57,10,24
"2011","Birmingham 047A","E01009348",801,334,124,210,5,272,196,76,168,153,15,22
"2011","Birmingham 047B","E01009358",691,269,168,101,0,206,54,152,209,195,14,7
"2011","Birmingham 047C","E01009359",710,258,153,105,3,229,34,195,196,189,7,24
"2011","Birmingham 047D","E01009360",920,336,149,187,6,311,170,141,245,238,7,22
"2011","Birmingham 047E","E01009361",827,220,125,95,7,313,116,197,241,225,16,46
"2011","Birmingham 048A","E01009478",655,225,100,125,10,318,226,92,85,77,8,17
"2011","Birmingham 048B","E01009479",607,291,165,126,1,190,60,130,108,105,3,17
"2011","Birmingham 048C","E01009482",472,210,124,86,6,158,119,39,80,72,8,18
"2011","Birmingham 048D","E01009484",515,207,115,92,3,214,70,144,80,72,8,11
"2011","Birmingham 048E","E01009485",488,316,171,145,0,76,52,24,80,76,4,16
"2011","Birmingham 049A","E01008906",476,177,74,103,0,201,124,77,79,70,9,19
"2011","Birmingham 049B","E01008911",596,76,23,53,6,452,407,45,43,39,4,19
"2011","Birmingham 049D","E01009347",755,174,78,96,7,460,362,98,83,77,6,31
"2011","Birmingham 049E","E01033559",769,146,33,113,5,140,30,110,475,462,13,3
"2011","Birmingham 049F","E01033638",668,144,64,80,1,444,316,128,54,50,4,25
"2011","Birmingham 050A","E01008910",661,141,42,99,0,436,400,36,53,52,1,31
"2011","Birmingham 050B","E01008913",681,120,47,73,1,511,467,44,32,29,3,17
"2011","Birmingham 050C","E01008914",895,102,36,66,8,529,476,53,220,209,11,36
"2011","Birmingham 050E","E01033561",492,35,17,18,1,319,218,101,119,108,11,18
"2011","Birmingham 050F","E01033617",407,47,23,24,2,87,20,67,260,235,25,11
"2011","Birmingham 051A","E01009194",679,365,205,160,9,151,25,126,137,130,7,17
"2011","Birmingham 051B","E01009483",504,244,127,117,3,127,57,70,113,96,17,17
"2011","Birmingham 051C","E01009488",688,225,108,117,2,360,142,218,87,80,7,14
"2011","Birmingham 051D","E01009489",526,271,149,122,0,120,36,84,125,119,6,10
"2011","Birmingham 051E","E01009491",470,274,169,105,0,94,43,51,84,82,2,18
"2011","Birmingham 052B","E01009192",614,416,267,149,3,61,22,39,115,108,7,19
"2011","Birmingham 052D","E01009199",577,200,59,141,7,172,51,121,186,175,11,12
"2011","Birmingham 052E","E01009204",706,106,49,57,12,506,395,111,60,58,2,22
"2011","Birmingham 052F","E01033644",810,351,210,141,3,269,75,194,164,153,11,23
"2011","Birmingham 053A","E01009151",614,322,182,140,5,104,29,75,177,172,5,6
"2011","Birmingham 053B","E01009152",624,260,166,94,5,152,39,113,193,188,5,14
"2011","Birmingham 053C","E01009153",850,235,109,126,15,333,184,149,247,235,12,20
"2011","Birmingham 053D","E01009345",527,142,53,89,0,284,199,85,87,82,5,14
"2011","Birmingham 053E","E01009346",540,269,124,145,0,135,118,17,122,112,10,14
"2011","Birmingham 054A","E01009092",632,206,61,145,15,334,229,105,62,57,5,15
"2011","Birmingham 054B","E01009093",648,282,82,200,0,252,194,58,106,95,11,8
"2011","Birmingham 054C","E01009094",532,279,99,180,0,177,156,21,73,66,7,3
"2011","Birmingham 054D","E01009298",577,248,58,190,20,230,208,22,70,67,3,9
"2011","Birmingham 054E","E01009311",583,323,119,204,3,184,176,8,63,57,6,10
"2011","Birmingham 054F","E01009511",507,212,82,130,1,219,205,14,53,45,8,22
"2011","Birmingham 055A","E01009475",589,304,127,177,4,194,182,12,72,64,8,15
"2011","Birmingham 055B","E01009476",570,252,126,126,0,211,195,16,87,86,1,20
"2011","Birmingham 055C","E01009477",573,283,117,166,1,159,148,11,114,111,3,16
"2011","Birmingham 055D","E01009490",669,305,154,151,3,253,233,20,86,81,5,22
"2011","Birmingham 055E","E01009492",542,284,131,153,0,128,120,8,117,110,7,13
"2011","Birmingham 056A","E01009095",637,443,205,238,11,49,20,29,126,113,13,8
"2011","Birmingham 056B","E01009507",606,253,121,132,0,242,68,174,108,105,3,3
"2011","Birmingham 056C","E01009508",597,416,209,207,1,108,105,3,68,65,3,4
"2011","Birmingham 056D","E01009509",634,323,147,176,6,98,62,36,200,192,8,7
"2011","Birmingham 056E","E01009510",670,275,146,129,0,330,234,96,54,51,3,11
"2011","Birmingham 057A","E01009297",727,408,191,217,1,242,218,24,55,47,8,21
"2011","Birmingham 057B","E01009299",646,302,119,183,4,267,179,88,62,59,3,11
"2011","Birmingham 057C","E01009300",713,284,91,193,2,318,283,35,90,85,5,19
"2011","Birmingham 057D","E01009301",806,278,112,166,0,398,375,23,110,101,9,20
"2011","Birmingham 057E","E01009303",723,391,154,237,6,212,209,3,106,97,9,8
"2011","Birmingham 058A","E01009195",678,380,186,194,1,147,58,89,132,122,10,18
"2011","Birmingham 058C","E01009197",452,217,86,131,25,109,52,57,94,87,7,7
"2011","Birmingham 058D","E01009198",449,214,104,110,4,80,23,57,135,129,6,16
"2011","Birmingham 058E","E01033647",403,232,83,149,2,74,65,9,87,82,5,8
"2011","Birmingham 058F","E01033649",465,264,123,141,0,104,85,19,86,78,8,11
"2011","Birmingham 060A","E01009138",547,325,176,149,12,15,3,12,189,177,12,6
"2011","Birmingham 060B","E01009139",576,341,157,184,3,38,17,21,186,182,4,8
"2011","Birmingham 060C","E01009140",732,380,210,170,7,125,44,81,212,203,9,8
"2011","Birmingham 060D","E01009145",719,331,154,177,6,98,40,58,273,270,3,11
"2011","Birmingham 060E","E01009147",657,217,101,116,10,101,53,48,316,304,12,13
"2011","Birmingham 062A","E01009512",610,359,124,235,5,159,147,12,78,66,12,9
"2011","Birmingham 062B","E01009514",594,243,100,143,1,273,214,59,67,58,9,10
"2011","Birmingham 062C","E01009516",531,353,160,193,0,101,89,12,70,66,4,7
"2011","Birmingham 062D","E01009517",665,404,173,231,1,193,172,21,56,47,9,11
"2011","Birmingham 063A","E01009325",493,256,120,136,1,136,88,48,87,83,4,13
"2011","Birmingham 063D","E01009342",438,262,130,132,0,52,40,12,111,103,8,13
"2011","Birmingham 063E","E01009343",525,257,124,133,6,112,54,58,142,133,9,8
"2011","Birmingham 063F","E01033642",820,499,237,262,1,115,75,40,189,177,12,16
"2011","Birmingham 064A","E01008986",859,225,100,125,5,130,26,104,496,483,13,3
"2011","Birmingham 064B","E01008987",637,148,70,78,7,211,113,98,258,245,13,13
"2011","Birmingham 064C","E01008988",975,290,104,186,5,128,18,110,534,523,11,18
"2011","Birmingham 064D","E01008989",930,262,143,119,3,267,164,103,377,363,14,21
"2011","Birmingham 064E","E01008990",468,286,177,109,1,9,4,5,157,146,11,15
"2011","Birmingham 064F","E01008991",581,485,296,189,1,9,5,4,79,77,2,7
"2011","Birmingham 066A","E01008882",687,336,132,204,5,241,189,52,91,86,5,14
"2011","Birmingham 066B","E01008896",564,269,103,166,8,206,201,5,75,70,5,6
"2011","Birmingham 066C","E01008898",563,251,89,162,1,220,212,8,74,71,3,17
"2011","Birmingham 066D","E01009326",560,297,126,171,1,165,149,16,87,83,4,10
"2011","Birmingham 066E","E01009341",544,164,74,90,8,274,238,36,79,66,13,19
"2011","Birmingham 066F","E01009513",616,314,132,182,0,198,169,29,94,82,12,10
"2011","Birmingham 067A","E01008881",619,359,161,198,2,182,150,32,70,63,7,6
"2011","Birmingham 067B","E01008897",602,377,159,218,2,151,98,53,63,53,10,9
"2011","Birmingham 067C","E01009515",637,427,226,201,5,119,77,42,72,65,7,14
"2011","Birmingham 067D","E01009518",697,543,292,251,4,56,25,31,86,73,13,8
"2011","Birmingham 067E","E01009521",613,515,226,289,0,7,6,1,88,81,7,3
"2011","Birmingham 069A","E01009302",635,498,287,211,1,65,58,7,61,54,7,10
"2011","Birmingham 069B","E01009314",661,435,204,231,0,133,126,7,78,69,9,15
"2011","Birmingham 069C","E01009321",791,218,95,123,20,459,360,99,70,65,5,24
"2011","Birmingham 069D","E01009322",603,261,103,158,0,285,268,17,40,34,6,17
"2011","Birmingham 069E","E01009323",569,327,133,194,2,196,153,43,33,28,5,11
"2011","Birmingham 070A","E01009329",645,328,204,124,4,104,22,82,192,174,18,17
"2011","Birmingham 070B","E01009334",425,276,160,116,1,55,20,35,78,74,4,15
"2011","Birmingham 070C","E01009337",479,269,129,140,2,63,17,46,136,132,4,9
"2011","Birmingham 070D","E01009338",408,205,108,97,1,82,10,72,107,95,12,13
"2011","Birmingham 070E","E01009380",465,215,114,101,4,89,5,84,148,140,8,9
"2011","Birmingham 071A","E01009362",516,57,33,24,1,392,299,93,43,36,7,23
"2011","Birmingham 071B","E01009363",547,213,104,109,12,230,81,149,77,69,8,15
"2011","Birmingham 071C","E01009364",515,85,44,41,2,390,306,84,26,25,1,12
"2011","Birmingham 071D","E01009365",554,155,85,70,1,268,109,159,105,98,7,25
"2011","Birmingham 071E","E01009379",686,186,93,93,5,391,265,126,80,74,6,24
"2011","Birmingham 072A","E01009312",614,508,236,272,1,52,48,4,44,40,4,9
"2011","Birmingham 072B","E01009324",727,621,326,295,2,22,19,3,76,67,9,6
"2011","Birmingham 072C","E01009519",606,536,246,290,2,14,9,5,47,42,5,7
"2011","Birmingham 072D","E01009520",717,615,263,352,9,31,7,24,57,52,5,5
"2011","Birmingham 073A","E01009066",601,450,225,225,1,84,1,83,55,53,2,11
"2011","Birmingham 073B","E01009070",687,473,219,254,31,53,7,46,114,107,7,16
"2011","Birmingham 073C","E01009252",621,474,229,245,0,20,13,7,122,110,12,5
"2011","Birmingham 073D","E01009260",640,529,347,182,0,21,2,19,83,77,6,7
"2011","Birmingham 073E","E01009261",667,546,314,232,2,12,10,2,98,90,8,9
"2011","Birmingham 074A","E01008984",754,176,89,87,0,363,274,89,193,179,14,22
"2011","Birmingham 074B","E01008994",673,322,165,157,1,175,39,136,165,152,13,10
"2011","Birmingham 074C","E01008996",599,195,106,89,13,264,134,130,107,102,5,20
"2011","Birmingham 074D","E01008997",599,322,186,136,1,142,11,131,118,112,6,16
"2011","Birmingham 075A","E01009065",661,442,214,228,3,39,24,15,173,163,10,4
"2011","Birmingham 075B","E01009067",677,432,195,237,11,56,4,52,164,160,4,14
"2011","Birmingham 075C","E01009068",714,388,195,193,8,76,29,47,229,213,16,13
"2011","Birmingham 075D","E01009069",823,409,192,217,5,94,39,55,296,280,16,19
"2011","Birmingham 075E","E01009072",802,396,184,212,23,104,36,68,262,251,11,17
"2011","Birmingham 076A","E01008885",504,426,199,227,3,12,10,2,60,52,8,3
"2011","Birmingham 076B","E01008886",714,387,146,241,21,159,137,22,139,132,7,8
"2011","Birmingham 076C","E01008888",639,532,220,312,1,15,12,3,87,80,7,4
"2011","Birmingham 076D","E01009313",630,461,225,236,0,111,110,1,51,47,4,7
"2011","Birmingham 077A","E01009368",417,136,77,59,1,211,60,151,61,53,8,8
"2011","Birmingham 077D","E01009371",478,207,116,91,3,136,29,107,116,108,8,16
"2011","Birmingham 077E","E01009397",450,185,113,72,1,167,54,113,85,78,7,12
"2011","Birmingham 077F","E01033650",671,347,213,134,7,170,68,102,117,109,8,30
"2011","Birmingham 078A","E01008883",651,385,155,230,5,115,108,7,135,128,7,11
"2011","Birmingham 078B","E01008884",682,301,102,199,1,130,74,56,233,215,18,17
"2011","Birmingham 078C","E01008887",626,348,132,216,2,134,128,6,132,128,4,10
"2011","Birmingham 078D","E01008889",659,388,174,214,4,74,45,29,187,176,11,6
"2011","Birmingham 079A","E01008982",667,319,170,149,0,61,23,38,269,263,6,18
"2011","Birmingham 079C","E01008992",482,319,192,127,2,16,5,11,125,115,10,20
"2011","Birmingham 079E","E01009283",593,383,176,207,2,46,4,42,154,143,11,8
"2011","Birmingham 079F","E01033631",836,501,257,244,1,33,3,30,266,208,58,35
"2011","Birmingham 080A","E01009249",629,465,214,251,0,78,62,16,77,71,6,9
"2011","Birmingham 080B","E01009250",689,522,270,252,0,67,63,4,92,84,8,8
"2011","Birmingham 080C","E01009251",627,539,271,268,0,27,26,1,56,52,4,5
"2011","Birmingham 080D","E01009253",624,481,238,243,2,64,59,5,69,64,5,8
"2011","Birmingham 080E","E01009255",633,417,198,219,14,120,78,42,80,76,4,2
"2011","Birmingham 080F","E01009257",596,367,169,198,1,151,135,16,67,59,8,10
"2011","Birmingham 081A","E01009315",783,497,300,197,10,144,124,20,125,110,15,7
"2011","Birmingham 081B","E01009316",683,497,245,252,1,93,89,4,84,79,5,8
"2011","Birmingham 081C","E01009317",760,452,212,240,1,217,212,5,78,69,9,12
"2011","Birmingham 081D","E01009318",627,557,250,307,0,9,6,3,56,51,5,5
"2011","Birmingham 081E","E01009319",653,550,264,286,0,10,5,5,89,81,8,4
"2011","Birmingham 081F","E01009320",609,484,255,229,2,6,6,0,101,91,10,16
"2011","Birmingham 082A","E01009372",420,262,140,122,2,57,37,20,88,80,8,11
"2011","Birmingham 082B","E01009373",466,271,129,142,0,90,49,41,95,84,11,10
"2011","Birmingham 082D","E01009396",478,298,197,101,2,47,14,33,118,105,13,13
"2011","Birmingham 082F","E01033643",814,425,249,176,2,193,51,142,173,163,10,21
"2011","Birmingham 083A","E01009367",490,232,139,93,3,128,88,40,112,104,8,15
"2011","Birmingham 083B","E01009375",522,230,118,112,1,180,42,138,103,94,9,8
"2011","Birmingham 083C","E01009377",452,105,47,58,0,246,54,192,80,74,6,21
"2011","Birmingham 083D","E01009383",418,213,113,100,1,91,18,73,107,104,3,6
"2011","Birmingham 083E","E01009399",416,215,110,105,2,83,22,61,108,106,2,8
"2011","Birmingham 084A","E01009366",517,218,91,127,3,181,130,51,108,102,6,7
"2011","Birmingham 084B","E01009374",423,145,76,69,4,230,152,78,38,34,4,6
"2011","Birmingham 084C","E01009376",564,167,94,73,1,204,50,154,177,167,10,15
"2011","Birmingham 084F","E01033648",826,324,216,108,4,290,35,255,188,175,13,20
"2011","Birmingham 085A","E01009073",657,137,60,77,0,454,435,19,45,41,4,21
"2011","Birmingham 085B","E01009074",667,226,79,147,6,334,321,13,87,81,6,14
"2011","Birmingham 085C","E01009254",669,339,160,179,2,214,172,42,96,91,5,18
"2011","Birmingham 085D","E01009256",663,427,193,234,1,145,138,7,79,73,6,11
"2011","Birmingham 085E","E01009258",661,276,109,167,0,299,297,2,69,66,3,17
"2011","Birmingham 087B","E01009071",789,377,209,168,6,213,60,153,179,174,5,14
"2011","Birmingham 087C","E01009075",829,204,120,84,0,401,333,68,201,196,5,23
"2011","Birmingham 087E","E01009078",626,301,161,140,6,97,94,3,210,191,19,12
"2011","Birmingham 087F","E01033562",1045,395,229,166,8,258,249,9,365,348,17,19
"2011","Birmingham 088C","E01009183",572,428,215,213,11,26,15,11,104,98,6,3
"2011","Birmingham 088D","E01009186",760,432,211,221,1,122,97,25,188,186,2,17
"2011","Birmingham 088E","E01033645",863,450,251,199,4,173,32,141,215,205,10,21
"2011","Birmingham 089A","E01008890",705,410,147,263,30,74,11,63,185,175,10,6
"2011","Birmingham 089B","E01008891",689,445,172,273,14,134,122,12,83,70,13,13
"2011","Birmingham 089C","E01008892",518,212,90,122,17,162,25,137,118,108,10,9
"2011","Birmingham 089D","E01008893",725,435,170,265,3,70,56,14,208,202,6,9
"2011","Birmingham 089E","E01008894",658,242,120,122,0,180,86,94,224,216,8,12
"2011","Birmingham 089F","E01008895",771,506,147,359,34,90,67,23,134,119,15,7
"2011","Birmingham 089G","E01009015",786,384,169,215,19,147,83,64,221,216,5,15
"2011","Birmingham 090A","E01009014",657,372,155,217,12,153,139,14,111,104,7,9
"2011","Birmingham 090B","E01009018",697,415,232,183,2,93,54,39,180,168,12,7
"2011","Birmingham 090C","E01009026",581,263,114,149,1,172,166,6,137,128,9,8
"2011","Birmingham 090D","E01009028",622,333,129,204,1,179,176,3,102,96,6,7
"2011","Birmingham 090E","E01009029",528,320,124,196,0,110,103,7,82,80,2,16
"2011","Birmingham 092A","E01009182",666,195,109,86,0,260,20,240,201,195,6,10
"2011","Birmingham 092B","E01009184",724,310,126,184,1,149,8,141,255,248,7,9
"2011","Birmingham 092C","E01009187",686,405,208,197,2,125,9,116,148,143,5,6
"2011","Birmingham 092D","E01009188",665,370,169,201,5,115,33,82,170,165,5,5
"2011","Birmingham 092E","E01009384",725,165,55,110,9,345,61,284,200,187,13,6
"2011","Birmingham 092F","E01009385",615,244,114,130,0,110,26,84,252,246,6,9
"2011","Birmingham 093A","E01009185",736,438,227,211,1,69,7,62,218,201,17,10
"2011","Birmingham 093B","E01009389",474,352,229,123,4,41,11,30,73,63,10,4
"2011","Birmingham 093C","E01009390",659,200,115,85,2,117,29,88,325,315,10,15
"2011","Birmingham 093D","E01009394",755,508,221,287,9,44,0,44,180,162,18,14
"2011","Birmingham 094A","E01008918",753,293,133,160,4,386,378,8,51,48,3,19
"2011","Birmingham 094B","E01008920",556,435,204,231,4,60,56,4,45,42,3,12
"2011","Birmingham 094C","E01008921",630,374,193,181,10,162,159,3,77,71,6,7
"2011","Birmingham 094D","E01008931",647,299,114,185,1,298,289,9,39,37,2,10
"2011","Birmingham 094E","E01009259",670,259,114,145,0,346,341,5,47,39,8,18
"2011","Birmingham 095A","E01008919",704,386,192,194,1,220,206,14,88,83,5,9
"2011","Birmingham 095B","E01009064",600,363,155,208,2,132,120,12,91,88,3,12
"2011","Birmingham 095C","E01009077",718,479,271,208,0,113,104,9,117,108,9,9
"2011","Birmingham 095D","E01009291",624,358,147,211,2,174,168,6,80,69,11,10
"2011","Birmingham 095E","E01009500",637,278,111,167,7,277,199,78,57,53,4,18
"2011","Birmingham 096A","E01009284",664,203,123,80,3,100,55,45,348,324,24,10
"2011","Birmingham 096C","E01009286",504,91,60,31,6,21,6,15,384,380,4,2
"2011","Birmingham 096E","E01009289",561,68,42,26,2,64,27,37,417,406,11,10
"2011","Birmingham 096F","E01009290",465,61,40,21,5,25,10,15,373,359,14,1
"2011","Birmingham 096G","E01033634",800,53,33,20,3,118,82,36,616,612,4,10
"2011","Birmingham 097A","E01009017",491,361,207,154,0,28,23,5,93,89,4,9
"2011","Birmingham 097B","E01009043",652,423,199,224,5,90,38,52,123,114,9,11
"2011","Birmingham 097C","E01009044",463,319,164,155,0,32,26,6,96,90,6,16
"2011","Birmingham 097D","E01009045",598,446,254,192,2,46,40,6,101,89,12,3
"2011","Birmingham 097E","E01009046",610,477,247,230,0,57,1,56,70,62,8,6
"2011","Birmingham 097F","E01009395",566,267,137,130,0,116,34,82,168,155,13,15
"2011","Birmingham 098A","E01009016",732,310,135,175,4,299,288,11,81,74,7,38
"2011","Birmingham 098B","E01009022",612,411,181,230,2,107,104,3,84,78,6,8
"2011","Birmingham 098C","E01009023",572,471,198,273,0,17,9,8,77,71,6,7
"2011","Birmingham 098D","E01009030",480,394,209,185,2,19,2,17,59,55,4,6
"2011","Birmingham 099A","E01009281",660,353,180,173,1,229,5,224,60,52,8,17
"2011","Birmingham 099B","E01009292",666,494,236,258,2,8,5,3,155,150,5,7
"2011","Birmingham 099C","E01009294",809,457,231,226,2,202,121,81,142,123,19,6
"2011","Birmingham 099D","E01009295",677,393,256,137,4,91,43,48,175,168,7,14
"2011","Birmingham 100A","E01009280",571,261,124,137,1,158,24,134,142,100,42,9
"2011","Birmingham 100B","E01009282",639,357,177,180,2,102,50,52,174,157,17,4
"2011","Birmingham 100C","E01009288",437,289,198,91,0,20,7,13,120,112,8,8
"2011","Birmingham 100D","E01009293",601,359,197,162,13,15,7,8,208,186,22,6
"2011","Birmingham 100E","E01009296",581,293,132,161,0,34,13,21,237,225,12,17
"2011","Birmingham 101A","E01008924",623,403,200,203,28,128,122,6,49,44,5,15
"2011","Birmingham 101B","E01009501",629,281,102,179,3,226,218,8,106,100,6,13
"2011","Birmingham 101C","E01009502",648,318,123,195,32,226,164,62,62,58,4,10
"2011","Birmingham 101D","E01009503",615,317,112,205,2,210,197,13,70,61,9,16
"2011","Birmingham 101E","E01009505",690,291,123,168,2,306,167,139,80,71,9,11
"2011","Birmingham 102A","E01008917",523,375,141,234,15,86,81,5,37,32,5,10
"2011","Birmingham 102B","E01008923",637,245,100,145,1,326,303,23,49,38,11,16
"2011","Birmingham 102C","E01008925",515,452,226,226,4,12,10,2,45,40,5,2
"2011","Birmingham 102D","E01008927",644,241,100,141,1,337,260,77,52,50,2,13
"2011","Birmingham 102E","E01008928",684,233,96,137,0,389,300,89,36,34,2,26
"2011","Birmingham 103A","E01009019",612,281,95,186,1,237,232,5,78,74,4,15
"2011","Birmingham 103B","E01009020",557,339,151,188,0,144,139,5,64,57,7,10
"2011","Birmingham 103C","E01009021",654,303,104,199,1,248,198,50,87,81,6,15
"2011","Birmingham 103D","E01009024",606,282,97,185,0,222,217,5,88,82,6,14
"2011","Birmingham 103E","E01009025",584,294,90,204,0,230,219,11,47,43,4,13
"2011","Birmingham 103F","E01009033",677,355,133,222,3,205,202,3,97,88,9,17
"2011","Birmingham 104A","E01009175",593,410,164,246,2,36,30,6,142,130,12,3
"2011","Birmingham 104B","E01009177",647,457,186,271,5,41,12,29,140,130,10,4
"2011","Birmingham 104C","E01009178",707,388,153,235,2,80,63,17,215,210,5,22
"2011","Birmingham 104D","E01009179",651,484,232,252,0,68,55,13,94,87,7,5
"2011","Birmingham 104E","E01009189",605,453,225,228,2,41,14,27,98,95,3,11
"2011","Birmingham 105A","E01008933",549,398,174,224,2,83,78,5,65,59,6,1
"2011","Birmingham 105B","E01008934",547,433,234,199,1,47,44,3,61,53,8,5
"2011","Birmingham 105C","E01009031",601,500,252,248,0,38,17,21,62,61,1,1
"2011","Birmingham 105D","E01009037",700,501,269,232,1,98,27,71,90,79,11,10
"2011","Birmingham 105E","E01009176",670,430,252,178,1,119,90,29,106,94,12,14
"2011","Birmingham 106C","E01008929",676,203,74,129,52,354,229,125,49,41,8,18
"2011","Birmingham 106D","E01008930",605,284,83,201,88,165,53,112,60,50,10,8
"2011","Birmingham 106E","E01009495",501,244,135,109,13,205,148,57,27,27,0,12
"2011","Birmingham 106F","E01033629",1071,468,232,236,6,468,418,50,103,92,11,26
"2011","Birmingham 107A","E01008953",638,414,173,241,4,101,95,6,114,100,14,5
"2011","Birmingham 107B","E01008963",572,387,146,241,1,96,91,5,77,69,8,11
"2011","Birmingham 107C","E01008964",634,372,166,206,6,184,157,27,62,57,5,10
"2011","Birmingham 107D","E01008965",587,496,205,291,1,27,7,20,59,48,11,4
"2011","Birmingham 107E","E01008966",688,313,109,204,4,253,165,88,111,102,9,7
"2011","Birmingham 108A","E01009032",587,482,241,241,4,26,24,2,66,61,5,9
"2011","Birmingham 108B","E01009034",533,447,225,222,1,4,2,2,78,72,6,3
"2011","Birmingham 108C","E01009035",637,463,226,237,1,65,63,2,98,94,4,10
"2011","Birmingham 108D","E01009036",540,466,256,210,0,8,8,0,62,52,10,4
"2011","Birmingham 109A","E01009494",629,29,12,17,1,541,18,523,44,34,10,14
"2011","Birmingham 109B","E01009496",627,529,308,221,1,54,4,50,37,33,4,6
"2011","Birmingham 109C","E01009497",728,404,135,269,38,188,101,87,95,91,4,3
"2011","Birmingham 109D","E01009504",619,427,274,153,0,124,46,78,64,55,9,4
"2011","Birmingham 109E","E01009506",635,549,357,192,4,32,5,27,46,37,9,4
"2011","Birmingham 110A","E01008967",665,540,316,224,1,70,57,13,46,41,5,8
"2011","Birmingham 110B","E01008968",697,559,302,257,1,49,21,28,78,74,4,10
"2011","Birmingham 110C","E01008970",621,357,174,183,8,189,163,26,60,48,12,7
"2011","Birmingham 110D","E01008981",587,475,246,229,0,51,43,8,52,46,6,9
"2011","Birmingham 111A","E01008932",670,344,156,188,3,222,188,34,86,84,2,15
"2011","Birmingham 111B","E01008935",675,286,120,166,7,279,265,14,82,78,4,21
"2011","Birmingham 111C","E01008936",643,370,199,171,2,215,205,10,41,34,7,15
"2011","Birmingham 111D","E01008938",588,312,119,193,0,200,197,3,70,58,12,6
"2011","Birmingham 111E","E01008939",673,384,179,205,49,167,100,67,67,58,9,6
"2011","Birmingham 112A","E01008951",574,335,117,218,1,167,6,161,69,65,4,2
"2011","Birmingham 112B","E01008952",761,408,120,288,10,56,24,32,272,247,25,15
"2011","Birmingham 112C","E01008955",666,452,183,269,2,65,9,56,144,136,8,3
"2011","Birmingham 112D","E01008956",577,423,169,254,2,92,26,66,52,46,6,8
"2011","Birmingham 112E","E01008957",708,404,129,275,33,93,22,71,174,167,7,4
"2011","Birmingham 113A","E01008950",718,294,163,131,1,385,20,365,34,27,7,4
"2011","Birmingham 113B","E01008954",585,268,178,90,1,272,12,260,40,39,1,4
"2011","Birmingham 113C","E01008958",787,228,138,90,18,482,20,462,48,36,12,11
"2011","Birmingham 113D","E01009493",792,149,38,111,17,433,377,56,177,171,6,16
"2011","Birmingham 115A","E01008937",607,316,151,165,0,214,174,40,63,59,4,14
"2011","Birmingham 115B","E01008940",594,292,113,179,8,196,176,20,86,80,6,12
"2011","Birmingham 115C","E01008941",585,322,144,178,2,196,191,5,49,43,6,16
"2011","Birmingham 115D","E01008944",733,418,190,228,16,196,183,13,87,77,10,16
"2011","Birmingham 116A","E01008959",790,442,259,183,71,170,56,114,101,94,7,6
"2011","Birmingham 116B","E01008960",625,468,174,294,1,54,26,28,100,94,6,2
"2011","Birmingham 116C","E01008961",738,437,213,224,9,27,15,12,261,248,13,4
"2011","Birmingham 116D","E01008962",818,353,161,192,3,362,302,60,87,83,4,13
"2011","Birmingham 117A","E01008942",618,366,121,245,3,192,186,6,48,44,4,9
"2011","Birmingham 117B","E01008943",562,300,116,184,29,162,131,31,62,58,4,9
"2011","Birmingham 117C","E01008969",697,524,225,299,2,80,34,46,86,82,4,5
"2011","Birmingham 117D","E01008971",716,455,230,225,52,110,18,92,89,86,3,10
"2011","Birmingham 118A","E01008972",741,348,141,207,51,259,184,75,63,61,2,20
"2011","Birmingham 118B","E01008973",848,583,254,329,26,119,99,20,111,99,12,9
"2011","Birmingham 118C","E01008974",1153,712,248,464,92,128,43,85,213,201,12,8
"2011","Birmingham 118D","E01008975",669,538,265,273,9,56,36,20,59,52,7,7
"2011","Birmingham 119A","E01009172",548,275,117,158,13,212,194,18,46,39,7,2
"2011","Birmingham 119B","E01009173",656,293,94,199,7,277,270,7,61,54,7,18
"2011","Birmingham 119C","E01009174",533,268,69,199,5,195,183,12,57,54,3,8
"2011","Birmingham 119D","E01009498",688,308,101,207,2,284,278,6,80,75,5,14
"2011","Birmingham 119E","E01009499",673,386,141,245,13,210,188,22,56,48,8,8
"2011","Birmingham 120A","E01009205",615,498,233,265,2,54,11,43,56,49,7,5
"2011","Birmingham 120B","E01009206",658,546,295,251,2,36,34,2,70,61,9,4
"2011","Birmingham 120C","E01009211",676,556,241,315,1,31,29,2,83,78,5,5
"2011","Birmingham 120D","E01009218",635,483,254,229,8,112,49,63,24,24,0,8
"2011","Birmingham 120E","E01009219",609,425,215,210,11,82,16,66,88,84,4,3
"2011","Birmingham 121A","E01008976",679,345,145,200,0,261,249,12,49,45,4,24
"2011","Birmingham 121B","E01008978",744,101,49,52,3,586,536,50,20,18,2,34
"2011","Birmingham 121C","E01008979",765,342,152,190,3,370,366,4,37,32,5,13
"2011","Birmingham 121D","E01008980",681,279,120,159,1,350,334,16,32,27,5,19
"2011","Birmingham 122A","E01008945",745,497,172,325,2,114,108,6,120,111,9,12
"2011","Birmingham 122B","E01008946",643,419,166,253,3,148,110,38,68,62,6,5
"2011","Birmingham 122C","E01008947",543,387,161,226,22,53,44,9,78,73,5,3
"2011","Birmingham 122D","E01008948",627,524,300,224,4,26,22,4,71,67,4,2
"2011","Birmingham 122E","E01008949",515,478,229,249,0,6,5,1,27,21,6,4
"2011","Birmingham 123A","E01008977",698,439,147,292,3,154,143,11,96,90,6,6
"2011","Birmingham 123B","E01009109",516,100,27,73,3,371,292,79,34,31,3,8
"2011","Birmingham 123C","E01009119",641,430,208,222,2,108,67,41,94,89,5,7
"2011","Birmingham 123D","E01009120",628,483,218,265,0,62,22,40,82,78,4,1
"2011","Birmingham 124A","E01009162",653,467,209,258,2,53,45,8,122,116,6,9
"2011","Birmingham 124B","E01009207",663,572,279,293,6,13,12,1,67,66,1,5
"2011","Birmingham 124C","E01009208",618,536,240,296,1,25,5,20,50,44,6,6
"2011","Birmingham 124D","E01009209",975,537,260,277,45,217,78,139,172,163,9,4
"2011","Birmingham 124E","E01009213",699,490,285,205,0,127,109,18,74,68,6,8
"2011","Birmingham 125B","E01009155",602,253,74,179,0,310,304,6,22,20,2,17
"2011","Birmingham 125D","E01009157",632,241,78,163,2,336,328,8,38,35,3,15
"2011","Birmingham 125E","E01009160",736,168,63,105,8,507,386,121,41,39,2,12
"2011","Birmingham 125F","E01009161",617,325,112,213,9,231,224,7,38,35,3,14
"2011","Birmingham 125G","E01033633",986,422,138,284,28,466,398,68,50,47,3,20
"2011","Birmingham 126A","E01009117",820,140,54,86,67,547,190,357,45,41,4,21
"2011","Birmingham 126B","E01009210",796,411,184,227,26,203,156,47,140,129,11,16
"2011","Birmingham 126C","E01009212",767,391,169,222,10,270,258,12,74,66,8,22
"2011","Birmingham 126D","E01009214",788,299,126,173,5,410,374,36,54,49,5,20
"2011","Birmingham 126E","E01009215",884,294,118,176,2,493,476,17,67,59,8,28
"2011","Birmingham 127A","E01009108",557,441,250,191,0,93,92,1,19,17,2,4
"2011","Birmingham 127B","E01009111",550,425,191,234,2,71,67,4,46,41,5,6
"2011","Birmingham 127C","E01009112",600,400,177,223,3,145,140,5,42,36,6,10
"2011","Birmingham 127D","E01009116",579,524,311,213,2,5,1,4,42,39,3,6
"2011","Birmingham 127E","E01009118",677,430,195,235,14,170,164,6,56,46,10,7
"2011","Birmingham 128A","E01009107",829,253,88,165,3,468,428,40,73,64,9,32
"2011","Birmingham 128B","E01009110",649,321,116,205,16,241,200,41,62,53,9,9
"2011","Birmingham 128C","E01009113",624,179,53,126,3,384,381,3,39,37,2,19
"2011","Birmingham 128D","E01009114",680,316,136,180,3,302,293,9,46,43,3,13
"2011","Birmingham 128E","E01009115",618,269,106,163,1,310,302,8,30,26,4,8
"2011","Birmingham 129A","E01009158",762,430,136,294,20,186,64,122,115,106,9,11
"2011","Birmingham 129B","E01009163",635,294,122,172,23,248,161,87,66,60,6,4
"2011","Birmingham 129C","E01009165",659,328,116,212,10,182,123,59,135,128,7,4
"2011","Birmingham 129D","E01009169",682,521,206,315,3,84,53,31,69,59,10,5
"2011","Birmingham 130A","E01009159",753,566,208,358,8,35,17,18,137,124,13,7
"2011","Birmingham 130B","E01009164",634,439,179,260,12,101,85,16,75,66,9,7
"2011","Birmingham 130C","E01009167",603,461,182,279,1,67,65,2,65,59,6,9
"2011","Birmingham 130D","E01009171",694,438,175,263,0,179,172,7,60,54,6,17
"2011","Birmingham 131A","E01009166",559,332,136,196,11,129,66,63,79,68,11,8
"2011","Birmingham 131B","E01009168",621,529,243,286,3,28,26,2,58,50,8,3
"2011","Birmingham 131C","E01009170",627,550,267,283,1,22,21,1,48,42,6,6
"2011","Birmingham 131D","E01009216",816,581,260,321,12,155,109,46,62,56,6,6
"2011","Birmingham 131E","E01009217",660,570,273,297,0,7,7,0,78,72,6,5
"2011","Birmingham 132A","E01009039",641,556,290,266,0,6,5,1,68,62,6,11
"2011","Birmingham 132B","E01009040",628,567,268,299,0,6,6,0,50,46,4,5
"2011","Birmingham 132C","E01009041",627,527,218,309,1,15,14,1,78,70,8,6
"2011","Birmingham 132D","E01009042",539,367,140,227,1,4,4,0,163,157,6,4
"2011","Birmingham 132E","E01032589",578,442,226,216,13,34,31,3,81,76,5,8
"2011","Birmingham 133A","E01009262",520,422,182,240,3,19,18,1,69,69,0,7
"2011","Birmingham 133B","E01009267",567,423,248,175,1,60,31,29,73,68,5,10
"2011","Birmingham 133C","E01009276",528,457,234,223,3,4,2,2,55,53,2,9
"2011","Birmingham 133D","E01009278",540,442,199,243,1,5,4,1,87,82,5,5
"2011","Birmingham 133E","E01009279",445,398,183,215,0,5,2,3,40,37,3,2
"2011","Birmingham 133F","E01032591",483,430,243,187,2,2,0,2,42,39,3,7
"2011","Birmingham 134A","E01008995",725,76,33,43,20,532,95,437,63,62,1,34
"2011","Birmingham 134B","E01033557",836,206,64,142,10,57,1,56,556,537,19,7
"2011","Birmingham 134C","E01033624",498,130,38,92,17,181,18,163,165,155,10,5
"2011","Birmingham 134D","E01033626",556,114,29,85,9,198,16,182,228,220,8,7
"2011","Birmingham 134E","E01033640",564,63,23,40,2,417,249,168,72,70,2,10
"2011","Birmingham 135A","E01009378",1060,201,76,125,61,421,151,270,363,349,14,14
"2011","Birmingham 135B","E01033567",712,115,39,76,15,50,6,44,525,515,10,7
"2011","Birmingham 135C","E01033615",616,74,19,55,23,33,3,30,482,469,13,4
"2011","Birmingham 135D","E01033616",714,58,25,33,10,398,35,363,229,223,6,19
"2011","Birmingham 136A","E01009143",660,81,33,48,0,494,479,15,56,53,3,29
"2011","Birmingham 136B","E01009146",892,87,29,58,7,630,52,578,155,150,5,13
"2011","Birmingham 136C","E01033564",770,169,46,123,3,58,38,20,529,514,15,11
"2011","Birmingham 136D","E01033639",828,129,60,69,7,409,296,113,254,242,12,29
"2011","Birmingham 137A","E01009141",825,148,51,97,1,576,561,15,86,77,9,14
"2011","Birmingham 137B","E01033565",623,152,28,124,23,52,11,41,392,378,14,4
"2011","Birmingham 137C","E01033618",745,205,68,137,0,17,10,7,517,507,10,6
"2011","Birmingham 137D","E01033619",605,185,54,131,42,71,57,14,301,292,9,6
"2011","Birmingham 137E","E01033627",573,143,69,74,0,244,228,16,169,161,8,17
"2011","Birmingham 138A","E01033620",702,58,17,41,17,75,11,64,542,530,12,10
"2011","Birmingham 138B","E01033622",901,175,48,127,20,125,79,46,574,552,22,7
"2011","Birmingham 138C","E01033623",772,131,35,96,4,222,14,208,403,385,18,12
"2011","Birmingham 138D","E01033625",1058,223,77,146,5,18,7,11,798,782,16,14
"2011","Birmingham 139A","E01009200",659,187,60,127,4,353,153,200,98,91,7,17
"2011","Birmingham 139B","E01009327",412,254,154,100,1,30,17,13,121,115,6,6
"2011","Birmingham 139C","E01009328",525,379,227,152,1,29,12,17,93,80,13,23
"2011","Birmingham 139D","E01009331",557,363,203,160,3,35,12,23,138,126,12,18
"2011","Birmingham 139E","E01009332",539,131,78,53,14,310,88,222,76,68,8,8
"2011","Birmingham 139F","E01009333",436,199,104,95,2,107,86,21,119,108,11,9
"2011","Birmingham 139G","E01009335",479,334,163,171,1,31,13,18,103,97,6,10
"2011","Birmingham 139H","E01009344",460,186,97,89,5,126,70,56,135,123,12,8
"2011","Birmingham 140A","E01009339",455,229,126,103,12,85,33,52,117,105,12,12
"2011","Birmingham 140B","E01009340",941,534,186,348,10,96,59,37,290,278,12,11
"2011","Birmingham 140C","E01009382",448,286,171,115,0,44,15,29,108,101,7,10
"2011","Birmingham 140D","E01009391",522,263,117,146,2,38,14,24,211,203,8,8
"2011","Birmingham 140E","E01009392",444,300,158,142,2,11,2,9,121,115,6,10
"2011","Birmingham 140F","E01009393",473,275,105,170,0,21,14,7,167,164,3,10
"2011","Birmingham 140G","E01033641",891,559,247,312,7,84,54,30,229,215,14,12
"2011","Coventry 001A","E01009589",591,380,160,220,2,75,6,69,124,120,4,10
"2011","Coventry 001F","E01032536",852,521,177,344,14,138,35,103,167,153,14,12
"2011","Coventry 001G","E01032537",831,592,327,265,2,67,24,43,157,147,10,13
"2011","Coventry 001H","E01032538",994,504,228,276,1,140,10,130,343,323,20,6
"2011","Coventry 002A","E01009590",523,417,203,214,4,38,4,34,61,53,8,3
"2011","Coventry 002B","E01009591",580,445,162,283,5,15,8,7,113,102,11,2
"2011","Coventry 002C","E01009593",633,489,259,230,1,15,3,12,124,114,10,4
"2011","Coventry 002D","E01009598",642,549,360,189,1,10,3,7,76,67,9,6
"2011","Coventry 004A","E01009604",566,406,205,201,2,43,14,29,115,110,5,0
"2011","Coventry 004B","E01009605",650,255,109,146,9,297,145,152,81,73,8,8
"2011","Coventry 004C","E01009607",803,190,95,95,1,517,215,302,81,73,8,14
"2011","Coventry 004D","E01009608",621,377,171,206,3,115,40,75,121,109,12,5
"2011","Coventry 004E","E01009610",637,318,139,179,0,188,77,111,126,111,15,5
"2011","Coventry 005A","E01009564",587,233,105,128,2,116,21,95,226,213,13,10
"2011","Coventry 005B","E01009575",481,246,114,132,1,85,19,66,138,128,10,11
"2011","Coventry 005C","E01009606",537,406,196,210,1,23,7,16,102,97,5,5
"2011","Coventry 005D","E01009609",610,374,177,197,1,111,33,78,111,99,12,13
"2011","Coventry 006A","E01009524",680,461,256,205,0,153,57,96,59,53,6,7
"2011","Coventry 006B","E01009525",575,496,284,212,3,9,2,7,64,56,8,3
"2011","Coventry 006C","E01009527",654,500,211,289,1,57,23,34,90,79,11,6
"2011","Coventry 006D","E01009594",532,441,205,236,0,40,9,31,47,38,9,4
"2011","Coventry 007A","E01009577",527,115,37,78,14,352,134,218,42,39,3,4
"2011","Coventry 007B","E01009579",695,151,67,84,3,478,231,247,54,50,4,9
"2011","Coventry 007C","E01009581",638,239,101,138,3,339,137,202,49,42,7,8
"2011","Coventry 007D","E01009584",603,392,216,176,0,145,37,108,62,49,13,4
"2011","Coventry 007E","E01009585",390,37,13,24,1,329,163,166,18,17,1,5
"2011","Coventry 007F","E01009709",429,50,29,21,0,281,162,119,87,83,4,11
"2011","Coventry 008A","E01009576",684,408,143,265,5,163,28,135,98,93,5,10
"2011","Coventry 008B","E01009578",564,475,222,253,12,30,1,29,41,39,2,6
"2011","Coventry 008C","E01009582",738,440,212,228,38,136,14,122,116,109,7,8
"2011","Coventry 008D","E01009583",672,398,183,215,10,100,11,89,156,151,5,8
"2011","Coventry 008E","E01009586",651,565,260,305,3,11,6,5,64,58,6,8
"2011","Coventry 009A","E01009565",458,309,184,125,2,23,6,17,118,111,7,6
"2011","Coventry 009B","E01009566",569,168,57,111,6,144,25,119,233,214,19,18
"2011","Coventry 009C","E01009567",660,287,155,132,4,126,21,105,224,207,17,19
"2011","Coventry 009D","E01009568",541,297,162,135,2,71,10,61,159,154,5,12
"2011","Coventry 010A","E01009523",609,557,316,241,1,4,2,2,43,39,4,4
"2011","Coventry 010B","E01009526",599,509,254,255,0,14,8,6,67,61,6,9
"2011","Coventry 010C","E01009528",679,594,355,239,9,21,3,18,53,42,11,2
"2011","Coventry 010D","E01009531",761,535,305,230,0,104,40,64,111,100,11,11
"2011","Coventry 011A","E01009587",572,361,161,200,2,18,3,15,181,160,21,10
"2011","Coventry 011B","E01009624",622,391,174,217,3,22,8,14,200,190,10,6
"2011","Coventry 011C","E01009625",867,611,239,372,2,50,28,22,199,180,19,5
"2011","Coventry 011D","E01009626",632,430,189,241,1,34,20,14,161,144,17,6
"2011","Coventry 012A","E01009622",655,309,108,201,3,224,121,103,116,103,13,3
"2011","Coventry 012B","E01009623",678,378,162,216,3,142,52,90,143,127,16,12
"2011","Coventry 012C","E01009627",712,389,181,208,2,120,53,67,189,181,8,12
"2011","Coventry 012D","E01009628",632,454,223,231,2,62,20,42,106,98,8,8
"2011","Coventry 013A","E01009599",607,389,265,124,4,51,18,33,157,151,6,6
"2011","Coventry 013B","E01009663",633,517,336,181,2,20,8,12,86,81,5,8
"2011","Coventry 013C","E01009710",634,447,247,200,0,10,6,4,171,160,11,6
"2011","Coventry 013D","E01009711",600,463,257,206,2,31,14,17,93,78,15,11
"2011","Coventry 014A","E01009522",647,375,198,177,0,188,57,131,71,65,6,13
"2011","Coventry 014B","E01009529",621,508,245,263,0,19,9,10,91,81,10,3
"2011","Coventry 014C","E01009530",561,496,228,268,0,11,4,7,51,44,7,3
"2011","Coventry 014D","E01009645",572,474,208,266,1,6,2,4,90,85,5,1
"2011","Coventry 015A","E01009569",494,202,120,82,3,121,25,96,157,147,10,11
"2011","Coventry 015B","E01009570",596,249,124,125,3,118,10,108,217,200,17,9
"2011","Coventry 015C","E01009571",673,157,79,78,3,315,93,222,190,179,11,8
"2011","Coventry 015D","E01009572",797,185,87,98,9,313,39,274,276,261,15,14
"2011","Coventry 015E","E01009573",525,206,127,79,3,163,20,143,134,126,8,19
"2011","Coventry 015F","E01009574",559,150,80,70,3,253,34,219,136,129,7,17
"2011","Coventry 016A","E01009655",789,375,115,260,4,257,125,132,149,126,23,4
"2011","Coventry 016B","E01009656",713,321,130,191,6,198,74,124,178,160,18,10
"2011","Coventry 016C","E01009659",765,228,92,136,1,241,80,161,287,277,10,8
"2011","Coventry 016D","E01009662",569,344,164,180,2,124,44,80,94,84,10,5
"2011","Coventry 016E","E01009664",578,399,145,254,2,47,22,25,124,113,11,6
"2011","Coventry 017A","E01009643",591,482,193,289,0,3,1,2,103,93,10,3
"2011","Coventry 017B","E01009644",679,556,250,306,0,18,2,16,101,91,10,4
"2011","Coventry 017C","E01009647",785,537,269,268,3,11,6,5,224,210,14,10
"2011","Coventry 017D","E01009648",607,505,221,284,0,6,1,5,96,86,10,0
"2011","Coventry 017E","E01009652",619,522,301,221,5,26,2,24,61,57,4,5
"2011","Coventry 017F","E01009653",625,525,278,247,16,5,3,2,70,64,6,9
"2011","Coventry 018A","E01009613",502,415,205,210,3,8,2,6,70,65,5,6
"2011","Coventry 018B","E01009657",627,508,221,287,0,8,2,6,109,104,5,2
"2011","Coventry 018C","E01009712",620,479,211,268,1,9,4,5,126,113,13,5
"2011","Coventry 018D","E01009714",576,465,203,262,3,3,2,1,99,96,3,6
"2011","Coventry 018E","E01009716",649,525,247,278,1,23,7,16,96,86,10,4
"2011","Coventry 019A","E01009580",547,353,197,156,1,28,4,24,159,152,7,6
"2011","Coventry 019B","E01009713",521,390,166,224,4,22,2,20,103,99,4,2
"2011","Coventry 019C","E01009715",588,343,180,163,5,111,34,77,126,107,19,3
"2011","Coventry 019D","E01009717",585,458,226,232,11,20,8,12,94,84,10,2
"2011","Coventry 019E","E01009718",885,286,135,151,2,463,161,302,118,103,15,16
"2011","Coventry 020A","E01009629",1079,455,155,300,22,117,17,100,451,426,25,34
"2011","Coventry 020B","E01009630",708,332,128,204,1,175,90,85,195,182,13,5
"2011","Coventry 020C","E01009631",577,190,80,110,2,221,88,133,154,148,6,10
"2011","Coventry 020D","E01009632",943,161,76,85,2,391,117,274,375,356,19,14
"2011","Coventry 020E","E01009650",790,212,88,124,12,92,17,75,462,406,56,12
"2011","Coventry 021A","E01009614",585,482,218,264,0,4,1,3,92,85,7,7
"2011","Coventry 021B","E01009654",710,556,203,353,3,9,1,8,134,123,11,8
"2011","Coventry 021C","E01009658",585,431,198,233,2,19,1,18,125,116,9,8
"2011","Coventry 021D","E01009660",658,376,211,165,2,25,14,11,245,235,10,10
"2011","Coventry 022A","E01009646",619,517,228,289,0,4,2,2,97,92,5,1
"2011","Coventry 022B","E01009692",531,493,326,167,1,4,3,1,29,29,0,4
"2011","Coventry 022C","E01009693",692,609,314,295,1,7,0,7,68,61,7,7
"2011","Coventry 022D","E01009694",623,521,302,219,2,4,2,2,85,78,7,11
"2011","Coventry 023A","E01009695",754,671,432,239,0,3,0,3,73,69,4,7
"2011","Coventry 023B","E01009696",640,558,315,243,0,2,1,1,78,71,7,2
"2011","Coventry 023C","E01009704",596,533,256,277,1,5,2,3,52,49,3,5
"2011","Coventry 023D","E01009705",578,529,289,240,1,2,1,1,42,40,2,4
"2011","Coventry 024A","E01009636",967,280,111,169,4,152,31,121,511,495,16,20
"2011","Coventry 024B","E01009637",481,157,79,78,5,165,40,125,141,133,8,13
"2011","Coventry 024C","E01009638",732,59,36,23,6,541,149,392,97,86,11,29
"2011","Coventry 024D","E01009639",545,264,176,88,2,96,11,85,174,169,5,9
"2011","Coventry 024E","E01009640",707,172,83,89,3,249,40,209,265,250,15,18
"2011","Coventry 024F","E01009641",902,147,70,77,13,307,53,254,415,392,23,20
"2011","Coventry 025A","E01009697",644,548,296,252,1,13,3,10,76,66,10,6
"2011","Coventry 025B","E01009698",624,555,293,262,1,10,2,8,53,51,2,5
"2011","Coventry 025C","E01009703",1144,572,99,473,57,370,14,356,134,126,8,11
"2011","Coventry 025D","E01009706",656,548,293,255,0,17,5,12,86,79,7,5
"2011","Coventry 026A","E01009649",582,466,219,247,5,13,6,7,91,87,4,7
"2011","Coventry 026B","E01009684",680,371,153,218,2,169,76,93,132,117,15,6
"2011","Coventry 026C","E01009685",714,566,257,309,1,33,9,24,108,99,9,6
"2011","Coventry 026D","E01009686",692,585,261,324,0,7,1,6,97,87,10,3
"2011","Coventry 026E","E01009687",600,465,195,270,2,6,2,4,123,118,5,4
"2011","Coventry 027A","E01009615",678,404,191,213,0,17,6,11,251,241,10,6
"2011","Coventry 027B","E01009616",608,442,206,236,4,17,7,10,142,134,8,3
"2011","Coventry 027C","E01009617",473,352,148,204,2,25,6,19,88,80,8,6
"2011","Coventry 027D","E01009618",612,531,208,323,2,7,1,6,67,62,5,5
"2011","Coventry 027E","E01009620",608,432,198,234,2,66,17,49,99,93,6,9
"2011","Coventry 027F","E01009621",536,318,149,169,5,79,22,57,129,116,13,5
"2011","Coventry 028A","E01009633",713,223,114,109,12,142,50,92,329,311,18,7
"2011","Coventry 028B","E01009634",679,269,125,144,3,67,22,45,332,316,16,8
"2011","Coventry 028C","E01009635",886,157,81,76,2,154,27,127,562,528,34,11
"2011","Coventry 028D","E01009661",793,282,140,142,2,77,15,62,419,398,21,13
"2011","Coventry 029A","E01009674",674,324,121,203,9,265,121,144,68,57,11,8
"2011","Coventry 029B","E01009699",624,492,252,240,2,76,23,53,47,41,6,7
"2011","Coventry 029C","E01009700",831,260,102,158,7,448,172,276,98,86,12,18
"2011","Coventry 029D","E01009701",729,377,160,217,0,272,113,159,63,56,7,17
"2011","Coventry 029E","E01009702",729,288,140,148,1,321,100,221,102,93,9,17
"2011","Coventry 030A","E01009688",601,286,134,152,5,37,5,32,264,240,24,9
"2011","Coventry 030B","E01009689",717,286,116,170,12,50,2,48,365,337,28,4
"2011","Coventry 030C","E01009690",660,339,150,189,2,19,6,13,296,266,30,4
"2011","Coventry 030D","E01009691",631,322,126,196,0,19,4,15,285,265,20,5
"2011","Coventry 031A","E01009548",1038,542,265,277,3,79,19,60,405,383,22,9
"2011","Coventry 031B","E01009553",687,122,49,73,27,125,3,122,404,371,33,9
"2011","Coventry 031C","E01009642",963,91,43,48,5,282,24,258,564,521,43,21
"2011","Coventry 031D","E01009651",874,128,62,66,19,549,162,387,164,156,8,14
"2011","Coventry 032A","E01009676",600,439,187,252,1,15,5,10,136,123,13,9
"2011","Coventry 032B","E01009681",535,433,212,221,0,8,3,5,90,83,7,4
"2011","Coventry 032C","E01009682",601,481,210,271,1,11,3,8,105,90,15,3
"2011","Coventry 032D","E01009683",560,365,138,227,3,75,36,39,113,107,6,4
"2011","Coventry 033A","E01009532",577,467,221,246,3,30,16,14,71,64,7,6
"2011","Coventry 033B","E01009535",558,498,311,187,0,15,9,6,41,34,7,4
"2011","Coventry 033C","E01009536",613,531,324,207,0,8,1,7,67,63,4,7
"2011","Coventry 033D","E01009543",560,521,157,364,1,7,2,5,30,28,2,1
"2011","Coventry 033E","E01009707",727,585,245,340,12,47,4,43,81,72,9,2
"2011","Coventry 033F","E01009708",626,506,284,222,0,26,12,14,87,77,10,7
"2011","Coventry 034A","E01009554",571,391,188,203,1,12,3,9,162,156,6,5
"2011","Coventry 034B","E01009555",601,518,279,239,3,3,1,2,75,72,3,2
"2011","Coventry 034C","E01009556",772,395,193,202,6,100,10,90,264,218,46,7
"2011","Coventry 034D","E01009557",539,500,298,202,0,4,0,4,30,29,1,5
"2011","Coventry 034E","E01009558",643,437,186,251,0,13,0,13,191,178,13,2
"2011","Coventry 034F","E01009559",606,473,307,166,20,28,2,26,78,53,25,7
"2011","Coventry 035C","E01009537",612,366,149,217,1,179,55,124,64,57,7,2
"2011","Coventry 035D","E01009538",601,371,166,205,0,173,65,108,51,43,8,6
"2011","Coventry 035E","E01009611",772,217,63,154,5,454,165,289,84,79,5,12
"2011","Coventry 035F","E01009612",566,171,62,109,30,287,129,158,70,59,11,8
"2011","Coventry 035G","E01032527",631,396,163,233,2,161,57,104,69,59,10,3
"2011","Coventry 035H","E01032528",697,368,203,165,2,260,58,202,55,51,4,12
"2011","Coventry 036C","E01009679",614,223,86,137,3,261,132,129,109,97,12,18
"2011","Coventry 036E","E01032531",1147,382,160,222,4,619,208,411,123,111,12,19
"2011","Coventry 036F","E01032532",533,440,229,211,0,35,12,23,54,49,5,4
"2011","Coventry 036G","E01032533",643,538,201,337,2,46,16,30,50,47,3,7
"2011","Coventry 037B","E01009549",668,564,310,254,1,6,5,1,93,88,5,4
"2011","Coventry 037C","E01009550",770,542,270,272,7,14,2,12,197,185,12,10
"2011","Coventry 037E","E01009552",719,428,225,203,0,189,61,128,93,84,9,9
"2011","Coventry 037F","E01032534",756,473,223,250,1,182,61,121,92,86,6,8
"2011","Coventry 037G","E01032535",485,392,187,205,0,7,0,7,78,72,6,8
"2011","Coventry 038A","E01009544",749,441,215,226,5,145,31,114,146,135,11,12
"2011","Coventry 038D","E01009619",831,341,121,220,2,97,14,83,370,352,18,21
"2011","Coventry 038E","E01032529",693,455,221,234,2,9,4,5,221,204,17,6
"2011","Coventry 038F","E01032530",817,619,278,341,1,56,7,49,136,129,7,5
"2011","Coventry 039A","E01009539",774,227,107,120,2,460,226,234,72,60,12,13
"2011","Coventry 039B","E01009540",779,151,55,96,3,539,244,295,67,62,5,19
"2011","Coventry 039C","E01009541",816,441,243,198,3,236,89,147,128,117,11,8
"2011","Coventry 039D","E01009542",893,253,95,158,16,529,123,406,90,87,3,5
"2011","Coventry 040A","E01009560",547,496,274,222,0,4,0,4,43,40,3,4
"2011","Coventry 040B","E01009561",767,539,311,228,1,130,43,87,88,82,6,9
"2011","Coventry 040C","E01009562",709,593,370,223,1,54,11,43,52,43,9,9
"2011","Coventry 040D","E01009563",619,581,321,260,0,3,0,3,32,29,3,3
"2011","Coventry 040E","E01009672",822,740,481,259,2,11,2,9,61,56,5,8
"2011","Coventry 041A","E01009666",503,454,229,225,2,5,2,3,38,35,3,4
"2011","Coventry 041B","E01009667",575,544,380,164,2,5,1,4,22,21,1,2
"2011","Coventry 041C","E01009668",630,535,223,312,0,25,8,17,62,55,7,8
"2011","Coventry 041D","E01009670",673,604,283,321,2,3,1,2,58,50,8,6
"2011","Coventry 042A","E01009665",475,425,264,161,0,15,6,9,32,30,2,3
"2011","Coventry 042B","E01009669",462,411,174,237,1,9,4,5,39,34,5,2
"2011","Coventry 042C","E01009671",410,343,177,166,9,6,2,4,48,39,9,4
"2011","Coventry 042F","E01033058",911,545,347,198,2,160,56,104,194,177,17,10
"2011","Coventry 043A","E01009588",681,298,107,191,1,263,93,170,113,103,10,6
"2011","Coventry 043B","E01009592",640,356,117,239,4,137,50,87,134,119,15,9
"2011","Coventry 043C","E01009596",564,320,148,172,0,58,16,42,184,177,7,2
"2011","Coventry 043D","E01009597",642,434,207,227,3,50,11,39,143,132,11,12
"2011","Coventry 043E","E01032587",670,392,138,254,9,160,61,99,101,91,10,8
"2011","Dudley 001A","E01009763",690,343,104,239,2,287,186,101,47,46,1,11
"2011","Dudley 001B","E01009764",571,489,257,232,3,33,27,6,43,36,7,3
"2011","Dudley 001C","E01009767",615,409,207,202,0,160,158,2,29,22,7,17
"2011","Dudley 001D","E01009769",708,260,130,130,0,365,353,12,64,58,6,19
"2011","Dudley 001E","E01009770",634,406,235,171,0,187,162,25,24,21,3,17
"2011","Dudley 002A","E01009773",665,401,214,187,0,172,170,2,77,74,3,15
"2011","Dudley 002B","E01009777",612,352,169,183,2,215,213,2,30,30,0,13
"2011","Dudley 002C","E01009778",621,495,211,284,3,56,56,0,60,55,5,7
"2011","Dudley 002D","E01009895",611,384,199,185,1,181,109,72,35,32,3,10
"2011","Dudley 003A","E01009896",606,521,312,209,0,52,50,2,22,19,3,11
"2011","Dudley 003B","E01009897",606,580,372,208,0,3,3,0,20,14,6,3
"2011","Dudley 003C","E01009898",652,535,357,178,1,72,72,0,34,30,4,10
"2011","Dudley 003D","E01009901",585,502,311,191,11,45,6,39,20,17,3,7
"2011","Dudley 003E","E01009902",533,490,312,178,1,17,15,2,21,19,2,4
"2011","Dudley 004A","E01009765",641,525,268,257,1,57,53,4,55,51,4,3
"2011","Dudley 004B","E01009766",672,444,205,239,0,174,150,24,46,42,4,8
"2011","Dudley 004C","E01009768",626,406,223,183,1,140,120,20,66,64,2,13
"2011","Dudley 004D","E01009771",640,565,377,188,2,36,5,31,30,26,4,7
"2011","Dudley 004E","E01009775",597,387,181,206,1,157,148,9,42,38,4,10
"2011","Dudley 004F","E01009776",590,512,270,242,1,39,38,1,30,28,2,8
"2011","Dudley 005A","E01009758",664,365,162,203,4,224,212,12,47,44,3,24
"2011","Dudley 005B","E01009760",505,359,164,195,2,95,94,1,37,36,1,12
"2011","Dudley 005C","E01009772",480,181,78,103,42,224,17,207,26,24,2,7
"2011","Dudley 005D","E01009774",625,469,242,227,27,76,71,5,46,43,3,7
"2011","Dudley 005E","E01009788",705,327,160,167,0,281,279,2,73,63,10,24
"2011","Dudley 006B","E01009756",527,237,94,143,1,235,235,0,45,42,3,9
"2011","Dudley 006C","E01009757",645,398,193,205,1,141,109,32,86,76,10,19
"2011","Dudley 006D","E01009759",526,481,296,185,1,14,11,3,27,24,3,3
"2011","Dudley 006F","E01009762",489,127,44,83,1,334,331,3,17,15,2,10
"2011","Dudley 006G","E01033187",837,228,79,149,9,525,517,8,41,34,7,34
"2011","Dudley 007A","E01009781",890,473,221,252,21,309,167,142,74,67,7,13
"2011","Dudley 007B","E01009786",626,221,80,141,13,333,238,95,43,39,4,16
"2011","Dudley 007C","E01009789",643,521,247,274,14,61,57,4,43,35,8,4
"2011","Dudley 007D","E01009790",667,371,178,193,3,231,219,12,47,45,2,15
"2011","Dudley 008A","E01009779",675,446,243,203,1,135,85,50,69,62,7,24
"2011","Dudley 008B","E01009782",632,326,148,178,4,253,250,3,38,32,6,11
"2011","Dudley 008C","E01009783",597,351,162,189,0,195,193,2,44,41,3,7
"2011","Dudley 008D","E01009785",634,573,364,209,0,34,32,2,19,15,4,8
"2011","Dudley 008E","E01009899",625,574,371,203,2,19,18,1,23,21,2,7
"2011","Dudley 008F","E01009900",633,608,430,178,0,7,6,1,13,12,1,5
"2011","Dudley 009A","E01009780",745,649,152,497,17,31,8,23,44,43,1,4
"2011","Dudley 009B","E01009784",625,589,165,424,2,3,3,0,30,27,3,1
"2011","Dudley 009C","E01009787",585,551,248,303,0,11,4,7,23,19,4,0
"2011","Dudley 009D","E01009880",569,487,176,311,2,15,8,7,60,57,3,5
"2011","Dudley 009E","E01009882",542,444,224,220,0,25,20,5,65,61,4,8
"2011","Dudley 010A","E01009891",615,294,120,174,1,244,235,9,56,53,3,20
"2011","Dudley 010B","E01009892",632,208,104,104,3,275,252,23,109,95,14,37
"2011","Dudley 010C","E01009893",607,206,83,123,0,324,308,16,60,56,4,17
"2011","Dudley 010D","E01009894",696,435,195,240,1,184,136,48,67,64,3,9
"2011","Dudley 011A","E01009844",608,269,136,133,4,197,133,64,124,120,4,14
"2011","Dudley 011B","E01009879",802,469,209,260,43,167,121,46,108,103,5,15
"2011","Dudley 011C","E01009881",1131,278,121,157,2,542,294,248,271,257,14,38
"2011","Dudley 011D","E01009885",682,357,243,114,0,194,157,37,119,108,11,12
"2011","Dudley 012A","E01009816",607,576,331,245,1,5,3,2,23,22,1,2
"2011","Dudley 012B","E01009817",544,518,319,199,1,6,2,4,17,15,2,2
"2011","Dudley 012C","E01009819",662,590,280,310,0,12,8,4,53,45,8,7
"2011","Dudley 012D","E01009820",644,529,280,249,5,44,34,10,53,48,5,13
"2011","Dudley 013A","E01009748",649,250,112,138,2,322,318,4,53,47,6,22
"2011","Dudley 013B","E01009839",582,377,202,175,1,119,115,4,77,70,7,8
"2011","Dudley 013C","E01009883",569,292,136,156,2,222,213,9,43,38,5,10
"2011","Dudley 013D","E01009884",645,256,147,109,13,262,162,100,107,62,45,7
"2011","Dudley 013E","E01009886",833,285,147,138,0,475,434,41,40,35,5,33
"2011","Dudley 014A","E01009814",515,495,303,192,2,2,1,1,15,14,1,1
"2011","Dudley 014B","E01009815",498,478,242,236,0,2,2,0,18,15,3,0
"2011","Dudley 014C","E01009818",511,324,167,157,0,137,135,2,41,40,1,9
"2011","Dudley 014D","E01009821",602,574,381,193,0,5,5,0,20,18,2,3
"2011","Dudley 014E","E01009822",657,548,352,196,2,40,39,1,58,54,4,9
"2011","Dudley 015A","E01009887",637,407,206,201,0,146,141,5,70,64,6,14
"2011","Dudley 015B","E01009888",660,485,244,241,2,84,82,2,83,77,6,6
"2011","Dudley 015C","E01009889",681,341,197,144,4,114,54,60,201,190,11,21
"2011","Dudley 015D","E01009890",665,296,106,190,2,293,265,28,55,47,8,19
"2011","Dudley 016A","E01009749",594,518,283,235,2,15,15,0,51,46,5,8
"2011","Dudley 016B","E01009750",595,403,200,203,0,147,136,11,34,32,2,11
"2011","Dudley 016C","E01009823",537,508,257,251,0,10,9,1,18,13,5,1
"2011","Dudley 016D","E01009824",703,419,180,239,1,217,217,0,49,42,7,17
"2011","Dudley 017A","E01009751",651,393,200,193,4,138,135,3,102,95,7,14
"2011","Dudley 017B","E01009752",595,291,117,174,1,233,222,11,53,47,6,17
"2011","Dudley 017C","E01009753",615,222,100,122,0,325,291,34,43,42,1,25
"2011","Dudley 017D","E01009754",640,371,163,208,1,199,179,20,52,48,4,17
"2011","Dudley 017E","E01009841",631,263,127,136,2,289,287,2,60,54,6,17
"2011","Dudley 018A","E01009840",533,330,168,162,1,72,43,29,125,123,2,5
"2011","Dudley 018B","E01009842",902,296,152,144,1,471,436,35,115,106,9,19
"2011","Dudley 018C","E01009843",659,493,251,242,3,99,57,42,59,52,7,5
"2011","Dudley 018D","E01009871",833,504,237,267,3,221,180,41,90,85,5,15
"2011","Dudley 018E","E01009875",623,419,193,226,6,148,145,3,43,38,5,7
"2011","Dudley 019A","E01009825",604,425,204,221,0,122,122,0,39,34,5,18
"2011","Dudley 019B","E01009826",638,591,386,205,0,7,7,0,32,30,2,8
"2011","Dudley 019C","E01009827",633,604,351,253,0,8,8,0,17,16,1,4
"2011","Dudley 019D","E01009828",573,476,284,192,2,51,49,2,38,37,1,6
"2011","Dudley 019E","E01009829",635,590,349,241,0,8,7,1,32,28,4,5
"2011","Dudley 019F","E01009830",624,566,339,227,0,24,24,0,32,30,2,2
"2011","Dudley 020A","E01009872",615,282,106,176,2,244,234,10,70,67,3,17
"2011","Dudley 020B","E01009873",620,480,268,212,1,75,68,7,54,51,3,10
"2011","Dudley 020C","E01009874",581,328,163,165,1,213,205,8,29,27,2,10
"2011","Dudley 020D","E01009876",653,432,224,208,2,153,143,10,52,46,6,14
"2011","Dudley 020E","E01009877",633,277,132,145,0,303,297,6,35,30,5,18
"2011","Dudley 021A","E01009911",611,531,297,234,8,4,3,1,63,60,3,5
"2011","Dudley 021B","E01009912",691,621,277,344,2,37,6,31,29,24,5,2
"2011","Dudley 021C","E01009913",648,493,257,236,1,106,92,14,35,30,5,13
"2011","Dudley 021D","E01009914",593,569,354,215,0,4,4,0,17,17,0,3
"2011","Dudley 021E","E01009915",712,590,264,326,8,9,7,2,103,100,3,2
"2011","Dudley 021F","E01009916",725,502,220,282,2,108,104,4,98,88,10,15
"2011","Dudley 022A","E01009741",1179,253,116,137,3,701,682,19,188,175,13,34
"2011","Dudley 022B","E01009744",872,406,153,253,2,285,231,54,161,153,8,18
"2011","Dudley 022C","E01009746",688,329,146,183,3,182,94,88,159,149,10,15
"2011","Dudley 022D","E01009747",661,355,113,242,11,142,118,24,145,141,4,8
"2011","Dudley 023A","E01009731",679,503,178,325,0,31,14,17,135,125,10,10
"2011","Dudley 023B","E01009740",669,340,106,234,11,205,193,12,100,92,8,13
"2011","Dudley 023C","E01009742",647,305,128,177,1,281,255,26,42,33,9,18
"2011","Dudley 023D","E01009743",696,296,117,179,2,349,347,2,31,23,8,18
"2011","Dudley 023E","E01009745",727,588,275,313,2,56,17,39,77,68,9,4
"2011","Dudley 024A","E01009917",498,461,237,224,0,18,12,6,19,18,1,0
"2011","Dudley 024B","E01009918",600,327,153,174,1,232,160,72,31,29,2,9
"2011","Dudley 024C","E01009919",502,474,282,192,0,6,4,2,21,16,5,1
"2011","Dudley 024D","E01009920",621,517,219,298,1,17,5,12,85,73,12,1
"2011","Dudley 025A","E01009864",600,400,186,214,3,148,144,4,42,39,3,7
"2011","Dudley 025B","E01009865",644,356,174,182,4,219,215,4,41,37,4,24
"2011","Dudley 025C","E01009866",732,461,217,244,6,90,83,7,158,141,17,17
"2011","Dudley 025D","E01009867",694,511,269,242,2,123,123,0,48,45,3,10
"2011","Dudley 025E","E01009878",764,637,296,341,10,45,27,18,62,57,5,10
"2011","Dudley 026A","E01009791",662,453,226,227,1,164,100,64,35,28,7,9
"2011","Dudley 026B","E01009792",632,425,171,254,4,144,132,12,53,47,6,6
"2011","Dudley 026C","E01009795",705,405,171,234,10,103,77,26,174,166,8,13
"2011","Dudley 026D","E01009796",604,489,242,247,2,55,47,8,49,47,2,9
"2011","Dudley 026E","E01009798",716,559,264,295,1,67,50,17,85,79,6,4
"2011","Dudley 027A","E01009719",558,486,219,267,1,14,7,7,55,44,11,2
"2011","Dudley 027B","E01009722",618,482,254,228,72,8,4,4,54,48,6,2
"2011","Dudley 027C","E01009727",503,456,197,259,3,4,4,0,38,32,6,2
"2011","Dudley 027D","E01009728",501,475,232,243,2,4,1,3,17,14,3,3
"2011","Dudley 027E","E01009729",620,441,239,202,0,118,118,0,49,41,8,12
"2011","Dudley 028A","E01009720",528,494,178,316,2,2,2,0,28,27,1,2
"2011","Dudley 028B","E01009723",466,428,166,262,11,2,1,1,24,21,3,1
"2011","Dudley 028C","E01009724",623,577,255,322,6,2,2,0,37,34,3,1
"2011","Dudley 028D","E01009730",606,505,139,366,11,11,9,2,74,69,5,5
"2011","Dudley 029A","E01009903",621,575,347,228,1,5,4,1,36,35,1,4
"2011","Dudley 029B","E01009904",625,548,309,239,3,22,14,8,48,47,1,4
"2011","Dudley 029C","E01009909",630,463,255,208,1,119,114,5,34,27,7,13
"2011","Dudley 029D","E01009910",711,393,216,177,0,260,257,3,35,31,4,23
"2011","Dudley 030A","E01009793",527,454,213,241,3,7,7,0,61,54,7,2
"2011","Dudley 030B","E01009794",629,577,377,200,2,6,2,4,41,36,5,3
"2011","Dudley 030C","E01009797",645,447,267,180,1,134,57,77,56,46,10,7
"2011","Dudley 030D","E01009801",667,596,338,258,2,29,29,0,31,30,1,9
"2011","Dudley 031A","E01009721",866,586,276,310,37,135,106,29,88,81,7,20
"2011","Dudley 031B","E01009725",595,212,72,140,0,332,155,177,37,32,5,14
"2011","Dudley 031C","E01009726",535,481,235,246,4,7,4,3,41,35,6,2
"2011","Dudley 031D","E01009834",694,401,203,198,13,201,171,30,57,50,7,22
"2011","Dudley 032A","E01009833",498,303,136,167,4,60,41,19,123,113,10,8
"2011","Dudley 032B","E01009835",498,381,177,204,7,17,4,13,90,84,6,3
"2011","Dudley 032C","E01009869",675,562,263,299,1,15,15,0,97,89,8,0
"2011","Dudley 032D","E01009870",668,536,241,295,1,2,2,0,124,120,4,5
"2011","Dudley 033A","E01009809",669,322,133,189,1,262,260,2,59,55,4,25
"2011","Dudley 033B","E01009813",638,388,183,205,3,158,125,33,74,67,7,15
"2011","Dudley 033C","E01009861",646,442,199,243,0,97,93,4,99,88,11,8
"2011","Dudley 033D","E01009862",724,428,198,230,1,202,164,38,76,73,3,17
"2011","Dudley 033E","E01009863",702,482,154,328,6,151,107,44,58,52,6,5
"2011","Dudley 033F","E01009868",671,412,178,234,8,144,110,34,96,87,9,11
"2011","Dudley 034A","E01009734",686,431,228,203,13,154,119,35,74,66,8,14
"2011","Dudley 034B","E01009735",631,541,254,287,0,8,6,2,75,71,4,7
"2011","Dudley 034C","E01009736",602,515,307,208,1,10,4,6,75,65,10,1
"2011","Dudley 034D","E01009737",664,481,241,240,4,112,15,97,61,56,5,6
"2011","Dudley 034E","E01009738",607,435,210,225,3,130,125,5,26,21,5,13
"2011","Dudley 035A","E01009856",901,501,213,288,4,225,193,32,144,137,7,27
"2011","Dudley 035B","E01009905",647,459,238,221,4,85,83,2,94,83,11,5
"2011","Dudley 035C","E01009906",860,331,150,181,2,385,382,3,119,111,8,23
"2011","Dudley 035D","E01009907",637,462,217,245,4,44,38,6,118,110,8,9
"2011","Dudley 035E","E01009908",679,545,256,289,2,25,17,8,96,89,7,11
"2011","Dudley 036A","E01009800",635,524,292,232,0,57,53,4,44,39,5,10
"2011","Dudley 036B","E01009802",668,494,246,248,0,135,132,3,25,19,6,14
"2011","Dudley 036C","E01009803",653,622,389,233,0,3,2,1,19,17,2,9
"2011","Dudley 036D","E01009804",534,491,261,230,0,13,7,6,26,25,1,4
"2011","Dudley 037A","E01009831",638,311,156,155,0,272,269,3,38,36,2,17
"2011","Dudley 037B","E01009836",859,231,122,109,1,439,372,67,161,154,7,27
"2011","Dudley 037C","E01009837",618,418,197,221,0,83,34,49,113,102,11,4
"2011","Dudley 037D","E01009838",658,415,198,217,3,149,145,4,79,69,10,12
"2011","Dudley 038A","E01009847",607,503,265,238,1,81,81,0,17,15,2,5
"2011","Dudley 038B","E01009848",622,451,210,241,2,99,98,1,59,53,6,11
"2011","Dudley 038C","E01009849",653,441,222,219,0,164,163,1,33,28,5,15
"2011","Dudley 038D","E01009851",625,489,269,220,2,80,76,4,40,33,7,14
"2011","Dudley 039A","E01009732",719,462,215,247,3,154,136,18,84,78,6,16
"2011","Dudley 039B","E01009733",929,196,92,104,4,611,572,39,84,75,9,34
"2011","Dudley 039C","E01009739",640,446,194,252,1,102,98,4,82,79,3,9
"2011","Dudley 039D","E01009799",658,549,335,214,6,26,14,12,69,66,3,8
"2011","Dudley 039E","E01009805",613,481,259,222,1,68,11,57,57,54,3,6
"2011","Dudley 039F","E01009806",672,537,274,263,2,53,11,42,70,60,10,10
"2011","Dudley 040A","E01009854",632,581,368,213,0,3,3,0,47,41,6,1
"2011","Dudley 040B","E01009857",694,365,150,215,2,251,244,7,66,62,4,10
"2011","Dudley 040C","E01009858",593,394,231,163,4,42,8,34,127,118,9,26
"2011","Dudley 040D","E01009859",643,566,300,266,0,9,7,2,64,56,8,4
"2011","Dudley 041A","E01009845",628,564,345,219,0,32,3,29,26,24,2,6
"2011","Dudley 041B","E01009846",617,518,305,213,0,55,55,0,35,34,1,9
"2011","Dudley 041C","E01009850",664,537,295,242,0,55,39,16,63,52,11,9
"2011","Dudley 041D","E01009852",601,568,358,210,0,2,2,0,27,26,1,4
"2011","Dudley 042A","E01009832",659,284,125,159,0,313,313,0,47,43,4,15
"2011","Dudley 042B","E01009853",628,594,412,182,2,7,7,0,21,18,3,4
"2011","Dudley 042C","E01009855",637,600,372,228,1,5,4,1,26,24,2,5
"2011","Dudley 042D","E01009860",646,602,383,219,2,16,15,1,20,19,1,6
"2011","Dudley 043A","E01009807",755,708,443,265,0,3,2,1,37,35,2,7
"2011","Dudley 043B","E01009808",602,569,318,251,1,9,5,4,21,17,4,2
"2011","Dudley 043C","E01009810",764,593,339,254,0,90,89,1,70,65,5,11
"2011","Dudley 043D","E01009811",663,508,275,233,3,102,21,81,39,35,4,11
"2011","Dudley 043E","E01009812",577,522,265,257,0,29,23,6,23,21,2,3
"2011","Sandwell 001A","E01010085",606,442,204,238,1,62,52,10,89,81,8,12
"2011","Sandwell 001B","E01010086",690,321,127,194,1,281,245,36,66,56,10,21
"2011","Sandwell 001C","E01010087",615,363,168,195,2,175,169,6,59,57,2,16
"2011","Sandwell 001D","E01010088",557,324,117,207,0,168,163,5,55,47,8,10
"2011","Sandwell 001E","E01010089",697,377,165,212,0,241,223,18,54,49,5,25
"2011","Sandwell 002A","E01009969",774,371,97,274,3,259,182,77,126,122,4,15
"2011","Sandwell 002B","E01009970",629,404,219,185,1,165,147,18,49,46,3,10
"2011","Sandwell 002C","E01009971",670,322,126,196,3,271,175,96,64,58,6,10
"2011","Sandwell 002D","E01009973",761,604,189,415,3,60,52,8,85,80,5,9
"2011","Sandwell 003A","E01009960",649,307,140,167,0,278,273,5,38,36,2,26
"2011","Sandwell 003B","E01009961",534,480,261,219,1,24,24,0,29,26,3,0
"2011","Sandwell 003C","E01009966",467,249,121,128,2,178,172,6,29,26,3,9
"2011","Sandwell 003D","E01009967",770,503,243,260,1,172,167,5,80,74,6,14
"2011","Sandwell 003E","E01010092",781,430,190,240,5,248,185,63,78,71,7,20
"2011","Sandwell 004A","E01009962",499,197,82,115,2,254,252,2,26,24,2,20
"2011","Sandwell 004B","E01009963",497,212,86,126,2,239,236,3,30,27,3,14
"2011","Sandwell 004C","E01009964",564,229,90,139,1,287,286,1,33,29,4,14
"2011","Sandwell 004D","E01009965",471,185,59,126,0,253,251,2,23,22,1,10
"2011","Sandwell 005A","E01010090",708,295,120,175,8,255,208,47,122,117,5,28
"2011","Sandwell 005B","E01010091",634,354,157,197,6,189,81,108,75,69,6,10
"2011","Sandwell 005C","E01010096",714,332,173,159,6,278,268,10,72,67,5,26
"2011","Sandwell 005D","E01010097",731,566,368,198,5,109,91,18,43,37,6,8
"2011","Sandwell 006A","E01009968",646,513,300,213,3,43,10,33,82,75,7,5
"2011","Sandwell 006B","E01009972",723,611,351,260,4,32,31,1,69,63,6,7
"2011","Sandwell 006C","E01009974",608,553,304,249,1,6,5,1,43,40,3,5
"2011","Sandwell 006D","E01009975",658,562,303,259,1,40,37,3,45,42,3,10
"2011","Sandwell 007A","E01010030",654,228,105,123,2,343,320,23,66,63,3,15
"2011","Sandwell 007B","E01010034",507,457,155,302,11,13,10,3,25,21,4,1
"2011","Sandwell 007C","E01010035",589,537,337,200,0,8,5,3,41,35,6,3
"2011","Sandwell 007D","E01010036",615,333,91,242,1,209,123,86,68,66,2,4
"2011","Sandwell 009A","E01009982",528,259,112,147,0,215,190,25,45,41,4,9
"2011","Sandwell 009B","E01009983",570,270,110,160,0,266,253,13,19,19,0,15
"2011","Sandwell 009C","E01010029",536,151,68,83,0,302,259,43,61,61,0,22
"2011","Sandwell 009D","E01010037",407,150,71,79,3,220,90,130,24,21,3,10
"2011","Sandwell 010A","E01009991",797,372,152,220,9,296,185,111,106,103,3,14
"2011","Sandwell 010B","E01009994",620,309,158,151,1,215,194,21,75,72,3,20
"2011","Sandwell 010C","E01009995",612,395,183,212,0,134,113,21,79,74,5,4
"2011","Sandwell 010D","E01009996",654,246,103,143,0,342,335,7,40,40,0,26
"2011","Sandwell 010E","E01009997",627,320,129,191,5,207,184,23,81,75,6,14
"2011","Sandwell 010F","E01009998",772,353,153,200,3,309,208,101,93,88,5,14
"2011","Sandwell 011A","E01010008",627,471,256,215,2,88,61,27,57,55,2,9
"2011","Sandwell 011B","E01010010",598,261,123,138,0,270,240,30,57,51,6,10
"2011","Sandwell 011C","E01010011",688,547,292,255,3,11,9,2,122,116,6,5
"2011","Sandwell 011D","E01010012",564,513,279,234,1,9,8,1,40,37,3,1
"2011","Sandwell 012A","E01010007",507,345,174,171,2,85,83,2,69,64,5,6
"2011","Sandwell 012B","E01010009",541,370,171,199,1,129,118,11,31,26,5,10
"2011","Sandwell 012C","E01010013",513,448,283,165,0,7,6,1,54,47,7,4
"2011","Sandwell 012D","E01010014",713,571,330,241,4,26,22,4,106,100,6,6
"2011","Sandwell 013A","E01010093",477,192,62,130,3,223,190,33,49,40,9,10
"2011","Sandwell 013B","E01010094",485,343,160,183,1,67,41,26,69,68,1,5
"2011","Sandwell 013C","E01010095",488,240,103,137,4,202,159,43,28,27,1,14
"2011","Sandwell 013D","E01010098",748,293,156,137,2,384,306,78,42,38,4,27
"2011","Sandwell 013E","E01010099",655,450,217,233,1,132,100,32,61,57,4,11
"2011","Sandwell 013F","E01010100",666,421,201,220,25,86,58,28,126,118,8,8
"2011","Sandwell 014A","E01009978",625,393,196,197,3,170,167,3,47,46,1,12
"2011","Sandwell 014B","E01010031",720,251,130,121,1,415,408,7,38,33,5,15
"2011","Sandwell 014C","E01010032",467,99,39,60,0,339,328,11,20,19,1,9
"2011","Sandwell 014D","E01010033",767,271,132,139,4,393,326,67,81,80,1,18
"2011","Sandwell 014E","E01010074",953,494,147,347,2,311,257,54,132,124,8,14
"2011","Sandwell 015A","E01010066",651,262,141,121,3,313,271,42,50,46,4,23
"2011","Sandwell 015B","E01010067",641,295,126,169,3,161,114,47,167,161,6,15
"2011","Sandwell 015C","E01010068",620,341,131,210,13,186,158,28,55,55,0,25
"2011","Sandwell 015D","E01010070",719,452,206,246,17,145,75,70,94,85,9,11
"2011","Sandwell 015E","E01010075",446,335,84,251,29,27,19,8,50,48,2,5
"2011","Sandwell 015F","E01010076",578,225,107,118,4,307,242,65,32,31,1,10
"2011","Sandwell 016A","E01009976",980,700,205,495,3,62,57,5,210,203,7,5
"2011","Sandwell 016B","E01009977",711,399,104,295,3,159,148,11,132,121,11,18
"2011","Sandwell 016C","E01009979",797,188,102,86,0,529,465,64,53,47,6,27
"2011","Sandwell 016D","E01009980",825,447,149,298,7,211,193,18,142,132,10,18
"2011","Sandwell 016E","E01010069",627,466,157,309,1,77,74,3,71,68,3,12
"2011","Sandwell 016F","E01010071",682,282,121,161,9,278,238,40,97,96,1,16
"2011","Sandwell 017A","E01009947",788,515,259,256,14,150,129,21,94,89,5,15
"2011","Sandwell 017B","E01009992",615,379,167,212,3,117,109,8,102,95,7,14
"2011","Sandwell 017C","E01009993",715,293,124,169,0,317,308,9,89,86,3,16
"2011","Sandwell 017D","E01010103",782,371,201,170,1,259,216,43,132,124,8,19
"2011","Sandwell 017E","E01010104",827,374,215,159,5,278,261,17,146,121,25,24
"2011","Sandwell 017F","E01010105",517,332,194,138,4,80,16,64,98,93,5,3
"2011","Sandwell 018A","E01009981",716,355,189,166,2,252,237,15,95,89,6,12
"2011","Sandwell 018C","E01009985",674,303,162,141,16,276,241,35,53,44,9,26
"2011","Sandwell 018E","E01032887",979,419,206,213,6,390,343,47,134,120,14,30
"2011","Sandwell 019A","E01009986",453,267,166,101,1,58,44,14,117,111,6,10
"2011","Sandwell 019B","E01009987",471,169,84,85,0,236,194,42,52,50,2,14
"2011","Sandwell 019C","E01009989",642,361,198,163,13,147,114,33,110,103,7,11
"2011","Sandwell 019D","E01010106",486,263,147,116,11,95,37,58,105,96,9,12
"2011","Sandwell 020A","E01009988",734,264,130,134,3,387,242,145,55,51,4,25
"2011","Sandwell 020B","E01010101",872,223,131,92,2,562,459,103,56,51,5,29
"2011","Sandwell 020C","E01010102",683,338,204,134,2,202,160,42,113,102,11,28
"2011","Sandwell 020D","E01010107",663,239,134,105,12,238,25,213,154,142,12,20
"2011","Sandwell 021A","E01010015",619,486,263,223,1,22,17,5,101,94,7,9
"2011","Sandwell 021B","E01010016",578,361,154,207,2,73,63,10,133,127,6,9
"2011","Sandwell 021C","E01010018",862,495,155,340,6,175,114,61,173,166,7,13
"2011","Sandwell 021D","E01010072",931,503,129,374,9,186,146,40,213,202,11,20
"2011","Sandwell 021E","E01010073",593,360,143,217,2,141,64,77,81,76,5,9
"2011","Sandwell 022A","E01010077",651,304,134,170,2,299,296,3,28,26,2,18
"2011","Sandwell 022B","E01010079",612,485,212,273,2,61,60,1,57,52,5,7
"2011","Sandwell 022C","E01010080",695,310,125,185,2,304,278,26,66,57,9,13
"2011","Sandwell 022D","E01010081",626,523,252,271,0,47,45,2,46,44,2,10
"2011","Sandwell 022E","E01010082",852,642,203,439,4,100,93,7,100,97,3,6
"2011","Sandwell 022F","E01010083",674,398,164,234,2,207,205,2,54,44,10,13
"2011","Sandwell 022G","E01010084",546,243,114,129,1,230,223,7,62,59,3,10
"2011","Sandwell 023A","E01010046",581,289,89,200,7,161,45,116,108,102,6,16
"2011","Sandwell 023B","E01010047",564,371,204,167,5,59,32,27,119,105,14,10
"2011","Sandwell 023C","E01010048",514,323,185,138,5,19,16,3,160,139,21,7
"2011","Sandwell 023D","E01010049",568,296,156,140,3,96,56,40,147,135,12,26
"2011","Sandwell 023E","E01010050",496,332,195,137,1,58,28,30,101,87,14,4
"2011","Sandwell 023F","E01010052",475,229,103,126,2,145,91,54,86,79,7,13
"2011","Sandwell 023G","E01010053",576,216,95,121,2,246,190,56,94,87,7,18
"2011","Sandwell 024A","E01010017",841,283,136,147,7,314,221,93,209,206,3,28
"2011","Sandwell 024B","E01010019",621,394,166,228,7,80,68,12,128,122,6,12
"2011","Sandwell 024C","E01010020",668,409,205,204,2,168,159,9,73,69,4,16
"2011","Sandwell 024D","E01010021",654,366,166,200,2,150,71,79,124,115,9,12
"2011","Sandwell 025A","E01010039",499,242,101,141,1,204,196,8,44,41,3,8
"2011","Sandwell 025B","E01010043",592,520,254,266,0,39,39,0,25,18,7,8
"2011","Sandwell 025C","E01010044",582,354,173,181,4,175,154,21,43,37,6,6
"2011","Sandwell 025D","E01010078",517,469,296,173,6,11,10,1,26,26,0,5
"2011","Sandwell 026A","E01010059",612,282,129,153,5,116,21,95,195,188,7,14
"2011","Sandwell 026B","E01010061",523,282,138,144,4,68,38,30,154,151,3,15
"2011","Sandwell 026C","E01010062",659,176,85,91,0,404,310,94,54,50,4,25
"2011","Sandwell 026D","E01010063",775,95,31,64,0,613,558,55,36,31,5,31
"2011","Sandwell 026E","E01010064",683,268,105,163,5,237,81,156,155,143,12,18
"2011","Sandwell 026F","E01010065",845,342,91,251,3,248,160,88,220,213,7,32
"2011","Sandwell 027A","E01009934",590,287,125,162,1,247,191,56,43,36,7,12
"2011","Sandwell 027B","E01009935",885,304,147,157,3,497,459,38,62,55,7,19
"2011","Sandwell 027C","E01009936",669,565,317,248,0,49,41,8,52,50,2,3
"2011","Sandwell 027D","E01010004",773,385,178,207,3,250,239,11,120,112,8,15
"2011","Sandwell 028A","E01010054",868,238,111,127,3,452,225,227,126,120,6,49
"2011","Sandwell 028B","E01010055",643,394,161,233,7,37,20,17,199,189,10,6
"2011","Sandwell 028C","E01010056",629,292,141,151,0,262,241,21,53,48,5,22
"2011","Sandwell 028D","E01010057",658,343,182,161,8,146,61,85,149,146,3,12
"2011","Sandwell 028E","E01010060",689,320,182,138,6,153,101,52,187,180,7,23
"2011","Sandwell 029A","E01010038",669,382,137,245,8,208,194,14,55,48,7,16
"2011","Sandwell 029B","E01010040",572,402,212,190,1,120,93,27,41,37,4,8
"2011","Sandwell 029C","E01010041",744,336,176,160,5,320,307,13,66,62,4,17
"2011","Sandwell 029D","E01010045",625,365,151,214,1,192,187,5,50,44,6,17
"2011","Sandwell 030A","E01010000",674,477,243,234,1,113,101,12,61,58,3,22
"2011","Sandwell 030B","E01010002",817,581,219,362,2,31,12,19,193,173,20,10
"2011","Sandwell 030C","E01010003",712,264,108,156,1,316,266,50,111,99,12,20
"2011","Sandwell 030D","E01010005",572,416,203,213,1,59,27,32,87,82,5,9
"2011","Sandwell 030E","E01010006",640,502,253,249,3,41,21,20,82,74,8,12
"2011","Sandwell 031A","E01009938",668,386,171,215,4,207,207,0,53,50,3,18
"2011","Sandwell 031B","E01009943",478,269,127,142,1,167,165,2,30,26,4,11
"2011","Sandwell 031C","E01009944",575,305,124,181,0,202,162,40,53,48,5,15
"2011","Sandwell 031D","E01010051",465,266,117,149,1,140,138,2,46,43,3,12
"2011","Sandwell 031E","E01010058",681,306,146,160,10,288,264,24,63,62,1,14
"2011","Sandwell 032A","E01009937",599,315,100,215,0,229,226,3,47,45,2,8
"2011","Sandwell 032B","E01009939",669,514,265,249,0,74,72,2,74,68,6,7
"2011","Sandwell 032C","E01009940",618,337,165,172,3,204,199,5,52,45,7,22
"2011","Sandwell 032D","E01009941",596,404,205,199,0,119,114,5,60,56,4,13
"2011","Sandwell 032E","E01009942",627,355,157,198,1,191,178,13,68,58,10,12
"2011","Sandwell 033A","E01009929",723,340,155,185,1,293,292,1,56,45,11,33
"2011","Sandwell 033B","E01009930",634,350,151,199,4,218,205,13,51,43,8,11
"2011","Sandwell 033C","E01009931",900,718,289,429,6,45,33,12,117,101,16,14
"2011","Sandwell 033D","E01009932",809,295,114,181,6,342,135,207,144,129,15,22
"2011","Sandwell 033E","E01009999",527,375,192,183,0,89,71,18,56,52,4,7
"2011","Sandwell 034A","E01009921",715,407,160,247,0,22,18,4,274,265,9,12
"2011","Sandwell 034B","E01009922",503,321,138,183,1,132,126,6,42,38,4,7
"2011","Sandwell 034C","E01009924",616,459,200,259,1,14,10,4,141,136,5,1
"2011","Sandwell 034D","E01009925",560,462,209,253,0,13,10,3,82,76,6,3
"2011","Sandwell 034E","E01009926",615,411,179,232,2,34,32,2,159,152,7,9
"2011","Sandwell 034F","E01009927",714,408,195,213,12,17,8,9,264,258,6,13
"2011","Sandwell 034G","E01009928",756,363,136,227,1,169,164,5,208,200,8,15
"2011","Sandwell 035A","E01009933",541,341,141,200,1,162,143,19,32,29,3,5
"2011","Sandwell 035B","E01009952",885,219,55,164,15,519,413,106,107,102,5,25
"2011","Sandwell 035C","E01009955",812,409,193,216,17,165,148,17,203,188,15,18
"2011","Sandwell 035D","E01009956",678,378,164,214,1,179,153,26,104,98,6,16
"2011","Sandwell 035E","E01009959",591,543,284,259,0,13,8,5,31,28,3,4
"2011","Sandwell 035F","E01010042",775,469,212,257,16,183,86,97,98,89,9,9
"2011","Sandwell 036A","E01009923",574,440,232,208,3,67,62,5,55,49,6,9
"2011","Sandwell 036B","E01010024",618,521,301,220,1,25,7,18,68,61,7,3
"2011","Sandwell 036C","E01010026",704,521,264,257,0,131,102,29,44,40,4,8
"2011","Sandwell 036D","E01010027",587,490,252,238,1,27,20,7,62,56,6,7
"2011","Sandwell 037A","E01010001",705,410,196,214,1,212,209,3,57,54,3,25
"2011","Sandwell 037B","E01010022",620,532,279,253,1,22,20,2,57,53,4,8
"2011","Sandwell 037C","E01010023",767,557,304,253,17,73,70,3,108,96,12,12
"2011","Sandwell 037D","E01010025",677,360,153,207,3,240,200,40,61,53,8,13
"2011","Sandwell 037E","E01010028",606,287,100,187,32,224,206,18,47,43,4,16
"2011","Sandwell 038A","E01009953",790,405,158,247,2,228,198,30,137,129,8,18
"2011","Sandwell 038B","E01009954",718,431,226,205,8,199,194,5,56,51,5,24
"2011","Sandwell 038C","E01009957",634,238,88,150,9,304,278,26,70,66,4,13
"2011","Sandwell 038D","E01009958",641,535,281,254,0,39,35,4,61,59,2,6
"2011","Sandwell 039A","E01009946",657,544,312,232,2,40,26,14,64,55,9,7
"2011","Sandwell 039B","E01009948",585,502,302,200,4,35,33,2,39,35,4,5
"2011","Sandwell 039C","E01009949",578,529,304,225,3,8,6,2,31,25,6,7
"2011","Sandwell 039D","E01009950",639,489,260,229,0,93,87,6,43,42,1,14
"2011","Sandwell 039E","E01009951",1004,279,128,151,8,495,488,7,202,191,11,20
"2011","Sandwell 039F","E01032592",714,523,290,233,1,106,102,4,71,68,3,13
"2011","Solihull 001A","E01010118",508,374,169,205,3,111,58,53,19,14,5,1
"2011","Solihull 001B","E01010120",656,327,132,195,15,260,19,241,49,42,7,5
"2011","Solihull 001C","E01010121",605,542,329,213,1,9,2,7,49,44,5,4
"2011","Solihull 001D","E01010122",600,541,326,215,0,11,5,6,45,41,4,3
"2011","Solihull 002A","E01010235",564,267,125,142,2,250,208,42,44,39,5,1
"2011","Solihull 002B","E01010236",665,217,84,133,12,388,319,69,42,40,2,6
"2011","Solihull 002C","E01010239",630,362,147,215,2,213,195,18,49,48,1,4
"2011","Solihull 002D","E01010240",582,284,105,179,2,231,215,16,61,54,7,4
"2011","Solihull 003A","E01010117",533,470,227,243,25,4,4,0,30,27,3,4
"2011","Solihull 003B","E01010119",604,570,344,226,1,3,3,0,27,22,5,3
"2011","Solihull 003C","E01010123",583,538,298,240,0,13,2,11,27,24,3,5
"2011","Solihull 003D","E01010124",619,574,336,238,3,8,8,0,33,29,4,1
"2011","Solihull 004A","E01010146",649,352,153,199,3,249,234,15,44,42,2,1
"2011","Solihull 004B","E01010234",539,232,96,136,1,284,219,65,21,19,2,1
"2011","Solihull 004C","E01010237",760,517,261,256,16,190,138,52,36,33,3,1
"2011","Solihull 004D","E01010238",666,246,105,141,1,384,338,46,30,29,1,5
"2011","Solihull 005A","E01010145",648,478,277,201,2,128,93,35,35,31,4,5
"2011","Solihull 005B","E01010147",641,208,66,142,13,360,343,17,56,54,2,4
"2011","Solihull 005C","E01010148",732,252,89,163,3,372,329,43,96,90,6,9
"2011","Solihull 005D","E01010149",572,459,245,214,1,86,64,22,23,22,1,3
"2011","Solihull 006A","E01010125",711,210,85,125,1,450,407,43,42,40,2,8
"2011","Solihull 006B","E01010129",695,274,107,167,1,362,305,57,53,47,6,5
"2011","Solihull 006C","E01010139",400,294,147,147,0,82,79,3,24,21,3,0
"2011","Solihull 006D","E01010141",656,154,46,108,8,463,377,86,24,23,1,7
"2011","Solihull 007A","E01010140",645,289,115,174,1,304,290,14,48,44,4,3
"2011","Solihull 007B","E01010142",641,227,96,131,1,348,326,22,61,57,4,4
"2011","Solihull 007C","E01010143",658,265,109,156,1,346,338,8,41,33,8,5
"2011","Solihull 007D","E01010144",740,479,215,264,14,174,154,20,68,58,10,5
"2011","Solihull 008A","E01010111",668,267,113,154,7,328,292,36,62,55,7,4
"2011","Solihull 008B","E01010126",661,257,119,138,1,353,337,16,47,45,2,3
"2011","Solihull 008C","E01010127",749,406,143,263,17,263,175,88,63,59,4,0
"2011","Solihull 008D","E01010128",586,357,185,172,3,155,138,17,66,63,3,5
"2011","Solihull 008E","E01010130",820,277,101,176,7,474,391,83,53,51,2,9
"2011","Solihull 008F","E01010131",632,269,111,158,3,293,273,20,62,54,8,5
"2011","Solihull 009A","E01010109",550,480,243,237,1,6,2,4,57,56,1,6
"2011","Solihull 009B","E01010110",574,448,189,259,4,72,27,45,40,35,5,10
"2011","Solihull 009C","E01010112",675,428,136,292,23,122,58,64,97,94,3,5
"2011","Solihull 009D","E01010113",555,363,173,190,0,137,128,9,52,44,8,3
"2011","Solihull 009E","E01010114",730,585,318,267,12,60,14,46,70,66,4,3
"2011","Solihull 010A","E01010157",597,498,186,312,3,13,5,8,77,66,11,6
"2011","Solihull 010B","E01010159",531,444,198,246,1,33,30,3,51,48,3,2
"2011","Solihull 010C","E01010162",623,574,297,277,0,8,5,3,36,33,3,5
"2011","Solihull 010D","E01010163",551,473,211,262,0,22,16,6,55,50,5,1
"2011","Solihull 011A","E01010132",623,438,232,206,0,71,38,33,110,103,7,4
"2011","Solihull 011B","E01010133",696,604,389,215,1,19,15,4,66,62,4,6
"2011","Solihull 011C","E01010134",585,522,283,239,0,5,3,2,57,45,12,1
"2011","Solihull 011D","E01010135",655,483,259,224,0,108,89,19,55,51,4,9
"2011","Solihull 011E","E01010138",601,531,262,269,3,3,1,2,59,52,7,5
"2011","Solihull 012A","E01010136",522,436,178,258,1,20,5,15,62,55,7,3
"2011","Solihull 012B","E01010137",647,303,133,170,3,280,263,17,53,46,7,8
"2011","Solihull 012C","E01010158",637,346,149,197,4,217,206,11,63,57,6,7
"2011","Solihull 012D","E01010160",636,458,247,211,4,121,107,14,49,44,5,4
"2011","Solihull 012E","E01010161",616,515,251,264,7,34,31,3,53,52,1,7
"2011","Solihull 013A","E01010174",655,533,262,271,4,14,7,7,100,91,9,4
"2011","Solihull 013B","E01010175",710,570,316,254,0,34,4,30,100,98,2,6
"2011","Solihull 013C","E01010177",577,443,221,222,1,66,52,14,63,60,3,4
"2011","Solihull 013D","E01010178",894,397,189,208,15,297,191,106,177,165,12,8
"2011","Solihull 014A","E01010172",585,548,290,258,0,2,2,0,30,28,2,5
"2011","Solihull 014B","E01010173",549,503,270,233,0,5,3,2,37,36,1,4
"2011","Solihull 014C","E01010176",473,434,206,228,2,2,1,1,31,29,2,4
"2011","Solihull 014D","E01010179",773,621,396,225,4,7,7,0,129,122,7,12
"2011","Solihull 015A","E01010115",667,456,209,247,3,117,109,8,81,74,7,10
"2011","Solihull 015B","E01010116",522,488,247,241,1,9,7,2,23,21,2,1
"2011","Solihull 015C","E01010227",799,660,362,298,11,41,7,34,82,70,12,5
"2011","Solihull 015D","E01010228",671,555,272,283,5,33,26,7,76,68,8,2
"2011","Solihull 015E","E01010232",954,567,239,328,31,138,100,38,215,198,17,3
"2011","Solihull 016A","E01010195",585,549,308,241,0,12,4,8,22,21,1,2
"2011","Solihull 016B","E01010226",844,585,424,161,21,54,51,3,174,164,10,10
"2011","Solihull 016C","E01010229",553,520,298,222,0,4,3,1,25,24,1,4
"2011","Solihull 016D","E01010230",759,474,250,224,26,144,98,46,112,104,8,3
"2011","Solihull 016E","E01010231",661,601,361,240,3,3,2,1,46,43,3,8
"2011","Solihull 016F","E01010233",763,482,198,284,7,155,147,8,113,106,7,6
"2011","Solihull 017A","E01010108",857,686,359,327,1,58,35,23,103,90,13,9
"2011","Solihull 017B","E01010164",654,546,307,239,1,42,28,14,53,48,5,12
"2011","Solihull 017C","E01010165",712,455,269,186,1,152,94,58,87,70,17,17
"2011","Solihull 017D","E01010167",637,455,216,239,1,108,70,38,65,50,15,8
"2011","Solihull 018A","E01010199",701,628,330,298,1,15,10,5,55,49,6,2
"2011","Solihull 018B","E01010200",663,451,259,192,0,150,143,7,56,50,6,6
"2011","Solihull 018C","E01010201",616,556,276,280,0,21,9,12,36,34,2,3
"2011","Solihull 018D","E01010204",653,312,144,168,1,270,169,101,62,58,4,8
"2011","Solihull 018E","E01010205",543,500,280,220,0,4,4,0,37,34,3,2
"2011","Solihull 018F","E01010206",632,560,274,286,1,15,12,3,54,53,1,2
"2011","Solihull 019A","E01010192",683,502,297,205,1,8,3,5,163,148,15,9
"2011","Solihull 019B","E01010196",624,597,336,261,0,2,2,0,24,20,4,1
"2011","Solihull 019C","E01010197",638,604,366,238,1,2,2,0,27,27,0,4
"2011","Solihull 019D","E01010198",742,557,350,207,4,62,7,55,107,103,4,12
"2011","Solihull 021A","E01010218",634,406,213,193,1,158,147,11,65,58,7,4
"2011","Solihull 021B","E01010219",698,599,310,289,1,21,20,1,73,66,7,4
"2011","Solihull 021C","E01010221",695,531,279,252,15,53,9,44,87,77,10,9
"2011","Solihull 021D","E01010222",618,519,265,254,0,31,7,24,61,57,4,7
"2011","Solihull 022A","E01010191",771,618,347,271,2,25,5,20,124,118,6,2
"2011","Solihull 022B","E01010202",612,562,306,256,1,9,4,5,39,34,5,1
"2011","Solihull 022C","E01010203",747,574,288,286,17,41,6,35,106,84,22,9
"2011","Solihull 022D","E01010209",696,568,272,296,4,45,42,3,76,72,4,3
"2011","Solihull 022E","E01010213",648,434,207,227,3,140,126,14,65,59,6,6
"2011","Solihull 023A","E01010208",643,574,333,241,0,9,7,2,51,44,7,9
"2011","Solihull 023B","E01010210",639,605,363,242,0,6,5,1,27,23,4,1
"2011","Solihull 023C","E01010211",663,431,215,216,1,194,186,8,29,23,6,8
"2011","Solihull 023D","E01010217",630,575,329,246,2,5,5,0,44,39,5,4
"2011","Solihull 024A","E01010190",669,571,269,302,3,6,5,1,86,83,3,3
"2011","Solihull 024B","E01010193",477,454,207,247,0,4,3,1,17,16,1,2
"2011","Solihull 024C","E01010194",653,573,247,326,1,2,2,0,75,71,4,2
"2011","Solihull 024D","E01010207",600,541,302,239,0,9,2,7,47,43,4,3
"2011","Solihull 025A","E01010166",550,509,290,219,2,6,5,1,30,30,0,3
"2011","Solihull 025B","E01010168",793,631,289,342,4,39,5,34,110,102,8,9
"2011","Solihull 025C","E01010169",669,580,330,250,1,11,6,5,70,62,8,7
"2011","Solihull 025D","E01010170",554,523,252,271,0,3,1,2,27,26,1,1
"2011","Solihull 025E","E01010171",535,440,219,221,2,61,55,6,30,27,3,2
"2011","Solihull 026A","E01010151",802,471,269,202,3,157,79,78,159,147,12,12
"2011","Solihull 026B","E01010152",502,486,251,235,0,2,2,0,12,12,0,2
"2011","Solihull 026C","E01010153",618,537,337,200,4,22,9,13,49,46,3,6
"2011","Solihull 026D","E01010154",677,594,401,193,0,16,11,5,62,48,14,5
"2011","Solihull 026E","E01010155",659,583,333,250,0,24,21,3,47,44,3,5
"2011","Solihull 026F","E01010156",630,595,353,242,2,1,1,0,30,28,2,2
"2011","Solihull 027A","E01010212",486,448,197,251,2,1,1,0,35,33,2,0
"2011","Solihull 027B","E01010214",505,446,218,228,1,14,12,2,40,40,0,4
"2011","Solihull 027C","E01010215",675,537,249,288,19,28,27,1,88,84,4,3
"2011","Solihull 027D","E01010216",603,510,207,303,8,4,2,2,77,74,3,4
"2011","Solihull 028A","E01010150",647,587,326,261,0,20,1,19,33,29,4,7
"2011","Solihull 028B","E01010184",615,473,217,256,1,101,95,6,40,37,3,0
"2011","Solihull 028C","E01010185",611,553,321,232,0,27,4,23,29,27,2,2
"2011","Solihull 028D","E01010186",799,659,345,314,6,9,4,5,118,114,4,7
"2011","Solihull 028E","E01010187",510,478,209,269,2,5,5,0,22,21,1,3
"2011","Solihull 028F","E01010188",685,636,400,236,1,7,7,0,39,34,5,2
"2011","Solihull 029A","E01010180",520,460,231,229,1,13,1,12,43,38,5,3
"2011","Solihull 029B","E01010181",749,618,252,366,10,16,12,4,97,93,4,8
"2011","Solihull 029D","E01010183",531,474,238,236,2,12,3,9,38,32,6,5
"2011","Solihull 029E","E01010189",634,546,260,286,0,28,27,1,57,47,10,3
"2011","Solihull 029F","E01032885",665,321,79,242,14,3,3,0,316,303,13,11
"2011","Solihull 029G","E01032886",775,565,173,392,3,11,7,4,192,184,8,4
"2011","Solihull 030A","E01010220",659,578,275,303,1,5,4,1,73,68,5,2
"2011","Solihull 030B","E01010223",486,356,165,191,1,76,73,3,51,48,3,2
"2011","Solihull 030C","E01010225",580,527,216,311,0,2,0,2,50,44,6,1
"2011","Solihull 030D","E01032590",668,544,252,292,1,6,5,1,109,97,12,8
"2011","Walsall 001A","E01010301",631,285,141,144,12,272,134,138,51,46,5,11
"2011","Walsall 001B","E01010303",604,458,238,220,8,73,27,46,60,47,13,5
"2011","Walsall 001C","E01010306",779,564,224,340,19,58,30,28,133,120,13,5
"2011","Walsall 001D","E01010307",675,564,152,412,7,55,35,20,39,34,5,10
"2011","Walsall 002A","E01010302",638,403,215,188,0,182,95,87,47,39,8,6
"2011","Walsall 002B","E01010304",732,573,325,248,3,91,30,61,56,49,7,9
"2011","Walsall 002C","E01010305",523,326,168,158,1,149,62,87,40,37,3,7
"2011","Walsall 002D","E01010308",591,244,106,138,9,283,129,154,42,34,8,13
"2011","Walsall 003A","E01010345",482,417,253,164,3,37,29,8,20,17,3,5
"2011","Walsall 003B","E01010346",525,498,229,269,1,5,0,5,19,16,3,2
"2011","Walsall 003C","E01010347",642,294,146,148,2,297,141,156,38,32,6,11
"2011","Walsall 003D","E01010350",570,470,187,283,0,56,34,22,39,34,5,5
"2011","Walsall 004A","E01010249",737,433,181,252,6,158,81,77,132,121,11,8
"2011","Walsall 004B","E01010250",584,472,268,204,3,57,28,29,47,44,3,5
"2011","Walsall 004C","E01010252",745,448,204,244,10,185,76,109,92,84,8,10
"2011","Walsall 004D","E01010254",617,371,152,219,16,161,76,85,62,58,4,7
"2011","Walsall 005A","E01010348",623,432,214,218,4,113,41,72,65,60,5,9
"2011","Walsall 005B","E01010349",612,375,213,162,5,156,42,114,68,63,5,8
"2011","Walsall 005C","E01010351",743,574,322,252,1,98,47,51,63,55,8,7
"2011","Walsall 005D","E01010352",664,592,362,230,1,30,6,24,38,29,9,3
"2011","Walsall 006A","E01010284",667,373,183,190,2,238,122,116,46,44,2,8
"2011","Walsall 006B","E01010285",737,566,337,229,2,96,40,56,56,46,10,17
"2011","Walsall 006C","E01010286",649,283,118,165,0,312,185,127,37,35,2,17
"2011","Walsall 006D","E01010290",782,460,280,180,1,272,135,137,41,37,4,8
"2011","Walsall 007A","E01010251",517,485,207,278,0,5,2,3,25,22,3,2
"2011","Walsall 007B","E01010253",536,325,138,187,2,182,103,79,18,17,1,9
"2011","Walsall 007C","E01010255",614,559,373,186,2,15,5,10,30,24,6,8
"2011","Walsall 007D","E01010256",668,479,221,258,2,101,45,56,79,73,6,7
"2011","Walsall 007E","E01010257",514,473,283,190,1,6,2,4,28,25,3,6
"2011","Walsall 008A","E01010292",832,275,141,134,2,443,100,343,96,85,11,16
"2011","Walsall 008B","E01010294",667,270,117,153,1,309,176,133,65,53,12,22
"2011","Walsall 008C","E01010296",596,507,179,328,1,15,4,11,68,63,5,5
"2011","Walsall 008D","E01010297",587,558,308,250,0,9,5,4,18,16,2,2
"2011","Walsall 009A","E01010291",548,279,123,156,1,201,100,101,56,49,7,11
"2011","Walsall 009B","E01010293",728,365,192,173,6,299,120,179,49,42,7,9
"2011","Walsall 009C","E01010298",486,347,149,198,2,94,48,46,38,36,2,5
"2011","Walsall 009D","E01010299",604,314,122,192,1,214,128,86,67,64,3,8
"2011","Walsall 009E","E01010300",653,284,149,135,4,289,131,158,64,60,4,12
"2011","Walsall 010A","E01010319",485,439,175,264,0,14,8,6,29,26,3,3
"2011","Walsall 010B","E01010321",636,403,181,222,25,149,82,67,55,49,6,4
"2011","Walsall 010C","E01010353",674,476,267,209,4,141,65,76,49,43,6,4
"2011","Walsall 010D","E01010354",656,477,265,212,2,121,59,62,50,44,6,6
"2011","Walsall 011A","E01010395",508,459,192,267,6,9,5,4,33,32,1,1
"2011","Walsall 011B","E01010397",617,328,148,180,3,233,115,118,47,43,4,6
"2011","Walsall 011C","E01010398",624,563,235,328,26,9,4,5,22,22,0,4
"2011","Walsall 011D","E01010399",637,490,196,294,1,107,62,45,36,31,5,3
"2011","Walsall 012A","E01010282",513,264,122,142,12,141,58,83,88,80,8,8
"2011","Walsall 012B","E01010287",637,331,164,167,0,186,71,115,111,102,9,9
"2011","Walsall 012C","E01010288",630,286,101,185,1,251,137,114,82,81,1,10
"2011","Walsall 012D","E01010289",621,242,111,131,0,309,199,110,60,54,6,10
"2011","Walsall 013B","E01010277",618,344,166,178,9,169,109,60,91,83,8,5
"2011","Walsall 013D","E01010283",692,268,100,168,5,257,163,94,147,141,6,15
"2011","Walsall 013E","E01032889",696,287,128,159,1,342,238,104,58,52,6,8
"2011","Walsall 014A","E01010393",588,492,299,193,2,48,29,19,40,37,3,6
"2011","Walsall 014B","E01010394",531,440,228,212,2,12,3,9,73,66,7,4
"2011","Walsall 014C","E01010396",630,468,199,269,0,105,45,60,41,34,7,16
"2011","Walsall 014D","E01010400",945,369,182,187,7,485,201,284,66,55,11,18
"2011","Walsall 015A","E01010241",1039,787,419,368,1,64,10,54,171,162,9,16
"2011","Walsall 015B","E01010242",801,434,219,215,8,292,144,148,58,47,11,9
"2011","Walsall 015C","E01010243",688,596,381,215,1,45,25,20,37,31,6,9
"2011","Walsall 015D","E01010244",633,325,130,195,0,234,128,106,68,63,5,6
"2011","Walsall 016A","E01010320",594,368,164,204,14,172,73,99,32,30,2,8
"2011","Walsall 016B","E01010322",676,454,204,250,6,150,67,83,57,54,3,9
"2011","Walsall 016C","E01010323",623,422,234,188,1,143,61,82,45,41,4,12
"2011","Walsall 016D","E01010324",659,441,193,248,16,101,27,74,90,76,14,11
"2011","Walsall 017A","E01010271",687,278,113,165,1,321,64,257,82,72,10,5
"2011","Walsall 017B","E01010272",727,206,85,121,2,391,118,273,115,108,7,13
"2011","Walsall 017C","E01010273",627,221,102,119,0,347,31,316,48,44,4,11
"2011","Walsall 017D","E01010295",615,284,140,144,0,239,110,129,82,78,4,10
"2011","Walsall 018B","E01010279",708,320,126,194,8,283,150,133,88,82,6,9
"2011","Walsall 018D","E01010374",631,269,122,147,3,220,124,96,131,118,13,8
"2011","Walsall 018E","E01010375",735,284,102,182,11,202,59,143,229,226,3,9
"2011","Walsall 018F","E01032888",1013,366,158,208,4,552,327,225,71,62,9,20
"2011","Walsall 019A","E01010378",476,402,210,192,3,25,9,16,44,42,2,2
"2011","Walsall 019B","E01010379",559,500,303,197,0,8,3,5,45,41,4,6
"2011","Walsall 019C","E01010382",658,453,260,193,2,142,77,65,57,52,5,4
"2011","Walsall 019D","E01010383",693,304,142,162,3,331,185,146,45,41,4,10
"2011","Walsall 020A","E01010376",488,439,231,208,0,7,4,3,40,36,4,2
"2011","Walsall 020B","E01010377",619,442,216,226,0,115,68,47,53,48,5,9
"2011","Walsall 020C","E01010380",683,622,428,194,0,7,3,4,43,37,6,11
"2011","Walsall 020D","E01010381",661,358,173,185,0,218,99,119,77,69,8,8
"2011","Walsall 021A","E01010267",715,471,171,300,14,121,6,115,99,94,5,10
"2011","Walsall 021B","E01010268",579,324,153,171,3,106,23,83,135,127,8,11
"2011","Walsall 021C","E01010274",605,224,101,123,0,323,28,295,50,46,4,8
"2011","Walsall 021D","E01010275",641,245,113,132,5,321,11,310,58,54,4,12
"2011","Walsall 022A","E01010245",649,584,348,236,0,26,7,19,34,32,2,5
"2011","Walsall 022B","E01010246",623,565,282,283,0,21,9,12,34,31,3,3
"2011","Walsall 022C","E01010247",701,554,333,221,1,91,45,46,50,41,9,5
"2011","Walsall 022D","E01010248",649,604,341,263,1,6,0,6,37,33,4,1
"2011","Walsall 022E","E01010388",560,515,270,245,1,13,5,8,24,17,7,7
"2011","Walsall 023A","E01010258",727,261,105,156,0,415,223,192,41,36,5,10
"2011","Walsall 023B","E01010259",647,472,259,213,0,114,62,52,53,45,8,8
"2011","Walsall 023C","E01010260",674,377,177,200,2,238,115,123,42,35,7,15
"2011","Walsall 023D","E01010266",511,238,75,163,2,236,138,98,29,26,3,6
"2011","Walsall 024A","E01010317",674,598,390,208,0,6,0,6,60,57,3,10
"2011","Walsall 024B","E01010318",770,231,106,125,11,382,82,300,129,122,7,17
"2011","Walsall 024C","E01010325",695,484,253,231,5,71,1,70,130,121,9,5
"2011","Walsall 024D","E01010369",902,245,112,133,17,458,112,346,177,165,12,5
"2011","Walsall 025A","E01010401",620,314,157,157,12,245,151,94,45,40,5,4
"2011","Walsall 025B","E01010403",683,325,99,226,4,192,70,122,153,151,2,9
"2011","Walsall 025C","E01010404",728,374,163,211,20,172,72,100,146,136,10,16
"2011","Walsall 025D","E01010407",628,412,217,195,12,154,87,67,44,40,4,6
"2011","Walsall 025E","E01010408",649,333,129,204,3,152,87,65,155,150,5,6
"2011","Walsall 026A","E01010269",530,255,106,149,3,115,30,85,145,140,5,12
"2011","Walsall 026B","E01010270",674,390,180,210,2,187,83,104,78,69,9,17
"2011","Walsall 026C","E01010362",623,321,165,156,1,196,102,94,90,84,6,15
"2011","Walsall 026D","E01010363",758,254,105,149,3,252,88,164,232,222,10,17
"2011","Walsall 027A","E01010402",668,470,187,283,8,95,46,49,86,80,6,9
"2011","Walsall 027B","E01010405",703,451,204,247,8,99,44,55,140,132,8,5
"2011","Walsall 027C","E01010406",1090,439,118,321,3,344,182,162,290,284,6,14
"2011","Walsall 027D","E01010409",632,366,176,190,1,212,125,87,47,38,9,6
"2011","Walsall 028A","E01010385",642,585,337,248,0,1,0,1,50,45,5,6
"2011","Walsall 028B","E01010386",725,661,429,232,3,7,3,4,49,39,10,5
"2011","Walsall 028C","E01010387",629,579,340,239,0,4,1,3,44,42,2,2
"2011","Walsall 028D","E01010392",656,590,318,272,2,10,2,8,50,48,2,4
"2011","Walsall 029A","E01010326",583,492,263,229,2,10,4,6,73,71,2,6
"2011","Walsall 029B","E01010327",561,361,154,207,2,41,2,39,153,141,12,4
"2011","Walsall 029C","E01010328",534,506,304,202,0,1,1,0,22,15,7,5
"2011","Walsall 029D","E01010330",635,388,202,186,7,50,1,49,179,170,9,11
"2011","Walsall 030A","E01010368",1023,156,80,76,1,513,104,409,324,311,13,29
"2011","Walsall 030B","E01010370",846,248,118,130,1,428,126,302,158,153,5,11
"2011","Walsall 030C","E01010371",886,153,75,78,23,500,63,437,193,171,22,17
"2011","Walsall 030D","E01010372",623,278,134,144,2,207,64,143,127,123,4,9
"2011","Walsall 030E","E01010373",527,399,208,191,1,67,4,63,54,47,7,6
"2011","Walsall 031A","E01010361",556,419,199,220,0,17,3,14,117,95,22,3
"2011","Walsall 031B","E01010364",505,250,132,118,1,134,46,88,103,101,2,17
"2011","Walsall 031C","E01010365",589,182,110,72,1,322,102,220,71,66,5,13
"2011","Walsall 031D","E01010366",664,259,136,123,2,264,125,139,124,107,17,15
"2011","Walsall 031E","E01010367",622,342,180,162,2,135,57,78,137,127,10,6
"2011","Walsall 032A","E01010384",576,539,268,271,0,6,3,3,29,23,6,2
"2011","Walsall 032B","E01010389",591,502,264,238,3,48,15,33,35,33,2,3
"2011","Walsall 032C","E01010390",707,634,321,313,3,1,1,0,66,60,6,3
"2011","Walsall 032D","E01010391",792,716,332,384,2,2,1,1,69,59,10,3
"2011","Walsall 033A","E01010261",658,316,128,188,3,244,78,166,92,90,2,3
"2011","Walsall 033B","E01010263",507,338,198,140,1,74,5,69,87,82,5,7
"2011","Walsall 033C","E01010264",637,313,140,173,2,225,88,137,84,68,16,13
"2011","Walsall 033D","E01010265",641,280,108,172,0,229,92,137,120,112,8,12
"2011","Walsall 034A","E01010336",532,325,138,187,3,92,20,72,105,95,10,7
"2011","Walsall 034B","E01010340",563,191,111,80,4,240,73,167,113,107,6,15
"2011","Walsall 034C","E01010341",481,269,149,120,6,99,28,71,88,85,3,19
"2011","Walsall 034D","E01010342",508,248,109,139,1,68,12,56,185,167,18,6
"2011","Walsall 034E","E01010343",467,227,123,104,1,124,34,90,104,94,10,11
"2011","Walsall 034F","E01010344",599,289,129,160,1,183,62,121,118,106,12,8
"2011","Walsall 035A","E01010331",631,591,398,193,0,1,0,1,31,29,2,8
"2011","Walsall 035B","E01010332",653,583,353,230,1,7,2,5,58,58,0,4
"2011","Walsall 035C","E01010333",646,545,329,216,0,51,1,50,45,39,6,5
"2011","Walsall 035D","E01010334",568,537,330,207,0,2,1,1,27,25,2,2
"2011","Walsall 036A","E01010262",652,380,121,259,3,182,96,86,79,75,4,8
"2011","Walsall 036B","E01010309",739,365,157,208,2,215,70,145,144,135,9,13
"2011","Walsall 036C","E01010311",715,327,162,165,6,307,50,257,67,66,1,8
"2011","Walsall 036D","E01010316",635,226,81,145,1,338,207,131,58,54,4,12
"2011","Walsall 037A","E01010335",643,285,108,177,0,244,92,152,100,94,6,14
"2011","Walsall 037B","E01010337",547,382,197,185,3,99,40,59,57,45,12,6
"2011","Walsall 037C","E01010338",545,331,142,189,1,117,47,70,86,81,5,10
"2011","Walsall 037D","E01010339",522,415,191,224,2,39,17,22,59,55,4,7
"2011","Walsall 038A","E01010310",608,343,167,176,0,190,107,83,60,52,8,15
"2011","Walsall 038B","E01010312",709,351,140,211,5,261,126,135,83,75,8,9
"2011","Walsall 038C","E01010313",548,276,134,142,1,210,119,91,53,47,6,8
"2011","Walsall 038D","E01010314",641,276,137,139,4,293,133,160,50,49,1,18
"2011","Walsall 038E","E01010315",575,287,133,154,0,230,147,83,49,40,9,9
"2011","Walsall 039A","E01010329",651,613,369,244,0,6,2,4,28,26,2,4
"2011","Walsall 039B","E01010355",612,529,314,215,2,52,23,29,20,16,4,9
"2011","Walsall 039C","E01010356",621,572,323,249,6,4,0,4,35,31,4,4
"2011","Walsall 039D","E01010357",770,682,323,359,8,43,2,41,33,32,1,4
"2011","Walsall 039E","E01010358",624,537,284,253,0,31,18,13,49,45,4,7
"2011","Walsall 039F","E01010359",647,558,259,299,1,18,4,14,67,63,4,3
"2011","Walsall 039G","E01010360",614,547,298,249,2,5,3,2,57,55,2,3
"2011","Wolverhampton 001A","E01010434",733,496,229,267,8,102,55,47,122,110,12,5
"2011","Wolverhampton 001B","E01010436",611,566,315,251,1,21,18,3,20,16,4,3
"2011","Wolverhampton 001C","E01010437",487,444,171,273,3,10,9,1,26,24,2,4
"2011","Wolverhampton 001D","E01010438",632,477,310,167,0,90,88,2,51,49,2,14
"2011","Wolverhampton 001E","E01010439",538,319,163,156,0,179,169,10,34,31,3,6
"2011","Wolverhampton 001F","E01010440",710,266,123,143,0,377,296,81,49,40,9,18
"2011","Wolverhampton 001G","E01010441",557,281,142,139,0,226,222,4,30,29,1,20
"2011","Wolverhampton 002A","E01010495",790,438,208,230,3,266,248,18,61,52,9,22
"2011","Wolverhampton 002B","E01010497",468,405,179,226,13,11,9,2,33,31,2,6
"2011","Wolverhampton 002C","E01010499",519,405,173,232,2,40,36,4,66,63,3,6
"2011","Wolverhampton 002D","E01010500",482,217,83,134,0,203,191,12,53,53,0,9
"2011","Wolverhampton 003A","E01010496",646,251,76,175,25,290,151,139,70,65,5,10
"2011","Wolverhampton 003B","E01010498",648,520,177,343,11,27,25,2,86,84,2,4
"2011","Wolverhampton 003C","E01010541",650,188,54,134,1,407,358,49,41,32,9,13
"2011","Wolverhampton 003D","E01010543",604,213,58,155,2,336,317,19,42,40,2,11
"2011","Wolverhampton 004A","E01010456",499,87,32,55,1,380,349,31,21,20,1,10
"2011","Wolverhampton 004B","E01010457",660,485,237,248,4,112,108,4,43,37,6,16
"2011","Wolverhampton 004C","E01010462",639,259,108,151,0,327,310,17,32,26,6,21
"2011","Wolverhampton 004D","E01010481",539,212,99,113,4,276,269,7,42,36,6,5
"2011","Wolverhampton 005A","E01010555",725,330,159,171,1,341,329,12,44,37,7,9
"2011","Wolverhampton 005B","E01010556",607,419,154,265,0,150,132,18,27,23,4,11
"2011","Wolverhampton 005C","E01010557",607,511,325,186,0,63,59,4,26,22,4,7
"2011","Wolverhampton 005D","E01010559",670,341,179,162,0,281,271,10,37,26,11,11
"2011","Wolverhampton 005E","E01010560",775,442,246,196,1,277,253,24,37,33,4,18
"2011","Wolverhampton 006A","E01010435",548,206,104,102,1,238,171,67,85,82,3,18
"2011","Wolverhampton 006B","E01010501",604,374,161,213,2,167,155,12,47,41,6,14
"2011","Wolverhampton 006C","E01010502",512,438,217,221,0,15,14,1,54,50,4,5
"2011","Wolverhampton 006D","E01010503",606,294,107,187,1,197,66,131,103,98,5,11
"2011","Wolverhampton 007A","E01010482",503,132,97,35,0,343,262,81,19,17,2,9
"2011","Wolverhampton 007B","E01010483",496,71,35,36,1,385,321,64,24,24,0,15
"2011","Wolverhampton 007C","E01010484",506,142,58,84,0,333,292,41,25,21,4,6
"2011","Wolverhampton 007D","E01010485",624,259,120,139,6,223,138,85,133,124,9,3
"2011","Wolverhampton 008A","E01010458",785,429,203,226,3,288,285,3,51,43,8,14
"2011","Wolverhampton 008B","E01010459",624,470,202,268,1,68,60,8,78,75,3,7
"2011","Wolverhampton 008C","E01010460",641,481,234,247,2,60,57,3,77,71,6,21
"2011","Wolverhampton 008D","E01010461",616,545,278,267,3,12,10,2,49,46,3,7
"2011","Wolverhampton 008E","E01010566",743,425,196,229,9,223,154,69,68,58,10,18
"2011","Wolverhampton 009A","E01010539",657,475,206,269,8,67,66,1,99,93,6,8
"2011","Wolverhampton 009B","E01010540",618,481,288,193,1,23,4,19,101,97,4,12
"2011","Wolverhampton 009C","E01010542",627,458,191,267,2,104,89,15,54,50,4,9
"2011","Wolverhampton 009D","E01010544",609,546,327,219,1,19,19,0,38,34,4,5
"2011","Wolverhampton 009E","E01010545",659,555,250,305,2,22,8,14,74,67,7,6
"2011","Wolverhampton 010A","E01010554",630,511,293,218,0,85,84,1,22,18,4,12
"2011","Wolverhampton 010B","E01010558",702,555,323,232,2,97,63,34,37,30,7,11
"2011","Wolverhampton 010C","E01010562",740,440,257,183,0,254,243,11,34,26,8,12
"2011","Wolverhampton 010D","E01010563",702,340,167,173,0,300,293,7,42,37,5,20
"2011","Wolverhampton 010E","E01010567",663,373,182,191,1,240,221,19,33,31,2,16
"2011","Wolverhampton 011A","E01010478",518,160,84,76,3,163,126,37,168,161,7,24
"2011","Wolverhampton 011B","E01010479",576,351,181,170,1,132,128,4,81,75,6,11
"2011","Wolverhampton 011C","E01010480",486,340,118,222,6,63,23,40,75,69,6,2
"2011","Wolverhampton 011D","E01010486",635,127,37,90,1,447,434,13,46,36,10,14
"2011","Wolverhampton 012A","E01010474",613,336,145,191,1,206,202,4,57,54,3,13
"2011","Wolverhampton 012B","E01010561",620,556,329,227,0,24,21,3,36,33,3,4
"2011","Wolverhampton 012C","E01010564",782,403,160,243,4,119,85,34,244,237,7,12
"2011","Wolverhampton 012D","E01010565",747,668,331,337,4,9,6,3,58,56,2,8
"2011","Wolverhampton 013A","E01010522",661,232,75,157,27,272,168,104,123,110,13,7
"2011","Wolverhampton 013B","E01010523",611,359,181,178,3,67,18,49,175,162,13,7
"2011","Wolverhampton 013C","E01010524",632,239,89,150,0,305,211,94,80,77,3,8
"2011","Wolverhampton 013D","E01010525",522,244,101,143,2,124,52,72,142,135,7,10
"2011","Wolverhampton 014A","E01010546",526,496,303,193,0,5,5,0,23,19,4,2
"2011","Wolverhampton 014B","E01010547",744,540,359,181,15,67,60,7,101,94,7,21
"2011","Wolverhampton 014C","E01010548",734,507,320,187,2,153,123,30,60,52,8,12
"2011","Wolverhampton 014D","E01010549",616,456,242,214,4,81,77,4,62,53,9,13
"2011","Wolverhampton 014E","E01010553",655,536,326,210,1,54,52,2,53,49,4,11
"2011","Wolverhampton 015A","E01010471",858,181,96,85,5,510,372,138,138,128,10,24
"2011","Wolverhampton 015B","E01010472",781,282,113,169,4,344,160,184,138,130,8,13
"2011","Wolverhampton 015C","E01010473",1193,87,40,47,4,1023,906,117,39,35,4,40
"2011","Wolverhampton 015D","E01010475",654,436,209,227,3,98,86,12,113,83,30,4
"2011","Wolverhampton 015E","E01010476",872,282,132,150,8,428,401,27,136,129,7,18
"2011","Wolverhampton 015F","E01010477",701,342,153,189,2,204,163,41,138,125,13,15
"2011","Wolverhampton 016A","E01010526",486,182,96,86,9,136,43,93,153,138,15,6
"2011","Wolverhampton 016B","E01010527",769,186,109,77,0,448,272,176,114,103,11,21
"2011","Wolverhampton 016C","E01010528",503,64,47,17,1,309,207,102,114,111,3,15
"2011","Wolverhampton 016D","E01010529",603,173,116,57,4,203,37,166,206,194,12,17
"2011","Wolverhampton 017A","E01010506",888,334,144,190,0,122,7,115,420,405,15,12
"2011","Wolverhampton 017B","E01010508",708,178,73,105,2,236,168,68,281,278,3,11
"2011","Wolverhampton 017C","E01010510",779,386,191,195,1,53,11,42,324,312,12,15
"2011","Wolverhampton 017D","E01010511",604,259,142,117,3,148,61,87,175,172,3,19
"2011","Wolverhampton 017E","E01010512",632,337,158,179,0,67,28,39,221,216,5,7
"2011","Wolverhampton 018A","E01010442",512,264,137,127,1,163,147,16,71,67,4,13
"2011","Wolverhampton 018B","E01010443",659,213,85,128,0,374,356,18,56,50,6,16
"2011","Wolverhampton 018C","E01010444",594,389,235,154,0,144,132,12,57,52,5,4
"2011","Wolverhampton 018D","E01010445",502,181,75,106,0,268,259,9,41,38,3,12
"2011","Wolverhampton 018E","E01010447",863,372,169,203,1,353,334,19,118,113,5,19
"2011","Wolverhampton 018F","E01010448",709,344,149,195,2,280,203,77,67,60,7,16
"2011","Wolverhampton 019A","E01010509",742,413,224,189,1,232,222,10,80,65,15,16
"2011","Wolverhampton 019B","E01010550",641,601,361,240,1,10,9,1,20,18,2,9
"2011","Wolverhampton 019C","E01010551",785,578,347,231,3,81,74,7,111,106,5,12
"2011","Wolverhampton 019D","E01010552",809,571,286,285,2,160,157,3,59,48,11,17
"2011","Wolverhampton 020A","E01010463",728,258,146,112,1,207,15,192,245,238,7,17
"2011","Wolverhampton 020B","E01010464",844,190,113,77,2,521,321,200,118,110,8,13
"2011","Wolverhampton 020C","E01010465",600,347,172,175,14,73,58,15,158,147,11,8
"2011","Wolverhampton 020D","E01010466",558,255,137,118,0,79,17,62,209,199,10,15
"2011","Wolverhampton 020E","E01010470",624,285,160,125,0,186,146,40,143,135,8,10
"2011","Wolverhampton 020F","E01010521",1068,218,65,153,8,368,191,177,453,441,12,21
"2011","Wolverhampton 021A","E01010487",611,535,259,276,1,10,9,1,60,55,5,5
"2011","Wolverhampton 021B","E01010488",631,472,274,198,1,104,95,9,40,36,4,14
"2011","Wolverhampton 021C","E01010493",623,478,245,233,1,77,63,14,62,56,6,5
"2011","Wolverhampton 021D","E01010504",517,437,290,147,2,20,9,11,56,53,3,2
"2011","Wolverhampton 021E","E01010505",511,444,263,181,1,6,5,1,57,55,2,3
"2011","Wolverhampton 021F","E01010507",638,567,355,212,0,6,5,1,59,53,6,6
"2011","Wolverhampton 022A","E01010418",580,505,251,254,0,17,15,2,53,50,3,5
"2011","Wolverhampton 022B","E01010421",605,229,109,120,4,322,307,15,37,36,1,13
"2011","Wolverhampton 022C","E01010423",660,262,128,134,3,314,204,110,67,65,2,14
"2011","Wolverhampton 022D","E01010424",616,516,272,244,1,17,14,3,73,66,7,9
"2011","Wolverhampton 023A","E01010417",729,302,139,163,0,369,335,34,39,31,8,19
"2011","Wolverhampton 023B","E01010419",576,321,156,165,1,178,168,10,63,61,2,13
"2011","Wolverhampton 023C","E01010420",515,299,171,128,0,164,155,9,43,35,8,9
"2011","Wolverhampton 023D","E01010425",530,351,197,154,1,118,97,21,56,54,2,4
"2011","Wolverhampton 023E","E01010446",709,408,221,187,10,194,184,10,78,74,4,19
"2011","Wolverhampton 026A","E01010467",628,358,183,175,1,43,13,30,220,215,5,6
"2011","Wolverhampton 026B","E01010468",591,434,181,253,1,98,62,36,52,48,4,6
"2011","Wolverhampton 026C","E01010469",598,477,207,270,1,27,25,2,89,83,6,4
"2011","Wolverhampton 026D","E01010516",529,477,249,228,0,6,2,4,41,41,0,5
"2011","Wolverhampton 026E","E01010518",629,532,293,239,0,51,3,48,38,35,3,8
"2011","Wolverhampton 027A","E01010414",960,274,116,158,2,543,414,129,109,101,8,32
"2011","Wolverhampton 027B","E01010415",596,252,101,151,5,254,183,71,79,77,2,6
"2011","Wolverhampton 027C","E01010416",702,262,145,117,3,290,220,70,130,120,10,17
"2011","Wolverhampton 027D","E01010422",643,431,265,166,1,123,85,38,74,72,2,14
"2011","Wolverhampton 028A","E01010489",659,428,218,210,0,166,154,12,52,45,7,13
"2011","Wolverhampton 028B","E01010490",941,243,103,140,2,630,565,65,49,39,10,17
"2011","Wolverhampton 028C","E01010491",627,387,186,201,2,159,154,5,67,61,6,12
"2011","Wolverhampton 028D","E01010492",510,464,211,253,2,8,3,5,30,28,2,6
"2011","Wolverhampton 028E","E01010494",601,548,281,267,1,18,11,7,34,32,2,0
"2011","Wolverhampton 029A","E01010449",921,472,198,274,9,249,194,55,172,159,13,19
"2011","Wolverhampton 029B","E01010450",760,267,127,140,11,386,332,54,84,76,8,12
"2011","Wolverhampton 029C","E01010451",594,368,149,219,0,96,74,22,125,122,3,5
"2011","Wolverhampton 029D","E01010452",700,287,131,156,2,330,317,13,66,60,6,15
"2011","Wolverhampton 029E","E01010455",846,244,118,126,0,480,353,127,98,93,5,24
"2011","Wolverhampton 030A","E01010427",535,403,225,178,1,17,10,7,109,106,3,5
"2011","Wolverhampton 030B","E01010431",477,433,239,194,2,3,3,0,34,30,4,5
"2011","Wolverhampton 030C","E01010432",507,420,266,154,0,30,24,6,48,43,5,9
"2011","Wolverhampton 030D","E01010519",539,405,196,209,1,39,37,2,93,90,3,1
"2011","Wolverhampton 030E","E01010520",664,578,346,232,2,6,5,1,69,65,4,9
"2011","Wolverhampton 031A","E01010513",638,541,355,186,0,40,14,26,49,46,3,8
"2011","Wolverhampton 031B","E01010514",651,550,252,298,1,6,6,0,74,70,4,20
"2011","Wolverhampton 031C","E01010515",669,564,310,254,2,14,13,1,84,78,6,5
"2011","Wolverhampton 031D","E01010517",622,461,217,244,2,104,76,28,43,37,6,12
"2011","Wolverhampton 032A","E01010533",729,367,163,204,3,264,259,5,80,75,5,15
"2011","Wolverhampton 032B","E01010535",641,310,159,151,1,252,240,12,63,56,7,15
"2011","Wolverhampton 032C","E01010536",639,565,359,206,1,30,27,3,35,30,5,8
"2011","Wolverhampton 032D","E01010537",657,605,384,221,2,6,6,0,43,40,3,1
"2011","Wolverhampton 033A","E01010410",793,303,163,140,1,400,358,42,66,62,4,23
"2011","Wolverhampton 033B","E01010411",633,345,142,203,7,228,217,11,37,34,3,16
"2011","Wolverhampton 033C","E01010412",826,417,187,230,1,284,271,13,109,103,6,15
"2011","Wolverhampton 033D","E01010413",727,277,144,133,4,381,334,47,49,45,4,16
"2011","Wolverhampton 034A","E01010531",744,375,195,180,0,291,220,71,61,56,5,17
"2011","Wolverhampton 034B","E01010532",673,358,165,193,4,247,240,7,44,42,2,20
"2011","Wolverhampton 034C","E01010534",475,403,188,215,2,16,15,1,52,48,4,2
"2011","Wolverhampton 034D","E01010538",623,438,218,220,0,130,121,9,44,41,3,11
"2011","Wolverhampton 035A","E01010426",530,329,189,140,8,95,47,48,90,87,3,8
"2011","Wolverhampton 035B","E01010428",508,196,127,69,1,103,23,80,192,174,18,16
"2011","Wolverhampton 035C","E01010429",453,280,167,113,0,77,12,65,93,82,11,3
"2011","Wolverhampton 035D","E01010430",669,358,206,152,7,157,58,99,135,124,11,12
"2011","Wolverhampton 035E","E01010433",430,143,97,46,0,151,41,110,119,108,11,17
"2011","Wolverhampton 035F","E01010453",726,291,145,146,3,313,292,21,106,100,6,13
"2011","Wolverhampton 035G","E01010454",623,277,143,134,8,226,195,31,99,95,4,13
"2011","Wolverhampton 035H","E01010530",532,179,120,59,4,191,102,89,143,133,10,15
"2011","Bromsgrove 001A","E01032138",549,501,309,192,0,8,3,5,37,35,2,3
"2011","Bromsgrove 001B","E01032139",662,590,321,269,0,5,2,3,59,56,3,8
"2011","Bromsgrove 001C","E01032140",705,606,345,261,1,27,7,20,62,60,2,9
"2011","Bromsgrove 001D","E01032141",588,497,273,224,5,12,4,8,65,59,6,9
"2011","Bromsgrove 002A","E01032136",506,441,241,200,0,6,2,4,51,41,10,8
"2011","Bromsgrove 002B","E01032137",650,475,249,226,5,66,17,49,93,85,8,11
"2011","Bromsgrove 002C","E01032168",477,369,223,146,2,66,21,45,33,24,9,7
"2011","Bromsgrove 002D","E01032169",494,422,275,147,4,17,13,4,42,39,3,9
"2011","Bromsgrove 002E","E01032176",903,753,434,319,2,38,12,26,84,73,11,26
"2011","Bromsgrove 003A","E01032126",856,737,422,315,8,81,22,59,24,19,5,6
"2011","Bromsgrove 003B","E01032170",556,458,175,283,18,19,3,16,58,54,4,3
"2011","Bromsgrove 003C","E01032171",624,585,343,242,0,19,3,16,17,14,3,3
"2011","Bromsgrove 003D","E01032172",638,489,259,230,1,42,8,34,95,90,5,11
"2011","Bromsgrove 004A","E01032133",740,453,232,221,2,241,80,161,37,31,6,7
"2011","Bromsgrove 004B","E01032135",638,574,274,300,2,7,4,3,52,44,8,3
"2011","Bromsgrove 004C","E01032145",626,593,344,249,3,7,3,4,22,17,5,1
"2011","Bromsgrove 004D","E01032147",565,446,305,141,0,86,26,60,22,20,2,11
"2011","Bromsgrove 005A","E01032134",626,560,289,271,2,15,7,8,39,32,7,10
"2011","Bromsgrove 005B","E01032146",670,616,337,279,2,12,7,5,37,28,9,3
"2011","Bromsgrove 005C","E01032177",469,420,207,213,0,7,3,4,40,36,4,2
"2011","Bromsgrove 005D","E01032178",543,501,317,184,8,4,1,3,20,19,1,10
"2011","Bromsgrove 006A","E01032142",607,553,259,294,0,6,3,3,44,40,4,4
"2011","Bromsgrove 006B","E01032143",534,498,274,224,0,3,1,2,27,25,2,6
"2011","Bromsgrove 006C","E01032144",764,661,411,250,4,4,1,3,86,77,9,9
"2011","Bromsgrove 006D","E01032149",478,457,229,228,0,1,0,1,17,14,3,3
"2011","Bromsgrove 007A","E01032127",686,560,255,305,1,55,19,36,64,52,12,6
"2011","Bromsgrove 007B","E01032128",616,451,221,230,12,91,26,65,52,44,8,10
"2011","Bromsgrove 007C","E01032129",522,331,139,192,2,162,41,121,23,21,2,4
"2011","Bromsgrove 007D","E01032152",603,358,190,168,25,164,49,115,49,45,4,7
"2011","Bromsgrove 008A","E01032148",437,385,201,184,3,4,3,1,43,42,1,2
"2011","Bromsgrove 008B","E01032150",621,581,320,261,1,6,3,3,30,29,1,3
"2011","Bromsgrove 008C","E01032151",573,526,268,258,1,3,1,2,40,38,2,3
"2011","Bromsgrove 008D","E01032153",609,456,195,261,1,86,21,65,55,47,8,11
"2011","Bromsgrove 008E","E01032155",651,612,270,342,0,3,0,3,31,28,3,5
"2011","Bromsgrove 009A","E01032122",771,628,326,302,9,46,20,26,79,63,16,9
"2011","Bromsgrove 009B","E01032123",657,575,374,201,4,16,8,8,54,44,10,8
"2011","Bromsgrove 009C","E01032124",674,470,219,251,3,114,31,83,75,69,6,12
"2011","Bromsgrove 009D","E01032125",615,522,278,244,0,47,19,28,36,34,2,10
"2011","Bromsgrove 010A","E01032154",663,582,185,397,0,12,2,10,68,64,4,1
"2011","Bromsgrove 010B","E01032159",774,552,300,252,0,145,40,105,69,61,8,8
"2011","Bromsgrove 010C","E01032160",762,582,307,275,1,67,15,52,106,96,10,6
"2011","Bromsgrove 010D","E01032161",620,328,141,187,2,216,76,140,62,56,6,12
"2011","Bromsgrove 011A","E01032156",722,388,188,200,3,121,29,92,197,181,16,13
"2011","Bromsgrove 011B","E01032157",1033,569,412,157,9,308,66,242,129,121,8,18
"2011","Bromsgrove 011C","E01032173",648,586,262,324,3,27,7,20,31,25,6,1
"2011","Bromsgrove 011D","E01032175",659,542,266,276,5,87,9,78,23,14,9,2
"2011","Bromsgrove 012A","E01032158",651,612,391,221,0,3,1,2,32,31,1,4
"2011","Bromsgrove 012B","E01032162",752,675,342,333,0,33,13,20,40,39,1,4
"2011","Bromsgrove 012D","E01033059",582,480,128,352,9,17,1,16,76,73,3,0
"2011","Bromsgrove 012E","E01033061",653,616,223,393,0,3,0,3,31,28,3,3
"2011","Bromsgrove 013A","E01032130",1148,738,218,520,40,176,55,121,185,176,9,9
"2011","Bromsgrove 013B","E01032131",664,292,109,183,3,312,112,200,51,49,2,6
"2011","Bromsgrove 013C","E01032132",960,460,207,253,16,382,132,250,85,72,13,17
"2011","Bromsgrove 013D","E01032174",646,429,184,245,4,140,45,95,66,60,6,7
"2011","Bromsgrove 014C","E01032166",955,691,384,307,9,120,26,94,117,110,7,18
"2011","Bromsgrove 014E","E01033060",439,361,185,176,3,7,2,5,60,54,6,8
"2011","Bromsgrove 014F","E01033062",914,829,341,488,8,38,11,27,37,32,5,2
"2011","Bromsgrove 014G","E01033243",542,414,178,236,2,9,3,6,111,105,6,6
"2011","Malvern Hills 001A","E01032193",912,696,422,274,8,93,3,90,92,84,8,23
"2011","Malvern Hills 001B","E01032212",812,613,365,248,7,67,6,61,104,93,11,21
"2011","Malvern Hills 001C","E01032213",660,543,376,167,1,25,1,24,75,62,13,16
"2011","Malvern Hills 001D","E01032214",1018,570,361,209,5,233,8,225,191,176,15,19
"2011","Malvern Hills 002A","E01032181",891,696,448,248,5,60,5,55,113,101,12,17
"2011","Malvern Hills 002B","E01032190",783,608,381,227,10,98,17,81,56,45,11,11
"2011","Malvern Hills 002C","E01032199",737,523,306,217,1,107,13,94,92,85,7,14
"2011","Malvern Hills 002D","E01032223",824,685,394,291,4,46,5,41,63,52,11,26
"2011","Malvern Hills 003A","E01032179",704,525,312,213,12,73,7,66,77,65,12,17
"2011","Malvern Hills 003B","E01032180",767,611,346,265,7,65,6,59,80,69,11,4
"2011","Malvern Hills 003C","E01032182",801,703,397,306,6,22,4,18,63,54,9,7
"2011","Malvern Hills 003D","E01032183",570,486,275,211,2,25,9,16,52,43,9,5
"2011","Malvern Hills 004A","E01032194",665,352,218,134,12,249,39,210,47,41,6,5
"2011","Malvern Hills 004B","E01032195",752,560,330,230,10,56,13,43,119,108,11,7
"2011","Malvern Hills 004C","E01032196",750,535,331,204,1,86,4,82,113,107,6,15
"2011","Malvern Hills 004D","E01032197",714,488,285,203,9,83,5,78,125,113,12,9
"2011","Malvern Hills 005A","E01032205",471,322,208,114,1,49,2,47,77,62,15,22
"2011","Malvern Hills 005B","E01032206",556,436,279,157,1,44,7,37,65,63,2,10
"2011","Malvern Hills 005C","E01032207",622,517,259,258,1,45,7,38,48,40,8,11
"2011","Malvern Hills 005D","E01032217",644,465,306,159,5,61,7,54,100,87,13,13
"2011","Malvern Hills 006A","E01032188",799,524,232,292,16,177,27,150,77,69,8,5
"2011","Malvern Hills 006B","E01032189",837,670,398,272,18,92,11,81,52,43,9,5
"2011","Malvern Hills 006C","E01032220",668,494,238,256,4,46,4,42,116,110,6,8
"2011","Malvern Hills 006D","E01032221",548,446,245,201,0,37,7,30,61,59,2,4
"2011","Malvern Hills 006E","E01032222",603,414,178,236,7,105,19,86,71,65,6,6
"2011","Malvern Hills 007A","E01032201",648,387,210,177,2,213,33,180,39,34,5,7
"2011","Malvern Hills 007B","E01032202",739,303,154,149,12,360,50,310,48,41,7,16
"2011","Malvern Hills 007C","E01032203",698,422,227,195,17,213,26,187,38,33,5,8
"2011","Malvern Hills 007D","E01032204",655,142,69,73,8,477,73,404,26,22,4,2
"2011","Malvern Hills 008A","E01032191",946,783,432,351,2,56,8,48,87,80,7,18
"2011","Malvern Hills 008B","E01032192",688,505,277,228,7,129,12,117,40,37,3,7
"2011","Malvern Hills 008C","E01032211",792,662,401,261,1,51,12,39,63,55,8,15
"2011","Malvern Hills 009A","E01032184",799,660,453,207,3,68,6,62,59,53,6,9
"2011","Malvern Hills 009B","E01032185",620,545,387,158,6,34,2,32,33,29,4,2
"2011","Malvern Hills 009C","E01032186",526,347,202,145,2,53,6,47,111,104,7,13
"2011","Malvern Hills 009D","E01032187",785,400,231,169,25,296,36,260,54,47,7,10
"2011","Malvern Hills 010A","E01032208",737,478,312,166,2,7,0,7,239,229,10,11
"2011","Malvern Hills 010B","E01032209",571,356,232,124,0,11,0,11,182,165,17,22
"2011","Malvern Hills 010C","E01032210",498,359,225,134,3,89,1,88,43,40,3,4
"2011","Malvern Hills 010D","E01032218",654,525,292,233,2,27,1,26,86,78,8,14
"2011","Malvern Hills 010E","E01032219",769,658,379,279,2,11,1,10,91,86,5,7
"2011","Malvern Hills 011A","E01032198",821,638,405,233,4,45,10,35,102,89,13,32
"2011","Malvern Hills 011B","E01032200",833,667,415,252,6,80,15,65,64,57,7,16
"2011","Malvern Hills 011C","E01032215",556,313,204,109,3,206,22,184,27,21,6,7
"2011","Malvern Hills 011D","E01032216",769,514,283,231,3,77,8,69,159,143,16,16
"2011","Redditch 001A","E01032226",814,679,308,371,5,77,13,64,47,44,3,6
"2011","Redditch 001B","E01032227",467,448,266,182,0,4,4,0,12,12,0,3
"2011","Redditch 001C","E01032243",579,553,258,295,2,7,4,3,15,15,0,2
"2011","Redditch 001D","E01032244",541,398,162,236,1,94,83,11,46,39,7,2
"2011","Redditch 002A","E01032240",554,270,78,192,0,210,161,49,71,61,10,3
"2011","Redditch 002B","E01032241",503,233,53,180,0,202,188,14,57,51,6,11
"2011","Redditch 002C","E01032242",590,371,91,280,1,147,139,8,66,58,8,5
"2011","Redditch 002D","E01032245",665,195,58,137,2,382,296,86,76,66,10,10
"2011","Redditch 003A","E01032232",781,221,88,133,0,497,336,161,52,47,5,11
"2011","Redditch 003B","E01032233",1171,962,188,774,0,87,49,38,116,107,9,6
"2011","Redditch 003C","E01032234",734,291,93,198,1,348,314,34,75,72,3,19
"2011","Redditch 003D","E01032235",755,323,155,168,2,362,343,19,49,41,8,19
"2011","Redditch 004A","E01032224",689,317,126,191,11,145,99,46,206,191,15,10
"2011","Redditch 004B","E01032225",503,172,60,112,1,270,241,29,50,48,2,10
"2011","Redditch 004C","E01032239",690,298,84,214,4,140,50,90,239,225,14,9
"2011","Redditch 004D","E01032262",860,342,107,235,11,322,269,53,168,164,4,17
"2011","Redditch 005A","E01032273",565,510,231,279,2,15,14,1,34,25,9,4
"2011","Redditch 005B","E01032275",606,398,137,261,1,157,122,35,46,40,6,4
"2011","Redditch 005C","E01032277",514,286,91,195,1,176,167,9,48,45,3,3
"2011","Redditch 005D","E01032278",726,243,65,178,0,391,321,70,77,66,11,15
"2011","Redditch 006A","E01032236",807,352,134,218,5,213,165,48,224,209,15,13
"2011","Redditch 006B","E01032237",635,483,210,273,0,41,22,19,102,96,6,9
"2011","Redditch 006C","E01032238",511,376,170,206,0,27,15,12,108,100,8,0
"2011","Redditch 006D","E01032264",641,462,174,288,2,102,93,9,71,63,8,4
"2011","Redditch 007A","E01032255",557,451,206,245,0,47,27,20,50,48,2,9
"2011","Redditch 007B","E01032263",725,542,264,278,14,89,54,35,74,64,10,6
"2011","Redditch 007C","E01032266",675,528,222,306,3,71,17,54,65,61,4,8
"2011","Redditch 007D","E01032274",518,475,202,273,0,5,3,2,36,31,5,2
"2011","Redditch 008A","E01032259",621,497,244,253,2,42,22,20,74,61,13,6
"2011","Redditch 008B","E01032269",758,510,243,267,4,121,87,34,116,101,15,7
"2011","Redditch 008C","E01032270",525,470,216,254,1,3,3,0,46,39,7,5
"2011","Redditch 008D","E01032271",522,477,216,261,0,25,4,21,19,16,3,1
"2011","Redditch 008E","E01032272",535,399,184,215,1,72,63,9,55,49,6,8
"2011","Redditch 009A","E01032253",476,419,159,260,3,12,11,1,39,30,9,3
"2011","Redditch 009B","E01032265",643,336,118,218,1,229,215,14,63,57,6,14
"2011","Redditch 009C","E01032267",637,402,122,280,0,169,156,13,60,52,8,6
"2011","Redditch 009D","E01032268",480,427,193,234,2,24,23,1,26,23,3,1
"2011","Redditch 009E","E01032276",595,541,208,333,0,8,7,1,43,40,3,3
"2011","Redditch 010A","E01032250",514,219,63,156,1,222,190,32,69,62,7,3
"2011","Redditch 010B","E01032251",702,349,95,254,22,205,130,75,117,112,5,9
"2011","Redditch 010C","E01032252",569,173,49,124,0,309,296,13,76,64,12,11
"2011","Redditch 010D","E01032254",606,399,183,216,2,137,132,5,58,56,2,10
"2011","Redditch 011A","E01032256",644,419,161,258,3,162,112,50,52,46,6,8
"2011","Redditch 011B","E01032257",573,504,204,300,2,38,7,31,27,24,3,2
"2011","Redditch 011C","E01032258",705,476,244,232,1,96,75,21,123,116,7,9
"2011","Redditch 011D","E01032260",675,212,59,153,2,382,210,172,71,68,3,8
"2011","Redditch 012A","E01032246",558,496,245,251,3,14,9,5,40,35,5,5
"2011","Redditch 012B","E01032247",637,393,157,236,1,133,127,6,99,96,3,11
"2011","Redditch 012C","E01032248",543,506,186,320,0,20,6,14,16,16,0,1
"2011","Redditch 012D","E01032249",686,530,192,338,3,26,24,2,124,117,7,3
"2011","Redditch 012E","E01032261",583,543,295,248,0,10,9,1,28,24,4,2
"2011","Redditch 013A","E01032228",566,453,219,234,4,21,13,8,83,71,12,5
"2011","Redditch 013B","E01032229",634,390,165,225,0,129,84,45,104,97,7,11
"2011","Redditch 013C","E01032230",596,491,217,274,0,52,30,22,48,42,6,5
"2011","Redditch 013D","E01032231",763,586,286,300,7,62,49,13,103,97,6,5
"2011","Worcester 001A","E01032296",724,473,201,272,10,71,15,56,164,153,11,6
"2011","Worcester 001B","E01032297",663,599,306,293,2,9,3,6,48,43,5,5
"2011","Worcester 001C","E01032298",777,733,426,307,3,6,4,2,31,28,3,4
"2011","Worcester 001D","E01032299",675,529,223,306,3,35,9,26,102,96,6,6
"2011","Worcester 001E","E01032300",655,601,354,247,2,8,3,5,40,38,2,4
"2011","Worcester 002A","E01032303",478,194,86,108,2,236,98,138,35,32,3,11
"2011","Worcester 002B","E01032304",627,266,114,152,5,301,115,186,41,31,10,14
"2011","Worcester 002C","E01032331",663,255,105,150,10,350,176,174,39,30,9,9
"2011","Worcester 002D","E01032332",611,122,44,78,4,428,219,209,42,37,5,15
"2011","Worcester 003A","E01032330",602,416,135,281,2,54,1,53,124,114,10,6
"2011","Worcester 003B","E01032334",1008,678,160,518,0,75,7,68,251,232,19,4
"2011","Worcester 003C","E01032335",575,503,127,376,1,4,1,3,65,62,3,2
"2011","Worcester 003D","E01032336",644,502,142,360,2,7,0,7,130,119,11,3
"2011","Worcester 004A","E01032279",532,383,168,215,6,74,33,41,61,58,3,8
"2011","Worcester 004B","E01032312",669,417,164,253,2,47,17,30,197,181,16,6
"2011","Worcester 004C","E01032327",767,514,235,279,13,77,8,69,158,140,18,5
"2011","Worcester 004D","E01032328",625,386,174,212,17,160,47,113,59,50,9,3
"2011","Worcester 004E","E01032329",871,730,385,345,2,40,3,37,92,77,15,7
"2011","Worcester 005A","E01032301",623,450,218,232,5,104,54,50,62,58,4,2
"2011","Worcester 005B","E01032302",544,189,85,104,1,186,109,77,158,151,7,10
"2011","Worcester 005C","E01032310",596,360,150,210,4,125,79,46,96,84,12,11
"2011","Worcester 005D","E01032311",626,269,117,152,4,268,155,113,81,77,4,4
"2011","Worcester 005E","E01032313",500,174,65,109,1,250,134,116,63,55,8,12
"2011","Worcester 005F","E01032333",760,226,71,155,82,387,92,295,52,49,3,13
"2011","Worcester 006A","E01032314",448,308,150,158,0,15,2,13,125,119,6,0
"2011","Worcester 006B","E01032315",512,359,215,144,2,11,1,10,135,124,11,5
"2011","Worcester 006C","E01032316",498,450,286,164,0,5,1,4,37,33,4,6
"2011","Worcester 006D","E01032317",648,489,287,202,1,71,28,43,85,73,12,2
"2011","Worcester 007A","E01032280",800,467,220,247,4,49,18,31,265,257,8,15
"2011","Worcester 007B","E01032281",632,406,179,227,2,19,6,13,201,190,11,4
"2011","Worcester 007C","E01032282",897,341,124,217,5,102,4,98,440,417,23,9
"2011","Worcester 007E","E01033246",625,311,167,144,1,128,21,107,173,164,9,12
"2011","Worcester 007F","E01033247",600,107,39,68,8,117,29,88,350,337,13,18
"2011","Worcester 008A","E01032337",729,602,197,405,0,14,1,13,109,103,6,4
"2011","Worcester 008B","E01032338",804,514,128,386,2,69,3,66,212,202,10,7
"2011","Worcester 008C","E01032339",618,531,150,381,3,7,1,6,76,75,1,1
"2011","Worcester 009A","E01032318",628,185,83,102,14,373,134,239,46,44,2,10
"2011","Worcester 009B","E01032319",703,568,321,247,1,41,17,24,85,82,3,8
"2011","Worcester 009C","E01032320",655,453,198,255,2,31,16,15,165,144,21,4
"2011","Worcester 009D","E01032321",601,327,152,175,4,190,85,105,68,59,9,12
"2011","Worcester 009E","E01032322",957,350,165,185,18,289,78,211,282,268,14,18
"2011","Worcester 010A","E01032305",688,533,223,310,5,59,29,30,89,79,10,2
"2011","Worcester 010B","E01032306",608,411,163,248,16,108,55,53,69,63,6,4
"2011","Worcester 010C","E01032307",642,292,143,149,3,258,122,136,81,74,7,8
"2011","Worcester 010D","E01032309",641,385,171,214,24,171,73,98,55,47,8,6
"2011","Worcester 011A","E01032285",739,493,231,262,0,68,6,62,167,158,9,11
"2011","Worcester 011B","E01032292",616,327,111,216,29,49,18,31,207,191,16,4
"2011","Worcester 011D","E01032294",580,393,181,212,0,61,11,50,120,114,6,6
"2011","Worcester 011E","E01033248",658,151,74,77,4,178,27,151,320,306,14,5
"2011","Worcester 011F","E01033249",669,188,80,108,1,189,60,129,275,260,15,16
"2011","Worcester 012A","E01032286",650,519,231,288,0,46,16,30,77,65,12,8
"2011","Worcester 012B","E01032287",664,532,244,288,1,7,3,4,115,106,9,9
"2011","Worcester 012C","E01032288",647,498,240,258,8,72,38,34,63,57,6,6
"2011","Worcester 012D","E01032289",625,589,372,217,1,18,6,12,13,13,0,4
"2011","Worcester 012E","E01032290",666,576,350,226,2,21,1,20,65,58,7,2
"2011","Worcester 013A","E01032283",694,517,274,243,2,71,36,35,89,80,9,15
"2011","Worcester 013B","E01032284",826,702,402,300,5,18,7,11,94,86,8,7
"2011","Worcester 013C","E01032295",1157,659,271,388,61,143,12,131,284,266,18,10
"2011","Worcester 013D","E01032308",620,549,289,260,1,13,6,7,55,45,10,2
"2011","Worcester 014A","E01032323",606,535,259,276,6,21,0,21,38,33,5,6
"2011","Worcester 014B","E01032324",613,470,159,311,10,17,2,15,111,104,7,5
"2011","Worcester 014C","E01032325",659,486,141,345,4,13,1,12,154,148,6,2
"2011","Worcester 014D","E01032326",604,535,256,279,3,4,0,4,59,54,5,3
"2011","Wychavon 001A","E01032354",987,730,324,406,2,152,8,144,83,75,8,20
"2011","Wychavon 001B","E01032386",533,453,244,209,3,15,1,14,55,48,7,7
"2011","Wychavon 001C","E01032387",598,435,250,185,1,101,14,87,57,52,5,4
"2011","Wychavon 001D","E01032401",647,523,329,194,2,33,2,31,73,61,12,16
"2011","Wychavon 002A","E01032368",505,233,94,139,0,240,40,200,31,30,1,1
"2011","Wychavon 002B","E01032369",601,259,71,188,1,250,33,217,86,79,7,5
"2011","Wychavon 002C","E01032370",498,342,141,201,2,106,14,92,47,40,7,1
"2011","Wychavon 002D","E01032371",581,336,123,213,1,194,12,182,48,32,16,2
"2011","Wychavon 003A","E01032359",1034,529,366,163,22,268,26,242,201,186,15,14
"2011","Wychavon 003B","E01032360",811,519,247,272,2,214,18,196,68,58,10,8
"2011","Wychavon 003C","E01032361",742,631,324,307,3,17,3,14,84,78,6,7
"2011","Wychavon 004A","E01032357",510,332,162,170,2,113,10,103,53,49,4,10
"2011","Wychavon 004B","E01032358",650,347,171,176,3,221,30,191,63,58,5,16
"2011","Wychavon 004C","E01032365",765,450,226,224,2,267,33,234,36,28,8,10
"2011","Wychavon 004D","E01032367",636,530,324,206,0,48,5,43,51,43,8,7
"2011","Wychavon 005A","E01032362",748,669,291,378,1,36,1,35,41,39,2,1
"2011","Wychavon 005B","E01032363",606,576,267,309,3,3,0,3,21,19,2,3
"2011","Wychavon 005C","E01032364",643,611,287,324,0,3,0,3,29,26,3,0
"2011","Wychavon 005D","E01032366",733,571,304,267,2,101,9,92,52,46,6,7
"2011","Wychavon 006A","E01032399",713,541,297,244,0,91,8,83,75,71,4,6
"2011","Wychavon 006B","E01032400",879,769,411,358,0,38,7,31,60,49,11,12
"2011","Wychavon 006C","E01032404",1003,787,491,296,7,94,17,77,101,95,6,14
"2011","Wychavon 007A","E01032345",585,477,261,216,2,23,2,21,76,68,8,7
"2011","Wychavon 007B","E01032346",539,469,259,210,5,24,4,20,37,35,2,4
"2011","Wychavon 007C","E01032395",502,389,228,161,0,39,4,35,58,50,8,16
"2011","Wychavon 007D","E01032417",617,467,282,185,0,54,7,47,74,64,10,22
"2011","Wychavon 008A","E01032392",653,564,366,198,1,22,2,20,55,50,5,11
"2011","Wychavon 008B","E01032393",639,533,310,223,4,45,7,38,50,40,10,7
"2011","Wychavon 008C","E01032394",487,409,225,184,2,18,0,18,47,43,4,11
"2011","Wychavon 008D","E01032416",433,382,206,176,1,14,1,13,31,28,3,5
"2011","Wychavon 009A","E01032355",493,369,204,165,1,72,7,65,40,38,2,11
"2011","Wychavon 009B","E01032356",459,426,208,218,1,7,1,6,24,20,4,1
"2011","Wychavon 009C","E01032402",538,469,127,342,0,14,1,13,54,48,6,1
"2011","Wychavon 009D","E01032403",595,451,202,249,2,50,1,49,80,70,10,12
"2011","Wychavon 010A","E01032375",509,391,243,148,0,69,6,63,44,40,4,5
"2011","Wychavon 010B","E01032382",532,405,230,175,0,69,4,65,52,45,7,6
"2011","Wychavon 010C","E01032383",594,470,286,184,1,31,1,30,77,62,15,15
"2011","Wychavon 010D","E01032410",570,484,292,192,1,37,6,31,33,28,5,15
"2011","Wychavon 010E","E01032411",649,490,282,208,1,89,8,81,52,44,8,17
"2011","Wychavon 011A","E01032390",538,412,204,208,2,64,7,57,49,40,9,11
"2011","Wychavon 011B","E01032391",444,303,139,164,2,100,11,89,31,29,2,8
"2011","Wychavon 011C","E01032414",647,476,251,225,0,126,15,111,34,29,5,11
"2011","Wychavon 011D","E01032415",505,430,179,251,0,28,2,26,38,33,5,9
"2011","Wychavon 012A","E01032405",600,464,296,168,16,68,9,59,46,36,10,6
"2011","Wychavon 012B","E01032406",781,310,206,104,5,269,21,248,182,164,18,15
"2011","Wychavon 012C","E01032407",618,429,251,178,13,113,6,107,53,49,4,10
"2011","Wychavon 012D","E01032408",613,543,358,185,2,22,1,21,42,37,5,4
"2011","Wychavon 012E","E01032409",673,391,218,173,1,185,17,168,80,71,9,16
"2011","Wychavon 013A","E01032340",585,390,216,174,2,135,17,118,50,40,10,8
"2011","Wychavon 013B","E01032341",522,469,267,202,0,14,3,11,31,27,4,8
"2011","Wychavon 013C","E01032349",631,467,244,223,7,85,11,74,66,52,14,6
"2011","Wychavon 013D","E01032350",465,318,188,130,4,81,7,74,53,50,3,9
"2011","Wychavon 013E","E01032388",555,463,244,219,1,43,3,40,44,39,5,4
"2011","Wychavon 013F","E01032389",535,322,175,147,2,159,25,134,41,32,9,11
"2011","Wychavon 014A","E01032343",1139,520,235,285,18,210,13,197,375,349,26,16
"2011","Wychavon 014B","E01032377",889,306,124,182,3,347,46,301,221,205,16,12
"2011","Wychavon 014C","E01032378",748,393,212,181,2,187,19,168,153,149,4,13
"2011","Wychavon 015A","E01032376",631,523,286,237,2,6,1,5,96,91,5,4
"2011","Wychavon 015B","E01032384",546,336,179,157,3,151,15,136,52,46,6,4
"2011","Wychavon 015C","E01032385",622,497,350,147,0,61,5,56,58,54,4,6
"2011","Wychavon 015D","E01032396",623,504,151,353,2,6,0,6,109,102,7,2
"2011","Wychavon 016A","E01032342",601,403,154,249,2,109,13,96,78,72,6,9
"2011","Wychavon 016B","E01032344",606,515,290,225,2,26,2,24,54,47,7,9
"2011","Wychavon 016C","E01032379",729,600,239,361,8,53,5,48,64,57,7,4
"2011","Wychavon 016D","E01032380",683,581,349,232,17,27,3,24,52,45,7,6
"2011","Wychavon 017A","E01032381",798,429,158,271,3,266,41,225,88,78,10,12
"2011","Wychavon 017B","E01032397",748,466,258,208,3,210,24,186,57,51,6,12
"2011","Wychavon 017C","E01032398",664,435,115,320,2,79,14,65,147,140,7,1
"2011","Wychavon 018A","E01032351",748,624,448,176,4,11,2,9,96,80,16,13
"2011","Wychavon 018B","E01032352",653,496,278,218,5,82,4,78,61,57,4,9
"2011","Wychavon 018C","E01032353",763,447,277,170,5,202,36,166,98,88,10,11
"2011","Wychavon 018D","E01032374",532,401,216,185,0,66,3,63,54,43,11,11
"2011","Wychavon 019A","E01032347",547,444,244,200,2,35,2,33,56,52,4,10
"2011","Wychavon 019B","E01032348",513,447,253,194,2,23,2,21,39,35,4,2
"2011","Wychavon 019C","E01032372",610,483,277,206,0,73,2,71,48,42,6,6
"2011","Wychavon 019D","E01032373",533,443,263,180,1,26,3,23,46,39,7,17
"2011","Wychavon 019E","E01032412",557,322,203,119,1,85,4,81,131,117,14,18
"2011","Wychavon 019F","E01032413",454,353,208,145,0,51,4,47,47,41,6,3
"2011","Wyre Forest 001A","E01032431",656,460,303,157,1,67,13,54,115,97,18,13
"2011","Wyre Forest 001B","E01032432",556,358,200,158,0,115,37,78,66,60,6,17
"2011","Wyre Forest 001C","E01032433",526,448,254,194,0,8,4,4,65,59,6,5
"2011","Wyre Forest 001D","E01032439",599,486,290,196,2,61,33,28,46,39,7,4
"2011","Wyre Forest 001E","E01032440",532,342,173,169,7,132,64,68,41,37,4,10
"2011","Wyre Forest 001F","E01032479",935,693,422,271,3,164,59,105,62,57,5,13
"2011","Wyre Forest 002A","E01032441",527,471,276,195,0,6,4,2,47,42,5,3
"2011","Wyre Forest 002B","E01032442",596,516,228,288,2,8,4,4,64,57,7,6
"2011","Wyre Forest 002C","E01032443",619,555,362,193,1,5,2,3,48,40,8,10
"2011","Wyre Forest 002D","E01032444",511,384,201,183,1,51,6,45,75,72,3,0
"2011","Wyre Forest 002E","E01032445",657,411,195,216,5,174,77,97,60,51,9,7
"2011","Wyre Forest 003A","E01032436",660,567,293,274,0,7,1,6,82,76,6,4
"2011","Wyre Forest 003B","E01032438",657,589,279,310,0,1,0,1,66,60,6,1
"2011","Wyre Forest 003C","E01032446",615,491,262,229,3,32,1,31,81,71,10,8
"2011","Wyre Forest 003D","E01032447",639,453,158,295,1,7,0,7,174,163,11,4
"2011","Wyre Forest 003E","E01032448",476,437,232,205,1,4,0,4,28,26,2,6
"2011","Wyre Forest 004A","E01032434",711,225,71,154,1,352,235,117,125,122,3,8
"2011","Wyre Forest 004B","E01032435",649,343,153,190,2,136,61,75,158,148,10,10
"2011","Wyre Forest 004C","E01032437",735,445,181,264,0,166,97,69,113,104,9,11
"2011","Wyre Forest 004D","E01032450",1101,474,181,293,10,246,122,124,354,328,26,17
"2011","Wyre Forest 005A","E01032430",731,550,332,218,3,89,33,56,65,58,7,24
"2011","Wyre Forest 005B","E01032480",780,646,376,270,2,38,16,22,89,70,19,5
"2011","Wyre Forest 005C","E01032481",796,468,316,152,5,213,98,115,91,79,12,19
"2011","Wyre Forest 005D","E01032482",626,504,295,209,2,15,2,13,96,89,7,9
"2011","Wyre Forest 006A","E01032451",658,597,366,231,1,23,10,13,33,26,7,4
"2011","Wyre Forest 006B","E01032452",636,577,331,246,1,27,9,18,26,19,7,5
"2011","Wyre Forest 006C","E01032453",755,300,131,169,1,382,185,197,52,45,7,20
"2011","Wyre Forest 006D","E01032454",766,563,287,276,0,79,28,51,120,113,7,4
"2011","Wyre Forest 007A","E01032449",721,426,178,248,4,28,6,22,259,245,14,4
"2011","Wyre Forest 007B","E01032464",762,310,154,156,25,363,188,175,43,35,8,21
"2011","Wyre Forest 007C","E01032465",613,253,96,157,5,299,149,150,49,41,8,7
"2011","Wyre Forest 007D","E01032466",661,528,330,198,2,19,5,14,107,104,3,5
"2011","Wyre Forest 007E","E01032467",523,447,268,179,0,15,3,12,53,47,6,8
"2011","Wyre Forest 007F","E01032468",510,452,281,171,2,25,17,8,28,25,3,3
"2011","Wyre Forest 008A","E01032474",832,352,133,219,16,135,24,111,324,317,7,5
"2011","Wyre Forest 008B","E01032475",729,525,186,339,6,30,4,26,160,156,4,8
"2011","Wyre Forest 008C","E01032476",624,479,240,239,1,48,18,30,87,81,6,9
"2011","Wyre Forest 008D","E01032477",519,479,290,189,1,3,1,2,31,28,3,5
"2011","Wyre Forest 008E","E01032478",643,375,167,208,3,176,100,76,80,71,9,9
"2011","Wyre Forest 009A","E01032469",652,294,117,177,7,278,156,122,62,55,7,11
"2011","Wyre Forest 009B","E01032470",784,462,216,246,2,193,110,83,109,88,21,18
"2011","Wyre Forest 009C","E01032471",634,150,61,89,6,446,253,193,27,27,0,5
"2011","Wyre Forest 010A","E01032418",604,451,237,214,11,21,8,13,119,97,22,2
"2011","Wyre Forest 010B","E01032419",576,536,340,196,1,6,3,3,29,27,2,4
"2011","Wyre Forest 010C","E01032420",511,435,170,265,12,28,13,15,32,29,3,4
"2011","Wyre Forest 010D","E01032421",482,442,202,240,0,28,2,26,12,11,1,0
"2011","Wyre Forest 010E","E01032422",644,290,65,225,3,207,51,156,141,130,11,3
"2011","Wyre Forest 011A","E01032427",676,559,331,228,3,68,30,38,42,38,4,4
"2011","Wyre Forest 011B","E01032428",880,614,417,197,6,26,4,22,214,197,17,20
"2011","Wyre Forest 011C","E01032429",679,587,362,225,1,27,8,19,54,43,11,10
"2011","Wyre Forest 011D","E01032472",500,452,290,162,2,4,2,2,35,31,4,7
"2011","Wyre Forest 011E","E01032473",513,401,241,160,4,55,20,35,47,40,7,6
"2011","Wyre Forest 012A","E01032455",631,578,329,249,0,19,9,10,34,29,5,0
"2011","Wyre Forest 012B","E01032456",514,353,172,181,4,72,45,27,77,75,2,8
"2011","Wyre Forest 012C","E01032457",530,379,180,199,8,110,26,84,27,24,3,6
"2011","Wyre Forest 012D","E01032458",611,563,362,201,4,8,2,6,33,29,4,3
"2011","Wyre Forest 012E","E01032459",608,524,282,242,3,31,16,15,44,34,10,6
"2011","Wyre Forest 013A","E01032460",885,576,290,286,10,117,69,48,173,160,13,9
"2011","Wyre Forest 013B","E01032461",926,540,248,292,9,58,13,45,311,300,11,8
"2011","Wyre Forest 013C","E01032462",942,702,318,384,25,70,20,50,141,132,9,4
"2011","Wyre Forest 013D","E01032463",744,613,360,253,2,60,23,37,66,59,7,3
"2011","Wyre Forest 014A","E01032423",669,522,363,159,4,90,38,52,43,36,7,10
"2011","Wyre Forest 014B","E01032424",638,312,161,151,4,281,165,116,32,28,4,9
"2011","Wyre Forest 014C","E01032425",644,528,316,212,5,76,40,36,31,27,4,4
"2011","Wyre Forest 014D","E01032426",666,518,295,223,3,77,43,34,62,51,11,6
"2011","Bedford 001A","E01017540",591,485,278,207,6,31,0,31,53,38,15,16
"2011","Bedford 001B","E01017541",520,410,220,190,2,66,5,61,34,27,7,8
"2011","Bedford 001C","E01017544",577,463,268,195,0,56,3,53,49,43,6,9
"2011","Bedford 001D","E01017545",587,449,221,228,7,34,0,34,86,71,15,11
"2011","Bedford 002A","E01017464",620,540,324,216,4,31,0,31,42,36,6,3
"2011","Bedford 002B","E01017465",616,503,308,195,7,41,2,39,50,42,8,15
"2011","Bedford 002C","E01017503",507,370,174,196,6,52,6,46,62,51,11,17
"2011","Bedford 002D","E01017504",833,595,288,307,19,79,1,78,128,117,11,12
"2011","Bedford 002E","E01017546",505,347,174,173,2,61,5,56,85,80,5,10
"2011","Bedford 002F","E01017547",633,527,274,253,2,39,2,37,50,45,5,15
"2011","Bedford 003A","E01017478",718,526,258,268,10,93,11,82,84,75,9,5
"2011","Bedford 003B","E01017479",624,489,309,180,3,47,5,42,78,66,12,7
"2011","Bedford 003C","E01017480",746,565,222,343,24,53,10,43,100,93,7,4
"2011","Bedford 003D","E01017481",485,369,179,190,3,72,17,55,40,35,5,1
"2011","Bedford 003E","E01017528",948,810,388,422,6,52,1,51,69,59,10,11
"2011","Bedford 004B","E01017495",829,641,296,345,20,69,5,64,94,79,15,5
"2011","Bedford 004C","E01017496",642,516,288,228,1,71,5,66,46,41,5,8
"2011","Bedford 004D","E01017542",589,418,202,216,2,77,7,70,74,71,3,18
"2011","Bedford 004E","E01017543",590,463,220,243,2,44,1,43,71,65,6,10
"2011","Bedford 004F","E01033431",482,304,79,225,33,120,20,100,23,21,2,2
"2011","Bedford 004G","E01033432",925,741,393,348,20,76,5,71,71,67,4,17
"2011","Bedford 005A","E01017453",623,317,175,142,3,250,21,229,46,39,7,7
"2011","Bedford 005B","E01017454",588,495,275,220,6,35,8,27,40,34,6,12
"2011","Bedford 005C","E01017455",651,545,321,224,2,24,5,19,73,66,7,7
"2011","Bedford 005D","E01017456",634,548,363,185,0,46,2,44,36,32,4,4
"2011","Bedford 005E","E01017457",487,344,177,167,2,106,14,92,34,27,7,1
"2011","Bedford 005F","E01017458",514,421,194,227,0,43,0,43,48,45,3,2
"2011","Bedford 006A","E01017529",509,457,234,223,1,14,2,12,37,30,7,0
"2011","Bedford 006B","E01017530",578,544,333,211,2,9,1,8,22,16,6,1
"2011","Bedford 006C","E01017531",583,272,130,142,1,263,17,246,46,37,9,1
"2011","Bedford 006D","E01017532",505,470,291,179,2,4,0,4,27,25,2,2
"2011","Bedford 006E","E01017533",485,452,280,172,2,10,2,8,17,15,2,4
"2011","Bedford 006F","E01017534",644,592,359,233,0,5,0,5,42,37,5,5
"2011","Bedford 007A","E01017488",637,564,373,191,3,28,4,24,39,35,4,3
"2011","Bedford 007B","E01017489",614,247,123,124,6,291,41,250,51,47,4,19
"2011","Bedford 007C","E01017490",611,222,79,143,3,318,47,271,55,49,6,13
"2011","Bedford 007D","E01017491",641,487,246,241,0,81,12,69,67,63,4,6
"2011","Bedford 007E","E01017492",606,282,91,191,3,241,55,186,73,67,6,7
"2011","Bedford 007F","E01017493",653,345,84,261,20,203,11,192,78,74,4,7
"2011","Bedford 008A","E01017459",687,607,326,281,18,6,0,6,53,47,6,3
"2011","Bedford 008B","E01017460",650,539,278,261,19,13,0,13,70,67,3,9
"2011","Bedford 008C","E01017461",734,578,236,342,5,81,2,79,64,61,3,6
"2011","Bedford 008D","E01017462",613,573,270,303,0,5,0,5,32,26,6,3
"2011","Bedford 008E","E01017463",601,496,300,196,1,74,5,69,22,20,2,8
"2011","Bedford 009A","E01017482",621,304,157,147,1,125,15,110,176,166,10,15
"2011","Bedford 009B","E01017483",600,482,300,182,2,12,0,12,93,84,9,11
"2011","Bedford 009C","E01017484",503,211,105,106,2,42,3,39,234,226,8,14
"2011","Bedford 009D","E01017485",622,340,139,201,6,27,4,23,243,228,15,6
"2011","Bedford 010A","E01017497",581,295,108,187,2,48,10,38,228,209,19,8
"2011","Bedford 010B","E01017498",505,394,194,200,4,11,1,10,91,78,13,5
"2011","Bedford 010C","E01017499",599,273,108,165,2,75,8,67,247,237,10,2
"2011","Bedford 010D","E01017500",591,210,68,142,3,135,4,131,242,227,15,1
"2011","Bedford 010E","E01017501",619,261,156,105,2,132,6,126,214,207,7,10
"2011","Bedford 010F","E01017502",842,113,36,77,3,487,61,426,225,216,9,14
"2011","Bedford 011A","E01017524",632,485,245,240,2,60,9,51,81,70,11,4
"2011","Bedford 011B","E01017525",493,323,156,167,1,118,10,108,49,45,4,2
"2011","Bedford 011C","E01017526",604,448,149,299,6,22,1,21,123,114,9,5
"2011","Bedford 011D","E01017527",530,376,173,203,4,19,3,16,126,119,7,5
"2011","Bedford 012A","E01017466",754,220,85,135,2,120,15,105,399,390,9,13
"2011","Bedford 012B","E01017467",613,374,153,221,3,53,6,47,173,162,11,10
"2011","Bedford 012C","E01017468",596,417,198,219,2,12,0,12,160,155,5,5
"2011","Bedford 012D","E01017469",842,296,138,158,23,135,14,121,373,360,13,15
"2011","Bedford 012E","E01017470",503,401,214,187,1,8,1,7,91,85,6,2
"2011","Bedford 012F","E01017471",772,105,44,61,5,362,38,324,289,272,17,11
"2011","Bedford 013A","E01017535",475,358,172,186,2,48,9,39,64,53,11,3
"2011","Bedford 013B","E01017536",820,323,106,217,18,130,19,111,339,326,13,10
"2011","Bedford 013C","E01017537",480,227,129,98,5,169,23,146,60,56,4,19
"2011","Bedford 013D","E01017538",524,323,159,164,4,46,8,38,138,129,9,13
"2011","Bedford 013E","E01017539",502,314,145,169,2,52,5,47,129,122,7,5
"2011","Bedford 014A","E01017518",604,318,129,189,15,162,18,144,100,89,11,9
"2011","Bedford 014B","E01017519",642,281,124,157,3,278,49,229,66,62,4,14
"2011","Bedford 014C","E01017520",625,444,151,293,2,73,17,56,102,99,3,4
"2011","Bedford 014D","E01017521",622,454,163,291,3,88,10,78,70,61,9,7
"2011","Bedford 014E","E01017522",858,357,163,194,5,221,25,196,270,262,8,5
"2011","Bedford 014F","E01017523",589,187,56,131,2,343,70,273,46,41,5,11
"2011","Bedford 015A","E01017472",510,183,68,115,7,218,32,186,93,85,8,9
"2011","Bedford 015B","E01017473",929,359,111,248,46,149,19,130,372,326,46,3
"2011","Bedford 015C","E01017474",628,281,91,190,2,136,18,118,199,194,5,10
"2011","Bedford 015D","E01017475",553,372,152,220,4,40,2,38,128,121,7,9
"2011","Bedford 015E","E01017476",543,405,232,173,0,46,9,37,86,81,5,6
"2011","Bedford 015F","E01017477",518,130,63,67,2,340,57,283,32,29,3,14
"2011","Bedford 016A","E01017509",501,175,77,98,1,303,11,292,22,18,4,0
"2011","Bedford 016B","E01017510",657,486,207,279,4,73,9,64,86,80,6,8
"2011","Bedford 016C","E01017511",485,350,168,182,13,61,2,59,59,54,5,2
"2011","Bedford 016D","E01017512",537,307,129,178,8,151,9,142,66,58,8,5
"2011","Bedford 017A","E01017505",645,430,220,210,1,93,9,84,114,99,15,7
"2011","Bedford 017B","E01017506",664,361,136,225,33,119,13,106,143,131,12,8
"2011","Bedford 017C","E01017507",519,402,175,227,3,36,5,31,73,69,4,5
"2011","Bedford 017D","E01017508",663,508,216,292,2,27,5,22,115,109,6,11
"2011","Bedford 018A","E01017513",549,445,198,247,3,23,0,23,74,61,13,4
"2011","Bedford 018B","E01017514",650,296,134,162,0,269,36,233,78,69,9,7
"2011","Bedford 018C","E01017515",626,345,153,192,5,231,23,208,39,34,5,6
"2011","Bedford 018D","E01017516",559,469,206,263,3,24,3,21,58,53,5,5
"2011","Bedford 018E","E01017517",598,490,217,273,5,38,2,36,63,55,8,2
"2011","Bedford 019A","E01017486",685,434,158,276,24,106,9,97,110,99,11,11
"2011","Bedford 019B","E01017487",672,410,97,313,8,181,16,165,67,59,8,6
"2011","Bedford 019C","E01017548",750,500,193,307,41,168,8,160,37,32,5,4
"2011","Bedford 019D","E01017549",652,563,366,197,19,31,2,29,31,29,2,8
"2011","Bedford 019E","E01017550",988,705,191,514,6,148,14,134,122,115,7,7
"2011","Bedford 020A","E01017551",532,449,181,268,6,31,4,27,38,33,5,8
"2011","Bedford 020B","E01017552",499,349,101,248,1,24,3,21,44,38,6,81
"2011","Bedford 020C","E01017553",482,439,213,226,1,17,3,14,23,19,4,2
"2011","Bedford 020D","E01017554",640,452,241,211,2,142,10,132,36,29,7,8
"2011","Central Bedfordshire 001A","E01017433",648,243,66,177,15,347,29,318,32,31,1,11
"2011","Central Bedfordshire 001B","E01017434",694,480,165,315,10,90,11,79,104,98,6,10
"2011","Central Bedfordshire 001C","E01017436",894,771,223,548,13,20,4,16,89,85,4,1
"2011","Central Bedfordshire 002A","E01017430",600,405,162,243,1,131,16,115,60,56,4,3
"2011","Central Bedfordshire 002B","E01017431",678,475,200,275,10,67,10,57,116,111,5,10
"2011","Central Bedfordshire 002C","E01017432",565,488,236,252,1,39,8,31,32,28,4,5
"2011","Central Bedfordshire 002D","E01017435",713,425,162,263,6,161,19,142,99,96,3,22
"2011","Central Bedfordshire 003A","E01017425",430,313,153,160,0,64,15,49,47,45,2,6
"2011","Central Bedfordshire 003B","E01017426",574,473,253,220,0,43,3,40,51,43,8,7
"2011","Central Bedfordshire 003C","E01017427",719,457,188,269,16,137,18,119,99,92,7,10
"2011","Central Bedfordshire 003D","E01017428",681,501,220,281,1,103,20,83,69,65,4,7
"2011","Central Bedfordshire 003E","E01017429",625,473,201,272,2,25,3,22,116,110,6,9
"2011","Central Bedfordshire 004A","E01017412",611,294,150,144,1,101,4,97,197,178,19,18
"2011","Central Bedfordshire 004B","E01017422",626,500,278,222,0,88,6,82,32,26,6,6
"2011","Central Bedfordshire 004C","E01017423",639,454,237,217,1,118,10,108,61,56,5,5
"2011","Central Bedfordshire 004D","E01017424",568,451,247,204,2,70,13,57,38,36,2,7
"2011","Central Bedfordshire 005A","E01017383",848,575,209,366,11,53,7,46,197,191,6,12
"2011","Central Bedfordshire 005B","E01017384",670,354,139,215,19,199,16,183,87,81,6,11
"2011","Central Bedfordshire 005C","E01017385",849,561,270,291,2,59,4,55,217,201,16,10
"2011","Central Bedfordshire 005D","E01017386",756,507,175,332,4,110,7,103,129,120,9,6
"2011","Central Bedfordshire 005E","E01017387",508,407,173,234,5,67,5,62,23,20,3,6
"2011","Central Bedfordshire 005F","E01017388",555,390,188,202,1,98,15,83,61,59,2,5
"2011","Central Bedfordshire 006A","E01017381",616,532,281,251,6,16,3,13,58,57,1,4
"2011","Central Bedfordshire 006B","E01017382",573,401,185,216,0,134,12,122,28,22,6,10
"2011","Central Bedfordshire 006C","E01017389",739,571,199,372,17,92,4,88,54,48,6,5
"2011","Central Bedfordshire 006D","E01017390",801,465,165,300,13,244,25,219,63,60,3,16
"2011","Central Bedfordshire 007A","E01017379",520,310,164,146,1,109,7,102,90,73,17,10
"2011","Central Bedfordshire 007B","E01017380",517,431,229,202,0,16,1,15,64,59,5,6
"2011","Central Bedfordshire 007C","E01017394",584,431,190,241,1,75,2,73,74,64,10,3
"2011","Central Bedfordshire 007F","E01017397",670,500,261,239,4,39,2,37,116,99,17,11
"2011","Central Bedfordshire 007G","E01033194",775,503,235,268,5,72,6,66,185,114,71,10
"2011","Central Bedfordshire 008A","E01017410",485,384,208,176,4,62,5,57,27,24,3,8
"2011","Central Bedfordshire 008B","E01017411",624,481,225,256,4,65,8,57,68,58,10,6
"2011","Central Bedfordshire 008C","E01017419",604,544,272,272,6,11,0,11,40,37,3,3
"2011","Central Bedfordshire 008D","E01017420",649,417,192,225,0,154,12,142,60,50,10,18
"2011","Central Bedfordshire 008E","E01017421",706,550,266,284,4,108,3,105,36,32,4,8
"2011","Central Bedfordshire 009A","E01017416",781,602,224,378,7,66,3,63,99,86,13,7
"2011","Central Bedfordshire 009B","E01017417",905,706,198,508,14,59,3,56,120,107,13,6
"2011","Central Bedfordshire 009C","E01017418",650,399,178,221,10,180,10,170,51,42,9,10
"2011","Central Bedfordshire 009D","E01017451",582,309,142,167,0,62,0,62,173,149,24,38
"2011","Central Bedfordshire 009E","E01017452",581,363,229,134,0,68,5,63,120,109,11,30
"2011","Central Bedfordshire 010A","E01017376",811,618,177,441,13,43,9,34,137,131,6,0
"2011","Central Bedfordshire 010B","E01017377",760,587,203,384,0,99,8,91,69,60,9,5
"2011","Central Bedfordshire 010C","E01017378",773,398,128,270,2,286,20,266,78,68,10,9
"2011","Central Bedfordshire 010D","E01017413",722,627,292,335,2,36,4,32,48,44,4,9
"2011","Central Bedfordshire 010E","E01017414",720,547,251,296,8,113,8,105,51,43,8,1
"2011","Central Bedfordshire 010F","E01017415",776,532,204,328,24,154,7,147,57,46,11,9
"2011","Central Bedfordshire 011A","E01017437",665,371,175,196,7,157,5,152,118,107,11,12
"2011","Central Bedfordshire 011B","E01017438",670,543,227,316,5,36,0,36,79,69,10,7
"2011","Central Bedfordshire 011C","E01017439",632,485,182,303,2,48,2,46,93,27,66,4
"2011","Central Bedfordshire 011D","E01017440",622,281,108,173,21,244,13,231,63,47,16,13
"2011","Central Bedfordshire 011E","E01017441",620,395,159,236,5,59,3,56,156,36,120,5
"2011","Central Bedfordshire 011F","E01017444",792,564,273,291,4,129,6,123,88,75,13,7
"2011","Central Bedfordshire 012A","E01017371",547,491,280,211,1,16,1,15,37,27,10,2
"2011","Central Bedfordshire 012B","E01017372",647,444,209,235,0,129,8,121,69,60,9,5
"2011","Central Bedfordshire 012C","E01017373",560,471,216,255,1,39,7,32,45,36,9,4
"2011","Central Bedfordshire 012D","E01017374",573,472,212,260,0,9,5,4,88,77,11,4
"2011","Central Bedfordshire 012E","E01017375",639,422,198,224,1,95,4,91,104,92,12,17
"2011","Central Bedfordshire 013A","E01017391",538,350,141,209,2,147,6,141,36,27,9,3
"2011","Central Bedfordshire 013B","E01017392",623,557,321,236,6,8,0,8,49,37,12,3
"2011","Central Bedfordshire 013C","E01017393",680,562,269,293,1,63,4,59,47,45,2,7
"2011","Central Bedfordshire 013D","E01017442",814,660,258,402,11,67,3,64,71,53,18,5
"2011","Central Bedfordshire 013E","E01017443",698,358,188,170,18,41,1,40,279,58,221,2
"2011","Central Bedfordshire 014A","E01017446",726,486,212,274,2,163,19,144,63,53,10,12
"2011","Central Bedfordshire 014B","E01017447",843,699,313,386,15,44,2,42,74,70,4,11
"2011","Central Bedfordshire 014D","E01017449",625,508,246,262,0,49,7,42,54,50,4,14
"2011","Central Bedfordshire 014E","E01033188",577,474,214,260,9,71,5,66,20,17,3,3
"2011","Central Bedfordshire 014F","E01033189",611,497,115,382,1,35,2,33,74,71,3,4
"2011","Central Bedfordshire 014G","E01033190",596,413,71,342,25,52,6,46,103,98,5,3
"2011","Central Bedfordshire 015A","E01017399",570,421,132,289,5,44,1,43,97,89,8,3
"2011","Central Bedfordshire 015B","E01017400",641,235,92,143,0,365,23,342,29,29,0,12
"2011","Central Bedfordshire 015C","E01017401",522,366,130,236,0,49,0,49,104,97,7,3
"2011","Central Bedfordshire 015D","E01017402",654,572,311,261,4,11,1,10,57,53,4,10
"2011","Central Bedfordshire 016A","E01017403",604,479,198,281,16,49,1,48,53,44,9,7
"2011","Central Bedfordshire 016B","E01017404",493,466,221,245,1,4,2,2,19,17,2,3
"2011","Central Bedfordshire 016C","E01017405",611,504,183,321,1,6,1,5,92,82,10,8
"2011","Central Bedfordshire 016D","E01017406",631,506,187,319,2,15,4,11,107,97,10,1
"2011","Central Bedfordshire 016E","E01017407",681,522,184,338,2,27,1,26,124,108,16,6
"2011","Central Bedfordshire 017A","E01017398",932,771,362,409,11,74,5,69,63,57,6,13
"2011","Central Bedfordshire 017B","E01017408",416,371,173,198,1,2,0,2,41,39,2,1
"2011","Central Bedfordshire 017C","E01017409",505,395,218,177,0,69,5,64,33,29,4,8
"2011","Central Bedfordshire 017D","E01017445",732,574,267,307,10,66,1,65,71,63,8,11
"2011","Central Bedfordshire 017E","E01017450",866,697,300,397,7,92,3,89,60,51,9,10
"2011","Central Bedfordshire 018A","E01017558",737,596,202,394,8,34,5,29,95,86,9,4
"2011","Central Bedfordshire 018B","E01017559",666,531,264,267,2,78,67,11,48,43,5,7
"2011","Central Bedfordshire 018C","E01017560",619,578,333,245,3,6,6,0,30,26,4,2
"2011","Central Bedfordshire 018D","E01017616",952,702,237,465,10,77,63,14,156,144,12,7
"2011","Central Bedfordshire 019A","E01017577",928,727,312,415,4,105,93,12,79,73,6,13
"2011","Central Bedfordshire 019B","E01017615",878,725,385,340,2,76,73,3,59,51,8,16
"2011","Central Bedfordshire 019C","E01017620",740,577,247,330,9,35,26,9,111,104,7,8
"2011","Central Bedfordshire 019D","E01017621",651,605,313,292,0,14,12,2,28,26,2,4
"2011","Central Bedfordshire 019E","E01017622",681,408,191,217,9,163,147,16,87,74,13,14
"2011","Central Bedfordshire 020A","E01017603",641,557,240,317,0,10,6,4,71,63,8,3
"2011","Central Bedfordshire 020B","E01017604",641,555,208,347,5,26,23,3,52,45,7,3
"2011","Central Bedfordshire 020C","E01017605",500,285,88,197,3,180,177,3,27,25,2,5
"2011","Central Bedfordshire 020D","E01017606",644,610,352,258,0,8,7,1,23,21,2,3
"2011","Central Bedfordshire 020E","E01017607",507,468,256,212,0,8,6,2,25,23,2,6
"2011","Central Bedfordshire 021A","E01017555",955,479,223,256,9,189,134,55,252,231,21,26
"2011","Central Bedfordshire 021B","E01017556",672,506,158,348,2,23,21,2,131,118,13,10
"2011","Central Bedfordshire 021C","E01017557",919,516,270,246,7,269,158,111,113,104,9,14
"2011","Central Bedfordshire 021D","E01017608",719,483,197,286,6,126,84,42,98,79,19,6
"2011","Central Bedfordshire 021E","E01017609",683,264,84,180,11,333,311,22,54,46,8,21
"2011","Central Bedfordshire 022A","E01017589",787,435,150,285,5,107,75,32,224,215,9,16
"2011","Central Bedfordshire 022B","E01017590",655,557,318,239,0,22,21,1,70,66,4,6
"2011","Central Bedfordshire 022C","E01017591",733,526,256,270,8,92,56,36,99,84,15,8
"2011","Central Bedfordshire 022D","E01017610",446,415,220,195,1,9,3,6,21,19,2,0
"2011","Central Bedfordshire 023A","E01017611",510,440,190,250,2,0,0,0,64,61,3,4
"2011","Central Bedfordshire 023B","E01017612",531,472,170,302,1,4,3,1,51,46,5,3
"2011","Central Bedfordshire 023C","E01017613",604,495,225,270,2,33,2,31,72,62,10,2
"2011","Central Bedfordshire 023D","E01017614",588,489,192,297,0,33,33,0,59,52,7,7
"2011","Central Bedfordshire 025A","E01017600",817,607,137,470,4,28,20,8,175,166,9,3
"2011","Central Bedfordshire 025B","E01017601",490,258,89,169,2,176,160,16,52,49,3,2
"2011","Central Bedfordshire 025C","E01017602",620,292,94,198,24,254,206,48,44,37,7,6
"2011","Central Bedfordshire 025D","E01017618",611,310,122,188,2,225,213,12,62,57,5,12
"2011","Central Bedfordshire 025E","E01017619",787,421,141,280,6,294,279,15,59,53,6,7
"2011","Central Bedfordshire 024A","E01017573",586,523,294,229,5,6,2,4,45,37,8,7
"2011","Central Bedfordshire 024C","E01017575",1076,726,216,510,7,139,31,108,199,184,15,5
"2011","Central Bedfordshire 024D","E01017576",547,417,152,265,0,101,83,18,25,23,2,4
"2011","Central Bedfordshire 024E","E01033191",564,383,66,317,22,66,3,63,91,84,7,2
"2011","Central Bedfordshire 024F","E01033192",571,369,39,330,38,58,2,56,103,99,4,3
"2011","Central Bedfordshire 024G","E01033193",602,477,146,331,6,45,3,42,72,56,16,2
"2011","Central Bedfordshire 026A","E01017578",684,574,218,356,1,28,2,26,73,66,7,8
"2011","Central Bedfordshire 026B","E01017579",597,399,164,235,4,148,61,87,41,32,9,5
"2011","Central Bedfordshire 026C","E01017580",885,500,107,393,20,219,8,211,138,121,17,8
"2011","Central Bedfordshire 026D","E01017581",798,468,174,294,5,211,120,91,106,93,13,8
"2011","Central Bedfordshire 026E","E01017617",509,392,192,200,0,65,57,8,46,43,3,6
"2011","Central Bedfordshire 027A","E01017582",601,537,262,275,0,8,2,6,56,48,8,0
"2011","Central Bedfordshire 027B","E01017583",720,600,262,338,10,23,3,20,84,72,12,3
"2011","Central Bedfordshire 027C","E01017584",787,621,316,305,15,44,5,39,101,92,9,6
"2011","Central Bedfordshire 027D","E01017585",540,514,274,240,0,4,1,3,20,17,3,2
"2011","Central Bedfordshire 028A","E01017566",605,566,332,234,1,10,3,7,24,22,2,4
"2011","Central Bedfordshire 028B","E01017595",464,281,129,152,2,158,150,8,18,15,3,5
"2011","Central Bedfordshire 028C","E01017596",605,307,109,198,1,239,207,32,44,39,5,14
"2011","Central Bedfordshire 028D","E01017597",612,426,177,249,8,138,127,11,32,26,6,8
"2011","Central Bedfordshire 028E","E01017598",408,361,156,205,3,14,7,7,23,21,2,7
"2011","Central Bedfordshire 028F","E01017599",863,484,149,335,22,186,105,81,161,145,16,10
"2011","Central Bedfordshire 029A","E01017565",618,553,348,205,0,36,19,17,26,21,5,3
"2011","Central Bedfordshire 029B","E01017567",695,441,162,279,1,157,88,69,91,87,4,5
"2011","Central Bedfordshire 029C","E01017568",874,443,150,293,5,159,85,74,255,241,14,12
"2011","Central Bedfordshire 029D","E01017569",750,457,188,269,4,111,56,55,168,157,11,10
"2011","Central Bedfordshire 029E","E01017570",925,513,196,317,16,93,74,19,285,267,18,18
"2011","Central Bedfordshire 030A","E01017592",699,485,213,272,5,115,86,29,84,77,7,10
"2011","Central Bedfordshire 030B","E01017593",643,503,264,239,0,85,72,13,49,47,2,6
"2011","Central Bedfordshire 030C","E01017594",864,302,88,214,9,494,399,95,46,44,2,13
"2011","Central Bedfordshire 031A","E01017623",751,478,186,292,3,80,61,19,181,177,4,9
"2011","Central Bedfordshire 031B","E01017624",723,569,246,323,28,19,4,15,106,100,6,1
"2011","Central Bedfordshire 031C","E01017625",647,623,366,257,1,2,0,2,17,15,2,4
"2011","Central Bedfordshire 031D","E01017626",665,593,310,283,0,10,3,7,62,59,3,0
"2011","Central Bedfordshire 032A","E01017571",527,385,213,172,3,108,104,4,24,21,3,7
"2011","Central Bedfordshire 032B","E01017572",569,469,216,253,7,23,18,5,62,54,8,8
"2011","Central Bedfordshire 032C","E01017586",614,448,218,230,1,120,116,4,38,32,6,7
"2011","Central Bedfordshire 032D","E01017587",666,576,353,223,2,32,31,1,50,33,17,6
"2011","Central Bedfordshire 032E","E01017588",538,424,261,163,1,63,61,2,42,38,4,8
"2011","Central Bedfordshire 033A","E01017561",591,533,260,273,0,30,24,6,24,18,6,4
"2011","Central Bedfordshire 033B","E01017562",697,482,318,164,6,131,97,34,70,65,5,8
"2011","Central Bedfordshire 033C","E01017563",672,611,339,272,0,13,6,7,47,40,7,1
"2011","Central Bedfordshire 033D","E01017564",604,454,208,246,2,26,21,5,110,99,11,12
"2011","Luton 001A","E01015706",604,477,208,269,1,61,56,5,60,53,7,5
"2011","Luton 001B","E01015707",585,507,224,283,3,3,2,1,66,62,4,6
"2011","Luton 001C","E01015708",510,470,171,299,0,4,1,3,35,32,3,1
"2011","Luton 001D","E01015709",629,492,195,297,1,22,4,18,111,103,8,3
"2011","Luton 001E","E01015710",643,521,193,328,2,7,2,5,110,102,8,3
"2011","Luton 001F","E01015770",491,459,229,230,1,3,0,3,26,22,4,2
"2011","Luton 002A","E01015801",746,398,174,224,4,223,191,32,112,98,14,9
"2011","Luton 002B","E01015803",592,535,278,257,1,17,9,8,37,34,3,2
"2011","Luton 002C","E01015804",713,491,202,289,0,118,25,93,100,88,12,4
"2011","Luton 002D","E01015805",491,453,221,232,1,10,7,3,26,23,3,1
"2011","Luton 003A","E01015769",496,311,108,203,2,109,62,47,71,58,13,3
"2011","Luton 003B","E01015771",577,184,46,138,0,333,323,10,53,49,4,7
"2011","Luton 003C","E01015772",534,226,65,161,3,205,159,46,92,84,8,8
"2011","Luton 003D","E01015773",461,181,44,137,14,230,221,9,30,26,4,6
"2011","Luton 003E","E01015774",518,237,50,187,2,161,144,17,109,107,2,9
"2011","Luton 003F","E01015802",608,295,119,176,2,255,206,49,51,42,9,5
"2011","Luton 004A","E01015744",643,346,115,231,1,197,192,5,90,75,15,9
"2011","Luton 004B","E01015746",621,497,280,217,1,59,8,51,54,48,6,10
"2011","Luton 004C","E01015747",486,452,246,206,0,9,6,3,24,22,2,1
"2011","Luton 004D","E01015748",720,586,361,225,1,65,60,5,60,51,9,8
"2011","Luton 005A","E01015749",700,230,74,156,5,390,360,30,66,65,1,9
"2011","Luton 005B","E01015751",624,365,156,209,1,170,121,49,80,73,7,8
"2011","Luton 005C","E01015752",478,347,146,201,3,64,48,16,57,53,4,7
"2011","Luton 005D","E01015753",615,428,135,293,1,78,46,32,103,97,6,5
"2011","Luton 005E","E01015754",768,284,120,164,1,398,277,121,78,73,5,7
"2011","Luton 005F","E01015755",687,486,244,242,3,114,21,93,81,77,4,3
"2011","Luton 006A","E01015764",593,533,301,232,1,12,10,2,45,38,7,2
"2011","Luton 006B","E01015765",658,361,167,194,0,130,99,31,160,147,13,7
"2011","Luton 006C","E01015766",555,418,175,243,3,21,6,15,107,100,7,6
"2011","Luton 006D","E01015767",595,444,197,247,3,28,21,7,117,109,8,3
"2011","Luton 006E","E01015768",580,472,258,214,9,54,48,6,38,36,2,7
"2011","Luton 006F","E01015783",524,307,102,205,0,120,115,5,92,85,7,5
"2011","Luton 006G","E01015785",820,485,175,310,3,56,43,13,270,255,15,6
"2011","Luton 007A","E01015693",514,484,211,273,1,1,1,0,27,26,1,1
"2011","Luton 007B","E01015694",497,443,233,210,3,1,1,0,49,44,5,1
"2011","Luton 007C","E01015695",494,439,171,268,2,3,1,2,48,46,2,2
"2011","Luton 007D","E01015696",505,396,107,289,1,26,0,26,82,78,4,0
"2011","Luton 007E","E01015697",659,554,206,348,2,8,2,6,92,87,5,3
"2011","Luton 007F","E01015745",557,513,286,227,1,6,2,4,34,31,3,3
"2011","Luton 008A","E01015797",506,469,248,221,3,11,2,9,21,14,7,2
"2011","Luton 008B","E01015798",539,350,159,191,2,116,39,77,62,55,7,9
"2011","Luton 008C","E01015799",574,506,266,240,1,12,5,7,53,43,10,2
"2011","Luton 008D","E01015800",627,504,209,295,0,11,5,6,104,95,9,8
"2011","Luton 008E","E01015812",524,470,173,297,2,5,3,2,45,37,8,2
"2011","Luton 008F","E01015813",688,339,151,188,1,186,182,4,149,142,7,13
"2011","Luton 009A","E01015756",647,429,95,334,7,116,95,21,93,91,2,2
"2011","Luton 009B","E01015757",613,302,118,184,0,245,228,17,57,47,10,9
"2011","Luton 009C","E01015758",524,293,56,237,1,139,136,3,87,82,5,4
"2011","Luton 009D","E01015759",617,232,77,155,1,296,206,90,77,74,3,11
"2011","Luton 009E","E01015760",611,247,83,164,4,296,239,57,51,47,4,13
"2011","Luton 009F","E01015761",606,369,150,219,2,168,150,18,59,52,7,8
"2011","Luton 010A","E01015700",773,436,165,271,8,74,53,21,251,236,15,4
"2011","Luton 010B","E01015701",509,338,111,227,1,40,23,17,125,117,8,5
"2011","Luton 010C","E01015704",570,306,82,224,2,47,9,38,205,194,11,10
"2011","Luton 010D","E01015782",636,488,219,269,3,30,11,19,111,101,10,4
"2011","Luton 010E","E01015784",532,394,126,268,2,17,5,12,118,112,6,1
"2011","Luton 010F","E01015786",564,373,151,222,1,33,15,18,152,136,16,5
"2011","Luton 011A","E01015711",514,386,169,217,2,13,3,10,106,100,6,7
"2011","Luton 011B","E01015712",631,476,260,216,2,19,10,9,131,120,11,3
"2011","Luton 011C","E01015715",496,311,115,196,2,86,7,79,93,87,6,4
"2011","Luton 011D","E01015716",616,251,66,185,7,211,6,205,140,133,7,7
"2011","Luton 011E","E01015717",512,340,139,201,3,38,15,23,129,116,13,2
"2011","Luton 011F","E01015750",718,474,156,318,3,32,15,17,203,184,19,6
"2011","Luton 012A","E01015740",568,401,155,246,2,18,15,3,146,139,7,1
"2011","Luton 012B","E01015775",704,451,199,252,2,27,6,21,219,216,3,5
"2011","Luton 012C","E01015776",736,510,263,247,2,128,88,40,87,75,12,9
"2011","Luton 012D","E01015777",683,475,192,283,1,22,14,8,179,169,10,6
"2011","Luton 012E","E01015778",682,525,195,330,2,8,2,6,139,131,8,8
"2011","Luton 012F","E01015796",667,501,295,206,7,53,47,6,93,86,7,13
"2011","Luton 013A","E01015713",517,392,229,163,1,15,5,10,108,92,16,1
"2011","Luton 013B","E01015714",631,449,247,202,0,32,21,11,142,128,14,8
"2011","Luton 013C","E01015718",680,399,216,183,10,108,6,102,144,121,23,19
"2011","Luton 013D","E01015762",670,483,234,249,3,34,17,17,145,132,13,5
"2011","Luton 013E","E01015763",639,492,257,235,2,80,58,22,56,49,7,9
"2011","Luton 014A","E01015721",656,498,236,262,2,45,39,6,103,94,9,8
"2011","Luton 014B","E01015722",522,357,129,228,2,55,52,3,102,96,6,6
"2011","Luton 014C","E01015806",554,406,113,293,1,20,3,17,124,119,5,3
"2011","Luton 014D","E01015808",626,415,115,300,1,45,33,12,162,154,8,3
"2011","Luton 014E","E01015809",502,468,181,287,0,6,5,1,25,23,2,3
"2011","Luton 014F","E01015810",514,313,73,240,0,119,4,115,82,79,3,0
"2011","Luton 014G","E01015811",580,473,152,321,1,4,1,3,101,97,4,1
"2011","Luton 015A","E01015703",490,348,162,186,4,23,6,17,105,91,14,10
"2011","Luton 015B","E01015726",574,326,145,181,2,83,27,56,151,140,11,12
"2011","Luton 015C","E01015731",553,340,121,219,2,19,8,11,183,171,12,9
"2011","Luton 015D","E01015787",570,366,141,225,5,36,16,20,157,144,13,6
"2011","Luton 015E","E01015788",456,308,130,178,1,60,32,28,81,75,6,6
"2011","Luton 016A","E01015719",552,474,231,243,3,11,6,5,62,58,4,2
"2011","Luton 016B","E01015720",554,246,70,176,2,207,169,38,92,84,8,7
"2011","Luton 016C","E01015723",494,338,132,206,0,74,26,48,78,75,3,4
"2011","Luton 016D","E01015779",494,195,73,122,1,239,235,4,52,51,1,7
"2011","Luton 016E","E01015780",630,475,182,293,2,53,50,3,97,87,10,3
"2011","Luton 016F","E01015781",533,339,108,231,2,113,102,11,74,68,6,5
"2011","Luton 016G","E01015807",532,349,147,202,0,137,117,20,39,33,6,7
"2011","Luton 017A","E01015698",532,221,101,120,1,46,8,38,253,244,9,11
"2011","Luton 017B","E01015699",617,173,58,115,2,155,63,92,276,265,11,11
"2011","Luton 017C","E01015702",472,261,116,145,5,60,8,52,141,131,10,5
"2011","Luton 017D","E01015705",561,164,45,119,2,102,31,71,276,268,8,17
"2011","Luton 017E","E01015725",496,192,83,109,2,114,56,58,174,155,19,14
"2011","Luton 017F","E01015727",450,226,97,129,5,31,4,27,181,173,8,7
"2011","Luton 018A","E01015739",963,403,194,209,4,24,11,13,521,508,13,11
"2011","Luton 018B","E01015741",1022,243,94,149,7,268,212,56,489,472,17,15
"2011","Luton 018C","E01015742",739,359,110,249,4,33,17,16,339,326,13,4
"2011","Luton 018D","E01015743",687,231,82,149,2,121,48,73,328,315,13,5
"2011","Luton 018E","E01015789",832,92,46,46,0,477,389,88,250,247,3,13
"2011","Luton 018F","E01015794",1054,130,70,60,5,170,88,82,739,719,20,10
"2011","Luton 019A","E01015724",658,388,142,246,2,61,23,38,194,186,8,13
"2011","Luton 019B","E01015728",515,339,138,201,3,23,8,15,145,138,7,5
"2011","Luton 019C","E01015729",595,174,82,92,4,99,26,73,308,297,11,10
"2011","Luton 019D","E01015730",743,306,124,182,3,96,16,80,330,319,11,8
"2011","Luton 020A","E01015732",514,234,101,133,0,226,165,61,47,43,4,7
"2011","Luton 020B","E01015733",608,300,126,174,0,242,223,19,49,45,4,17
"2011","Luton 020C","E01015734",716,490,190,300,5,100,93,7,114,104,10,7
"2011","Luton 020D","E01015735",690,207,51,156,2,133,114,19,339,325,14,9
"2011","Luton 020E","E01015736",689,243,85,158,0,346,322,24,81,78,3,19
"2011","Luton 020F","E01015737",503,294,114,180,3,122,119,3,78,70,8,6
"2011","Luton 021A","E01015738",788,324,152,172,1,78,35,43,378,364,14,7
"2011","Luton 021B","E01015790",613,368,168,200,2,53,45,8,188,172,16,2
"2011","Luton 021C","E01015791",1115,201,72,129,4,338,165,173,557,538,19,15
"2011","Luton 021D","E01015792",691,279,115,164,3,69,26,43,335,320,15,5
"2011","Luton 021E","E01015793",644,411,164,247,1,63,13,50,164,156,8,5
"2011","Luton 021F","E01015795",985,141,39,102,10,179,73,106,649,633,16,6
"2011","Peterborough 001A","E01015629",671,576,280,296,2,52,25,27,35,29,6,6
"2011","Peterborough 001B","E01015635",632,585,319,266,5,6,1,5,34,29,5,2
"2011","Peterborough 001C","E01015636",474,395,211,184,1,32,11,21,38,31,7,8
"2011","Peterborough 001D","E01015679",823,577,232,345,12,75,15,60,152,145,7,7
"2011","Peterborough 002A","E01015678",568,439,130,309,15,26,11,15,82,76,6,6
"2011","Peterborough 002B","E01015680",640,246,60,186,3,258,76,182,126,117,9,7
"2011","Peterborough 002C","E01015681",594,471,155,316,24,43,6,37,54,52,2,2
"2011","Peterborough 002D","E01015682",664,457,148,309,2,72,3,69,125,116,9,8
"2011","Peterborough 003A","E01015630",612,477,218,259,3,66,31,35,57,49,8,9
"2011","Peterborough 003B","E01015631",524,454,209,245,2,28,13,15,39,33,6,1
"2011","Peterborough 003C","E01015659",839,637,162,475,7,37,15,22,152,142,10,6
"2011","Peterborough 003D","E01015684",607,587,340,247,1,5,1,4,13,12,1,1
"2011","Peterborough 003E","E01015685",693,621,341,280,0,11,6,5,57,50,7,4
"2011","Peterborough 004A","E01015589",668,552,324,228,1,39,9,30,66,57,9,10
"2011","Peterborough 004B","E01015590",531,346,206,140,1,89,21,68,74,65,9,21
"2011","Peterborough 004C","E01015626",535,157,29,128,1,65,19,46,308,78,230,4
"2011","Peterborough 004D","E01015628",746,466,154,312,8,45,13,32,214,129,85,13
"2011","Peterborough 005A","E01015617",560,411,186,225,3,20,9,11,114,103,11,12
"2011","Peterborough 005B","E01015618",451,307,152,155,5,82,30,52,44,38,6,13
"2011","Peterborough 005C","E01015619",871,492,189,303,18,224,72,152,118,106,12,19
"2011","Peterborough 005D","E01015620",685,604,295,309,0,11,4,7,69,66,3,1
"2011","Peterborough 006A","E01015674",669,376,156,220,0,204,88,116,78,73,5,11
"2011","Peterborough 006B","E01015675",665,506,247,259,2,78,28,50,76,67,9,3
"2011","Peterborough 006C","E01015676",690,449,209,240,3,105,23,82,130,118,12,3
"2011","Peterborough 006D","E01015683",849,691,434,257,5,74,7,67,71,60,11,8
"2011","Peterborough 006E","E01015686",711,629,396,233,1,10,1,9,66,55,11,5
"2011","Peterborough 007A","E01015607",633,219,76,143,2,337,153,184,67,60,7,8
"2011","Peterborough 007B","E01015609",664,177,59,118,4,398,247,151,79,73,6,6
"2011","Peterborough 007C","E01015656",666,292,111,181,2,310,70,240,53,45,8,9
"2011","Peterborough 007D","E01015657",735,321,81,240,19,250,97,153,135,129,6,10
"2011","Peterborough 007E","E01015658",633,196,52,144,3,355,121,234,73,66,7,6
"2011","Peterborough 007F","E01015660",740,369,150,219,7,270,124,146,85,79,6,9
"2011","Peterborough 008A","E01015605",641,326,145,181,2,228,92,136,74,69,5,11
"2011","Peterborough 008B","E01015608",633,360,169,191,1,186,90,96,79,72,7,7
"2011","Peterborough 008C","E01015610",664,293,95,198,1,285,145,140,67,54,13,18
"2011","Peterborough 008D","E01015633",982,467,238,229,20,367,105,262,109,106,3,19
"2011","Peterborough 008E","E01015634",765,330,141,189,8,339,122,217,80,74,6,8
"2011","Peterborough 009A","E01015593",571,235,84,151,3,209,68,141,116,110,6,8
"2011","Peterborough 009B","E01015596",594,277,99,178,0,166,48,118,149,139,10,2
"2011","Peterborough 009C","E01015662",485,266,95,171,0,87,38,49,130,123,7,2
"2011","Peterborough 009D","E01015663",649,189,77,112,3,376,132,244,71,62,9,10
"2011","Peterborough 009E","E01015664",668,201,65,136,14,361,187,174,87,81,6,5
"2011","Peterborough 010A","E01015603",772,299,134,165,5,121,31,90,339,314,25,8
"2011","Peterborough 010B","E01015604",506,271,103,168,7,71,22,49,149,144,5,8
"2011","Peterborough 010C","E01015632",731,318,121,197,6,159,73,86,238,226,12,10
"2011","Peterborough 010D","E01015661",611,356,150,206,0,154,67,87,101,90,11,0
"2011","Peterborough 010E","E01015677",474,301,100,201,1,33,8,25,135,120,15,4
"2011","Peterborough 011A","E01015591",587,459,223,236,0,66,27,39,57,49,8,5
"2011","Peterborough 011B","E01015592",644,370,156,214,2,133,49,84,135,125,10,4
"2011","Peterborough 011C","E01015594",752,430,190,240,7,152,41,111,154,144,10,9
"2011","Peterborough 011D","E01015595",677,314,125,189,1,266,80,186,87,80,7,9
"2011","Peterborough 011E","E01015597",612,209,60,149,2,315,58,257,83,77,6,3
"2011","Peterborough 012A","E01015601",514,314,140,174,3,25,11,14,155,142,13,17
"2011","Peterborough 012B","E01015651",658,506,248,258,3,13,4,9,127,115,12,9
"2011","Peterborough 012C","E01015652",596,366,156,210,2,21,2,19,201,192,9,6
"2011","Peterborough 012D","E01015653",650,500,262,238,1,30,4,26,117,104,13,2
"2011","Peterborough 012E","E01015654",866,378,164,214,15,202,29,173,263,245,18,8
"2011","Peterborough 013A","E01015606",721,475,240,235,2,143,50,93,98,93,5,3
"2011","Peterborough 013B","E01015611",914,359,196,163,10,335,115,220,191,178,13,19
"2011","Peterborough 013C","E01015613",666,302,156,146,3,193,22,171,166,160,6,2
"2011","Peterborough 013D","E01015614",737,390,128,262,13,73,17,56,258,249,9,3
"2011","Peterborough 013E","E01015615",678,397,214,183,10,168,65,103,93,87,6,10
"2011","Peterborough 013F","E01015616",652,206,66,140,2,310,159,151,127,116,11,7
"2011","Peterborough 014A","E01015599",729,189,97,92,3,222,67,155,287,262,25,28
"2011","Peterborough 014B","E01015600",547,286,183,103,2,63,16,47,186,172,14,10
"2011","Peterborough 014C","E01015602",892,292,160,132,14,109,15,94,469,453,16,8
"2011","Peterborough 014D","E01015612",859,369,149,220,12,134,31,103,330,314,16,14
"2011","Peterborough 014E","E01015655",808,413,187,226,2,35,5,30,351,321,30,7
"2011","Peterborough 015A","E01015598",633,491,244,247,1,69,9,60,68,59,9,4
"2011","Peterborough 015B","E01015687",640,579,359,220,0,5,2,3,52,49,3,4
"2011","Peterborough 015C","E01015689",617,522,342,180,2,26,3,23,57,56,1,10
"2011","Peterborough 015D","E01015690",462,402,248,154,0,8,2,6,45,40,5,7
"2011","Peterborough 015E","E01015691",500,415,264,151,0,28,5,23,54,45,9,3
"2011","Peterborough 016A","E01015622",1093,537,146,391,13,175,58,117,360,343,17,8
"2011","Peterborough 016C","E01015665",574,305,122,183,5,89,35,54,166,150,16,9
"2011","Peterborough 016D","E01015688",658,388,205,183,1,67,9,58,195,176,19,7
"2011","Peterborough 016E","E01015692",469,299,142,157,2,36,3,33,122,110,12,10
"2011","Peterborough 016F","E01033173",733,501,72,429,4,27,2,25,194,182,12,7
"2011","Peterborough 016G","E01033182",636,298,96,202,1,129,52,77,202,182,20,6
"2011","Peterborough 017A","E01015621",929,459,190,269,7,113,41,72,340,327,13,10
"2011","Peterborough 017B","E01015623",744,502,233,269,1,103,43,60,130,124,6,8
"2011","Peterborough 017C","E01015624",729,454,177,277,4,65,33,32,199,188,11,7
"2011","Peterborough 017D","E01015666",622,280,126,154,0,226,49,177,101,92,9,15
"2011","Peterborough 017E","E01015668",817,364,115,249,17,220,55,165,208,195,13,8
"2011","Peterborough 018A","E01015627",749,528,294,234,9,56,16,40,115,105,10,41
"2011","Peterborough 018B","E01015644",787,528,147,381,13,95,34,61,144,135,9,7
"2011","Peterborough 018C","E01015645",708,539,202,337,6,55,8,47,104,98,6,4
"2011","Peterborough 018D","E01015646",881,788,495,293,0,8,1,7,72,66,6,13
"2011","Peterborough 018E","E01015648",607,525,298,227,2,58,5,53,14,13,1,8
"2011","Peterborough 019A","E01015667",550,372,143,229,2,83,40,43,92,81,11,1
"2011","Peterborough 019B","E01015669",602,457,251,206,2,67,31,36,69,55,14,7
"2011","Peterborough 019C","E01015670",601,481,254,227,2,62,28,34,47,38,9,9
"2011","Peterborough 019D","E01015671",719,593,327,266,6,40,4,36,74,68,6,6
"2011","Peterborough 019E","E01015672",657,527,238,289,2,49,13,36,75,69,6,4
"2011","Peterborough 019F","E01015673",648,292,105,187,1,284,86,198,60,51,9,11
"2011","Peterborough 021A","E01015637",562,265,61,204,0,164,58,106,130,121,9,3
"2011","Peterborough 021B","E01015639",678,204,59,145,0,325,110,215,141,131,10,8
"2011","Peterborough 021C","E01015640",590,376,121,255,5,95,30,65,107,99,8,7
"2011","Peterborough 021D","E01015641",497,311,139,172,2,89,33,56,88,82,6,7
"2011","Peterborough 021E","E01015642",576,199,64,135,1,254,77,177,115,111,4,7
"2011","Peterborough 021F","E01015647",629,189,62,127,5,327,96,231,99,90,9,9
"2011","Peterborough 022A","E01015638",609,476,257,219,0,86,14,72,42,34,8,5
"2011","Peterborough 022B","E01015650",863,627,243,384,3,52,2,50,175,166,9,6
"2011","Peterborough 022C","E01033174",549,191,59,132,12,170,53,117,167,161,6,9
"2011","Peterborough 022D","E01033179",620,370,197,173,50,146,21,125,50,45,5,4
"2011","Peterborough 022E","E01033181",564,352,54,298,11,59,8,51,142,135,7,0
"2011","Peterborough 023A","E01015643",583,381,153,228,7,106,26,80,83,76,7,6
"2011","Peterborough 023B","E01033175",529,358,66,292,25,43,10,33,101,98,3,2
"2011","Peterborough 023C","E01033176",575,313,47,266,3,76,12,64,182,176,6,1
"2011","Peterborough 023D","E01033177",546,307,42,265,17,88,18,70,133,126,7,1
"2011","Peterborough 023E","E01033178",559,177,16,161,95,156,37,119,128,119,9,3
"2011","Peterborough 023F","E01033180",581,260,32,228,8,128,34,94,183,178,5,2
"2011","Southend-on-Sea 001A","E01015833",623,560,315,245,1,3,2,1,56,50,6,3
"2011","Southend-on-Sea 001B","E01015834",622,563,315,248,1,4,2,2,50,44,6,4
"2011","Southend-on-Sea 001C","E01015835",723,516,277,239,3,79,47,32,119,110,9,6
"2011","Southend-on-Sea 001D","E01015836",635,577,305,272,3,4,1,3,48,42,6,3
"2011","Southend-on-Sea 001E","E01015837",730,613,304,309,1,47,19,28,64,56,8,5
"2011","Southend-on-Sea 001F","E01015838",649,606,375,231,0,4,2,2,36,28,8,3
"2011","Southend-on-Sea 002A","E01015863",999,759,282,477,3,150,138,12,80,74,6,7
"2011","Southend-on-Sea 002B","E01015864",596,488,277,211,3,52,37,15,44,37,7,9
"2011","Southend-on-Sea 002C","E01015865",649,568,308,260,1,22,13,9,52,46,6,6
"2011","Southend-on-Sea 002D","E01015866",669,589,309,280,2,10,10,0,61,53,8,7
"2011","Southend-on-Sea 002E","E01015867",640,328,164,164,1,211,168,43,91,84,7,9
"2011","Southend-on-Sea 002F","E01015868",652,430,187,243,3,114,98,16,100,94,6,5
"2011","Southend-on-Sea 003A","E01015814",624,453,223,230,0,115,99,16,52,48,4,4
"2011","Southend-on-Sea 003B","E01015815",625,542,271,271,0,9,9,0,68,63,5,6
"2011","Southend-on-Sea 003C","E01015816",770,574,356,218,1,86,74,12,100,96,4,9
"2011","Southend-on-Sea 003D","E01015817",730,667,404,263,2,7,5,2,48,42,6,6
"2011","Southend-on-Sea 003E","E01015818",797,627,345,282,4,72,50,22,89,78,11,5
"2011","Southend-on-Sea 003F","E01015819",627,387,187,200,1,151,129,22,80,74,6,8
"2011","Southend-on-Sea 004A","E01015857",663,616,345,271,1,6,5,1,34,32,2,6
"2011","Southend-on-Sea 004B","E01015858",714,584,305,279,0,17,6,11,105,96,9,8
"2011","Southend-on-Sea 004C","E01015859",800,558,278,280,6,105,35,70,129,113,16,2
"2011","Southend-on-Sea 004D","E01015860",626,537,267,270,0,13,2,11,73,68,5,3
"2011","Southend-on-Sea 004E","E01015861",753,391,177,214,3,229,160,69,126,117,9,4
"2011","Southend-on-Sea 004F","E01015862",652,390,159,231,1,35,28,7,219,204,15,7
"2011","Southend-on-Sea 005A","E01015820",613,272,113,159,1,274,196,78,61,57,4,5
"2011","Southend-on-Sea 005B","E01015821",720,564,299,265,1,51,43,8,98,90,8,6
"2011","Southend-on-Sea 005C","E01015822",485,394,193,201,1,21,6,15,62,55,7,7
"2011","Southend-on-Sea 005D","E01015823",673,544,255,289,3,16,10,6,101,89,12,9
"2011","Southend-on-Sea 005E","E01015824",615,327,113,214,1,225,203,22,55,50,5,7
"2011","Southend-on-Sea 005F","E01015825",600,418,187,231,4,132,115,17,42,32,10,4
"2011","Southend-on-Sea 005G","E01015826",573,467,241,226,1,45,34,11,52,51,1,8
"2011","Southend-on-Sea 006A","E01015869",634,424,160,264,2,52,44,8,150,139,11,6
"2011","Southend-on-Sea 006B","E01015870",663,474,184,290,2,18,5,13,166,158,8,3
"2011","Southend-on-Sea 006C","E01015871",657,514,258,256,1,57,48,9,79,69,10,6
"2011","Southend-on-Sea 006D","E01015872",685,463,176,287,0,17,6,11,200,181,19,5
"2011","Southend-on-Sea 006E","E01015873",540,364,132,232,2,11,4,7,157,152,5,6
"2011","Southend-on-Sea 006F","E01015874",716,490,212,278,11,59,44,15,154,146,8,2
"2011","Southend-on-Sea 006G","E01015875",751,342,137,205,5,273,235,38,121,115,6,10
"2011","Southend-on-Sea 007A","E01015901",589,370,108,262,2,3,1,2,211,204,7,3
"2011","Southend-on-Sea 007B","E01015902",647,360,103,257,1,6,1,5,274,263,11,6
"2011","Southend-on-Sea 007C","E01015903",675,450,154,296,3,7,2,5,213,202,11,2
"2011","Southend-on-Sea 007D","E01015904",695,471,169,302,3,12,2,10,205,194,11,4
"2011","Southend-on-Sea 007E","E01015905",583,385,152,233,2,4,2,2,188,179,9,4
"2011","Southend-on-Sea 007F","E01015906",605,362,105,257,3,25,8,17,211,195,16,4
"2011","Southend-on-Sea 007G","E01015907",592,382,121,261,0,9,1,8,196,182,14,5
"2011","Southend-on-Sea 008A","E01015908",647,589,324,265,1,1,1,0,52,50,2,4
"2011","Southend-on-Sea 008B","E01015909",627,471,213,258,1,18,15,3,135,130,5,2
"2011","Southend-on-Sea 008C","E01015910",623,558,290,268,0,2,1,1,62,60,2,1
"2011","Southend-on-Sea 008D","E01015911",511,474,246,228,7,9,3,6,19,17,2,2
"2011","Southend-on-Sea 008E","E01015912",639,575,294,281,0,18,14,4,39,35,4,7
"2011","Southend-on-Sea 008F","E01015913",793,567,285,282,1,13,9,4,202,189,13,10
"2011","Southend-on-Sea 009A","E01015883",566,528,319,209,0,8,2,6,29,25,4,1
"2011","Southend-on-Sea 009B","E01015884",923,554,217,337,17,103,53,50,234,224,10,15
"2011","Southend-on-Sea 009C","E01015885",711,667,423,244,1,6,3,3,32,32,0,5
"2011","Southend-on-Sea 009D","E01015886",638,209,86,123,6,366,248,118,51,43,8,6
"2011","Southend-on-Sea 009E","E01015887",583,271,130,141,3,236,141,95,68,66,2,5
"2011","Southend-on-Sea 009F","E01015888",644,525,368,157,0,74,23,51,37,34,3,8
"2011","Southend-on-Sea 010A","E01015895",1053,195,81,114,0,591,320,271,256,244,12,11
"2011","Southend-on-Sea 010B","E01015896",853,293,139,154,2,258,196,62,284,236,48,16
"2011","Southend-on-Sea 010C","E01015897",884,321,110,211,13,405,317,88,141,135,6,4
"2011","Southend-on-Sea 010D","E01015898",757,399,167,232,2,95,68,27,250,238,12,11
"2011","Southend-on-Sea 010E","E01015899",800,449,162,287,1,60,27,33,281,271,10,9
"2011","Southend-on-Sea 010F","E01015900",618,312,101,211,2,44,18,26,257,243,14,3
"2011","Southend-on-Sea 011A","E01015845",683,538,192,346,0,2,2,0,138,127,11,5
"2011","Southend-on-Sea 011B","E01015846",797,545,221,324,3,8,0,8,233,222,11,8
"2011","Southend-on-Sea 011C","E01015847",797,495,189,306,1,10,4,6,286,272,14,5
"2011","Southend-on-Sea 011D","E01015848",902,612,361,251,4,5,3,2,273,259,14,8
"2011","Southend-on-Sea 011E","E01015849",754,499,182,317,2,15,14,1,235,221,14,3
"2011","Southend-on-Sea 011F","E01015850",675,544,190,354,1,4,1,3,123,113,10,3
"2011","Southend-on-Sea 012A","E01015827",662,490,258,232,0,8,4,4,157,144,13,7
"2011","Southend-on-Sea 012B","E01015828",826,300,83,217,5,100,38,62,416,406,10,5
"2011","Southend-on-Sea 012C","E01015829",643,480,202,278,1,4,2,2,154,145,9,4
"2011","Southend-on-Sea 012D","E01015830",625,530,273,257,0,2,2,0,85,81,4,8
"2011","Southend-on-Sea 012E","E01015831",840,409,115,294,2,14,9,5,405,390,15,10
"2011","Southend-on-Sea 012F","E01015832",773,508,307,201,1,61,37,24,191,185,6,12
"2011","Southend-on-Sea 013A","E01015876",884,708,307,401,13,27,6,21,129,123,6,7
"2011","Southend-on-Sea 013B","E01015877",819,439,153,286,6,196,108,88,173,161,12,5
"2011","Southend-on-Sea 013C","E01015878",581,391,142,249,3,48,4,44,133,123,10,6
"2011","Southend-on-Sea 013D","E01015879",587,236,73,163,15,212,43,169,120,113,7,4
"2011","Southend-on-Sea 013E","E01015880",660,213,83,130,2,331,262,69,109,100,9,5
"2011","Southend-on-Sea 013F","E01015881",566,394,211,183,1,121,37,84,44,38,6,6
"2011","Southend-on-Sea 013G","E01015882",685,340,135,205,2,171,60,111,166,154,12,6
"2011","Southend-on-Sea 014A","E01015839",761,331,118,213,13,130,28,102,277,264,13,10
"2011","Southend-on-Sea 014B","E01015840",714,359,114,245,2,71,5,66,276,269,7,6
"2011","Southend-on-Sea 014C","E01015841",1071,348,132,216,17,62,10,52,640,621,19,4
"2011","Southend-on-Sea 014D","E01015842",905,95,35,60,3,647,38,609,153,148,5,7
"2011","Southend-on-Sea 014E","E01015843",714,359,124,235,9,60,6,54,285,273,12,1
"2011","Southend-on-Sea 014F","E01015844",922,321,99,222,11,260,178,82,320,314,6,10
"2011","Southend-on-Sea 015A","E01015851",1016,493,299,194,6,13,1,12,484,461,23,20
"2011","Southend-on-Sea 015B","E01015852",860,318,143,175,2,28,7,21,497,477,20,15
"2011","Southend-on-Sea 015C","E01015853",907,467,228,239,4,7,4,3,418,399,19,11
"2011","Southend-on-Sea 015D","E01015854",748,295,96,199,3,37,4,33,409,395,14,4
"2011","Southend-on-Sea 015E","E01015855",888,363,143,220,2,36,14,22,473,459,14,14
"2011","Southend-on-Sea 015F","E01015856",780,411,148,263,4,23,3,20,334,320,14,8
"2011","Southend-on-Sea 016A","E01015889",610,555,377,178,2,3,1,2,45,45,0,5
"2011","Southend-on-Sea 016B","E01015890",626,534,316,218,3,5,3,2,76,66,10,8
"2011","Southend-on-Sea 016C","E01015891",658,432,194,238,0,12,3,9,205,189,16,9
"2011","Southend-on-Sea 016D","E01015892",636,522,199,323,0,2,2,0,104,95,9,8
"2011","Southend-on-Sea 016E","E01015893",793,748,570,178,2,1,0,1,37,31,6,5
"2011","Southend-on-Sea 016F","E01015894",598,547,295,252,1,5,3,2,40,35,5,5
"2011","Southend-on-Sea 017A","E01015914",502,474,247,227,2,6,5,1,19,17,2,1
"2011","Southend-on-Sea 017B","E01015915",621,533,287,246,8,21,18,3,53,46,7,6
"2011","Southend-on-Sea 017C","E01015916",544,171,82,89,1,329,286,43,39,36,3,4
"2011","Southend-on-Sea 017D","E01015917",622,251,106,145,1,243,158,85,123,117,6,4
"2011","Southend-on-Sea 017E","E01015918",531,382,141,241,1,10,6,4,129,117,12,9
"2011","Southend-on-Sea 017F","E01015919",505,392,182,210,0,69,45,24,39,38,1,5
"2011","Southend-on-Sea 017G","E01015920",638,577,346,231,0,9,7,2,45,39,6,7
"2011","Thurrock 001A","E01015943",601,535,285,250,2,5,4,1,51,43,8,8
"2011","Thurrock 001B","E01015944",525,498,313,185,0,4,4,0,20,16,4,3
"2011","Thurrock 001C","E01015946",624,556,286,270,1,12,8,4,52,50,2,3
"2011","Thurrock 001D","E01015997",503,473,223,250,0,3,3,0,23,20,3,4
"2011","Thurrock 001E","E01015999",490,445,188,257,0,6,3,3,36,33,3,3
"2011","Thurrock 002A","E01015945",490,395,226,169,1,62,53,9,26,21,5,6
"2011","Thurrock 002B","E01015983",624,507,307,200,1,34,17,17,78,71,7,4
"2011","Thurrock 002C","E01015987",576,358,171,187,0,154,130,24,59,57,2,5
"2011","Thurrock 002D","E01015988",610,282,98,184,0,264,256,8,52,45,7,12
"2011","Thurrock 002E","E01015998",595,517,233,284,0,42,39,3,36,35,1,0
"2011","Thurrock 003A","E01015984",488,434,220,214,0,22,17,5,28,22,6,4
"2011","Thurrock 003B","E01015985",636,530,353,177,2,65,53,12,34,30,4,5
"2011","Thurrock 003C","E01015986",620,328,105,223,0,230,88,142,55,50,5,7
"2011","Thurrock 003D","E01015990",581,389,164,225,0,145,143,2,42,41,1,5
"2011","Thurrock 003E","E01016001",513,462,224,238,3,13,6,7,32,27,5,3
"2011","Thurrock 004A","E01015977",728,577,237,340,0,81,80,1,60,50,10,10
"2011","Thurrock 004B","E01015978",491,421,216,205,4,6,6,0,53,49,4,7
"2011","Thurrock 004C","E01015979",528,467,133,334,0,6,6,0,51,46,5,4
"2011","Thurrock 004D","E01015980",623,523,277,246,4,38,38,0,53,39,14,5
"2011","Thurrock 005A","E01015989",672,410,141,269,0,66,42,24,187,178,9,9
"2011","Thurrock 005B","E01015991",585,500,243,257,1,31,15,16,48,42,6,5
"2011","Thurrock 005C","E01015992",784,567,242,325,0,77,52,25,136,129,7,4
"2011","Thurrock 005D","E01016000",600,494,218,276,1,19,18,1,79,70,9,7
"2011","Thurrock 005E","E01016002",521,488,235,253,0,10,6,4,21,21,0,2
"2011","Thurrock 006A","E01015932",569,389,177,212,0,130,128,2,46,44,2,4
"2011","Thurrock 006B","E01015971",681,374,144,230,2,192,186,6,105,97,8,8
"2011","Thurrock 006C","E01015972",697,435,172,263,2,206,189,17,47,39,8,7
"2011","Thurrock 006D","E01015973",696,374,140,234,12,250,190,60,54,51,3,6
"2011","Thurrock 006E","E01015974",557,464,159,305,0,59,58,1,33,31,2,1
"2011","Thurrock 006F","E01015975",627,487,182,305,1,86,81,5,49,43,6,4
"2011","Thurrock 007A","E01015927",663,384,122,262,3,225,213,12,47,46,1,4
"2011","Thurrock 007B","E01015928",653,474,171,303,1,136,128,8,38,38,0,4
"2011","Thurrock 007C","E01015929",654,256,74,182,2,342,325,17,47,44,3,7
"2011","Thurrock 007D","E01015930",664,446,140,306,0,160,134,26,56,55,1,2
"2011","Thurrock 007E","E01015931",663,243,43,200,3,328,324,4,82,77,5,7
"2011","Thurrock 007F","E01015976",785,338,132,206,0,387,351,36,51,40,11,9
"2011","Thurrock 008A","E01015922",591,274,95,179,0,273,270,3,33,28,5,11
"2011","Thurrock 008B","E01015923",653,403,128,275,4,149,148,1,90,82,8,7
"2011","Thurrock 008C","E01015924",600,404,138,266,0,150,142,8,38,32,6,8
"2011","Thurrock 008D","E01015925",624,541,249,292,1,55,54,1,22,18,4,5
"2011","Thurrock 008E","E01015926",658,456,200,256,0,127,102,25,67,61,6,8
"2011","Thurrock 009A","E01015957",593,310,125,185,0,233,230,3,46,42,4,4
"2011","Thurrock 009B","E01015958",480,301,129,172,0,135,134,1,42,39,3,2
"2011","Thurrock 009C","E01015993",646,435,211,224,1,169,147,22,35,31,4,6
"2011","Thurrock 009D","E01015994",643,419,203,216,1,190,188,2,30,26,4,3
"2011","Thurrock 009E","E01015995",615,573,294,279,1,14,13,1,24,23,1,3
"2011","Thurrock 009F","E01015996",622,375,148,227,0,216,216,0,23,19,4,8
"2011","Thurrock 010A","E01015963",494,242,109,133,1,215,211,4,29,26,3,7
"2011","Thurrock 010B","E01015964",598,519,259,260,0,34,29,5,37,37,0,8
"2011","Thurrock 010C","E01015965",597,546,316,230,2,9,9,0,33,29,4,7
"2011","Thurrock 010D","E01015966",630,587,323,264,1,10,10,0,27,25,2,5
"2011","Thurrock 012A","E01015933",635,419,161,258,1,165,158,7,45,40,5,5
"2011","Thurrock 012B","E01015934",523,265,102,163,1,215,208,7,40,38,2,2
"2011","Thurrock 012C","E01015935",607,340,131,209,1,224,222,2,37,31,6,5
"2011","Thurrock 012D","E01015936",686,392,190,202,1,268,262,6,21,19,2,4
"2011","Thurrock 012E","E01015937",688,531,295,236,0,135,131,4,19,16,3,3
"2011","Thurrock 012F","E01015938",796,311,154,157,0,452,391,61,30,30,0,3
"2011","Thurrock 013A","E01015947",548,381,100,281,3,56,44,12,106,102,4,2
"2011","Thurrock 013B","E01015948",605,421,159,262,3,22,5,17,156,147,9,3
"2011","Thurrock 013C","E01015949",612,487,154,333,6,74,38,36,43,39,4,2
"2011","Thurrock 013D","E01015950",682,566,258,308,1,17,9,8,85,70,15,13
"2011","Thurrock 014A","E01015960",544,423,216,207,2,85,83,2,32,30,2,2
"2011","Thurrock 014B","E01015967",591,504,192,312,1,18,17,1,65,60,5,3
"2011","Thurrock 014C","E01015968",607,505,233,272,2,14,8,6,84,79,5,2
"2011","Thurrock 014D","E01015969",766,583,256,327,1,94,82,12,83,77,6,5
"2011","Thurrock 014E","E01015970",491,416,186,230,9,11,5,6,50,48,2,5
"2011","Thurrock 015A","E01015921",548,346,79,267,11,44,42,2,142,132,10,5
"2011","Thurrock 015B","E01016011",677,354,88,266,3,51,18,33,266,257,9,3
"2011","Thurrock 015C","E01016012",928,450,83,367,5,225,203,22,237,226,11,11
"2011","Thurrock 015D","E01016013",1015,547,94,453,21,47,16,31,392,374,18,8
"2011","Thurrock 015E","E01016014",1009,372,47,325,58,357,301,56,218,210,8,4
"2011","Thurrock 015F","E01016015",606,435,146,289,3,68,50,18,95,89,6,5
"2011","Thurrock 016A","E01015955",641,471,133,338,1,18,17,1,150,139,11,1
"2011","Thurrock 016B","E01015956",807,435,142,293,13,50,40,10,307,297,10,2
"2011","Thurrock 016C","E01015959",634,375,169,206,1,123,89,34,128,114,14,7
"2011","Thurrock 016D","E01015961",617,461,187,274,2,22,18,4,124,118,6,8
"2011","Thurrock 016E","E01015962",621,347,108,239,0,62,59,3,208,194,14,4
"2011","Thurrock 017A","E01015951",657,311,89,222,6,109,24,85,228,221,7,3
"2011","Thurrock 017B","E01015952",818,385,86,299,3,130,112,18,293,285,8,7
"2011","Thurrock 017C","E01015953",1002,478,130,348,7,107,19,88,406,391,15,4
"2011","Thurrock 017D","E01015954",989,213,44,169,27,439,400,39,300,286,14,10
"2011","Thurrock 018A","E01016003",774,435,155,280,12,85,81,4,235,224,11,7
"2011","Thurrock 018B","E01016004",677,274,120,154,0,327,265,62,64,61,3,12
"2011","Thurrock 018C","E01016005",553,332,113,219,1,149,97,52,70,65,5,1
"2011","Thurrock 018D","E01016006",648,150,52,98,2,436,419,17,49,45,4,11
"2011","Thurrock 018E","E01016007",522,215,83,132,2,257,251,6,45,44,1,3
"2011","Thurrock 018F","E01016008",592,425,136,289,1,50,41,9,112,102,10,4
"2011","Thurrock 018G","E01016009",652,298,90,208,7,261,247,14,82,75,7,4
"2011","Thurrock 018H","E01016010",503,187,62,125,2,266,244,22,45,41,4,3
"2011","Thurrock 019A","E01015982",895,700,127,573,3,4,4,0,185,179,6,3
"2011","Thurrock 019B","E01033610",563,422,28,394,2,5,4,1,132,126,6,2
"2011","Thurrock 019C","E01033611",637,373,38,335,1,9,4,5,248,244,4,6
"2011","Thurrock 019D","E01033613",585,444,75,369,2,7,6,1,130,125,5,2
"2011","Thurrock 020A","E01015939",557,467,110,357,1,5,3,2,83,79,4,1
"2011","Thurrock 020B","E01015941",513,411,73,338,2,20,5,15,76,70,6,4
"2011","Thurrock 020C","E01015942",563,442,118,324,0,25,12,13,92,88,4,4
"2011","Thurrock 020D","E01033612",595,452,85,367,1,16,2,14,124,122,2,2
"2011","Thurrock 020E","E01033614",613,522,101,421,12,4,2,2,67,63,4,8
"2011","Cambridge 001A","E01017975",687,255,113,142,6,349,305,44,68,64,4,9
"2011","Cambridge 001B","E01017976",636,362,152,210,1,107,93,14,153,140,13,13
"2011","Cambridge 001C","E01017977",769,250,82,168,66,301,210,91,145,99,46,7
"2011","Cambridge 001D","E01017978",657,217,91,126,7,327,273,54,95,88,7,11
"2011","Cambridge 001E","E01017979",671,166,53,113,50,361,337,24,86,81,5,8
"2011","Cambridge 001F","E01017980",498,302,126,176,5,90,75,15,99,95,4,2
"2011","Cambridge 002A","E01017949",683,278,147,131,2,117,102,15,277,262,15,9
"2011","Cambridge 002B","E01017950",568,323,193,130,3,36,28,8,199,188,11,7
"2011","Cambridge 002C","E01017951",660,345,191,154,5,188,180,8,109,98,11,13
"2011","Cambridge 002D","E01017952",684,253,136,117,1,347,338,9,72,64,8,11
"2011","Cambridge 002E","E01017953",690,317,200,117,22,218,208,10,120,111,9,13
"2011","Cambridge 002F","E01017954",601,312,178,134,1,208,195,13,69,63,6,11
"2011","Cambridge 003B","E01017971",666,215,99,116,15,316,143,173,113,105,8,7
"2011","Cambridge 003C","E01017972",676,336,189,147,6,204,18,186,126,120,6,4
"2011","Cambridge 003D","E01017973",729,186,92,94,4,403,53,350,132,127,5,4
"2011","Cambridge 003E","E01017974",694,273,119,154,3,267,193,74,138,129,9,13
"2011","Cambridge 003F","E01032792",617,281,113,168,43,118,11,107,170,164,6,5
"2011","Cambridge 003G","E01032802",656,265,157,108,19,148,55,93,216,208,8,8
"2011","Cambridge 004A","E01018006",773,407,220,187,5,60,15,45,289,276,13,12
"2011","Cambridge 004B","E01018007",585,473,280,193,0,15,2,13,89,86,3,8
"2011","Cambridge 004C","E01018008",654,393,201,192,1,80,49,31,172,166,6,8
"2011","Cambridge 004D","E01018009",833,308,156,152,1,207,48,159,310,292,18,7
"2011","Cambridge 004E","E01018010",884,405,245,160,3,111,12,99,356,344,12,9
"2011","Cambridge 005A","E01017955",647,459,307,152,2,12,6,6,170,149,21,4
"2011","Cambridge 005B","E01017956",536,351,199,152,1,39,7,32,137,90,47,8
"2011","Cambridge 005C","E01017957",507,285,163,122,1,12,4,8,205,183,22,4
"2011","Cambridge 005D","E01017958",392,80,49,31,1,183,78,105,107,77,30,21
"2011","Cambridge 006A","E01017943",740,338,162,176,6,121,39,82,271,258,13,4
"2011","Cambridge 006B","E01017944",575,263,109,154,1,230,203,27,68,65,3,13
"2011","Cambridge 006C","E01017945",768,314,129,185,12,173,109,64,259,247,12,10
"2011","Cambridge 006D","E01017946",643,257,118,139,3,260,242,18,101,93,8,22
"2011","Cambridge 006E","E01017947",682,334,144,190,3,253,233,20,83,80,3,9
"2011","Cambridge 006F","E01017948",698,198,57,141,3,410,319,91,79,73,6,8
"2011","Cambridge 007C","E01017983",906,389,248,141,14,100,59,41,384,335,49,19
"2011","Cambridge 007D","E01017984",701,398,301,97,2,47,7,40,241,112,129,13
"2011","Cambridge 007E","E01017985",706,405,279,126,5,64,18,46,213,162,51,19
"2011","Cambridge 007F","E01017986",304,137,112,25,1,41,3,38,106,84,22,19
"2011","Cambridge 007G","E01032797",755,215,163,52,1,112,20,92,392,327,65,35
"2011","Cambridge 008A","E01017987",678,310,174,136,6,88,8,80,264,239,25,10
"2011","Cambridge 008B","E01017988",557,262,138,124,2,40,17,23,245,227,18,8
"2011","Cambridge 008C","E01017989",933,382,172,210,7,157,61,96,375,350,25,12
"2011","Cambridge 008D","E01017990",598,276,132,144,1,35,13,22,282,275,7,4
"2011","Cambridge 008E","E01017991",600,200,109,91,1,211,183,28,178,170,8,10
"2011","Cambridge 009A","E01017997",957,495,214,281,16,165,120,45,275,262,13,6
"2011","Cambridge 009B","E01017998",720,340,141,199,2,50,41,9,322,301,21,6
"2011","Cambridge 009C","E01017999",696,278,115,163,4,199,151,48,201,191,10,14
"2011","Cambridge 009D","E01018000",725,328,125,203,3,68,27,41,318,306,12,8
"2011","Cambridge 009E","E01018001",759,384,186,198,5,56,21,35,310,298,12,4
"2011","Cambridge 010A","E01017965",745,333,168,165,7,243,237,6,154,146,8,8
"2011","Cambridge 010B","E01017966",1107,411,160,251,14,181,94,87,488,471,17,13
"2011","Cambridge 010C","E01017967",650,275,129,146,1,241,203,38,122,118,4,11
"2011","Cambridge 010D","E01017968",668,396,240,156,2,104,93,11,158,148,10,8
"2011","Cambridge 010E","E01017969",618,338,151,187,0,146,118,28,127,121,6,7
"2011","Cambridge 011A","E01017959",686,461,254,207,3,53,22,31,164,153,11,5
"2011","Cambridge 011B","E01017960",555,239,93,146,1,240,222,18,64,53,11,11
"2011","Cambridge 011C","E01017961",583,252,117,135,5,210,185,25,102,98,4,14
"2011","Cambridge 011D","E01017962",662,397,210,187,2,189,88,101,71,64,7,3
"2011","Cambridge 011E","E01017963",678,376,160,216,2,215,213,2,79,78,1,6
"2011","Cambridge 011F","E01017964",512,417,233,184,1,21,9,12,68,60,8,5
"2011","Cambridge 012A","E01018002",754,351,181,170,15,148,111,37,202,184,18,38
"2011","Cambridge 012B","E01018003",621,410,213,197,0,113,83,30,94,90,4,4
"2011","Cambridge 012D","E01018005",772,277,177,100,4,191,124,67,276,253,23,24
"2011","Cambridge 012E","E01032794",644,355,240,115,4,123,13,110,145,128,17,17
"2011","Cambridge 012F","E01032795",681,234,120,114,74,174,15,159,189,181,8,10
"2011","Cambridge 013A","E01017992",727,383,187,196,11,189,104,85,124,117,7,20
"2011","Cambridge 013B","E01017993",967,454,291,163,1,315,41,274,180,149,31,17
"2011","Cambridge 013C","E01017994",640,355,188,167,5,192,188,4,75,64,11,13
"2011","Cambridge 013D","E01017995",563,483,324,159,1,25,10,15,49,41,8,5
"2011","Cambridge 013E","E01017996",527,374,224,150,1,6,4,2,138,129,9,8
"2011","East Cambridgeshire 001A","E01018042",643,381,180,201,2,165,10,155,75,66,9,20
"2011","East Cambridgeshire 001B","E01018043",836,562,261,301,8,95,12,83,160,147,13,11
"2011","East Cambridgeshire 001C","E01018044",744,461,219,242,4,63,9,54,195,167,28,21
"2011","East Cambridgeshire 001D","E01018045",526,361,135,226,9,71,5,66,78,75,3,7
"2011","East Cambridgeshire 001E","E01018046",835,401,144,257,30,329,39,290,65,59,6,10
"2011","East Cambridgeshire 002A","E01018020",586,484,235,249,3,32,5,27,52,46,6,15
"2011","East Cambridgeshire 002B","E01018021",595,432,200,232,3,108,10,98,46,39,7,6
"2011","East Cambridgeshire 002C","E01018022",592,470,232,238,0,81,9,72,28,22,6,13
"2011","East Cambridgeshire 002D","E01018055",849,733,353,380,8,27,2,25,73,64,9,8
"2011","East Cambridgeshire 002E","E01018056",792,528,203,325,16,163,7,156,75,66,9,10
"2011","East Cambridgeshire 003A","E01018027",736,540,287,253,3,39,3,36,118,99,19,36
"2011","East Cambridgeshire 003C","E01018029",1105,682,245,437,101,105,9,96,207,198,9,10
"2011","East Cambridgeshire 003D","E01018032",1034,761,400,361,7,97,6,91,156,145,11,13
"2011","East Cambridgeshire 003E","E01018033",911,519,300,219,8,249,25,224,123,112,11,12
"2011","East Cambridgeshire 003F","E01033426",514,398,108,290,2,48,4,44,64,61,3,2
"2011","East Cambridgeshire 003G","E01033430",597,295,138,157,2,244,24,220,53,49,4,3
"2011","East Cambridgeshire 004A","E01018024",515,310,146,164,5,117,8,109,66,56,10,17
"2011","East Cambridgeshire 004B","E01018025",722,264,139,125,3,140,8,132,275,260,15,40
"2011","East Cambridgeshire 004C","E01018026",662,464,269,195,6,20,3,17,160,151,9,12
"2011","East Cambridgeshire 004D","E01018030",416,277,146,131,3,100,12,88,32,28,4,4
"2011","East Cambridgeshire 004F","E01033425",700,524,105,419,16,44,1,43,112,107,5,4
"2011","East Cambridgeshire 004G","E01033428",627,418,188,230,33,51,3,48,120,111,9,5
"2011","East Cambridgeshire 005A","E01018036",714,507,232,275,2,123,16,107,63,57,6,19
"2011","East Cambridgeshire 005B","E01018037",542,483,238,245,0,29,0,29,25,22,3,5
"2011","East Cambridgeshire 005C","E01018038",616,526,266,260,5,16,2,14,63,58,5,6
"2011","East Cambridgeshire 005D","E01018039",533,428,213,215,4,60,8,52,39,33,6,2
"2011","East Cambridgeshire 005E","E01018053",697,487,248,239,5,130,16,114,66,60,6,9
"2011","East Cambridgeshire 005F","E01018054",922,685,322,363,23,87,5,82,103,90,13,24
"2011","East Cambridgeshire 006A","E01018047",768,504,248,256,13,158,18,140,79,69,10,14
"2011","East Cambridgeshire 006C","E01018049",677,453,201,252,7,103,10,93,105,90,15,9
"2011","East Cambridgeshire 006D","E01018050",549,381,174,207,15,76,11,65,72,68,4,5
"2011","East Cambridgeshire 006E","E01018051",687,481,224,257,2,128,14,114,66,62,4,10
"2011","East Cambridgeshire 006F","E01018052",808,401,155,246,3,159,19,140,230,222,8,15
"2011","East Cambridgeshire 006G","E01033427",482,305,43,262,42,72,7,65,59,56,3,4
"2011","East Cambridgeshire 006H","E01033429",811,606,251,355,21,59,6,53,117,107,10,8
"2011","East Cambridgeshire 007A","E01018034",616,486,246,240,1,31,6,25,88,77,11,10
"2011","East Cambridgeshire 007B","E01018035",965,546,245,301,5,216,15,201,161,140,21,37
"2011","East Cambridgeshire 007C","E01018040",502,416,214,202,2,12,0,12,68,62,6,4
"2011","East Cambridgeshire 007D","E01018041",451,277,121,156,12,100,9,91,49,40,9,13
"2011","East Cambridgeshire 008A","E01018013",739,643,351,292,6,36,7,29,43,41,2,11
"2011","East Cambridgeshire 008B","E01018014",747,581,264,317,9,63,4,59,80,74,6,14
"2011","East Cambridgeshire 008C","E01018015",563,475,220,255,4,18,7,11,55,51,4,11
"2011","East Cambridgeshire 008D","E01018016",582,355,153,202,1,189,16,173,29,27,2,8
"2011","East Cambridgeshire 009A","E01018011",1003,734,401,333,7,107,9,98,137,119,18,18
"2011","East Cambridgeshire 009B","E01018012",563,361,210,151,10,128,7,121,53,46,7,11
"2011","East Cambridgeshire 009C","E01018057",827,548,312,236,6,142,15,127,97,83,14,34
"2011","East Cambridgeshire 011A","E01018017",599,306,163,143,5,154,9,145,68,60,8,66
"2011","East Cambridgeshire 011B","E01018019",444,335,190,145,1,9,1,8,51,45,6,48
"2011","East Cambridgeshire 011C","E01018023",919,554,285,269,4,140,6,134,116,103,13,105
"2011","East Cambridgeshire 011D","E01032611",751,590,322,268,19,11,0,11,61,54,7,70
"2011","Fenland 001A","E01018094",778,558,335,223,3,136,22,114,74,61,13,7
"2011","Fenland 001B","E01018095",656,535,312,223,14,41,11,30,54,52,2,12
"2011","Fenland 001C","E01018096",730,619,363,256,6,15,1,14,85,77,8,5
"2011","Fenland 001D","E01018097",611,489,276,213,0,62,6,56,51,44,7,9
"2011","Fenland 002A","E01018063",950,479,242,237,3,173,21,152,280,265,15,15
"2011","Fenland 002B","E01018073",926,652,346,306,2,118,34,84,144,132,12,10
"2011","Fenland 002C","E01018107",641,276,123,153,5,245,70,175,98,92,6,17
"2011","Fenland 002D","E01018108",776,319,181,138,8,274,79,195,168,152,16,7
"2011","Fenland 002E","E01018109",773,527,248,279,7,60,10,50,170,157,13,9
"2011","Fenland 003A","E01018069",744,612,313,299,7,23,1,22,95,85,10,7
"2011","Fenland 003B","E01018070",748,320,153,167,3,214,30,184,194,184,10,17
"2011","Fenland 003C","E01018071",787,477,276,201,4,165,22,143,133,127,6,8
"2011","Fenland 003E","E01018093",1008,666,345,321,0,149,34,115,177,163,14,16
"2011","Fenland 003F","E01018103",469,203,83,120,2,179,48,131,77,73,4,8
"2011","Fenland 003G","E01018104",511,386,212,174,0,76,14,62,42,35,7,7
"2011","Fenland 003H","E01033111",656,413,262,151,4,102,22,80,131,118,13,6
"2011","Fenland 003I","E01033112",594,188,92,96,1,170,18,152,225,215,10,10
"2011","Fenland 004A","E01018066",636,463,241,222,15,93,23,70,51,45,6,14
"2011","Fenland 004B","E01018067",764,587,290,297,2,64,17,47,99,91,8,12
"2011","Fenland 004C","E01018068",594,427,210,217,3,78,15,63,75,67,8,11
"2011","Fenland 004D","E01018090",740,577,322,255,7,88,16,72,53,46,7,15
"2011","Fenland 004E","E01018091",588,416,193,223,2,84,15,69,74,59,15,12
"2011","Fenland 004F","E01018092",728,545,283,262,3,76,10,66,90,77,13,14
"2011","Fenland 005A","E01018081",579,439,203,236,0,56,10,46,78,61,17,6
"2011","Fenland 005B","E01018082",811,651,342,309,9,45,3,42,100,91,9,6
"2011","Fenland 005C","E01018083",772,489,216,273,14,85,9,76,175,167,8,9
"2011","Fenland 005D","E01018084",904,714,414,300,0,51,3,48,127,114,13,12
"2011","Fenland 006A","E01018064",836,657,296,361,1,84,10,74,89,81,8,5
"2011","Fenland 006B","E01018072",669,460,198,262,2,123,32,91,74,59,15,10
"2011","Fenland 006C","E01018074",522,415,220,195,1,42,7,35,53,48,5,11
"2011","Fenland 006D","E01018075",525,272,137,135,0,175,18,157,73,69,4,5
"2011","Fenland 006E","E01018098",593,487,274,213,5,25,2,23,63,53,10,13
"2011","Fenland 006F","E01018099",524,459,231,228,3,7,0,7,53,46,7,2
"2011","Fenland 006G","E01018100",600,341,161,180,1,64,7,57,188,179,9,6
"2011","Fenland 006H","E01018101",592,420,215,205,1,22,4,18,146,139,7,3
"2011","Fenland 007A","E01018077",873,458,250,208,3,107,9,98,290,280,10,15
"2011","Fenland 007B","E01018078",805,374,209,165,3,292,56,236,116,106,10,20
"2011","Fenland 007C","E01018079",789,560,359,201,1,119,12,107,99,92,7,10
"2011","Fenland 007D","E01018080",977,745,341,404,5,55,5,50,167,159,8,5
"2011","Fenland 008A","E01018058",700,607,314,293,0,7,1,6,79,76,3,7
"2011","Fenland 008B","E01018059",550,454,215,239,0,22,3,19,58,44,14,16
"2011","Fenland 008C","E01018060",753,574,230,344,2,56,7,49,112,104,8,9
"2011","Fenland 008D","E01018061",506,389,157,232,2,42,15,27,59,54,5,14
"2011","Fenland 009A","E01018085",701,587,334,253,0,9,0,9,98,93,5,7
"2011","Fenland 009B","E01018086",723,499,272,227,5,76,15,61,129,112,17,14
"2011","Fenland 009C","E01018087",941,582,333,249,13,152,20,132,177,165,12,17
"2011","Fenland 009D","E01018088",703,594,353,241,2,27,1,26,67,66,1,13
"2011","Fenland 010A","E01018065",920,773,356,417,2,39,13,26,91,79,12,15
"2011","Fenland 010B","E01018076",866,704,312,392,2,49,9,40,93,84,9,18
"2011","Fenland 010C","E01018111",941,756,408,348,1,88,20,68,80,66,14,16
"2011","Fenland 011A","E01018062",1056,764,336,428,3,138,30,108,137,123,14,14
"2011","Fenland 011B","E01018102",1148,756,280,476,9,120,9,111,251,225,26,12
"2011","Fenland 011C","E01018105",544,363,153,210,2,79,8,71,94,87,7,6
"2011","Fenland 011D","E01018106",693,539,260,279,4,21,2,19,123,111,12,6
"2011","Fenland 011E","E01018110",1096,820,410,410,8,92,16,76,162,152,10,14
"2011","Huntingdonshire 001A","E01018212",679,483,222,261,2,122,37,85,67,57,10,5
"2011","Huntingdonshire 001B","E01018213",741,522,191,331,17,78,17,61,122,108,14,2
"2011","Huntingdonshire 001C","E01018214",798,514,164,350,18,188,67,121,71,64,7,7
"2011","Huntingdonshire 001D","E01018215",559,468,198,270,4,5,0,5,78,63,15,4
"2011","Huntingdonshire 001E","E01018216",934,750,257,493,1,65,11,54,108,101,7,10
"2011","Huntingdonshire 001F","E01018217",737,555,281,274,5,118,20,98,52,47,5,7
"2011","Huntingdonshire 002A","E01018127",633,483,254,229,0,40,6,34,104,95,9,6
"2011","Huntingdonshire 002B","E01018128",511,330,203,127,0,73,11,62,97,90,7,11
"2011","Huntingdonshire 002C","E01018200",637,514,253,261,1,52,18,34,56,46,10,14
"2011","Huntingdonshire 002D","E01018201",600,441,175,266,1,67,16,51,84,79,5,7
"2011","Huntingdonshire 003A","E01018156",678,541,264,277,0,46,14,32,73,64,9,18
"2011","Huntingdonshire 003B","E01018157",795,628,267,361,1,86,25,61,69,62,7,11
"2011","Huntingdonshire 003C","E01018158",844,400,179,221,3,143,27,116,280,257,23,18
"2011","Huntingdonshire 003D","E01018159",553,459,213,246,1,11,4,7,79,78,1,3
"2011","Huntingdonshire 003E","E01018160",689,371,181,190,1,240,62,178,65,51,14,12
"2011","Huntingdonshire 004A","E01018191",473,406,179,227,1,7,2,5,57,50,7,2
"2011","Huntingdonshire 004B","E01018192",556,447,206,241,1,37,6,31,62,55,7,9
"2011","Huntingdonshire 004C","E01018193",492,411,180,231,1,6,0,6,71,66,5,3
"2011","Huntingdonshire 004D","E01018194",581,424,187,237,2,45,11,34,101,89,12,9
"2011","Huntingdonshire 004E","E01018195",539,304,103,201,0,174,31,143,59,54,5,2
"2011","Huntingdonshire 005A","E01018208",674,471,205,266,4,107,24,83,83,74,9,9
"2011","Huntingdonshire 005B","E01018209",598,480,226,254,4,42,13,29,69,62,7,3
"2011","Huntingdonshire 005C","E01018210",592,412,162,250,1,115,12,103,59,53,6,5
"2011","Huntingdonshire 005D","E01018211",689,550,246,304,0,58,12,46,73,69,4,8
"2011","Huntingdonshire 006A","E01018196",510,425,226,199,0,33,8,25,45,37,8,7
"2011","Huntingdonshire 006B","E01018197",656,457,156,301,2,108,20,88,83,78,5,6
"2011","Huntingdonshire 006C","E01018198",674,547,246,301,1,31,6,25,92,86,6,3
"2011","Huntingdonshire 006D","E01018199",604,536,249,287,7,23,3,20,32,23,9,6
"2011","Huntingdonshire 006E","E01018206",714,327,89,238,14,69,14,55,292,158,134,12
"2011","Huntingdonshire 006F","E01018207",617,459,194,265,9,74,16,58,70,59,11,5
"2011","Huntingdonshire 007A","E01018121",513,465,213,252,0,11,1,10,33,28,5,4
"2011","Huntingdonshire 007B","E01018122",494,405,211,194,2,47,10,37,38,36,2,2
"2011","Huntingdonshire 007C","E01018123",641,532,222,310,3,37,9,28,63,54,9,6
"2011","Huntingdonshire 007D","E01018124",766,643,284,359,1,68,9,59,50,45,5,4
"2011","Huntingdonshire 008A","E01018143",692,295,107,188,7,322,91,231,56,47,9,12
"2011","Huntingdonshire 008B","E01018144",565,249,72,177,18,238,59,179,56,51,5,4
"2011","Huntingdonshire 008C","E01018145",481,234,75,159,3,175,50,125,62,56,6,7
"2011","Huntingdonshire 008D","E01018146",764,379,106,273,17,223,51,172,139,134,5,6
"2011","Huntingdonshire 008E","E01018147",579,277,72,205,1,218,64,154,80,75,5,3
"2011","Huntingdonshire 009A","E01018139",571,366,125,241,2,147,22,125,51,49,2,5
"2011","Huntingdonshire 009B","E01018140",507,428,200,228,4,22,3,19,49,45,4,4
"2011","Huntingdonshire 009C","E01018141",682,585,261,324,3,12,0,12,79,73,6,3
"2011","Huntingdonshire 009D","E01018142",626,467,279,188,4,97,38,59,51,45,6,7
"2011","Huntingdonshire 010B","E01018113",583,470,220,250,2,45,3,42,60,53,7,6
"2011","Huntingdonshire 010D","E01018116",492,317,188,129,0,10,0,10,151,31,120,14
"2011","Huntingdonshire 010E","E01018117",761,510,302,208,6,150,24,126,84,65,19,11
"2011","Huntingdonshire 010F","E01018118",787,599,225,374,2,25,2,23,152,133,19,9
"2011","Huntingdonshire 010G","E01033433",808,583,293,290,2,99,24,75,105,94,11,19
"2011","Huntingdonshire 011A","E01018161",578,473,189,284,8,18,1,17,77,67,10,2
"2011","Huntingdonshire 011B","E01018162",619,493,191,302,21,39,5,34,65,61,4,1
"2011","Huntingdonshire 011C","E01018163",597,334,58,276,3,113,17,96,145,137,8,2
"2011","Huntingdonshire 011D","E01018164",534,397,161,236,3,23,2,21,110,101,9,1
"2011","Huntingdonshire 011E","E01018165",557,405,144,261,5,46,10,36,98,92,6,3
"2011","Huntingdonshire 011F","E01018170",601,466,262,204,5,57,15,42,68,58,10,5
"2011","Huntingdonshire 011G","E01018171",586,503,243,260,1,26,4,22,53,51,2,3
"2011","Huntingdonshire 012A","E01018138",924,492,205,287,15,177,32,145,229,211,18,11
"2011","Huntingdonshire 012B","E01018148",896,584,154,430,36,96,1,95,175,172,3,5
"2011","Huntingdonshire 012C","E01018149",539,432,129,303,3,11,1,10,93,82,11,0
"2011","Huntingdonshire 012D","E01018150",665,377,104,273,16,141,4,137,129,118,11,2
"2011","Huntingdonshire 012E","E01018151",905,388,205,183,8,95,6,89,404,346,58,10
"2011","Huntingdonshire 013A","E01018166",652,510,301,209,3,47,12,35,83,80,3,9
"2011","Huntingdonshire 013B","E01018167",584,521,285,236,1,9,0,9,47,39,8,6
"2011","Huntingdonshire 013C","E01018168",1081,460,234,226,5,257,26,231,343,321,22,16
"2011","Huntingdonshire 013D","E01018169",621,425,240,185,1,114,25,89,76,70,6,5
"2011","Huntingdonshire 014A","E01018131",634,402,167,235,2,168,36,132,54,50,4,8
"2011","Huntingdonshire 014B","E01018132",809,487,279,208,3,105,20,85,194,183,11,20
"2011","Huntingdonshire 014C","E01018133",662,473,177,296,9,124,5,119,51,47,4,5
"2011","Huntingdonshire 014D","E01018134",774,564,195,369,14,70,7,63,123,116,7,3
"2011","Huntingdonshire 015A","E01018125",605,476,219,257,0,65,15,50,53,46,7,11
"2011","Huntingdonshire 015B","E01018126",631,464,220,244,0,47,11,36,105,96,9,15
"2011","Huntingdonshire 015C","E01018152",598,470,222,248,1,37,7,30,82,72,10,8
"2011","Huntingdonshire 015D","E01018153",757,563,301,262,1,66,11,55,109,98,11,18
"2011","Huntingdonshire 016A","E01018129",649,461,226,235,2,78,17,61,101,93,8,7
"2011","Huntingdonshire 016B","E01018130",698,577,275,302,5,45,4,41,66,60,6,5
"2011","Huntingdonshire 016C","E01018202",639,544,354,190,1,26,4,22,60,53,7,8
"2011","Huntingdonshire 016D","E01018203",621,475,254,221,0,63,4,59,78,75,3,5
"2011","Huntingdonshire 016E","E01018204",541,468,258,210,2,32,8,24,34,30,4,5
"2011","Huntingdonshire 016F","E01018205",826,667,419,248,2,28,7,21,123,115,8,6
"2011","Huntingdonshire 017A","E01018115",567,484,236,248,0,16,1,15,62,59,3,5
"2011","Huntingdonshire 017B","E01018119",638,487,260,227,5,48,10,38,92,82,10,6
"2011","Huntingdonshire 017C","E01018120",757,564,294,270,2,105,12,93,84,77,7,2
"2011","Huntingdonshire 017D","E01018137",695,552,246,306,5,61,9,52,73,66,7,4
"2011","Huntingdonshire 018A","E01018135",1151,698,246,452,69,284,41,243,91,84,7,9
"2011","Huntingdonshire 018B","E01018136",690,565,310,255,2,43,2,41,64,55,9,16
"2011","Huntingdonshire 018C","E01018154",720,587,294,293,0,58,14,44,68,58,10,7
"2011","Huntingdonshire 018D","E01018155",641,545,274,271,2,9,0,9,78,72,6,7
"2011","Huntingdonshire 019A","E01018187",1022,454,251,203,4,205,24,181,330,310,20,29
"2011","Huntingdonshire 019B","E01018188",634,446,200,246,0,116,26,90,68,66,2,4
"2011","Huntingdonshire 019C","E01018189",502,469,222,247,0,7,1,6,25,21,4,1
"2011","Huntingdonshire 019D","E01018190",627,449,217,232,2,104,36,68,64,54,10,8
"2011","Huntingdonshire 020A","E01018172",625,496,273,223,0,57,2,55,68,56,12,4
"2011","Huntingdonshire 020B","E01018173",509,369,126,243,1,11,0,11,125,114,11,3
"2011","Huntingdonshire 020C","E01018174",689,540,241,299,0,41,8,33,106,99,7,2
"2011","Huntingdonshire 020D","E01018175",549,478,211,267,0,10,0,10,57,52,5,4
"2011","Huntingdonshire 020E","E01018176",484,462,246,216,0,2,0,2,18,14,4,2
"2011","Huntingdonshire 021A","E01018181",1167,834,218,616,5,99,9,90,226,212,14,3
"2011","Huntingdonshire 021B","E01018182",583,439,131,308,3,58,14,44,78,73,5,5
"2011","Huntingdonshire 021C","E01018183",618,331,132,199,2,208,58,150,74,67,7,3
"2011","Huntingdonshire 021D","E01018184",508,274,107,167,1,175,49,126,54,45,9,4
"2011","Huntingdonshire 021E","E01018185",724,512,255,257,20,89,22,67,95,85,10,8
"2011","Huntingdonshire 021F","E01018186",734,483,221,262,21,150,52,98,71,62,9,9
"2011","Huntingdonshire 022A","E01018177",647,539,287,252,1,43,15,28,61,53,8,3
"2011","Huntingdonshire 022B","E01018178",629,498,240,258,1,67,6,61,55,52,3,8
"2011","Huntingdonshire 022C","E01018179",598,332,87,245,5,175,42,133,83,69,14,3
"2011","Huntingdonshire 022D","E01018180",573,241,64,177,2,266,68,198,60,50,10,4
"2011","South Cambridgeshire 001A","E01018304",781,490,187,303,22,177,131,46,82,73,9,10
"2011","South Cambridgeshire 001B","E01018305",539,431,203,228,9,62,53,9,29,22,7,8
"2011","South Cambridgeshire 001C","E01018306",583,504,239,265,6,22,6,16,46,45,1,5
"2011","South Cambridgeshire 001D","E01018307",847,702,332,370,9,63,37,26,66,60,6,7
"2011","South Cambridgeshire 002A","E01018233",658,534,289,245,1,26,23,3,87,78,9,10
"2011","South Cambridgeshire 002B","E01018234",655,535,274,261,4,8,5,3,102,92,10,6
"2011","South Cambridgeshire 002C","E01018235",702,505,222,283,24,96,81,15,72,67,5,5
"2011","South Cambridgeshire 002D","E01018236",643,404,197,207,12,186,150,36,35,33,2,6
"2011","South Cambridgeshire 003A","E01018237",624,461,239,222,4,83,63,20,68,60,8,8
"2011","South Cambridgeshire 003B","E01018266",1095,817,304,513,14,94,68,26,152,144,8,18
"2011","South Cambridgeshire 003C","E01018284",522,422,209,213,5,17,10,7,69,66,3,9
"2011","South Cambridgeshire 003D","E01018285",474,339,116,223,13,66,47,19,50,45,5,6
"2011","South Cambridgeshire 004A","E01018298",493,182,76,106,7,62,10,52,237,48,189,5
"2011","South Cambridgeshire 004B","E01018299",731,490,233,257,6,139,122,17,81,67,14,15
"2011","South Cambridgeshire 004C","E01018300",501,323,180,143,8,90,72,18,64,57,7,16
"2011","South Cambridgeshire 004D","E01018301",565,423,230,193,1,41,33,8,90,59,31,10
"2011","South Cambridgeshire 005A","E01018221",749,588,236,352,7,19,4,15,128,123,5,7
"2011","South Cambridgeshire 005B","E01018222",591,533,283,250,3,6,1,5,43,40,3,6
"2011","South Cambridgeshire 005C","E01018223",799,586,285,301,10,88,46,42,101,92,9,14
"2011","South Cambridgeshire 006A","E01018257",585,325,159,166,11,210,154,56,27,24,3,12
"2011","South Cambridgeshire 006B","E01018258",683,531,293,238,5,87,80,7,54,50,4,6
"2011","South Cambridgeshire 006C","E01018259",534,406,223,183,1,50,26,24,72,68,4,5
"2011","South Cambridgeshire 006D","E01018260",772,590,338,252,12,65,44,21,101,91,10,4
"2011","South Cambridgeshire 006F","E01018262",549,480,264,216,2,15,10,5,47,42,5,5
"2011","South Cambridgeshire 006G","E01033120",530,209,75,134,23,204,15,189,91,82,9,3
"2011","South Cambridgeshire 006H","E01033121",558,118,15,103,119,185,32,153,131,125,6,5
"2011","South Cambridgeshire 007A","E01018272",503,445,210,235,1,5,4,1,49,44,5,3
"2011","South Cambridgeshire 007B","E01018273",683,444,273,171,4,86,55,31,137,127,10,12
"2011","South Cambridgeshire 007C","E01018274",703,414,139,275,6,27,18,9,249,234,15,7
"2011","South Cambridgeshire 007D","E01018297",737,450,235,215,25,122,89,33,131,115,16,9
"2011","South Cambridgeshire 009A","E01018224",591,399,235,164,19,96,46,50,64,52,12,13
"2011","South Cambridgeshire 009B","E01018225",494,307,200,107,17,97,81,16,60,53,7,13
"2011","South Cambridgeshire 009C","E01018248",712,528,273,255,34,43,5,38,94,77,17,13
"2011","South Cambridgeshire 009D","E01018249",453,339,214,125,3,62,14,48,47,41,6,2
"2011","South Cambridgeshire 009E","E01018250",522,344,186,158,17,107,92,15,46,40,6,8
"2011","South Cambridgeshire 010A","E01018231",972,772,361,411,16,69,35,34,94,84,10,21
"2011","South Cambridgeshire 010B","E01018232",948,738,425,313,21,99,73,26,77,71,6,13
"2011","South Cambridgeshire 010C","E01018251",484,410,162,248,3,21,14,7,46,44,2,4
"2011","South Cambridgeshire 010D","E01018252",533,409,180,229,18,60,31,29,40,32,8,6
"2011","South Cambridgeshire 010E","E01018255",458,357,196,161,13,57,40,17,26,25,1,5
"2011","South Cambridgeshire 011A","E01018242",564,364,220,144,19,131,95,36,41,37,4,9
"2011","South Cambridgeshire 011B","E01018243",659,380,188,192,9,101,9,92,167,163,4,2
"2011","South Cambridgeshire 011C","E01018244",662,520,331,189,16,35,25,10,78,68,10,13
"2011","South Cambridgeshire 011D","E01018286",667,366,168,198,11,164,130,34,122,116,6,4
"2011","South Cambridgeshire 011E","E01018287",586,298,118,180,7,31,25,6,246,239,7,4
"2011","South Cambridgeshire 011F","E01018296",464,318,183,135,4,73,62,11,57,49,8,12
"2011","South Cambridgeshire 012A","E01018292",556,452,248,204,2,23,16,7,71,66,5,8
"2011","South Cambridgeshire 012B","E01018293",628,538,347,191,0,10,6,4,71,65,6,9
"2011","South Cambridgeshire 012C","E01018294",844,410,245,165,27,264,223,41,134,129,5,9
"2011","South Cambridgeshire 012D","E01018295",645,505,319,186,15,73,55,18,46,42,4,6
"2011","South Cambridgeshire 013A","E01018245",694,580,315,265,1,30,15,15,75,64,11,8
"2011","South Cambridgeshire 013B","E01018246",714,481,225,256,11,148,133,15,63,54,9,11
"2011","South Cambridgeshire 013C","E01018247",637,432,214,218,4,103,66,37,75,65,10,23
"2011","South Cambridgeshire 013D","E01018275",974,724,400,324,17,147,114,33,66,58,8,20
"2011","South Cambridgeshire 014A","E01018240",483,387,227,160,3,63,55,8,27,25,2,3
"2011","South Cambridgeshire 014B","E01018253",428,363,204,159,0,14,14,0,48,46,2,3
"2011","South Cambridgeshire 014C","E01018254",563,386,208,178,14,113,103,10,42,35,7,8
"2011","South Cambridgeshire 014D","E01018256",626,497,305,192,9,46,43,3,62,57,5,12
"2011","South Cambridgeshire 014E","E01018291",492,353,213,140,2,71,61,10,57,52,5,9
"2011","South Cambridgeshire 015A","E01018279",673,419,229,190,15,197,142,55,33,29,4,9
"2011","South Cambridgeshire 015B","E01018280",611,425,243,182,20,92,74,18,64,57,7,10
"2011","South Cambridgeshire 015C","E01018281",692,343,178,165,43,248,176,72,48,42,6,10
"2011","South Cambridgeshire 015D","E01018282",522,409,182,227,3,55,36,19,52,49,3,3
"2011","South Cambridgeshire 015E","E01018283",494,433,198,235,3,14,5,9,42,35,7,2
"2011","South Cambridgeshire 016A","E01018218",718,572,325,247,3,58,58,0,63,51,12,22
"2011","South Cambridgeshire 016B","E01018219",563,364,189,175,18,124,89,35,45,37,8,12
"2011","South Cambridgeshire 016C","E01018220",596,430,212,218,4,88,72,16,61,56,5,13
"2011","South Cambridgeshire 016D","E01018263",598,470,224,246,2,47,44,3,67,62,5,12
"2011","South Cambridgeshire 016E","E01018264",653,336,164,172,22,249,201,48,35,33,2,11
"2011","South Cambridgeshire 016F","E01018265",703,607,294,313,1,16,12,4,71,64,7,8
"2011","South Cambridgeshire 017A","E01018238",578,382,194,188,4,123,92,31,65,59,6,4
"2011","South Cambridgeshire 017B","E01018239",546,400,213,187,7,87,56,31,46,38,8,6
"2011","South Cambridgeshire 017C","E01018288",494,365,193,172,3,86,61,25,29,27,2,11
"2011","South Cambridgeshire 017D","E01018289",472,291,147,144,4,56,32,24,108,82,26,13
"2011","South Cambridgeshire 017E","E01018302",614,456,173,283,2,61,52,9,85,76,9,10
"2011","South Cambridgeshire 017F","E01018303",511,354,195,159,7,104,65,39,36,33,3,10
"2011","South Cambridgeshire 018A","E01018241",485,392,203,189,4,50,41,9,33,29,4,6
"2011","South Cambridgeshire 018B","E01018267",1003,791,440,351,7,109,53,56,86,81,5,10
"2011","South Cambridgeshire 018C","E01018268",733,547,268,279,9,105,37,68,60,57,3,12
"2011","South Cambridgeshire 018D","E01018269",597,344,138,206,19,182,173,9,43,38,5,9
"2011","South Cambridgeshire 018E","E01018270",445,331,187,144,4,77,49,28,28,22,6,5
"2011","South Cambridgeshire 018F","E01018271",566,350,172,178,22,136,111,25,50,30,20,8
"2011","South Cambridgeshire 019A","E01018226",474,272,124,148,1,29,24,5,164,60,104,8
"2011","South Cambridgeshire 019B","E01018227",747,479,205,274,18,182,139,43,58,54,4,10
"2011","South Cambridgeshire 019C","E01018228",663,529,256,273,4,76,69,7,42,36,6,12
"2011","South Cambridgeshire 019D","E01018290",987,750,395,355,15,122,95,27,80,68,12,20
"2011","South Cambridgeshire 020A","E01033113",452,238,86,152,37,119,6,113,53,50,3,5
"2011","South Cambridgeshire 020B","E01033114",561,329,71,258,32,87,7,80,109,105,4,4
"2011","South Cambridgeshire 020C","E01033115",467,283,53,230,36,61,1,60,86,84,2,1
"2011","South Cambridgeshire 020D","E01033117",468,253,45,208,60,72,7,65,79,76,3,4
"2011","South Cambridgeshire 020E","E01033119",660,454,73,381,31,90,1,89,81,74,7,4
"2011","South Cambridgeshire 021A","E01018276",583,289,68,221,7,208,33,175,73,61,12,6
"2011","South Cambridgeshire 021B","E01018277",709,533,270,263,4,88,57,31,70,61,9,14
"2011","South Cambridgeshire 021C","E01018278",664,428,132,296,39,136,15,121,48,39,9,13
"2011","South Cambridgeshire 021D","E01033116",641,424,194,230,28,104,73,31,71,65,6,14
"2011","South Cambridgeshire 021E","E01033118",575,419,158,261,14,56,36,20,77,71,6,9
"2011","Basildon 001A","E01021237",518,494,276,218,1,3,2,1,15,12,3,5
"2011","Basildon 001B","E01021238",520,484,230,254,1,6,4,2,25,24,1,4
"2011","Basildon 001C","E01021242",482,453,219,234,1,2,1,1,24,22,2,2
"2011","Basildon 001D","E01021250",632,583,291,292,1,6,3,3,39,37,2,3
"2011","Basildon 001E","E01021251",603,564,269,295,0,2,2,0,33,28,5,4
"2011","Basildon 002A","E01021245",638,307,116,191,2,268,174,94,53,50,3,8
"2011","Basildon 002B","E01021246",652,582,305,277,0,12,5,7,52,46,6,6
"2011","Basildon 002C","E01021248",620,513,221,292,1,10,2,8,92,87,5,4
"2011","Basildon 002D","E01021249",622,567,287,280,0,8,5,3,45,41,4,2
"2011","Basildon 002E","E01021252",637,536,229,307,0,13,8,5,85,79,6,3
"2011","Basildon 003A","E01021239",522,494,265,229,0,10,4,6,17,16,1,1
"2011","Basildon 003B","E01021240",787,508,227,281,1,135,9,126,136,129,7,7
"2011","Basildon 003C","E01021241",650,442,178,264,3,148,130,18,51,46,5,6
"2011","Basildon 003D","E01021243",668,610,264,346,0,7,4,3,47,44,3,4
"2011","Basildon 003E","E01021247",657,526,303,223,0,65,53,12,63,61,2,3
"2011","Basildon 004A","E01021244",633,549,331,218,2,4,4,0,66,53,13,12
"2011","Basildon 004B","E01021253",675,630,365,265,0,4,4,0,36,29,7,5
"2011","Basildon 004C","E01021255",632,549,346,203,0,47,32,15,27,24,3,9
"2011","Basildon 004D","E01021256",608,579,342,237,0,9,8,1,18,17,1,2
"2011","Basildon 004E","E01021258",785,538,281,257,1,188,171,17,47,43,4,11
"2011","Basildon 005A","E01021334",690,566,323,243,0,43,29,14,79,70,9,2
"2011","Basildon 005B","E01021336",740,576,303,273,1,64,53,11,94,92,2,5
"2011","Basildon 005C","E01021338",615,440,203,237,9,112,104,8,50,46,4,4
"2011","Basildon 005D","E01021339",649,354,163,191,0,224,201,23,66,60,6,5
"2011","Basildon 006A","E01021264",519,483,239,244,3,21,19,2,10,10,0,2
"2011","Basildon 006B","E01021329",691,493,273,220,2,105,82,23,81,76,5,10
"2011","Basildon 006C","E01021330",656,590,326,264,6,5,3,2,53,51,2,2
"2011","Basildon 006D","E01021332",608,577,334,243,1,4,3,1,21,19,2,5
"2011","Basildon 006E","E01021333",637,605,341,264,1,3,3,0,24,20,4,4
"2011","Basildon 007A","E01021335",515,470,163,307,1,19,3,16,24,21,3,1
"2011","Basildon 007B","E01021337",615,575,328,247,1,2,2,0,34,28,6,3
"2011","Basildon 007C","E01021340",659,576,270,306,4,10,3,7,67,61,6,2
"2011","Basildon 007D","E01021341",653,599,289,310,2,5,2,3,45,43,2,2
"2011","Basildon 007E","E01021345",764,681,143,538,0,7,3,4,74,68,6,2
"2011","Basildon 008A","E01021331",639,516,219,297,5,28,24,4,86,80,6,4
"2011","Basildon 008B","E01021342",714,419,160,259,3,221,149,72,66,62,4,5
"2011","Basildon 008C","E01021343",746,479,110,369,39,98,3,95,129,122,7,1
"2011","Basildon 008D","E01021344",859,687,198,489,8,38,3,35,121,110,11,5
"2011","Basildon 008E","E01021346",856,706,252,454,2,12,5,7,129,119,10,7
"2011","Basildon 009A","E01021254",550,504,281,223,0,8,4,4,37,33,4,1
"2011","Basildon 009B","E01021257",615,568,317,251,0,7,1,6,38,35,3,2
"2011","Basildon 009C","E01021259",636,532,240,292,0,44,39,5,55,48,7,5
"2011","Basildon 009D","E01021260",803,724,395,329,5,3,2,1,66,56,10,5
"2011","Basildon 010A","E01021261",687,519,206,313,4,66,40,26,91,84,7,7
"2011","Basildon 010B","E01021262",747,435,148,287,9,196,141,55,102,98,4,5
"2011","Basildon 010C","E01021263",789,539,172,367,3,100,12,88,139,129,10,8
"2011","Basildon 010D","E01021274",806,472,194,278,15,195,84,111,117,102,15,7
"2011","Basildon 010E","E01021279",662,307,118,189,4,289,138,151,56,55,1,6
"2011","Basildon 011A","E01021301",618,263,77,186,11,260,239,21,71,66,5,13
"2011","Basildon 011B","E01021303",592,311,82,229,34,172,143,29,73,71,2,2
"2011","Basildon 011C","E01021307",586,285,81,204,58,138,76,62,103,97,6,2
"2011","Basildon 011D","E01021308",489,332,66,266,83,10,5,5,64,60,4,0
"2011","Basildon 011E","E01021309",610,373,111,262,57,36,20,16,137,120,17,7
"2011","Basildon 011F","E01021312",559,485,230,255,2,8,4,4,55,52,3,9
"2011","Basildon 012A","E01021265",630,409,178,231,1,168,127,41,47,44,3,5
"2011","Basildon 012B","E01021267",766,429,188,241,0,256,167,89,63,54,9,18
"2011","Basildon 012C","E01021269",653,437,164,273,3,160,136,24,44,39,5,9
"2011","Basildon 012D","E01021270",625,361,123,238,3,181,145,36,71,64,7,9
"2011","Basildon 012E","E01021272",650,390,150,240,4,173,130,43,78,76,2,5
"2011","Basildon 013A","E01021271",685,226,55,171,4,349,278,71,94,89,5,12
"2011","Basildon 013B","E01021302",623,151,33,118,7,395,329,66,62,59,3,8
"2011","Basildon 013C","E01021304",612,239,74,165,1,309,247,62,58,54,4,5
"2011","Basildon 013D","E01021305",613,295,129,166,1,247,192,55,67,63,4,3
"2011","Basildon 013E","E01021306",609,309,102,207,4,225,182,43,63,59,4,8
"2011","Basildon 014A","E01021273",763,382,174,208,6,304,227,77,65,59,6,6
"2011","Basildon 014B","E01021275",676,543,293,250,0,94,31,63,34,32,2,5
"2011","Basildon 014C","E01021276",690,347,147,200,18,232,194,38,86,82,4,7
"2011","Basildon 014D","E01021277",664,449,240,209,11,137,108,29,66,58,8,1
"2011","Basildon 014E","E01021278",790,317,81,236,12,384,304,80,68,58,10,9
"2011","Basildon 015A","E01021266",735,465,214,251,1,192,161,31,61,52,9,16
"2011","Basildon 015B","E01021268",651,236,106,130,25,339,215,124,36,35,1,15
"2011","Basildon 015C","E01021318",925,392,192,200,17,335,211,124,173,160,13,8
"2011","Basildon 015D","E01021320",652,340,124,216,2,215,174,41,85,84,1,10
"2011","Basildon 015E","E01021321",697,399,154,245,0,230,175,55,65,60,5,3
"2011","Basildon 016A","E01021286",706,327,85,242,1,241,170,71,128,121,7,9
"2011","Basildon 016B","E01021288",606,112,41,71,0,442,154,288,49,48,1,3
"2011","Basildon 016C","E01021289",707,306,114,192,16,312,88,224,58,49,9,15
"2011","Basildon 016D","E01021290",669,110,36,74,2,508,96,412,46,37,9,3
"2011","Basildon 016E","E01021291",784,382,170,212,2,257,206,51,132,123,9,11
"2011","Basildon 017A","E01021287",613,453,182,271,8,103,81,22,45,43,2,4
"2011","Basildon 017B","E01021292",632,399,195,204,1,173,131,42,55,51,4,4
"2011","Basildon 017C","E01021293",736,434,186,248,4,201,162,39,87,79,8,10
"2011","Basildon 017D","E01021298",656,442,206,236,3,137,119,18,67,64,3,7
"2011","Basildon 017E","E01021319",717,366,154,212,2,248,194,54,94,86,8,7
"2011","Basildon 018A","E01021313",588,513,261,252,2,25,22,3,43,41,2,5
"2011","Basildon 018B","E01021314",572,234,69,165,8,278,178,100,46,43,3,6
"2011","Basildon 018C","E01021315",679,289,113,176,2,335,206,129,51,43,8,2
"2011","Basildon 018D","E01021316",702,274,123,151,1,355,283,72,61,58,3,11
"2011","Basildon 018E","E01021317",668,333,117,216,1,254,204,50,75,70,5,5
"2011","Basildon 019A","E01021322",627,310,119,191,4,220,173,47,90,77,13,3
"2011","Basildon 019B","E01021323",673,209,76,133,21,380,118,262,56,50,6,7
"2011","Basildon 019C","E01021324",667,209,77,132,11,409,72,337,28,25,3,10
"2011","Basildon 019D","E01021325",642,201,63,138,3,345,103,242,84,79,5,9
"2011","Basildon 019E","E01021327",741,269,101,168,17,377,107,270,71,66,5,7
"2011","Basildon 020A","E01021294",645,499,238,261,1,94,79,15,47,39,8,4
"2011","Basildon 020B","E01021295",705,434,183,251,3,180,143,37,78,61,17,10
"2011","Basildon 020C","E01021296",772,450,198,252,3,208,166,42,100,85,15,11
"2011","Basildon 020D","E01021297",693,371,158,213,29,185,133,52,102,74,28,6
"2011","Basildon 020E","E01021299",600,558,324,234,1,17,11,6,21,16,5,3
"2011","Basildon 021A","E01021280",627,485,131,354,8,42,8,34,88,83,5,4
"2011","Basildon 021B","E01021281",598,493,244,249,10,22,9,13,71,68,3,2
"2011","Basildon 021C","E01021282",619,534,309,225,27,23,12,11,29,22,7,6
"2011","Basildon 021D","E01021283",647,352,117,235,2,235,202,33,55,51,4,3
"2011","Basildon 021E","E01021284",579,503,146,357,6,13,7,6,55,50,5,2
"2011","Basildon 021F","E01021285",532,456,145,311,1,16,10,6,56,54,2,3
"2011","Basildon 022A","E01021300",852,442,139,303,5,289,219,70,109,105,4,7
"2011","Basildon 022B","E01021310",700,441,194,247,3,34,15,19,214,203,11,8
"2011","Basildon 022C","E01021311",613,307,124,183,1,234,173,61,68,65,3,3
"2011","Basildon 022D","E01021326",720,423,133,290,0,193,135,58,101,97,4,3
"2011","Basildon 022E","E01021328",635,387,145,242,4,166,120,46,74,66,8,4
"2011","Braintree 001A","E01021375",473,354,172,182,0,67,15,52,47,43,4,5
"2011","Braintree 001B","E01021376",556,469,218,251,2,37,11,26,41,34,7,7
"2011","Braintree 001C","E01021414",884,688,352,336,2,102,24,78,76,70,6,16
"2011","Braintree 001D","E01021430",836,603,261,342,3,145,37,108,73,64,9,12
"2011","Braintree 002A","E01021398",627,479,269,210,2,65,12,53,66,61,5,15
"2011","Braintree 002B","E01021406",952,702,399,303,8,82,21,61,150,130,20,10
"2011","Braintree 002C","E01021407",921,732,434,298,4,79,11,68,85,69,16,21
"2011","Braintree 003A","E01021382",524,399,220,179,11,32,7,25,72,69,3,10
"2011","Braintree 003B","E01021397",742,523,243,280,2,27,2,25,181,171,10,9
"2011","Braintree 003C","E01021399",675,471,240,231,3,150,37,113,43,39,4,8
"2011","Braintree 003D","E01021400",747,539,266,273,1,111,33,78,86,81,5,10
"2011","Braintree 004A","E01021387",1015,574,259,315,13,161,50,111,252,242,10,15
"2011","Braintree 004B","E01021388",720,447,201,246,3,163,46,117,103,97,6,4
"2011","Braintree 004C","E01021391",692,296,129,167,3,336,92,244,51,43,8,6
"2011","Braintree 004D","E01021392",754,507,215,292,2,127,30,97,116,105,11,2
"2011","Braintree 004E","E01021393",650,451,194,257,2,123,42,81,68,62,6,6
"2011","Braintree 005A","E01021404",892,689,378,311,4,102,15,87,83,74,9,14
"2011","Braintree 005B","E01021411",536,371,183,188,3,86,20,66,62,54,8,14
"2011","Braintree 005C","E01021412",595,365,169,196,6,72,11,61,133,67,66,19
"2011","Braintree 005D","E01021413",525,411,208,203,0,48,4,44,55,50,5,11
"2011","Braintree 006A","E01021389",719,591,268,323,1,65,13,52,59,52,7,3
"2011","Braintree 006B","E01021390",664,553,280,273,2,26,5,21,72,66,6,11
"2011","Braintree 006C","E01021408",699,584,332,252,0,42,10,32,63,57,6,10
"2011","Braintree 006D","E01021409",720,577,242,335,3,41,6,35,83,76,7,16
"2011","Braintree 006E","E01021410",719,395,178,217,2,207,58,149,106,99,7,9
"2011","Braintree 007A","E01021349",491,422,121,301,0,14,2,12,53,51,2,2
"2011","Braintree 007B","E01021351",559,508,133,375,1,4,1,3,46,43,3,0
"2011","Braintree 007C","E01021352",589,505,206,299,3,17,2,15,60,53,7,4
"2011","Braintree 007D","E01021355",825,559,241,318,1,128,24,104,127,114,13,10
"2011","Braintree 007E","E01021356",545,431,234,197,0,72,17,55,35,33,2,7
"2011","Braintree 007F","E01021381",513,453,289,164,1,31,11,20,21,18,3,7
"2011","Braintree 008A","E01021354",548,260,111,149,1,241,79,162,43,41,2,3
"2011","Braintree 008B","E01021357",636,412,184,228,2,141,42,99,74,69,5,7
"2011","Braintree 008C","E01021358",919,397,163,234,27,342,88,254,144,129,15,9
"2011","Braintree 008D","E01021359",866,411,175,236,6,378,98,280,62,47,15,9
"2011","Braintree 009A","E01021350",712,580,292,288,1,35,3,32,93,84,9,3
"2011","Braintree 009B","E01021353",807,538,231,307,2,120,5,115,132,125,7,15
"2011","Braintree 009D","E01021365",1133,554,248,306,13,222,47,175,338,316,22,6
"2011","Braintree 009E","E01033458",691,222,66,156,5,87,23,64,373,357,16,4
"2011","Braintree 009F","E01033459",876,481,229,252,12,48,8,40,322,303,19,13
"2011","Braintree 010A","E01021364",677,552,223,329,19,20,1,19,80,73,7,6
"2011","Braintree 010B","E01021366",597,542,288,254,2,8,2,6,44,42,2,1
"2011","Braintree 010C","E01021383",712,590,209,381,1,58,2,56,60,50,10,3
"2011","Braintree 010D","E01021405",898,727,338,389,3,70,16,54,90,82,8,8
"2011","Braintree 011A","E01021368",682,433,185,248,4,124,37,87,116,106,10,5
"2011","Braintree 011B","E01021370",717,286,89,197,1,327,95,232,94,89,5,9
"2011","Braintree 011C","E01021372",769,569,206,363,2,75,18,57,117,101,16,6
"2011","Braintree 011D","E01021373",1041,709,265,444,2,131,25,106,192,179,13,7
"2011","Braintree 011E","E01021374",600,306,108,198,1,247,68,179,41,34,7,5
"2011","Braintree 012A","E01021360",781,421,174,247,6,303,86,217,42,37,5,9
"2011","Braintree 012B","E01021361",647,492,193,299,9,72,14,58,67,63,4,7
"2011","Braintree 012C","E01021367",572,280,118,162,18,230,34,196,37,36,1,7
"2011","Braintree 012D","E01021369",1078,688,185,503,8,210,38,172,165,157,8,7
"2011","Braintree 012E","E01021380",963,675,341,334,4,184,48,136,84,74,10,16
"2011","Braintree 013A","E01021347",918,750,288,462,1,74,15,59,86,79,7,7
"2011","Braintree 013B","E01021371",698,560,245,315,1,49,8,41,84,77,7,4
"2011","Braintree 013C","E01021384",845,720,251,469,3,26,0,26,95,89,6,1
"2011","Braintree 013D","E01021385",515,374,98,276,8,62,1,61,70,65,5,1
"2011","Braintree 013E","E01021386",564,505,199,306,12,16,1,15,28,25,3,3
"2011","Braintree 014A","E01021377",729,529,267,262,5,82,19,63,100,91,9,13
"2011","Braintree 014B","E01021378",792,448,232,216,1,229,58,171,103,95,8,11
"2011","Braintree 014C","E01021379",707,602,288,314,2,34,6,28,58,53,5,11
"2011","Braintree 014D","E01021401",661,378,208,170,0,194,51,143,79,63,16,10
"2011","Braintree 014E","E01021402",824,615,254,361,0,76,21,55,126,119,7,7
"2011","Braintree 014F","E01021403",626,544,258,286,0,14,1,13,65,57,8,3
"2011","Braintree 015A","E01021362",577,467,208,259,2,59,13,46,41,32,9,8
"2011","Braintree 015B","E01021417",657,396,178,218,3,170,42,128,83,78,5,5
"2011","Braintree 015C","E01021418",549,300,87,213,2,182,55,127,63,51,12,2
"2011","Braintree 015D","E01021419",712,497,207,290,2,158,48,110,50,43,7,5
"2011","Braintree 015E","E01021426",588,364,152,212,16,163,20,143,40,32,8,5
"2011","Braintree 015F","E01021428",623,569,337,232,2,16,1,15,33,25,8,3
"2011","Braintree 016A","E01021423",596,323,104,219,2,188,53,135,78,66,12,5
"2011","Braintree 016B","E01021425",596,341,90,251,0,201,54,147,50,44,6,4
"2011","Braintree 016C","E01021427",538,280,65,215,0,198,48,150,56,45,11,4
"2011","Braintree 016D","E01021429",528,333,112,221,0,145,21,124,47,43,4,3
"2011","Braintree 017A","E01021415",743,405,242,163,5,219,48,171,102,95,7,12
"2011","Braintree 017B","E01021416",769,521,279,242,1,42,7,35,194,187,7,11
"2011","Braintree 017C","E01021420",730,481,183,298,2,130,38,92,111,103,8,6
"2011","Braintree 017E","E01021422",787,442,215,227,1,252,88,164,86,77,9,6
"2011","Braintree 017F","E01033460",567,368,133,235,1,84,15,69,112,108,4,2
"2011","Braintree 017G","E01033461",580,396,52,344,12,57,4,53,114,105,9,1
"2011","Braintree 017H","E01033462",479,278,98,180,21,56,4,52,119,114,5,5
"2011","Braintree 018A","E01021348",640,385,203,182,2,79,16,63,152,141,11,22
"2011","Braintree 018B","E01021394",664,410,188,222,2,168,41,127,76,71,5,8
"2011","Braintree 018C","E01021395",614,486,282,204,0,97,17,80,26,21,5,5
"2011","Braintree 018D","E01021396",535,420,236,184,5,20,3,17,74,65,9,16
"2011","Braintree 018E","E01021424",811,612,215,397,11,80,15,65,104,92,12,4
"2011","Brentwood 001A","E01021441",573,463,242,221,5,74,22,52,21,18,3,10
"2011","Brentwood 001B","E01021442",514,497,265,232,0,3,3,0,10,9,1,4
"2011","Brentwood 001C","E01021443",541,437,227,210,2,41,31,10,48,34,14,13
"2011","Brentwood 001D","E01021444",633,510,271,239,1,82,70,12,37,34,3,3
"2011","Brentwood 001E","E01021469",462,392,224,168,4,35,34,1,21,19,2,10
"2011","Brentwood 001F","E01021470",406,316,168,148,4,69,25,44,12,11,1,5
"2011","Brentwood 001G","E01021471",613,566,313,253,0,28,23,5,16,14,2,3
"2011","Brentwood 002A","E01021457",611,408,228,180,5,137,123,14,50,42,8,11
"2011","Brentwood 002B","E01021458",777,568,359,209,2,54,41,13,135,124,11,18
"2011","Brentwood 002C","E01021459",525,491,311,180,0,6,2,4,22,22,0,6
"2011","Brentwood 002D","E01021460",675,495,269,226,0,91,86,5,72,60,12,17
"2011","Brentwood 003A","E01021448",640,380,188,192,1,207,201,6,40,37,3,12
"2011","Brentwood 003B","E01021449",638,453,199,254,2,118,114,4,49,44,5,16
"2011","Brentwood 003C","E01021450",793,735,360,375,2,14,11,3,41,39,2,1
"2011","Brentwood 003D","E01021451",623,295,111,184,1,262,224,38,54,48,6,11
"2011","Brentwood 003E","E01021452",620,563,325,238,0,14,14,0,33,30,3,10
"2011","Brentwood 004A","E01021431",633,514,234,280,1,23,20,3,92,79,13,3
"2011","Brentwood 004B","E01021432",698,373,138,235,17,255,158,97,50,48,2,3
"2011","Brentwood 004C","E01021434",512,368,156,212,2,76,28,48,59,57,2,7
"2011","Brentwood 004D","E01021461",620,311,134,177,4,256,229,27,35,28,7,14
"2011","Brentwood 004E","E01021464",599,442,218,224,0,99,95,4,48,41,7,10
"2011","Brentwood 005A","E01021447",966,873,524,349,1,15,14,1,71,58,13,6
"2011","Brentwood 005B","E01021453",519,415,237,178,0,27,25,2,75,70,5,2
"2011","Brentwood 005C","E01021455",519,499,331,168,0,0,0,0,16,14,2,4
"2011","Brentwood 005D","E01021465",816,646,362,284,2,9,7,2,150,137,13,9
"2011","Brentwood 005E","E01021466",656,616,372,244,0,1,1,0,32,30,2,7
"2011","Brentwood 005F","E01021467",668,628,327,301,1,3,3,0,32,29,3,4
"2011","Brentwood 006A","E01021438",784,696,329,367,3,5,5,0,73,71,2,7
"2011","Brentwood 006B","E01021462",568,508,265,243,6,13,13,0,36,35,1,5
"2011","Brentwood 006C","E01021463",629,500,284,216,2,81,78,3,34,28,6,12
"2011","Brentwood 006D","E01021468",768,642,312,330,2,21,9,12,93,74,19,10
"2011","Brentwood 007A","E01021433",919,630,312,318,13,45,22,23,222,209,13,9
"2011","Brentwood 007B","E01021436",1138,629,282,347,17,127,11,116,344,315,29,21
"2011","Brentwood 007C","E01021439",1149,606,184,422,37,220,126,94,270,251,19,16
"2011","Brentwood 007E","E01021475",666,477,173,304,0,41,24,17,145,141,4,3
"2011","Brentwood 007F","E01033063",569,340,109,231,40,63,8,55,123,122,1,3
"2011","Brentwood 007G","E01033064",686,345,136,209,3,184,83,101,144,135,9,10
"2011","Brentwood 008A","E01021435",777,509,249,260,0,205,199,6,55,49,6,8
"2011","Brentwood 008B","E01021437",728,337,102,235,1,301,281,20,74,67,7,15
"2011","Brentwood 008C","E01021472",725,398,156,242,8,176,165,11,130,119,11,13
"2011","Brentwood 008D","E01021473",517,411,216,195,0,32,26,6,65,58,7,9
"2011","Brentwood 008E","E01021474",613,560,289,271,0,12,10,2,37,34,3,4
"2011","Brentwood 009A","E01021445",842,734,380,354,2,23,22,1,70,66,4,13
"2011","Brentwood 009B","E01021446",671,580,354,226,1,12,12,0,74,65,9,4
"2011","Brentwood 009C","E01021454",536,442,201,241,2,18,3,15,73,68,5,1
"2011","Brentwood 009D","E01021456",511,430,208,222,0,8,2,6,69,65,4,4
"2011","Castle Point 001A","E01021513",643,574,300,274,1,20,17,3,42,37,5,6
"2011","Castle Point 001B","E01021514",610,503,223,280,3,50,49,1,48,46,2,6
"2011","Castle Point 001C","E01021515",493,451,218,233,0,14,13,1,22,18,4,6
"2011","Castle Point 001D","E01021525",668,500,222,278,2,14,9,5,149,144,5,3
"2011","Castle Point 001E","E01021527",674,630,354,276,1,4,3,1,37,34,3,2
"2011","Castle Point 002A","E01021509",649,557,322,235,1,40,10,30,43,37,6,8
"2011","Castle Point 002B","E01021510",670,602,389,213,1,7,5,2,56,49,7,4
"2011","Castle Point 002C","E01021511",533,461,264,197,11,14,12,2,43,42,1,4
"2011","Castle Point 002D","E01021528",586,541,296,245,2,5,4,1,35,33,2,3
"2011","Castle Point 002E","E01021531",556,476,224,252,1,13,5,8,60,54,6,6
"2011","Castle Point 003A","E01021476",770,631,287,344,2,72,72,0,57,52,5,8
"2011","Castle Point 003B","E01021477",629,591,319,272,0,1,1,0,36,29,7,1
"2011","Castle Point 003C","E01021478",666,608,322,286,1,5,5,0,43,37,6,9
"2011","Castle Point 003D","E01021516",542,488,262,226,3,2,2,0,44,43,1,5
"2011","Castle Point 004A","E01021479",592,529,266,263,1,14,12,2,44,37,7,4
"2011","Castle Point 004B","E01021481",562,518,246,272,2,5,4,1,33,32,1,4
"2011","Castle Point 004C","E01021483",688,628,345,283,2,2,2,0,46,43,3,10
"2011","Castle Point 004D","E01021512",648,579,318,261,1,6,3,3,54,47,7,8
"2011","Castle Point 004E","E01021526",650,584,304,280,1,6,4,2,55,47,8,4
"2011","Castle Point 005A","E01021517",711,632,394,238,7,10,6,4,60,53,7,2
"2011","Castle Point 005B","E01021519",636,582,368,214,1,11,10,1,37,34,3,5
"2011","Castle Point 005C","E01021530",614,550,330,220,1,13,12,1,39,32,7,11
"2011","Castle Point 005D","E01021532",645,611,358,253,1,2,1,1,26,24,2,5
"2011","Castle Point 006A","E01021482",607,513,271,242,1,27,2,25,60,50,10,6
"2011","Castle Point 006B","E01021518",940,620,342,278,2,75,42,33,232,215,17,11
"2011","Castle Point 006C","E01021520",671,556,312,244,2,13,7,6,99,89,10,1
"2011","Castle Point 006D","E01021529",646,382,160,222,1,188,183,5,65,56,9,10
"2011","Castle Point 007A","E01021480",706,611,294,317,3,3,3,0,80,71,9,9
"2011","Castle Point 007B","E01021521",607,556,271,285,1,3,3,0,44,38,6,3
"2011","Castle Point 007C","E01021522",711,517,224,293,1,68,49,19,117,110,7,8
"2011","Castle Point 007D","E01021523",602,547,330,217,4,20,2,18,28,24,4,3
"2011","Castle Point 007E","E01021524",644,576,295,281,0,19,17,2,42,37,5,7
"2011","Castle Point 008A","E01021487",593,519,274,245,2,15,12,3,52,44,8,5
"2011","Castle Point 008B","E01021494",598,499,207,292,3,35,25,10,54,49,5,7
"2011","Castle Point 008C","E01021504",503,429,136,293,1,26,1,25,47,47,0,0
"2011","Castle Point 008D","E01021505",496,429,161,268,3,28,9,19,33,31,2,3
"2011","Castle Point 008E","E01021506",519,389,139,250,3,19,3,16,102,92,10,6
"2011","Castle Point 009A","E01021492",761,624,328,296,1,23,21,2,103,95,8,10
"2011","Castle Point 009B","E01021493",702,585,320,265,3,25,23,2,81,75,6,8
"2011","Castle Point 009C","E01021495",1141,1037,852,185,6,3,3,0,93,83,10,2
"2011","Castle Point 009D","E01021496",590,468,250,218,2,23,19,4,95,83,12,2
"2011","Castle Point 010A","E01021485",494,302,142,160,1,142,134,8,44,41,3,5
"2011","Castle Point 010B","E01021486",462,270,99,171,1,96,90,6,94,89,5,1
"2011","Castle Point 010C","E01021488",611,385,196,189,7,149,139,10,63,52,11,7
"2011","Castle Point 010D","E01021503",519,398,167,231,0,50,31,19,65,54,11,6
"2011","Castle Point 010E","E01021507",619,270,96,174,1,249,155,94,91,88,3,8
"2011","Castle Point 010F","E01021508",442,325,98,227,0,43,9,34,73,67,6,1
"2011","Castle Point 011A","E01021484",589,487,293,194,1,22,12,10,70,63,7,9
"2011","Castle Point 011B","E01021498",596,523,261,262,0,4,1,3,62,51,11,7
"2011","Castle Point 011C","E01021499",660,587,313,274,1,30,29,1,37,30,7,5
"2011","Castle Point 011D","E01021501",630,506,270,236,2,34,16,18,81,70,11,7
"2011","Castle Point 011E","E01021502",985,667,318,349,1,11,9,2,302,273,29,4
"2011","Castle Point 012A","E01021489",623,546,279,267,1,4,4,0,66,60,6,6
"2011","Castle Point 012B","E01021490",663,496,253,243,1,81,80,1,78,69,9,7
"2011","Castle Point 012C","E01021491",662,567,279,288,1,20,17,3,68,60,8,6
"2011","Castle Point 012D","E01021497",659,556,285,271,0,11,7,4,85,80,5,7
"2011","Castle Point 012E","E01021500",754,533,245,288,0,60,35,25,153,144,9,8
"2011","Chelmsford 001A","E01021538",998,737,274,463,21,128,12,116,98,86,12,14
"2011","Chelmsford 001B","E01021539",534,370,182,188,1,102,11,91,49,43,6,12
"2011","Chelmsford 001C","E01021540",636,517,274,243,2,39,9,30,63,56,7,15
"2011","Chelmsford 001D","E01021541",637,400,212,188,5,182,32,150,40,34,6,10
"2011","Chelmsford 002A","E01021542",839,552,278,274,19,151,11,140,110,95,15,7
"2011","Chelmsford 002B","E01021543",650,586,281,305,0,12,4,8,47,43,4,5
"2011","Chelmsford 002C","E01021587",616,555,330,225,0,20,1,19,39,38,1,2
"2011","Chelmsford 002D","E01021590",588,521,250,271,1,9,1,8,57,52,5,0
"2011","Chelmsford 002E","E01021591",643,537,280,257,1,13,2,11,88,85,3,4
"2011","Chelmsford 003A","E01021550",570,434,225,209,0,43,5,38,75,60,15,18
"2011","Chelmsford 003B","E01021597",590,392,165,227,5,129,30,99,58,48,10,6
"2011","Chelmsford 003C","E01021598",660,406,202,204,0,204,36,168,32,31,1,18
"2011","Chelmsford 003D","E01021600",441,389,202,187,0,23,8,15,25,23,2,4
"2011","Chelmsford 003E","E01021601",685,335,138,197,16,261,59,202,60,56,4,13
"2011","Chelmsford 004A","E01021616",553,517,209,308,0,6,0,6,27,21,6,3
"2011","Chelmsford 004B","E01021617",599,387,127,260,4,169,25,144,35,31,4,4
"2011","Chelmsford 004C","E01021619",634,519,174,345,8,42,4,38,63,59,4,2
"2011","Chelmsford 004D","E01021620",643,496,181,315,0,10,0,10,130,120,10,7
"2011","Chelmsford 004E","E01021623",514,446,201,245,0,5,1,4,60,56,4,3
"2011","Chelmsford 004F","E01021624",503,474,290,184,0,1,1,0,25,21,4,3
"2011","Chelmsford 005A","E01021536",700,395,152,243,2,217,29,188,71,62,9,15
"2011","Chelmsford 005B","E01021537",787,669,316,353,3,33,7,26,73,58,15,9
"2011","Chelmsford 005D","E01021568",627,543,336,207,2,32,7,25,41,37,4,9
"2011","Chelmsford 005E","E01033142",747,576,135,441,14,97,2,95,58,55,3,2
"2011","Chelmsford 005F","E01033144",619,437,107,330,8,114,3,111,58,52,6,2
"2011","Chelmsford 006A","E01021576",611,150,42,108,4,398,77,321,46,44,2,13
"2011","Chelmsford 006B","E01021588",623,320,181,139,3,247,60,187,41,35,6,12
"2011","Chelmsford 006C","E01021589",665,376,172,204,6,145,18,127,125,118,7,13
"2011","Chelmsford 006D","E01021592",678,205,84,121,0,404,55,349,57,51,6,12
"2011","Chelmsford 006E","E01021596",698,237,89,148,6,392,81,311,48,44,4,15
"2011","Chelmsford 007A","E01021618",572,466,157,309,4,18,1,17,77,70,7,7
"2011","Chelmsford 007B","E01021621",616,499,120,379,2,9,0,9,103,99,4,3
"2011","Chelmsford 007C","E01021622",632,551,341,210,1,19,5,14,50,42,8,11
"2011","Chelmsford 007D","E01021625",615,536,300,236,4,21,5,16,49,46,3,5
"2011","Chelmsford 007E","E01021626",554,477,225,252,2,4,2,2,64,58,6,7
"2011","Chelmsford 008A","E01021544",617,470,142,328,5,9,4,5,133,126,7,0
"2011","Chelmsford 008B","E01021545",641,565,171,394,3,21,6,15,51,49,2,1
"2011","Chelmsford 008C","E01021546",608,381,94,287,0,133,21,112,92,87,5,2
"2011","Chelmsford 008D","E01021547",702,503,126,377,1,57,3,54,136,127,9,5
"2011","Chelmsford 008E","E01021628",665,455,195,260,3,85,20,65,118,106,12,4
"2011","Chelmsford 008F","E01021629",677,405,162,243,10,145,27,118,111,107,4,6
"2011","Chelmsford 009A","E01021573",700,483,209,274,4,103,21,82,103,98,5,7
"2011","Chelmsford 009B","E01021575",717,362,126,236,8,187,16,171,147,138,9,13
"2011","Chelmsford 009C","E01021599",728,586,269,317,8,55,12,43,76,73,3,3
"2011","Chelmsford 009E","E01021631",787,351,146,205,4,348,65,283,71,60,11,13
"2011","Chelmsford 009F","E01033138",638,413,165,248,2,98,12,86,119,105,14,6
"2011","Chelmsford 009G","E01033139",639,272,76,196,1,113,10,103,247,238,9,6
"2011","Chelmsford 010A","E01021574",1010,408,146,262,13,94,15,79,476,453,23,19
"2011","Chelmsford 010B","E01021578",859,451,166,285,50,63,2,61,286,269,17,9
"2011","Chelmsford 010D","E01021582",976,550,215,335,11,81,11,70,329,307,22,5
"2011","Chelmsford 010E","E01021627",588,382,180,202,0,91,11,80,108,102,6,7
"2011","Chelmsford 010F","E01033140",627,266,124,142,8,59,4,55,283,273,10,11
"2011","Chelmsford 010G","E01033141",604,304,183,121,16,62,5,57,212,204,8,10
"2011","Chelmsford 011A","E01021551",557,411,235,176,1,72,11,61,57,51,6,16
"2011","Chelmsford 011B","E01021632",601,537,354,183,1,39,11,28,20,18,2,4
"2011","Chelmsford 011C","E01021633",514,422,255,167,0,18,5,13,69,63,6,5
"2011","Chelmsford 011D","E01021634",614,522,290,232,1,18,1,17,67,57,10,6
"2011","Chelmsford 011E","E01021635",625,479,286,193,3,85,10,75,51,44,7,7
"2011","Chelmsford 011F","E01021636",510,243,136,107,1,229,30,199,30,27,3,7
"2011","Chelmsford 012A","E01021556",677,537,246,291,0,57,11,46,76,74,2,7
"2011","Chelmsford 012B","E01021577",613,526,237,289,2,8,0,8,74,65,9,3
"2011","Chelmsford 012C","E01021579",608,480,191,289,1,17,1,16,107,102,5,3
"2011","Chelmsford 012D","E01021580",505,462,202,260,0,10,0,10,28,26,2,5
"2011","Chelmsford 012E","E01021584",471,455,259,196,0,4,0,4,9,7,2,3
"2011","Chelmsford 013A","E01021548",542,419,158,261,2,55,15,40,62,59,3,4
"2011","Chelmsford 013B","E01021560",781,626,372,254,3,42,7,35,93,85,8,17
"2011","Chelmsford 013C","E01021561",752,670,369,301,8,16,1,15,50,45,5,8
"2011","Chelmsford 013D","E01021564",638,543,315,228,4,42,9,33,45,41,4,4
"2011","Chelmsford 013E","E01021571",595,493,247,246,3,52,12,40,42,36,6,5
"2011","Chelmsford 014A","E01021562",800,457,204,253,6,256,43,213,72,57,15,9
"2011","Chelmsford 014B","E01021563",809,395,148,247,7,285,69,216,109,102,7,13
"2011","Chelmsford 014C","E01021565",681,268,100,168,3,373,24,349,31,26,5,6
"2011","Chelmsford 014D","E01021566",697,555,264,291,17,82,14,68,41,34,7,2
"2011","Chelmsford 014F","E01033137",647,422,161,261,13,72,5,67,133,130,3,7
"2011","Chelmsford 014G","E01033145",575,410,217,193,5,121,32,89,28,20,8,11
"2011","Chelmsford 015A","E01021557",487,458,211,247,3,4,0,4,18,17,1,4
"2011","Chelmsford 015B","E01021558",502,472,234,238,3,6,0,6,21,18,3,0
"2011","Chelmsford 015C","E01021583",603,474,193,281,9,57,5,52,56,53,3,7
"2011","Chelmsford 015D","E01021585",492,455,216,239,2,7,0,7,26,22,4,2
"2011","Chelmsford 015E","E01021586",614,555,294,261,1,9,1,8,44,39,5,5
"2011","Chelmsford 016A","E01021533",926,780,339,441,2,68,5,63,72,69,3,4
"2011","Chelmsford 016B","E01021535",685,530,258,272,4,84,12,72,50,40,10,17
"2011","Chelmsford 016C","E01021569",640,588,328,260,1,13,4,9,34,27,7,4
"2011","Chelmsford 016D","E01021570",763,672,422,250,4,28,8,20,52,47,5,7
"2011","Chelmsford 016E","E01021572",633,370,170,200,4,209,32,177,37,32,5,13
"2011","Chelmsford 017A","E01021552",673,505,302,203,1,126,29,97,36,30,6,5
"2011","Chelmsford 017B","E01021553",570,430,201,229,2,101,24,77,32,29,3,5
"2011","Chelmsford 017C","E01021554",653,386,192,194,1,205,45,160,54,50,4,7
"2011","Chelmsford 017D","E01021555",532,453,255,198,1,33,5,28,39,30,9,6
"2011","Chelmsford 017E","E01021559",578,513,265,248,1,33,1,32,30,26,4,1
"2011","Chelmsford 018B","E01021602",754,495,264,231,2,150,31,119,91,82,9,16
"2011","Chelmsford 018D","E01021604",861,757,362,395,0,42,7,35,55,50,5,7
"2011","Chelmsford 018E","E01033143",1176,1029,709,320,7,38,14,24,90,79,11,12
"2011","Chelmsford 019A","E01021611",528,478,176,302,0,6,2,4,43,35,8,1
"2011","Chelmsford 019B","E01021612",608,566,280,286,2,5,1,4,32,29,3,3
"2011","Chelmsford 019C","E01021613",853,599,239,360,19,49,9,40,172,151,21,14
"2011","Chelmsford 019D","E01021614",646,574,256,318,0,10,2,8,56,44,12,6
"2011","Chelmsford 019E","E01021615",622,536,233,303,2,12,0,12,62,52,10,10
"2011","Chelmsford 020A","E01021605",469,422,170,252,0,5,0,5,42,38,4,0
"2011","Chelmsford 020B","E01021606",593,460,151,309,3,101,5,96,29,27,2,0
"2011","Chelmsford 020C","E01021607",648,468,112,356,1,82,11,71,91,83,8,6
"2011","Chelmsford 020D","E01021608",547,340,107,233,0,70,2,68,132,119,13,5
"2011","Chelmsford 020E","E01021609",515,479,199,280,0,3,1,2,31,26,5,2
"2011","Chelmsford 020F","E01021610",571,423,163,260,0,12,1,11,132,124,8,4
"2011","Chelmsford 021A","E01021593",666,609,361,248,1,15,7,8,37,31,6,4
"2011","Chelmsford 021B","E01021594",679,517,292,225,2,64,8,56,78,65,13,18
"2011","Chelmsford 021C","E01021595",708,639,369,270,0,17,4,13,41,37,4,11
"2011","Colchester 001A","E01021655",529,447,259,188,3,30,18,12,40,35,5,9
"2011","Colchester 001B","E01021656",682,519,326,193,6,87,58,29,67,54,13,3
"2011","Colchester 001C","E01021659",826,655,330,325,0,82,73,9,69,63,6,20
"2011","Colchester 001D","E01021661",659,568,247,321,3,34,17,17,52,44,8,2
"2011","Colchester 002A","E01021668",801,432,112,320,2,68,4,64,297,281,16,2
"2011","Colchester 002B","E01021669",716,312,71,241,15,192,47,145,192,179,13,5
"2011","Colchester 002C","E01021670",630,373,165,208,1,140,3,137,114,103,11,2
"2011","Colchester 002D","E01021671",596,467,242,225,4,61,26,35,62,58,4,2
"2011","Colchester 002F","E01033720",775,461,78,383,14,102,7,95,195,186,9,3
"2011","Colchester 002G","E01033721",654,505,87,418,2,33,3,30,111,93,18,3
"2011","Colchester 003A","E01021660",574,450,247,203,4,50,34,16,62,53,9,8
"2011","Colchester 003B","E01021728",656,617,346,271,1,13,11,2,23,23,0,2
"2011","Colchester 003C","E01021729",708,526,246,280,0,99,86,13,78,74,4,5
"2011","Colchester 003D","E01021730",682,542,281,261,0,88,84,4,47,41,6,5
"2011","Colchester 004A","E01021679",991,607,201,406,14,79,26,53,286,272,14,5
"2011","Colchester 004B","E01021680",1090,725,252,473,8,123,59,64,224,210,14,10
"2011","Colchester 004C","E01021681",1184,758,278,480,13,67,7,60,343,334,9,3
"2011","Colchester 004D","E01021682",1148,713,257,456,11,110,21,89,302,282,20,12
"2011","Colchester 007A","E01021646",1019,471,230,241,12,97,14,83,425,400,25,14
"2011","Colchester 007B","E01021647",811,563,307,256,10,47,8,39,181,163,18,10
"2011","Colchester 007C","E01021648",1127,574,270,304,8,125,13,112,405,389,16,15
"2011","Colchester 007D","E01021649",1050,335,144,191,0,248,138,110,438,419,19,29
"2011","Colchester 007E","E01021650",954,404,147,257,1,49,13,36,490,470,20,10
"2011","Colchester 008A","E01021696",747,188,87,101,4,449,389,60,91,88,3,15
"2011","Colchester 008B","E01021697",705,296,126,170,4,296,275,21,102,96,6,7
"2011","Colchester 008C","E01021698",457,216,88,128,1,145,121,24,92,90,2,3
"2011","Colchester 008D","E01021699",647,215,103,112,1,294,272,22,130,119,11,7
"2011","Colchester 008E","E01021700",582,125,47,78,2,324,239,85,120,115,5,11
"2011","Colchester 008G","E01033719",544,95,22,73,9,56,17,39,383,359,24,1
"2011","Colchester 008H","E01033722",586,189,97,92,2,184,24,160,204,199,5,7
"2011","Colchester 009A","E01021673",623,564,382,182,1,1,1,0,51,44,7,6
"2011","Colchester 009B","E01021674",519,333,111,222,0,121,93,28,61,50,11,4
"2011","Colchester 009C","E01021675",526,434,215,219,0,31,22,9,53,45,8,8
"2011","Colchester 009D","E01021676",643,495,310,185,1,54,44,10,82,76,6,11
"2011","Colchester 010A","E01021654",733,598,250,348,0,44,13,31,82,79,3,9
"2011","Colchester 010B","E01021662",636,540,300,240,2,36,30,6,46,44,2,12
"2011","Colchester 010C","E01021663",458,377,203,174,2,38,33,5,34,33,1,7
"2011","Colchester 010D","E01021677",494,448,224,224,0,12,7,5,34,29,5,0
"2011","Colchester 010E","E01021678",559,400,171,229,1,52,50,2,103,100,3,3
"2011","Colchester 011A","E01021683",558,234,87,147,1,91,44,47,227,216,11,5
"2011","Colchester 011B","E01021684",703,448,146,302,0,91,5,86,158,140,18,6
"2011","Colchester 011C","E01021685",838,285,66,219,4,236,43,193,307,290,17,6
"2011","Colchester 011D","E01021686",981,297,95,202,3,267,76,191,406,381,25,8
"2011","Colchester 011E","E01021687",757,423,139,284,6,54,24,30,263,251,12,11
"2011","Colchester 011F","E01021688",600,401,168,233,1,31,18,13,162,153,9,5
"2011","Colchester 012A","E01021718",665,531,198,333,3,12,3,9,113,101,12,6
"2011","Colchester 012B","E01021719",663,555,305,250,1,29,8,21,75,67,8,3
"2011","Colchester 012C","E01021720",704,397,185,212,4,219,134,85,75,66,9,9
"2011","Colchester 012D","E01021721",773,659,335,324,2,36,9,27,75,64,11,1
"2011","Colchester 012E","E01021722",701,514,253,261,2,116,100,16,61,58,3,8
"2011","Colchester 013A","E01021651",731,458,186,272,4,33,7,26,228,208,20,8
"2011","Colchester 013B","E01021652",647,471,267,204,2,38,15,23,130,114,16,6
"2011","Colchester 013C","E01021653",486,423,183,240,4,3,2,1,53,49,4,3
"2011","Colchester 013D","E01021717",719,429,186,243,3,72,30,42,211,117,94,4
"2011","Colchester 014A","E01021689",614,462,267,195,0,97,90,7,41,36,5,14
"2011","Colchester 014B","E01021690",500,436,192,244,1,15,6,9,39,36,3,9
"2011","Colchester 014C","E01021691",641,529,333,196,2,65,28,37,43,37,6,2
"2011","Colchester 014D","E01021692",603,553,319,234,0,3,1,2,42,37,5,5
"2011","Colchester 014E","E01021693",718,637,442,195,0,17,9,8,56,50,6,8
"2011","Colchester 015A","E01021711",577,277,124,153,1,252,236,16,40,26,14,7
"2011","Colchester 015C","E01021713",474,273,152,121,3,161,139,22,30,23,7,7
"2011","Colchester 015D","E01021714",671,345,91,254,10,87,15,72,224,123,101,5
"2011","Colchester 015E","E01021715",578,374,142,232,2,132,102,30,61,41,20,9
"2011","Colchester 015G","E01033723",863,105,34,71,1,181,22,159,573,92,481,3
"2011","Colchester 016A","E01021657",720,513,221,292,3,70,44,26,130,120,10,4
"2011","Colchester 016B","E01021658",442,287,120,167,4,112,85,27,38,31,7,1
"2011","Colchester 016C","E01021664",884,548,246,302,3,119,68,51,210,195,15,4
"2011","Colchester 016D","E01021665",612,245,91,154,0,278,237,41,76,70,6,13
"2011","Colchester 016E","E01021666",627,388,141,247,2,59,47,12,175,166,9,3
"2011","Colchester 016F","E01021667",619,361,177,184,1,181,169,12,71,70,1,5
"2011","Colchester 017A","E01021736",516,330,176,154,2,21,2,19,159,99,60,4
"2011","Colchester 017B","E01021737",582,434,241,193,2,19,5,14,125,110,15,2
"2011","Colchester 017C","E01021738",967,701,378,323,2,20,9,11,233,220,13,11
"2011","Colchester 017D","E01021739",648,560,327,233,0,5,3,2,79,67,12,4
"2011","Colchester 017E","E01021740",744,541,313,228,4,96,83,13,91,82,9,12
"2011","Colchester 018A","E01021637",471,341,161,180,1,82,61,21,42,37,5,5
"2011","Colchester 018B","E01021638",506,285,115,170,0,160,134,26,54,48,6,7
"2011","Colchester 018C","E01021639",750,429,125,304,6,145,101,44,166,149,17,4
"2011","Colchester 018D","E01021640",481,348,134,214,5,74,33,41,49,43,6,5
"2011","Colchester 018E","E01021641",590,404,189,215,1,112,85,27,69,58,11,4
"2011","Colchester 018F","E01021642",836,442,147,295,7,204,133,71,172,155,17,11
"2011","Colchester 019A","E01021643",927,823,370,453,1,16,11,5,69,61,8,18
"2011","Colchester 019B","E01021644",670,489,253,236,3,75,58,17,86,77,9,17
"2011","Colchester 019C","E01021645",583,529,290,239,2,17,13,4,28,27,1,7
"2011","Colchester 019D","E01021694",592,501,269,232,2,40,29,11,40,32,8,9
"2011","Colchester 019E","E01021695",459,409,208,201,0,21,20,1,28,23,5,1
"2011","Colchester 020A","E01021723",720,572,333,239,0,55,12,43,80,68,12,13
"2011","Colchester 020B","E01021724",739,634,370,264,2,12,7,5,83,77,6,8
"2011","Colchester 020C","E01021725",528,443,248,195,1,6,5,1,65,43,22,13
"2011","Colchester 020D","E01021726",679,401,203,198,3,208,185,23,60,54,6,7
"2011","Colchester 020E","E01021727",627,563,317,246,2,7,6,1,47,40,7,8
"2011","Colchester 021A","E01021731",638,557,365,192,1,10,8,2,62,52,10,8
"2011","Colchester 021B","E01021732",705,447,218,229,4,144,107,37,102,88,14,8
"2011","Colchester 021C","E01021733",657,577,359,218,5,26,6,20,38,34,4,11
"2011","Colchester 021D","E01021734",631,548,366,182,0,18,3,15,60,54,6,5
"2011","Colchester 021E","E01021735",669,582,423,159,7,10,8,2,64,54,10,6
"2011","Colchester 022D","E01021702",591,431,234,197,9,35,16,19,112,99,13,4
"2011","Colchester 022E","E01021703",491,191,58,133,2,255,245,10,33,28,5,10
"2011","Colchester 022F","E01021704",661,405,172,233,3,147,133,14,98,92,6,8
"2011","Colchester 022G","E01021705",765,627,278,349,3,60,9,51,70,62,8,5
"2011","Colchester 022H","E01021706",598,321,127,194,1,74,31,43,192,184,8,10
"2011","Colchester 022I","E01021707",591,447,256,191,1,89,64,25,49,45,4,5
"2011","Colchester 022A","E01021708",629,525,299,226,3,63,43,20,35,32,3,3
"2011","Colchester 022B","E01021709",632,575,373,202,3,10,3,7,39,36,3,5
"2011","Colchester 022C","E01021710",771,700,395,305,2,15,7,8,47,39,8,7
"2011","Epping Forest 001A","E01021768",865,653,313,340,5,110,100,10,77,67,10,20
"2011","Epping Forest 001B","E01021795",935,648,245,403,5,21,11,10,247,233,14,14
"2011","Epping Forest 001C","E01021797",523,441,206,235,1,33,28,5,42,36,6,6
"2011","Epping Forest 001D","E01021798",638,503,263,240,2,96,60,36,33,27,6,4
"2011","Epping Forest 001E","E01021799",706,422,148,274,4,211,111,100,64,58,6,5
"2011","Epping Forest 002A","E01021741",784,643,318,325,2,61,39,22,66,59,7,12
"2011","Epping Forest 002B","E01021792",482,454,265,189,0,7,6,1,19,18,1,2
"2011","Epping Forest 002C","E01021793",616,583,327,256,1,6,5,1,19,19,0,7
"2011","Epping Forest 002D","E01021794",484,345,168,177,0,105,93,12,24,20,4,10
"2011","Epping Forest 002E","E01021801",876,742,384,358,0,84,82,2,38,37,1,12
"2011","Epping Forest 003A","E01021769",852,612,302,310,5,131,109,22,85,79,6,19
"2011","Epping Forest 003B","E01021796",868,675,364,311,3,90,83,7,80,74,6,20
"2011","Epping Forest 003C","E01021800",862,662,343,319,2,57,56,1,125,109,16,16
"2011","Epping Forest 004A","E01021753",629,395,187,208,3,119,115,4,107,101,6,5
"2011","Epping Forest 004B","E01021754",615,565,333,232,1,7,6,1,36,32,4,6
"2011","Epping Forest 004C","E01021755",479,423,251,172,0,9,7,2,45,43,2,2
"2011","Epping Forest 004D","E01021802",903,529,216,313,1,296,231,65,64,58,6,13
"2011","Epping Forest 005A","E01021760",655,486,255,231,0,95,75,20,63,55,8,11
"2011","Epping Forest 005B","E01021761",744,527,243,284,10,112,78,34,86,78,8,9
"2011","Epping Forest 005C","E01021762",611,363,187,176,1,193,145,48,44,40,4,10
"2011","Epping Forest 005D","E01021763",653,503,223,280,0,116,79,37,22,20,2,12
"2011","Epping Forest 006A","E01021756",612,499,250,249,1,47,43,4,60,55,5,5
"2011","Epping Forest 006B","E01021757",795,601,373,228,0,14,10,4,170,161,9,10
"2011","Epping Forest 006C","E01021758",749,364,175,189,0,205,89,116,168,161,7,12
"2011","Epping Forest 006D","E01021759",608,438,189,249,2,107,107,0,55,54,1,6
"2011","Epping Forest 007A","E01021811",602,314,117,197,3,240,114,126,34,31,3,11
"2011","Epping Forest 007B","E01021813",581,482,257,225,1,41,30,11,52,45,7,5
"2011","Epping Forest 007C","E01021814",604,422,202,220,1,134,127,7,41,33,8,6
"2011","Epping Forest 007D","E01021815",603,373,137,236,5,189,179,10,31,28,3,5
"2011","Epping Forest 007E","E01021816",609,236,98,138,2,329,313,16,37,35,2,5
"2011","Epping Forest 008A","E01021807",591,483,208,275,1,54,47,7,48,42,6,5
"2011","Epping Forest 008B","E01021808",617,366,155,211,4,207,194,13,36,32,4,4
"2011","Epping Forest 008C","E01021809",616,418,183,235,1,152,145,7,41,39,2,4
"2011","Epping Forest 008D","E01021810",788,521,138,383,8,70,49,21,180,169,11,9
"2011","Epping Forest 008E","E01021817",1066,660,229,431,6,279,192,87,110,102,8,11
"2011","Epping Forest 009A","E01021806",1002,860,581,279,7,16,9,7,98,81,17,21
"2011","Epping Forest 009B","E01021812",579,491,333,158,11,32,16,16,30,28,2,15
"2011","Epping Forest 009C","E01021818",912,485,207,278,8,178,93,85,221,212,9,20
"2011","Epping Forest 010A","E01021770",907,647,343,304,8,157,119,38,86,78,8,9
"2011","Epping Forest 010B","E01021803",536,401,204,197,0,109,79,30,21,21,0,5
"2011","Epping Forest 010C","E01021804",586,468,262,206,1,25,18,7,85,79,6,7
"2011","Epping Forest 010D","E01021805",491,472,253,219,0,7,7,0,9,6,3,3
"2011","Epping Forest 011A","E01021774",617,323,120,203,2,191,152,39,97,90,7,4
"2011","Epping Forest 011B","E01021775",631,348,140,208,2,225,188,37,51,47,4,5
"2011","Epping Forest 011C","E01021776",717,298,117,181,3,326,323,3,71,70,1,19
"2011","Epping Forest 011D","E01021777",567,364,149,215,1,160,150,10,33,32,1,9
"2011","Epping Forest 011E","E01021778",571,378,135,243,1,128,89,39,57,56,1,7
"2011","Epping Forest 011F","E01021779",702,350,114,236,4,227,174,53,115,109,6,6
"2011","Epping Forest 012A","E01021786",520,417,194,223,2,2,2,0,92,86,6,7
"2011","Epping Forest 012B","E01021787",629,551,261,290,0,6,2,4,67,63,4,5
"2011","Epping Forest 012C","E01021788",624,532,285,247,0,23,20,3,64,60,4,5
"2011","Epping Forest 012D","E01021789",526,489,261,228,0,7,7,0,29,29,0,1
"2011","Epping Forest 012E","E01021790",556,353,125,228,25,130,97,33,41,39,2,7
"2011","Epping Forest 012F","E01021791",660,495,237,258,0,10,8,2,148,140,8,7
"2011","Epping Forest 013A","E01021771",713,303,113,190,4,334,318,16,59,52,7,13
"2011","Epping Forest 013B","E01021772",599,430,221,209,1,123,120,3,38,35,3,7
"2011","Epping Forest 013C","E01021773",595,389,143,246,5,120,112,8,73,69,4,8
"2011","Epping Forest 013D","E01021783",639,542,255,287,2,38,37,1,53,52,1,4
"2011","Epping Forest 013E","E01021784",642,550,246,304,0,15,15,0,69,63,6,8
"2011","Epping Forest 014A","E01021780",523,467,220,247,0,7,6,1,44,39,5,5
"2011","Epping Forest 014B","E01021781",633,531,259,272,2,12,8,4,84,77,7,4
"2011","Epping Forest 014C","E01021782",639,519,284,235,2,8,5,3,100,92,8,10
"2011","Epping Forest 014D","E01021785",662,410,162,248,2,180,132,48,60,56,4,10
"2011","Epping Forest 015A","E01021742",513,367,145,222,0,113,111,2,29,26,3,4
"2011","Epping Forest 015B","E01021743",824,511,246,265,3,166,105,61,132,127,5,12
"2011","Epping Forest 015C","E01021744",648,503,224,279,5,51,48,3,81,73,8,8
"2011","Epping Forest 015D","E01021745",655,523,243,280,5,23,9,14,100,89,11,4
"2011","Epping Forest 015E","E01021746",859,660,332,328,2,24,19,5,159,151,8,14
"2011","Epping Forest 015F","E01021747",643,544,293,251,2,21,12,9,70,64,6,6
"2011","Epping Forest 015G","E01021748",752,544,261,283,0,29,17,12,174,167,7,5
"2011","Epping Forest 016A","E01021749",912,751,407,344,6,56,46,10,88,68,20,11
"2011","Epping Forest 016B","E01021750",476,364,211,153,1,22,5,17,65,49,16,24
"2011","Epping Forest 016C","E01021751",444,411,215,196,3,6,2,4,20,19,1,4
"2011","Epping Forest 016D","E01021752",564,448,174,274,1,36,34,2,69,65,4,10
"2011","Epping Forest 017A","E01021764",720,242,91,151,2,380,291,89,83,80,3,13
"2011","Epping Forest 017B","E01021765",646,494,243,251,0,17,14,3,126,123,3,9
"2011","Epping Forest 017C","E01021766",498,435,213,222,1,15,15,0,45,41,4,2
"2011","Epping Forest 017D","E01021767",638,554,296,258,1,21,16,5,57,54,3,5
"2011","Harlow 001A","E01021854",732,455,201,254,2,192,186,6,75,65,10,8
"2011","Harlow 001B","E01021855",601,351,157,194,5,173,170,3,64,61,3,8
"2011","Harlow 001C","E01021856",610,406,183,223,2,132,125,7,62,57,5,8
"2011","Harlow 001D","E01021857",1069,621,232,389,61,217,75,142,157,149,8,13
"2011","Harlow 002A","E01021844",525,300,118,182,3,188,175,13,30,20,10,4
"2011","Harlow 002B","E01021845",621,251,109,142,1,303,257,46,61,59,2,5
"2011","Harlow 002C","E01021846",573,238,93,145,3,249,247,2,80,74,6,3
"2011","Harlow 002D","E01021847",616,301,119,182,5,255,253,2,49,42,7,6
"2011","Harlow 002E","E01021848",690,343,152,191,14,235,222,13,89,83,6,9
"2011","Harlow 003A","E01021849",670,352,145,207,5,256,225,31,52,48,4,5
"2011","Harlow 003B","E01021850",617,255,86,169,2,281,277,4,72,67,5,7
"2011","Harlow 003C","E01021851",713,258,91,167,2,282,274,8,163,155,8,8
"2011","Harlow 003D","E01021852",670,326,129,197,0,277,264,13,58,53,5,9
"2011","Harlow 003E","E01021853",590,299,132,167,3,204,184,20,74,66,8,10
"2011","Harlow 004A","E01021839",633,339,157,182,1,198,178,20,85,79,6,10
"2011","Harlow 004B","E01021840",623,292,98,194,2,256,234,22,65,60,5,8
"2011","Harlow 004C","E01021841",539,302,134,168,5,189,172,17,34,28,6,9
"2011","Harlow 004D","E01021842",634,250,90,160,7,259,231,28,107,97,10,11
"2011","Harlow 004E","E01021843",940,390,128,262,65,333,180,153,144,135,9,8
"2011","Harlow 005A","E01021824",641,569,153,416,1,3,1,2,66,60,6,2
"2011","Harlow 005B","E01021825",648,520,125,395,5,4,2,2,116,106,10,3
"2011","Harlow 005C","E01021826",645,509,157,352,15,68,4,64,48,46,2,5
"2011","Harlow 005D","E01021827",715,528,152,376,4,70,3,67,111,104,7,2
"2011","Harlow 005E","E01021828",864,756,149,607,2,6,3,3,97,94,3,3
"2011","Harlow 006A","E01021819",638,354,167,187,3,239,234,5,36,34,2,6
"2011","Harlow 006B","E01021820",644,377,167,210,0,221,219,2,42,37,5,4
"2011","Harlow 006C","E01021822",626,356,134,222,1,215,211,4,51,50,1,3
"2011","Harlow 006D","E01021823",759,324,120,204,4,358,344,14,71,58,13,2
"2011","Harlow 006E","E01021870",577,320,131,189,1,192,189,3,57,46,11,7
"2011","Harlow 007A","E01021831",641,342,156,186,4,221,215,6,68,66,2,6
"2011","Harlow 007B","E01021868",674,397,151,246,3,209,203,6,60,52,8,5
"2011","Harlow 007C","E01021869",558,380,183,197,0,117,110,7,54,53,1,7
"2011","Harlow 007D","E01021871",629,282,114,168,7,273,199,74,58,56,2,9
"2011","Harlow 007E","E01021872",829,217,82,135,6,377,240,137,224,216,8,5
"2011","Harlow 008A","E01021821",640,277,108,169,1,305,298,7,54,52,2,3
"2011","Harlow 008B","E01021834",654,355,142,213,1,239,232,7,53,50,3,6
"2011","Harlow 008C","E01021835",607,366,163,203,1,203,197,6,35,30,5,2
"2011","Harlow 008D","E01021836",644,277,99,178,1,301,234,67,61,54,7,4
"2011","Harlow 008E","E01021837",635,398,174,224,1,192,190,2,43,38,5,1
"2011","Harlow 009A","E01021829",651,372,126,246,2,219,141,78,54,53,1,4
"2011","Harlow 009B","E01021830",493,395,227,168,3,52,47,5,37,35,2,6
"2011","Harlow 009C","E01021832",514,431,160,271,3,39,34,5,40,37,3,1
"2011","Harlow 009D","E01021833",522,312,136,176,1,155,152,3,46,44,2,8
"2011","Harlow 009E","E01021865",568,343,101,242,0,165,161,4,53,48,5,7
"2011","Harlow 010A","E01021838",605,413,174,239,3,158,155,3,27,25,2,4
"2011","Harlow 010B","E01021858",640,282,112,170,18,273,130,143,58,51,7,9
"2011","Harlow 010C","E01021859",615,286,81,205,2,248,242,6,75,70,5,4
"2011","Harlow 010D","E01021860",598,316,112,204,4,202,115,87,70,66,4,6
"2011","Harlow 010E","E01021861",491,266,108,158,18,182,148,34,24,23,1,1
"2011","Harlow 011A","E01021862",626,330,113,217,5,206,147,59,77,71,6,8
"2011","Harlow 011B","E01021863",621,342,133,209,2,205,198,7,68,61,7,4
"2011","Harlow 011C","E01021864",549,263,95,168,0,205,198,7,79,75,4,2
"2011","Harlow 011D","E01021866",609,349,76,273,12,164,162,2,81,77,4,3
"2011","Harlow 011E","E01021867",584,496,216,280,4,43,40,3,41,38,3,0
"2011","Maldon 001A","E01021908",857,730,392,338,4,25,4,21,90,77,13,8
"2011","Maldon 001B","E01021909",536,420,214,206,2,65,5,60,41,34,7,8
"2011","Maldon 001C","E01021910",637,472,247,225,2,94,4,90,62,54,8,7
"2011","Maldon 001D","E01021911",473,412,217,195,1,27,0,27,27,23,4,6
"2011","Maldon 002A","E01021882",842,719,433,286,0,38,2,36,69,57,12,16
"2011","Maldon 002B","E01021883",651,526,235,291,0,63,2,61,51,42,9,11
"2011","Maldon 002C","E01021912",830,730,469,261,0,46,5,41,46,41,5,8
"2011","Maldon 002D","E01021913",589,497,285,212,1,36,4,32,46,40,6,9
"2011","Maldon 003A","E01021884",604,474,163,311,5,24,1,23,98,86,12,3
"2011","Maldon 003B","E01021885",475,418,218,200,5,7,1,6,35,32,3,10
"2011","Maldon 003C","E01021886",601,513,233,280,10,40,4,36,38,30,8,0
"2011","Maldon 003D","E01021887",864,730,272,458,5,65,2,63,58,51,7,6
"2011","Maldon 003E","E01021888",821,452,194,258,1,281,7,274,84,77,7,3
"2011","Maldon 004A","E01021889",930,482,233,249,11,300,16,284,124,116,8,13
"2011","Maldon 004B","E01021890",905,558,336,222,4,103,1,102,219,207,12,21
"2011","Maldon 004C","E01021891",743,593,403,190,0,49,2,47,95,90,5,6
"2011","Maldon 004D","E01021892",481,276,164,112,4,152,16,136,46,40,6,3
"2011","Maldon 005A","E01021893",592,564,258,306,0,6,0,6,20,17,3,2
"2011","Maldon 005B","E01021894",498,349,164,185,1,111,8,103,35,30,5,2
"2011","Maldon 005C","E01021895",492,410,195,215,0,28,1,27,51,45,6,3
"2011","Maldon 005D","E01021896",494,461,232,229,1,6,1,5,24,20,4,2
"2011","Maldon 005E","E01021897",484,401,191,210,0,39,2,37,39,39,0,5
"2011","Maldon 005F","E01021898",587,443,269,174,2,117,10,107,20,17,3,5
"2011","Maldon 006A","E01021901",794,686,334,352,4,33,2,31,63,57,6,8
"2011","Maldon 006B","E01021904",562,455,183,272,2,51,4,47,49,39,10,5
"2011","Maldon 006C","E01021905",499,367,180,187,0,81,6,75,46,40,6,5
"2011","Maldon 006D","E01021906",642,443,199,244,6,72,4,68,109,102,7,12
"2011","Maldon 006E","E01021907",886,683,336,347,2,80,5,75,103,95,8,18
"2011","Maldon 007A","E01021873",513,475,217,258,0,4,0,4,31,30,1,3
"2011","Maldon 007B","E01021874",530,383,161,222,3,91,6,85,49,37,12,4
"2011","Maldon 007C","E01021875",639,562,363,199,5,15,0,15,48,39,9,9
"2011","Maldon 007D","E01021899",513,469,193,276,2,11,0,11,27,22,5,4
"2011","Maldon 007E","E01021900",442,352,125,227,1,31,1,30,54,50,4,4
"2011","Maldon 007F","E01021902",668,593,294,299,3,20,2,18,45,36,9,7
"2011","Maldon 007G","E01021903",624,508,276,232,0,73,3,70,33,28,5,10
"2011","Maldon 008C","E01021878",633,510,303,207,5,55,5,50,51,44,7,12
"2011","Maldon 008D","E01021879",628,481,243,238,1,62,4,58,74,66,8,10
"2011","Maldon 008E","E01021880",782,488,287,201,3,129,6,123,150,136,14,12
"2011","Maldon 008F","E01021881",526,421,218,203,0,9,3,6,95,82,13,1
"2011","Maldon 008G","E01033057",950,745,385,360,1,146,8,138,48,40,8,10
"2011","Rochford 001A","E01021942",825,740,591,149,6,13,0,13,59,55,4,7
"2011","Rochford 001B","E01021943",707,610,327,283,1,53,3,50,39,30,9,4
"2011","Rochford 001C","E01021944",633,590,317,273,0,2,1,1,38,35,3,3
"2011","Rochford 001D","E01021945",621,588,325,263,1,7,0,7,21,18,3,4
"2011","Rochford 002A","E01021914",800,728,364,364,5,8,0,8,53,42,11,6
"2011","Rochford 002B","E01021927",490,457,227,230,0,4,1,3,24,23,1,5
"2011","Rochford 002C","E01021928",668,556,284,272,2,51,8,43,53,44,9,6
"2011","Rochford 002D","E01021929",579,542,219,323,4,1,0,1,30,27,3,2
"2011","Rochford 002E","E01021931",585,531,301,230,2,1,0,1,47,37,10,4
"2011","Rochford 003A","E01021933",509,462,224,238,0,20,4,16,24,21,3,3
"2011","Rochford 003B","E01021934",528,501,255,246,0,3,0,3,19,15,4,5
"2011","Rochford 003C","E01021935",533,500,270,230,0,1,0,1,31,28,3,1
"2011","Rochford 003D","E01021936",784,559,308,251,2,138,26,112,78,72,6,7
"2011","Rochford 003E","E01021937",700,573,265,308,1,12,4,8,109,102,7,5
"2011","Rochford 003F","E01021938",641,609,357,252,0,1,0,1,22,21,1,9
"2011","Rochford 003G","E01021939",671,639,329,310,1,3,0,3,28,22,6,0
"2011","Rochford 003H","E01021940",789,704,361,343,0,44,14,30,38,31,7,3
"2011","Rochford 003I","E01021941",774,738,369,369,0,3,0,3,28,22,6,5
"2011","Rochford 004A","E01021915",515,358,166,192,0,71,8,63,67,59,8,19
"2011","Rochford 004B","E01021916",415,341,162,179,3,44,7,37,26,23,3,1
"2011","Rochford 004C","E01021953",564,188,79,109,1,328,46,282,42,38,4,5
"2011","Rochford 004D","E01021955",885,366,151,215,2,324,37,287,184,176,8,9
"2011","Rochford 005A","E01021918",568,528,225,303,0,2,0,2,35,32,3,3
"2011","Rochford 005B","E01021919",517,485,253,232,2,12,0,12,16,14,2,2
"2011","Rochford 005C","E01021925",653,567,285,282,3,7,0,7,67,64,3,9
"2011","Rochford 005D","E01021960",759,723,393,330,0,5,1,4,27,24,3,4
"2011","Rochford 005E","E01021961",636,570,311,259,0,33,7,26,31,27,4,2
"2011","Rochford 006A","E01021920",737,629,208,421,0,48,7,41,53,49,4,7
"2011","Rochford 006B","E01021926",860,701,268,433,3,44,15,29,103,94,9,9
"2011","Rochford 006C","E01021957",622,391,151,240,2,179,35,144,44,38,6,6
"2011","Rochford 006D","E01021958",518,443,141,302,2,9,1,8,62,57,5,2
"2011","Rochford 006E","E01021959",635,529,185,344,0,55,12,43,47,39,8,4
"2011","Rochford 007A","E01021930",665,425,172,253,0,59,1,58,177,165,12,4
"2011","Rochford 007B","E01021932",634,542,287,255,1,9,1,8,74,65,9,8
"2011","Rochford 007C","E01021952",602,500,258,242,2,25,1,24,69,62,7,6
"2011","Rochford 007D","E01021954",604,464,209,255,5,37,7,30,91,85,6,7
"2011","Rochford 007E","E01021956",628,465,224,241,3,89,20,69,64,59,5,7
"2011","Rochford 008A","E01021950",594,461,241,220,0,93,15,78,35,33,2,5
"2011","Rochford 008B","E01021951",509,443,222,221,1,41,5,36,24,23,1,0
"2011","Rochford 008C","E01021962",507,331,172,159,0,104,11,93,65,58,7,7
"2011","Rochford 008D","E01021963",520,463,249,214,1,6,0,6,47,42,5,3
"2011","Rochford 008E","E01021964",667,570,318,252,0,30,8,22,63,62,1,4
"2011","Rochford 008F","E01021966",794,504,290,214,11,163,14,149,106,102,4,10
"2011","Rochford 009A","E01021946",551,521,269,252,0,2,0,2,23,22,1,5
"2011","Rochford 009B","E01021947",499,455,252,203,1,23,9,14,20,16,4,0
"2011","Rochford 009C","E01021948",524,463,212,251,0,11,2,9,44,43,1,6
"2011","Rochford 009D","E01021949",604,570,326,244,0,4,1,3,25,23,2,5
"2011","Rochford 009E","E01021965",963,910,520,390,1,0,0,0,50,42,8,2
"2011","Rochford 010A","E01021917",704,574,263,311,0,39,11,28,83,74,9,8
"2011","Rochford 010B","E01021921",591,395,164,231,5,74,15,59,111,68,43,6
"2011","Rochford 010C","E01021922",669,430,212,218,3,176,38,138,51,42,9,9
"2011","Rochford 010D","E01021923",520,448,206,242,0,32,9,23,37,36,1,3
"2011","Rochford 010E","E01021924",494,442,190,252,2,4,1,3,40,34,6,6
"2011","Tendring 001A","E01021997",663,274,146,128,1,188,181,7,183,176,7,17
"2011","Tendring 001B","E01021998",631,395,209,186,6,40,26,14,189,176,13,1
"2011","Tendring 001C","E01021999",752,481,250,231,0,122,61,61,138,124,14,11
"2011","Tendring 001D","E01022001",827,376,201,175,3,78,31,47,361,346,15,9
"2011","Tendring 002A","E01022000",646,506,281,225,7,44,27,17,86,80,6,3
"2011","Tendring 002C","E01022006",732,390,200,190,5,205,139,66,119,109,10,13
"2011","Tendring 002D","E01022007",653,409,170,239,4,145,134,11,84,77,7,11
"2011","Tendring 002F","E01033051",1096,730,386,344,9,139,43,96,197,184,13,21
"2011","Tendring 003A","E01021978",906,755,417,338,1,49,33,16,77,70,7,24
"2011","Tendring 003B","E01022013",650,553,309,244,2,21,7,14,69,64,5,5
"2011","Tendring 003C","E01022014",584,391,215,176,1,140,136,4,42,37,5,10
"2011","Tendring 003D","E01022015",608,482,194,288,1,28,26,2,96,92,4,1
"2011","Tendring 003E","E01022019",560,449,232,217,1,32,20,12,62,53,9,16
"2011","Tendring 003F","E01022020",901,570,307,263,5,98,51,47,211,198,13,17
"2011","Tendring 003G","E01022021",603,386,186,200,3,131,131,0,75,68,7,8
"2011","Tendring 004A","E01021991",418,358,209,149,0,14,12,2,32,27,5,14
"2011","Tendring 004B","E01021992",476,370,182,188,2,57,55,2,43,40,3,4
"2011","Tendring 004C","E01022002",791,679,353,326,7,31,15,16,66,58,8,8
"2011","Tendring 004D","E01022004",748,622,370,252,5,36,28,8,76,66,10,9
"2011","Tendring 004E","E01022005",757,667,387,280,0,9,6,3,74,65,9,7
"2011","Tendring 004F","E01022028",546,424,220,204,0,78,46,32,36,32,4,8
"2011","Tendring 005A","E01021971",416,361,204,157,2,5,5,0,38,34,4,10
"2011","Tendring 005B","E01021972",491,369,181,188,3,69,58,11,44,42,2,6
"2011","Tendring 005C","E01022051",575,479,264,215,2,24,18,6,59,47,12,11
"2011","Tendring 005D","E01022052",600,477,260,217,0,59,37,22,56,51,5,8
"2011","Tendring 006A","E01021985",660,549,408,141,3,6,1,5,92,87,5,10
"2011","Tendring 006B","E01021986",726,558,430,128,1,7,5,2,144,132,12,16
"2011","Tendring 006C","E01022054",629,439,282,157,1,56,52,4,118,109,9,15
"2011","Tendring 006D","E01022055",642,406,312,94,0,153,53,100,72,63,9,11
"2011","Tendring 006E","E01022056",766,417,236,181,2,48,36,12,286,264,22,13
"2011","Tendring 007A","E01021973",471,436,245,191,0,7,5,2,22,19,3,6
"2011","Tendring 007B","E01021974",483,343,180,163,2,57,46,11,63,51,12,18
"2011","Tendring 007C","E01022016",839,742,537,205,8,9,8,1,71,61,10,9
"2011","Tendring 007D","E01022017",575,500,262,238,0,9,6,3,58,51,7,8
"2011","Tendring 007E","E01022018",624,485,279,206,3,85,76,9,44,28,16,7
"2011","Tendring 008A","E01021987",593,490,369,121,2,26,22,4,70,67,3,5
"2011","Tendring 008B","E01021994",606,520,400,120,0,30,0,30,51,42,9,5
"2011","Tendring 008C","E01021995",634,576,402,174,0,3,0,3,50,44,6,5
"2011","Tendring 008D","E01021996",615,470,315,155,5,51,37,14,83,73,10,6
"2011","Tendring 008E","E01022009",640,555,362,193,2,5,3,2,69,64,5,9
"2011","Tendring 008F","E01022010",704,608,381,227,1,5,4,1,83,78,5,7
"2011","Tendring 008G","E01022011",742,601,335,266,2,54,43,11,74,62,12,11
"2011","Tendring 008H","E01022012",1001,799,617,182,0,84,6,78,106,96,10,12
"2011","Tendring 009A","E01021967",836,723,410,313,0,37,34,3,65,59,6,11
"2011","Tendring 009B","E01021983",611,530,338,192,2,5,0,5,70,67,3,4
"2011","Tendring 009C","E01021993",944,787,447,340,1,62,49,13,82,71,11,12
"2011","Tendring 009D","E01022053",710,635,357,278,2,23,14,9,45,38,7,5
"2011","Tendring 010A","E01021984",1004,899,604,295,3,17,0,17,73,54,19,12
"2011","Tendring 010B","E01022039",657,430,234,196,4,124,2,122,90,76,14,9
"2011","Tendring 010C","E01022040",816,710,480,230,2,34,0,34,59,47,12,11
"2011","Tendring 010D","E01022041",711,616,419,197,1,11,0,11,72,64,8,11
"2011","Tendring 011A","E01021979",624,451,248,203,2,113,106,7,49,44,5,9
"2011","Tendring 011B","E01021980",770,624,350,274,4,46,3,43,87,74,13,9
"2011","Tendring 011C","E01021981",793,619,352,267,4,35,10,25,129,122,7,6
"2011","Tendring 011D","E01021982",830,522,241,281,0,31,21,10,272,257,15,5
"2011","Tendring 011E","E01022046",686,590,384,206,0,3,3,0,85,78,7,8
"2011","Tendring 012A","E01022008",1002,879,648,231,2,30,13,17,84,75,9,7
"2011","Tendring 012B","E01022033",733,674,492,182,2,3,1,2,49,45,4,5
"2011","Tendring 012C","E01022034",772,647,469,178,0,8,2,6,109,104,5,8
"2011","Tendring 012D","E01022035",698,619,444,175,4,10,8,2,58,51,7,7
"2011","Tendring 013A","E01021975",644,451,254,197,9,81,4,77,99,87,12,4
"2011","Tendring 013B","E01021976",613,526,310,216,4,5,0,5,73,62,11,5
"2011","Tendring 013C","E01021977",710,583,337,246,3,29,5,24,90,82,8,5
"2011","Tendring 013D","E01022022",602,457,214,243,3,27,7,20,112,99,13,3
"2011","Tendring 013E","E01022044",743,585,383,202,0,83,59,24,63,54,9,12
"2011","Tendring 014A","E01022042",687,401,224,177,8,99,44,55,170,161,9,9
"2011","Tendring 014B","E01022043",751,423,190,233,3,58,39,19,261,245,16,6
"2011","Tendring 014C","E01022048",705,563,401,162,2,7,2,5,129,119,10,4
"2011","Tendring 014D","E01022049",618,483,300,183,0,14,4,10,118,105,13,3
"2011","Tendring 014E","E01022050",870,607,413,194,1,91,0,91,161,145,16,10
"2011","Tendring 015A","E01022023",645,465,244,221,3,33,9,24,140,126,14,4
"2011","Tendring 015B","E01022024",642,408,175,233,4,127,17,110,96,85,11,7
"2011","Tendring 015C","E01022030",759,418,288,130,2,251,225,26,71,67,4,17
"2011","Tendring 015D","E01022031",577,172,63,109,1,293,239,54,94,87,7,17
"2011","Tendring 015E","E01022032",715,440,257,183,5,162,23,139,103,93,10,5
"2011","Tendring 016A","E01021970",825,338,151,187,13,207,94,113,255,238,17,12
"2011","Tendring 016B","E01022025",776,330,243,87,5,41,0,41,396,380,16,4
"2011","Tendring 016C","E01022026",630,289,114,175,6,41,29,12,288,276,12,6
"2011","Tendring 016D","E01022027",788,412,240,172,1,13,4,9,346,333,13,16
"2011","Tendring 017A","E01021968",729,447,212,235,3,67,32,35,200,180,20,12
"2011","Tendring 017B","E01021969",587,399,206,193,2,42,31,11,138,133,5,6
"2011","Tendring 017C","E01022036",571,474,291,183,1,6,3,3,84,80,4,6
"2011","Tendring 017D","E01022037",622,495,357,138,3,11,4,7,107,100,7,6
"2011","Tendring 017E","E01022038",632,459,295,164,7,98,43,55,61,53,8,7
"2011","Tendring 018A","E01021988",1029,477,356,121,0,33,6,27,502,471,31,17
"2011","Tendring 018B","E01021989",757,681,531,150,4,7,2,5,53,49,4,12
"2011","Tendring 018C","E01021990",842,679,491,188,0,5,1,4,146,131,15,12
"2011","Tendring 018D","E01022045",681,406,249,157,6,172,60,112,86,73,13,11
"2011","Tendring 018E","E01022047",578,482,305,177,4,11,7,4,75,63,12,6
"2011","Uttlesford 001A","E01022057",674,503,247,256,18,76,51,25,59,55,4,18
"2011","Uttlesford 001B","E01022075",715,588,323,265,8,8,5,3,97,88,9,14
"2011","Uttlesford 001C","E01022077",637,503,259,244,3,40,38,2,84,77,7,7
"2011","Uttlesford 001D","E01022094",679,524,249,275,3,60,57,3,78,69,9,14
"2011","Uttlesford 002A","E01022074",584,347,174,173,3,185,118,67,44,40,4,5
"2011","Uttlesford 002B","E01022076",939,538,345,193,4,192,47,145,186,158,28,19
"2011","Uttlesford 002C","E01022078",622,307,140,167,1,240,138,102,66,58,8,8
"2011","Uttlesford 002D","E01022079",750,494,265,229,17,104,64,40,123,112,11,12
"2011","Uttlesford 002E","E01022080",633,474,152,322,3,39,20,19,111,106,5,6
"2011","Uttlesford 002F","E01022081",963,658,334,324,17,173,107,66,101,94,7,14
"2011","Uttlesford 002G","E01022082",667,504,242,262,8,61,36,25,84,70,14,10
"2011","Uttlesford 003A","E01022061",568,457,274,183,7,60,47,13,38,36,2,6
"2011","Uttlesford 003B","E01022071",652,462,244,218,4,63,53,10,110,96,14,13
"2011","Uttlesford 003C","E01022072",733,567,286,281,12,64,49,15,73,67,6,17
"2011","Uttlesford 003D","E01022073",628,451,229,222,2,123,97,26,47,45,2,5
"2011","Uttlesford 003E","E01022098",609,477,249,228,1,63,54,9,52,46,6,16
"2011","Uttlesford 004A","E01022092",716,541,292,249,1,32,16,16,128,109,19,14
"2011","Uttlesford 004B","E01022093",719,448,214,234,21,186,140,46,50,37,13,14
"2011","Uttlesford 004C","E01022097",713,541,289,252,3,78,61,17,78,67,11,13
"2011","Uttlesford 004D","E01022099",785,481,250,231,7,76,57,19,214,68,146,7
"2011","Uttlesford 005A","E01022062",786,667,320,347,2,31,17,14,68,59,9,18
"2011","Uttlesford 005B","E01022063",622,471,199,272,6,88,57,31,51,48,3,6
"2011","Uttlesford 005C","E01022083",684,553,259,294,2,44,41,3,74,68,6,11
"2011","Uttlesford 005D","E01022084",610,546,284,262,0,6,3,3,53,45,8,5
"2011","Uttlesford 005E","E01022085",691,478,174,304,1,43,36,7,163,156,7,6
"2011","Uttlesford 005F","E01022087",715,517,176,341,4,93,48,45,91,87,4,10
"2011","Uttlesford 005G","E01022089",603,427,197,230,0,69,57,12,93,85,8,14
"2011","Uttlesford 006A","E01022086",524,270,96,174,0,186,130,56,58,50,8,10
"2011","Uttlesford 006B","E01022090",923,588,210,378,18,124,89,35,183,174,9,10
"2011","Uttlesford 006C","E01022091",910,661,335,326,40,78,15,63,120,109,11,11
"2011","Uttlesford 006D","E01022095",602,422,205,217,2,59,45,14,106,102,4,13
"2011","Uttlesford 007B","E01022067",926,485,216,269,22,156,91,65,250,242,8,13
"2011","Uttlesford 007C","E01022068",618,447,194,253,4,103,59,44,60,53,7,4
"2011","Uttlesford 007D","E01033054",468,242,98,144,36,150,53,97,35,32,3,5
"2011","Uttlesford 007E","E01033055",542,473,182,291,0,14,11,3,52,48,4,3
"2011","Uttlesford 007F","E01033056",521,338,170,168,2,116,108,8,58,56,2,7
"2011","Uttlesford 008A","E01022058",636,491,237,254,7,63,58,5,64,56,8,11
"2011","Uttlesford 008B","E01022064",676,576,324,252,1,25,23,2,64,57,7,10
"2011","Uttlesford 008D","E01022069",661,493,268,225,1,53,17,36,106,100,6,8
"2011","Uttlesford 008E","E01022088",609,491,281,210,0,52,48,4,55,53,2,11
"2011","Uttlesford 008F","E01033052",621,397,177,220,1,123,106,17,82,73,9,18
"2011","Uttlesford 008G","E01033053",622,471,61,410,11,44,9,35,92,80,12,4
"2011","Uttlesford 009A","E01022059",622,441,223,218,6,53,46,7,108,99,9,14
"2011","Uttlesford 009B","E01022060",696,560,241,319,1,62,59,3,60,51,9,13
"2011","Uttlesford 009C","E01022070",712,507,245,262,8,117,101,16,61,55,6,19
"2011","Uttlesford 009D","E01022096",730,548,239,309,3,86,78,8,78,72,6,15
"2011","Broxbourne 001A","E01023316",512,482,231,251,1,9,3,6,19,17,2,1
"2011","Broxbourne 001B","E01023317",906,703,285,418,12,73,9,64,106,98,8,12
"2011","Broxbourne 001C","E01023318",597,540,259,281,4,11,0,11,42,39,3,0
"2011","Broxbourne 001D","E01023319",633,574,350,224,0,35,1,34,20,16,4,4
"2011","Broxbourne 002A","E01023327",551,409,170,239,6,68,2,66,62,58,4,6
"2011","Broxbourne 002B","E01023328",509,387,125,262,4,67,9,58,48,47,1,3
"2011","Broxbourne 002C","E01023329",502,413,206,207,1,66,21,45,22,20,2,0
"2011","Broxbourne 002D","E01023330",607,403,140,263,7,105,11,94,84,78,6,8
"2011","Broxbourne 002E","E01023331",598,432,161,271,1,115,21,94,49,46,3,1
"2011","Broxbourne 003A","E01023320",982,598,297,301,16,98,11,87,264,246,18,6
"2011","Broxbourne 003B","E01023321",842,696,384,312,0,51,8,43,86,76,10,9
"2011","Broxbourne 003C","E01023322",745,520,171,349,1,93,14,79,118,107,11,13
"2011","Broxbourne 003D","E01023323",798,332,143,189,2,321,34,287,134,125,9,9
"2011","Broxbourne 004A","E01023289",525,504,252,252,0,6,1,5,12,11,1,3
"2011","Broxbourne 004B","E01023290",632,542,315,227,0,47,9,38,43,43,0,0
"2011","Broxbourne 004C","E01023291",612,535,296,239,0,11,0,11,62,56,6,4
"2011","Broxbourne 004D","E01023292",629,546,299,247,1,9,0,9,66,64,2,7
"2011","Broxbourne 005A","E01023340",722,530,215,315,2,65,11,54,121,112,9,4
"2011","Broxbourne 005B","E01023341",719,581,276,305,3,70,9,61,56,52,4,9
"2011","Broxbourne 005C","E01023342",1109,625,180,445,36,243,31,212,194,184,10,11
"2011","Broxbourne 005D","E01023343",728,333,91,242,7,329,49,280,54,48,6,5
"2011","Broxbourne 005E","E01023344",762,589,225,364,17,63,15,48,89,82,7,4
"2011","Broxbourne 006A","E01023307",539,478,200,278,6,28,4,24,21,19,2,6
"2011","Broxbourne 006B","E01023308",632,590,281,309,2,12,3,9,27,23,4,1
"2011","Broxbourne 006C","E01023309",621,592,275,317,0,1,1,0,24,23,1,4
"2011","Broxbourne 006D","E01023310",881,434,128,306,4,261,187,74,176,166,10,6
"2011","Broxbourne 007A","E01023311",653,542,269,273,4,38,9,29,59,57,2,10
"2011","Broxbourne 007B","E01023312",576,469,173,296,53,20,2,18,26,24,2,8
"2011","Broxbourne 007C","E01023313",630,596,339,257,0,15,2,13,15,15,0,4
"2011","Broxbourne 007D","E01023315",627,535,141,394,10,34,1,33,45,40,5,3
"2011","Broxbourne 008A","E01023302",685,412,222,190,1,224,49,175,44,42,2,4
"2011","Broxbourne 008B","E01023303",618,419,147,272,0,121,21,100,75,72,3,3
"2011","Broxbourne 008C","E01023304",638,470,226,244,1,116,20,96,48,44,4,3
"2011","Broxbourne 008D","E01023305",504,432,163,269,1,18,5,13,50,46,4,3
"2011","Broxbourne 008E","E01023306",619,509,225,284,3,58,10,48,49,45,4,0
"2011","Broxbourne 009A","E01023314",510,434,193,241,2,43,9,34,30,29,1,1
"2011","Broxbourne 009B","E01023324",519,395,148,247,38,62,11,51,20,18,2,4
"2011","Broxbourne 009C","E01023325",620,486,201,285,20,64,13,51,47,43,4,3
"2011","Broxbourne 009D","E01023326",666,405,178,227,5,190,26,164,58,57,1,8
"2011","Broxbourne 010A","E01023297",507,460,198,262,1,8,1,7,35,33,2,3
"2011","Broxbourne 010B","E01023298",651,569,333,236,4,33,1,32,44,41,3,1
"2011","Broxbourne 010C","E01023299",671,559,259,300,1,20,7,13,87,86,1,4
"2011","Broxbourne 010D","E01023300",632,346,137,209,4,162,8,154,107,98,9,13
"2011","Broxbourne 010E","E01023301",683,402,155,247,0,106,17,89,170,160,10,5
"2011","Broxbourne 011A","E01023293",661,545,264,281,0,78,13,65,29,26,3,9
"2011","Broxbourne 011B","E01023294",712,364,157,207,1,293,51,242,47,40,7,7
"2011","Broxbourne 011C","E01023295",567,401,181,220,13,115,23,92,36,31,5,2
"2011","Broxbourne 011D","E01023296",636,425,152,273,0,175,30,145,36,32,4,0
"2011","Broxbourne 012A","E01023332",888,666,378,288,21,46,7,39,150,146,4,5
"2011","Broxbourne 012B","E01023333",786,439,170,269,1,174,65,109,165,155,10,7
"2011","Broxbourne 012C","E01023334",688,602,347,255,3,8,1,7,67,61,6,8
"2011","Broxbourne 012D","E01023335",655,581,299,282,0,12,3,9,58,58,0,4
"2011","Broxbourne 013A","E01023336",821,479,153,326,41,114,57,57,180,173,7,7
"2011","Broxbourne 013B","E01023337",650,441,209,232,4,64,21,43,132,123,9,9
"2011","Broxbourne 013C","E01023338",1098,444,190,254,32,391,68,323,227,220,7,4
"2011","Broxbourne 013D","E01023339",594,265,100,165,21,238,91,147,64,63,1,6
"2011","Dacorum 001A","E01023430",490,388,191,197,1,42,35,7,49,44,5,10
"2011","Dacorum 001B","E01023431",502,337,161,176,2,79,67,12,69,62,7,15
"2011","Dacorum 001C","E01023432",579,454,178,276,0,65,62,3,57,56,1,3
"2011","Dacorum 001D","E01023433",676,393,135,258,4,168,159,9,104,97,7,7
"2011","Dacorum 002A","E01023423",549,472,245,227,1,42,42,0,29,29,0,5
"2011","Dacorum 002B","E01023424",564,436,190,246,5,65,62,3,55,45,10,3
"2011","Dacorum 002C","E01023425",522,445,230,215,2,27,25,2,45,38,7,3
"2011","Dacorum 002D","E01023426",715,449,198,251,2,77,54,23,174,163,11,13
"2011","Dacorum 003A","E01023418",628,307,111,196,2,282,271,11,33,26,7,4
"2011","Dacorum 003B","E01023419",830,609,215,394,4,101,83,18,109,90,19,7
"2011","Dacorum 003C","E01023420",611,496,251,245,1,45,34,11,64,59,5,5
"2011","Dacorum 004A","E01023352",1015,790,438,352,4,112,93,19,96,82,14,13
"2011","Dacorum 004B","E01023421",642,494,234,260,0,58,39,19,87,83,4,3
"2011","Dacorum 004C","E01023422",484,443,262,181,0,5,4,1,33,29,4,3
"2011","Dacorum 005A","E01023434",663,425,137,288,5,105,95,10,125,119,6,3
"2011","Dacorum 005B","E01023435",690,428,123,305,2,34,10,24,226,216,10,0
"2011","Dacorum 005C","E01023436",483,413,171,242,1,17,2,15,52,47,5,0
"2011","Dacorum 005D","E01023437",680,217,54,163,5,326,53,273,131,127,4,1
"2011","Dacorum 006A","E01023355",620,500,284,216,0,67,63,4,46,43,3,7
"2011","Dacorum 006B","E01023356",457,349,205,144,0,56,48,8,37,28,9,15
"2011","Dacorum 006C","E01023416",652,543,343,200,6,14,6,8,82,75,7,7
"2011","Dacorum 006D","E01023417",665,447,249,198,2,130,67,63,79,75,4,7
"2011","Dacorum 007A","E01023393",884,339,121,218,1,412,337,75,123,114,9,9
"2011","Dacorum 007B","E01023394",506,343,124,219,2,107,77,30,52,47,5,2
"2011","Dacorum 007C","E01023395",628,337,104,233,1,211,174,37,76,71,5,3
"2011","Dacorum 007D","E01023396",594,407,153,254,2,135,123,12,49,45,4,1
"2011","Dacorum 007E","E01023397",518,181,47,134,4,298,71,227,32,30,2,3
"2011","Dacorum 008A","E01023401",720,245,73,172,48,358,220,138,65,60,5,4
"2011","Dacorum 008B","E01023402",654,351,152,199,3,218,184,34,77,72,5,5
"2011","Dacorum 008C","E01023403",670,308,145,163,21,261,214,47,75,70,5,5
"2011","Dacorum 008D","E01023404",529,125,32,93,0,357,279,78,39,34,5,8
"2011","Dacorum 008E","E01023405",621,208,87,121,1,343,323,20,59,56,3,10
"2011","Dacorum 009A","E01023361",924,513,226,287,3,103,32,71,285,246,39,20
"2011","Dacorum 009B","E01023362",790,679,409,270,0,5,1,4,100,94,6,6
"2011","Dacorum 009C","E01023363",629,554,240,314,0,7,2,5,66,60,6,2
"2011","Dacorum 009D","E01023364",509,462,254,208,1,5,2,3,35,33,2,6
"2011","Dacorum 010A","E01023390",874,514,200,314,1,264,257,7,88,75,13,7
"2011","Dacorum 010B","E01023391",693,486,193,293,1,128,99,29,75,73,2,3
"2011","Dacorum 010C","E01023399",848,454,180,274,0,215,176,39,170,156,14,9
"2011","Dacorum 011A","E01023392",633,342,127,215,5,236,194,42,44,35,9,6
"2011","Dacorum 011B","E01023427",649,361,125,236,3,246,239,7,32,29,3,7
"2011","Dacorum 011C","E01023428",625,476,188,288,1,43,42,1,104,98,6,1
"2011","Dacorum 011D","E01023429",800,334,141,193,1,403,386,17,54,49,5,8
"2011","Dacorum 012A","E01023369",622,271,112,159,1,311,301,10,34,32,2,5
"2011","Dacorum 012B","E01023370",726,474,188,286,26,112,63,49,106,95,11,8
"2011","Dacorum 012C","E01023371",514,424,220,204,0,71,65,6,17,16,1,2
"2011","Dacorum 012D","E01023372",539,495,267,228,1,14,14,0,26,25,1,3
"2011","Dacorum 013A","E01023345",651,423,163,260,2,119,113,6,103,97,6,4
"2011","Dacorum 013B","E01023346",534,304,152,152,34,148,132,16,42,39,3,6
"2011","Dacorum 013C","E01023347",514,357,195,162,1,115,111,4,32,29,3,9
"2011","Dacorum 013D","E01023348",688,213,88,125,3,392,370,22,72,63,9,8
"2011","Dacorum 014A","E01023365",566,349,163,186,1,81,75,6,129,121,8,6
"2011","Dacorum 014B","E01023366",645,344,145,199,5,233,226,7,60,58,2,3
"2011","Dacorum 014C","E01023367",405,384,199,185,0,7,7,0,12,11,1,2
"2011","Dacorum 014D","E01023368",677,529,238,291,0,29,18,11,113,109,4,6
"2011","Dacorum 015A","E01023349",780,359,139,220,7,346,300,46,61,53,8,7
"2011","Dacorum 015B","E01023350",661,322,125,197,3,290,282,8,35,34,1,11
"2011","Dacorum 015C","E01023351",663,465,208,257,1,112,102,10,81,75,6,4
"2011","Dacorum 015D","E01023398",1077,570,204,366,50,149,50,99,296,287,9,12
"2011","Dacorum 015E","E01023400",878,437,193,244,7,279,107,172,141,131,10,14
"2011","Dacorum 016A","E01023383",597,408,158,250,1,126,124,2,62,59,3,0
"2011","Dacorum 016B","E01023384",780,410,153,257,1,284,278,6,74,63,11,11
"2011","Dacorum 016C","E01023385",687,472,229,243,0,172,164,8,37,34,3,6
"2011","Dacorum 017A","E01023409",633,418,212,206,0,137,130,7,72,70,2,6
"2011","Dacorum 017B","E01023410",540,479,296,183,1,39,37,2,17,16,1,4
"2011","Dacorum 017C","E01023411",594,383,159,224,2,158,140,18,46,36,10,5
"2011","Dacorum 017D","E01023412",498,467,282,185,1,18,16,2,8,7,1,4
"2011","Dacorum 017E","E01023413",536,324,119,205,1,170,138,32,39,36,3,2
"2011","Dacorum 018B","E01023354",691,544,224,320,4,29,19,10,113,102,11,1
"2011","Dacorum 018C","E01023379",675,525,237,288,0,55,24,31,84,80,4,11
"2011","Dacorum 018D","E01023380",481,411,174,237,2,22,19,3,46,42,4,0
"2011","Dacorum 018E","E01023381",516,468,279,189,1,14,10,4,29,26,3,4
"2011","Dacorum 018F","E01023382",678,424,202,222,0,169,108,61,76,68,8,9
"2011","Dacorum 018G","E01033022",663,326,76,250,11,66,7,59,256,238,18,4
"2011","Dacorum 018H","E01033023",736,387,117,270,3,137,124,13,207,198,9,2
"2011","Dacorum 019A","E01023386",608,291,111,180,1,243,208,35,72,63,9,1
"2011","Dacorum 019B","E01023387",502,258,92,166,8,194,74,120,35,30,5,7
"2011","Dacorum 019C","E01023388",652,433,188,245,1,118,88,30,95,89,6,5
"2011","Dacorum 019D","E01023389",659,523,227,296,3,74,64,10,56,51,5,3
"2011","Dacorum 020A","E01023357",675,320,122,198,1,309,288,21,41,36,5,4
"2011","Dacorum 020B","E01023358",521,243,93,150,0,209,202,7,62,55,7,7
"2011","Dacorum 020C","E01023359",670,364,120,244,13,252,217,35,37,28,9,4
"2011","Dacorum 020D","E01023360",543,390,149,241,6,105,54,51,41,39,2,1
"2011","Dacorum 020E","E01023414",595,341,113,228,3,161,134,27,83,79,4,7
"2011","Dacorum 020F","E01023415",537,419,215,204,1,86,76,10,25,22,3,6
"2011","Dacorum 021A","E01023373",505,370,165,205,1,76,53,23,56,52,4,2
"2011","Dacorum 021B","E01023374",612,476,239,237,1,26,22,4,102,94,8,7
"2011","Dacorum 021C","E01023375",641,507,278,229,2,89,77,12,34,30,4,9
"2011","Dacorum 021D","E01023376",534,344,150,194,6,112,80,32,68,67,1,4
"2011","Dacorum 021E","E01023377",499,457,269,188,2,5,3,2,28,21,7,7
"2011","Dacorum 021F","E01023378",590,531,288,243,1,8,8,0,46,42,4,4
"2011","Dacorum 022A","E01023406",872,563,270,293,4,188,171,17,108,100,8,9
"2011","Dacorum 022B","E01023407",640,497,240,257,1,84,78,6,55,48,7,3
"2011","Dacorum 022C","E01023408",623,530,287,243,0,30,30,0,55,40,15,8
"2011","East Hertfordshire 001A","E01023462",524,386,176,210,1,80,18,62,44,41,3,13
"2011","East Hertfordshire 001B","E01023464",806,739,359,380,0,17,1,16,41,40,1,9
"2011","East Hertfordshire 001C","E01023465",559,464,223,241,1,42,5,37,41,34,7,11
"2011","East Hertfordshire 001D","E01023466",764,521,268,253,2,138,27,111,94,89,5,9
"2011","East Hertfordshire 002A","E01023467",975,739,420,319,6,149,27,122,60,51,9,21
"2011","East Hertfordshire 002B","E01023494",481,320,175,145,4,88,17,71,55,42,13,14
"2011","East Hertfordshire 002C","E01023495",498,372,179,193,2,65,14,51,41,38,3,18
"2011","East Hertfordshire 002D","E01023508",578,412,191,221,1,80,18,62,76,69,7,9
"2011","East Hertfordshire 002E","E01023509",552,390,176,214,5,99,18,81,47,40,7,11
"2011","East Hertfordshire 003A","E01023452",482,404,123,281,30,20,4,16,27,25,2,1
"2011","East Hertfordshire 003B","E01023453",538,428,208,220,4,12,6,6,76,63,13,18
"2011","East Hertfordshire 003C","E01023454",504,441,182,259,13,6,3,3,42,42,0,2
"2011","East Hertfordshire 003D","E01023455",538,430,204,226,11,23,3,20,65,59,6,9
"2011","East Hertfordshire 003E","E01023463",497,367,202,165,1,69,10,59,52,49,3,8
"2011","East Hertfordshire 003F","E01023493",933,712,321,391,8,108,19,89,87,77,10,18
"2011","East Hertfordshire 004A","E01023449",669,556,291,265,1,5,0,5,101,96,5,6
"2011","East Hertfordshire 004B","E01023450",989,469,208,261,25,172,9,163,314,298,16,9
"2011","East Hertfordshire 004C","E01023451",929,785,412,373,10,14,3,11,108,100,8,12
"2011","East Hertfordshire 005A","E01023438",583,404,178,226,7,71,20,51,95,92,3,6
"2011","East Hertfordshire 005B","E01023439",504,350,155,195,1,94,17,77,55,52,3,4
"2011","East Hertfordshire 005C","E01023440",647,589,349,240,17,14,2,12,21,20,1,6
"2011","East Hertfordshire 005D","E01023441",491,321,128,193,2,23,7,16,136,120,16,9
"2011","East Hertfordshire 005E","E01023442",798,485,186,299,23,128,23,105,155,150,5,7
"2011","East Hertfordshire 006A","E01023498",1103,808,321,487,1,176,23,153,102,97,5,16
"2011","East Hertfordshire 006B","E01023506",578,427,225,202,4,87,16,71,46,35,11,14
"2011","East Hertfordshire 006C","E01023507",627,514,226,288,0,30,1,29,64,55,9,19
"2011","East Hertfordshire 007A","E01023443",647,478,177,301,7,79,12,67,78,73,5,5
"2011","East Hertfordshire 007B","E01023444",681,480,202,278,7,31,1,30,159,154,5,4
"2011","East Hertfordshire 007C","E01023445",701,427,181,246,14,200,36,164,51,47,4,9
"2011","East Hertfordshire 007D","E01023446",1135,492,185,307,27,190,24,166,414,396,18,12
"2011","East Hertfordshire 007E","E01023447",484,141,52,89,11,305,34,271,18,16,2,9
"2011","East Hertfordshire 007F","E01023448",585,443,153,290,2,75,5,70,63,57,6,2
"2011","East Hertfordshire 008A","E01023456",511,469,156,313,1,3,0,3,37,35,2,1
"2011","East Hertfordshire 008B","E01023457",610,508,199,309,4,6,2,4,88,80,8,4
"2011","East Hertfordshire 008C","E01023458",520,403,176,227,2,32,8,24,80,78,2,3
"2011","East Hertfordshire 008D","E01023459",518,475,195,280,1,1,1,0,39,36,3,2
"2011","East Hertfordshire 008E","E01023460",548,505,212,293,0,2,0,2,37,32,5,4
"2011","East Hertfordshire 008F","E01023461",515,481,146,335,6,6,1,5,22,19,3,0
"2011","East Hertfordshire 009A","E01023491",528,343,173,170,1,90,14,76,82,78,4,12
"2011","East Hertfordshire 009B","E01023492",586,417,190,227,2,107,20,87,43,40,3,17
"2011","East Hertfordshire 009C","E01023496",442,301,148,153,1,65,15,50,65,53,12,10
"2011","East Hertfordshire 009D","E01023497",648,436,231,205,4,121,23,98,70,64,6,17
"2011","East Hertfordshire 010A","E01023485",954,697,354,343,2,115,16,99,129,122,7,11
"2011","East Hertfordshire 010B","E01023486",989,774,427,347,2,106,11,95,88,80,8,19
"2011","East Hertfordshire 010E","E01033609",971,656,286,370,9,146,22,124,149,143,6,11
"2011","East Hertfordshire 011A","E01023499",755,453,192,261,9,220,57,163,59,51,8,14
"2011","East Hertfordshire 011B","E01023500",615,584,326,258,0,6,1,5,22,19,3,3
"2011","East Hertfordshire 011C","E01023501",679,575,256,319,4,33,7,26,65,60,5,2
"2011","East Hertfordshire 011D","E01023502",799,544,253,291,5,11,1,10,227,219,8,12
"2011","East Hertfordshire 011E","E01023503",739,598,331,267,10,28,7,21,100,98,2,3
"2011","East Hertfordshire 012A","E01023512",834,573,226,347,11,65,12,53,174,165,9,11
"2011","East Hertfordshire 012B","E01023513",590,415,215,200,2,137,26,111,29,27,2,7
"2011","East Hertfordshire 012C","E01023514",907,517,236,281,2,129,21,108,248,233,15,11
"2011","East Hertfordshire 012D","E01023518",705,452,203,249,7,207,42,165,34,32,2,5
"2011","East Hertfordshire 012E","E01023519",668,452,151,301,2,162,28,134,47,43,4,5
"2011","East Hertfordshire 012F","E01023520",664,577,280,297,3,13,4,9,68,64,4,3
"2011","East Hertfordshire 013A","E01023510",605,489,261,228,15,40,7,33,54,50,4,7
"2011","East Hertfordshire 013B","E01023511",815,373,125,248,14,178,17,161,243,228,15,7
"2011","East Hertfordshire 013C","E01023515",670,540,177,363,3,4,0,4,119,114,5,4
"2011","East Hertfordshire 013D","E01023516",874,761,330,431,2,16,2,14,93,84,9,2
"2011","East Hertfordshire 013E","E01023517",679,424,189,235,3,153,27,126,91,88,3,8
"2011","East Hertfordshire 014A","E01023470",906,568,215,353,2,70,4,66,253,241,12,13
"2011","East Hertfordshire 014B","E01023471",536,468,244,224,1,12,2,10,53,49,4,2
"2011","East Hertfordshire 014C","E01023472",606,304,123,181,0,243,28,215,49,42,7,10
"2011","East Hertfordshire 014D","E01023473",598,550,342,208,1,3,2,1,40,39,1,4
"2011","East Hertfordshire 014E","E01023474",624,558,242,316,1,6,1,5,57,52,5,2
"2011","East Hertfordshire 015A","E01023487",624,305,122,183,2,276,47,229,31,27,4,10
"2011","East Hertfordshire 015B","E01023488",706,281,112,169,14,344,39,305,56,51,5,11
"2011","East Hertfordshire 015C","E01023489",641,521,233,288,3,35,9,26,74,70,4,8
"2011","East Hertfordshire 015D","E01023490",478,364,159,205,1,91,18,73,16,16,0,6
"2011","East Hertfordshire 016A","E01023482",751,653,165,488,1,18,1,17,77,74,3,2
"2011","East Hertfordshire 016B","E01023483",740,588,228,360,2,60,14,46,82,76,6,8
"2011","East Hertfordshire 016C","E01023484",638,394,111,283,22,154,18,136,65,60,5,3
"2011","East Hertfordshire 017A","E01023475",623,328,126,202,2,223,26,197,60,48,12,10
"2011","East Hertfordshire 017B","E01023476",599,516,301,215,12,28,4,24,38,33,5,5
"2011","East Hertfordshire 017C","E01023477",922,642,216,426,11,51,7,44,210,202,8,8
"2011","East Hertfordshire 017D","E01023478",961,485,196,289,20,129,12,117,308,290,18,19
"2011","East Hertfordshire 017E","E01023479",705,523,224,299,7,41,8,33,123,113,10,11
"2011","East Hertfordshire 018A","E01023468",532,440,187,253,7,15,2,13,66,62,4,4
"2011","East Hertfordshire 018B","E01023469",606,359,167,192,1,182,20,162,57,55,2,7
"2011","East Hertfordshire 018C","E01023480",675,498,274,224,0,126,21,105,45,37,8,6
"2011","East Hertfordshire 018D","E01023481",480,330,156,174,2,17,2,15,64,44,20,67
"2011","East Hertfordshire 018E","E01023504",574,339,156,183,2,141,28,113,75,64,11,17
"2011","East Hertfordshire 018F","E01023505",734,565,207,358,19,28,1,27,117,109,8,5
"2011","Hertsmere 001A","E01023576",599,518,334,184,2,9,4,5,61,53,8,9
"2011","Hertsmere 001B","E01023577",719,638,409,229,5,8,0,8,62,58,4,6
"2011","Hertsmere 001C","E01023578",651,584,383,201,1,2,0,2,56,54,2,8
"2011","Hertsmere 001D","E01023579",586,363,193,170,1,41,1,40,174,162,12,7
"2011","Hertsmere 001E","E01023580",708,511,275,236,0,58,0,58,131,124,7,8
"2011","Hertsmere 002A","E01023567",743,689,321,368,2,16,0,16,31,28,3,5
"2011","Hertsmere 002B","E01023568",634,587,362,225,2,16,0,16,24,20,4,5
"2011","Hertsmere 002C","E01023569",601,438,210,228,2,100,1,99,57,51,6,4
"2011","Hertsmere 002D","E01023570",610,331,126,205,7,180,5,175,84,77,7,8
"2011","Hertsmere 003A","E01023571",597,536,310,226,1,18,2,16,41,38,3,1
"2011","Hertsmere 003B","E01023572",618,465,227,238,5,82,12,70,62,56,6,4
"2011","Hertsmere 003C","E01023573",524,240,94,146,5,216,109,107,60,54,6,3
"2011","Hertsmere 003D","E01023574",654,328,136,192,7,261,17,244,52,50,2,6
"2011","Hertsmere 003E","E01023575",647,449,202,247,2,127,17,110,61,53,8,8
"2011","Hertsmere 004A","E01023581",488,429,128,301,0,17,1,16,39,39,0,3
"2011","Hertsmere 004B","E01023582",617,389,143,246,33,142,6,136,48,47,1,5
"2011","Hertsmere 004C","E01023583",563,334,136,198,1,148,31,117,63,57,6,17
"2011","Hertsmere 004D","E01023584",433,268,115,153,1,95,10,85,53,47,6,16
"2011","Hertsmere 005A","E01023523",613,559,267,292,1,4,0,4,45,42,3,4
"2011","Hertsmere 005B","E01023524",516,481,286,195,1,4,0,4,26,26,0,4
"2011","Hertsmere 005C","E01023525",748,496,281,215,2,59,1,58,181,175,6,10
"2011","Hertsmere 005D","E01023526",665,592,314,278,2,5,0,5,60,60,0,6
"2011","Hertsmere 005E","E01023527",601,353,159,194,10,180,10,170,45,42,3,13
"2011","Hertsmere 006A","E01023534",613,337,122,215,7,240,28,212,23,23,0,6
"2011","Hertsmere 006B","E01023535",667,373,130,243,4,220,26,194,62,58,4,8
"2011","Hertsmere 006C","E01023536",786,168,57,111,8,538,81,457,50,47,3,22
"2011","Hertsmere 006D","E01023537",645,356,141,215,7,242,30,212,37,34,3,3
"2011","Hertsmere 006E","E01023538",774,267,112,155,24,375,47,328,92,87,5,16
"2011","Hertsmere 007A","E01023529",559,327,116,211,5,170,15,155,51,48,3,6
"2011","Hertsmere 007B","E01023530",557,131,58,73,1,274,25,249,136,133,3,15
"2011","Hertsmere 007C","E01023531",779,480,179,301,15,160,9,151,116,111,5,8
"2011","Hertsmere 007D","E01023532",661,489,209,280,3,52,7,45,105,100,5,12
"2011","Hertsmere 007E","E01023533",617,336,121,215,6,208,29,179,60,58,2,7
"2011","Hertsmere 008A","E01023552",599,439,195,244,2,130,5,125,28,25,3,0
"2011","Hertsmere 008B","E01023553",584,444,184,260,14,18,4,14,100,95,5,8
"2011","Hertsmere 008C","E01023554",695,417,171,246,2,105,6,99,162,159,3,9
"2011","Hertsmere 008D","E01023555",713,388,198,190,25,169,14,155,120,111,9,11
"2011","Hertsmere 009A","E01023544",489,324,125,199,42,58,3,55,59,51,8,6
"2011","Hertsmere 009B","E01023545",580,319,95,224,23,114,5,109,119,113,6,5
"2011","Hertsmere 009C","E01023546",722,420,147,273,5,208,30,178,82,76,6,7
"2011","Hertsmere 009D","E01023547",695,309,128,181,17,313,34,279,48,43,5,8
"2011","Hertsmere 010A","E01023528",629,432,192,240,4,23,5,18,131,102,29,39
"2011","Hertsmere 010B","E01023564",641,416,147,269,11,89,7,82,115,112,3,10
"2011","Hertsmere 010C","E01023565",621,490,204,286,2,23,0,23,100,89,11,6
"2011","Hertsmere 010D","E01023566",514,487,233,254,0,3,0,3,19,17,2,5
"2011","Hertsmere 011A","E01023539",1163,624,208,416,68,110,8,102,352,342,10,9
"2011","Hertsmere 011B","E01023540",634,450,196,254,9,121,16,105,44,42,2,10
"2011","Hertsmere 011C","E01023541",712,535,198,337,19,90,9,81,61,55,6,7
"2011","Hertsmere 011D","E01023542",652,399,157,242,13,162,20,142,69,64,5,9
"2011","Hertsmere 011E","E01023543",577,301,121,180,8,212,22,190,52,50,2,4
"2011","Hertsmere 012A","E01023558",752,608,296,312,1,24,0,24,114,107,7,5
"2011","Hertsmere 012B","E01023559",586,478,236,242,6,17,3,14,82,80,2,3
"2011","Hertsmere 012C","E01023560",604,246,87,159,6,273,16,257,69,51,18,10
"2011","Hertsmere 012D","E01023561",641,422,195,227,3,117,7,110,89,77,12,10
"2011","Hertsmere 012E","E01023562",557,471,242,229,0,53,2,51,31,25,6,2
"2011","Hertsmere 012F","E01023563",634,492,234,258,3,30,1,29,101,95,6,8
"2011","Hertsmere 013A","E01023548",790,635,380,255,5,34,4,30,110,93,17,6
"2011","Hertsmere 013B","E01023549",782,607,348,259,6,22,1,21,137,121,16,10
"2011","Hertsmere 013C","E01023550",648,438,246,192,0,10,2,8,191,63,128,9
"2011","Hertsmere 013D","E01023551",542,503,256,247,0,3,0,3,28,23,5,8
"2011","Hertsmere 013E","E01023556",623,461,204,257,1,103,6,97,55,48,7,3
"2011","Hertsmere 013F","E01023557",606,500,210,290,3,31,2,29,65,59,6,7
"2011","North Hertfordshire 001A","E01023660",1047,654,308,346,2,157,53,104,219,207,12,15
"2011","North Hertfordshire 001B","E01023661",521,292,118,174,1,192,82,110,30,23,7,6
"2011","North Hertfordshire 001C","E01023662",607,463,134,329,2,42,9,33,99,94,5,1
"2011","North Hertfordshire 002A","E01023654",647,563,264,299,1,11,5,6,66,58,8,6
"2011","North Hertfordshire 002B","E01023655",623,509,272,237,1,61,24,37,50,45,5,2
"2011","North Hertfordshire 002C","E01023656",999,598,223,375,0,142,59,83,252,240,12,7
"2011","North Hertfordshire 002D","E01023657",1018,887,428,459,0,20,8,12,102,97,5,9
"2011","North Hertfordshire 002E","E01023658",638,453,229,224,0,140,68,72,40,34,6,5
"2011","North Hertfordshire 002F","E01023659",506,469,210,259,1,7,1,6,29,26,3,0
"2011","North Hertfordshire 003A","E01023635",616,366,173,193,1,208,85,123,36,28,8,5
"2011","North Hertfordshire 003B","E01023636",783,512,238,274,4,212,94,118,46,35,11,9
"2011","North Hertfordshire 003C","E01023637",870,308,124,184,4,503,196,307,44,39,5,11
"2011","North Hertfordshire 003D","E01023638",666,369,161,208,8,226,54,172,57,43,14,6
"2011","North Hertfordshire 004A","E01023587",497,402,144,258,1,6,3,3,83,79,4,5
"2011","North Hertfordshire 004B","E01023588",544,470,186,284,11,11,4,7,51,46,5,1
"2011","North Hertfordshire 004C","E01023589",800,473,249,224,6,127,37,90,190,175,15,4
"2011","North Hertfordshire 004D","E01023590",738,499,220,279,3,107,49,58,121,115,6,8
"2011","North Hertfordshire 004E","E01023591",627,524,281,243,6,37,12,25,55,46,9,5
"2011","North Hertfordshire 004F","E01023592",556,263,104,159,2,248,114,134,35,32,3,8
"2011","North Hertfordshire 004G","E01023593",613,325,136,189,29,201,87,114,44,37,7,14
"2011","North Hertfordshire 005A","E01023585",465,312,167,145,1,55,22,33,83,75,8,14
"2011","North Hertfordshire 005B","E01023586",646,479,257,222,4,76,25,51,80,71,9,7
"2011","North Hertfordshire 005C","E01023597",491,381,183,198,3,46,10,36,49,44,5,12
"2011","North Hertfordshire 005D","E01023598",549,346,198,148,6,100,42,58,71,56,15,26
"2011","North Hertfordshire 005F","E01023600",574,354,164,190,1,147,57,90,63,54,9,9
"2011","North Hertfordshire 005G","E01023663",839,557,294,263,3,117,53,64,142,127,15,20
"2011","North Hertfordshire 005H","E01033024",535,491,77,414,1,5,1,4,38,37,1,0
"2011","North Hertfordshire 005I","E01033025",519,412,66,346,6,35,3,32,66,65,1,0
"2011","North Hertfordshire 005J","E01033026",573,401,99,302,24,34,4,30,112,111,1,2
"2011","North Hertfordshire 005K","E01033027",605,358,53,305,61,88,10,78,94,88,6,4
"2011","North Hertfordshire 006A","E01023630",618,303,108,195,0,274,97,177,35,32,3,6
"2011","North Hertfordshire 006B","E01023631",712,315,120,195,2,324,28,296,68,60,8,3
"2011","North Hertfordshire 006C","E01023632",560,353,159,194,0,154,21,133,50,48,2,3
"2011","North Hertfordshire 006D","E01023633",616,279,99,180,0,181,20,161,146,137,9,10
"2011","North Hertfordshire 006E","E01023634",609,455,266,189,3,43,5,38,104,97,7,4
"2011","North Hertfordshire 007A","E01023649",641,391,169,222,4,78,10,68,163,157,6,5
"2011","North Hertfordshire 007B","E01023650",606,181,67,114,11,356,113,243,54,46,8,4
"2011","North Hertfordshire 007C","E01023651",483,359,176,183,0,60,23,37,56,53,3,8
"2011","North Hertfordshire 007D","E01023652",605,226,118,108,42,299,32,267,34,32,2,4
"2011","North Hertfordshire 008A","E01023644",717,505,324,181,5,102,10,92,88,81,7,17
"2011","North Hertfordshire 008B","E01023645",642,395,218,177,0,175,65,110,63,59,4,9
"2011","North Hertfordshire 008C","E01023646",507,205,79,126,0,276,99,177,25,22,3,1
"2011","North Hertfordshire 008D","E01023647",597,520,315,205,4,22,11,11,47,45,2,4
"2011","North Hertfordshire 008E","E01023648",470,385,237,148,1,24,8,16,57,49,8,3
"2011","North Hertfordshire 009A","E01023639",541,417,210,207,0,69,14,55,53,48,5,2
"2011","North Hertfordshire 009B","E01023640",560,225,90,135,2,295,130,165,35,30,5,3
"2011","North Hertfordshire 009C","E01023641",579,245,89,156,1,305,160,145,27,24,3,1
"2011","North Hertfordshire 009D","E01023642",497,469,282,187,2,15,8,7,10,10,0,1
"2011","North Hertfordshire 009E","E01023643",495,315,143,172,0,144,59,85,32,28,4,4
"2011","North Hertfordshire 010A","E01023601",1103,483,169,314,28,204,68,136,369,348,21,19
"2011","North Hertfordshire 010B","E01023602",637,453,169,284,4,43,11,32,134,130,4,3
"2011","North Hertfordshire 010C","E01023603",611,483,213,270,4,22,3,19,98,92,6,4
"2011","North Hertfordshire 010D","E01023604",536,443,197,246,2,28,3,25,60,58,2,3
"2011","North Hertfordshire 010E","E01023605",728,289,75,214,62,114,27,87,256,247,9,7
"2011","North Hertfordshire 011A","E01023617",622,539,286,253,1,40,24,16,39,37,2,3
"2011","North Hertfordshire 011B","E01023618",602,374,163,211,15,141,78,63,67,63,4,5
"2011","North Hertfordshire 011C","E01023619",730,479,178,301,16,58,20,38,171,163,8,6
"2011","North Hertfordshire 011D","E01023620",528,243,80,163,4,231,100,131,45,42,3,5
"2011","North Hertfordshire 011E","E01023621",591,376,148,228,1,133,61,72,79,77,2,2
"2011","North Hertfordshire 012A","E01023611",664,314,156,158,9,298,125,173,34,32,2,9
"2011","North Hertfordshire 012B","E01023612",739,536,252,284,1,104,57,47,93,86,7,5
"2011","North Hertfordshire 012C","E01023613",763,213,94,119,1,489,275,214,56,51,5,4
"2011","North Hertfordshire 012D","E01023614",806,707,375,332,8,17,10,7,67,65,2,7
"2011","North Hertfordshire 012E","E01023615",652,581,341,240,0,14,6,8,48,42,6,9
"2011","North Hertfordshire 012F","E01023616",1036,588,312,276,20,127,23,104,280,259,21,21
"2011","North Hertfordshire 013A","E01023606",780,462,218,244,4,183,99,84,128,121,7,3
"2011","North Hertfordshire 013B","E01023607",588,526,280,246,0,5,3,2,52,48,4,5
"2011","North Hertfordshire 013C","E01023608",634,582,350,232,0,8,4,4,36,34,2,8
"2011","North Hertfordshire 013D","E01023609",714,488,245,243,1,29,10,19,185,173,12,11
"2011","North Hertfordshire 013E","E01023610",500,425,157,268,1,5,2,3,65,63,2,4
"2011","North Hertfordshire 014A","E01023594",972,606,329,277,0,252,123,129,102,96,6,12
"2011","North Hertfordshire 014B","E01023622",455,278,141,137,0,125,39,86,46,37,9,6
"2011","North Hertfordshire 014C","E01023623",596,370,185,185,1,132,59,73,77,68,9,16
"2011","North Hertfordshire 014D","E01023624",524,290,131,159,1,114,44,70,108,95,13,11
"2011","North Hertfordshire 014E","E01023625",425,277,146,131,1,23,9,14,113,105,8,11
"2011","North Hertfordshire 014F","E01023653",887,585,265,320,3,175,72,103,107,99,8,17
"2011","North Hertfordshire 015A","E01023595",679,519,247,272,7,50,12,38,96,89,7,7
"2011","North Hertfordshire 015B","E01023596",492,317,163,154,0,140,47,93,29,25,4,6
"2011","North Hertfordshire 015C","E01023626",862,667,355,312,2,122,53,69,61,52,9,10
"2011","North Hertfordshire 015D","E01023627",671,532,264,268,3,36,18,18,82,74,8,18
"2011","North Hertfordshire 015E","E01023628",750,559,264,295,0,51,13,38,132,124,8,8
"2011","North Hertfordshire 015F","E01023629",782,455,224,231,2,234,92,142,84,80,4,7
"2011","St Albans 001A","E01023690",608,533,261,272,1,8,4,4,59,48,11,7
"2011","St Albans 001B","E01023691",502,472,223,249,0,7,7,0,21,21,0,2
"2011","St Albans 001C","E01023692",502,313,139,174,2,121,96,25,59,57,2,7
"2011","St Albans 001D","E01023693",523,428,187,241,2,46,44,2,46,44,2,1
"2011","St Albans 001E","E01023694",509,476,216,260,0,2,2,0,29,28,1,2
"2011","St Albans 002A","E01023685",645,487,198,289,3,69,14,55,79,73,6,7
"2011","St Albans 002B","E01023686",523,482,247,235,0,9,9,0,28,26,2,4
"2011","St Albans 002C","E01023687",604,323,138,185,2,228,218,10,46,42,4,5
"2011","St Albans 002D","E01023688",626,410,166,244,3,94,56,38,118,110,8,1
"2011","St Albans 002E","E01023689",509,389,199,190,1,31,29,2,75,66,9,13
"2011","St Albans 003A","E01023699",597,524,315,209,0,1,1,0,70,65,5,2
"2011","St Albans 003B","E01023700",472,452,286,166,0,2,1,1,17,17,0,1
"2011","St Albans 003C","E01023701",845,496,311,185,0,108,63,45,225,196,29,16
"2011","St Albans 003D","E01023702",682,474,228,246,0,8,6,2,195,188,7,5
"2011","St Albans 003E","E01023703",518,446,202,244,0,16,13,3,54,50,4,2
"2011","St Albans 004A","E01023746",626,324,133,191,3,241,219,22,49,43,6,9
"2011","St Albans 004B","E01023747",735,564,282,282,6,84,71,13,69,62,7,12
"2011","St Albans 004C","E01023748",565,470,291,179,1,41,39,2,44,39,5,9
"2011","St Albans 004D","E01023749",656,596,321,275,0,21,12,9,26,23,3,13
"2011","St Albans 005A","E01023695",613,565,305,260,0,22,20,2,22,21,1,4
"2011","St Albans 005B","E01023696",633,597,379,218,1,6,6,0,23,20,3,6
"2011","St Albans 005C","E01023697",792,576,276,300,0,74,67,7,134,129,5,8
"2011","St Albans 005D","E01023698",601,579,305,274,1,5,4,1,13,12,1,3
"2011","St Albans 006A","E01023722",582,424,210,214,0,37,25,12,99,82,17,22
"2011","St Albans 006B","E01023723",677,379,152,227,8,246,198,48,37,34,3,7
"2011","St Albans 006C","E01023724",703,568,317,251,0,50,32,18,78,71,7,7
"2011","St Albans 006D","E01023725",572,508,260,248,6,14,7,7,41,38,3,3
"2011","St Albans 007A","E01023713",680,487,200,287,0,119,101,18,67,58,9,7
"2011","St Albans 007B","E01023734",651,574,271,303,0,13,9,4,63,59,4,1
"2011","St Albans 007C","E01023735",799,662,314,348,1,23,9,14,109,100,9,4
"2011","St Albans 007D","E01023736",648,424,186,238,0,132,118,14,80,75,5,12
"2011","St Albans 008A","E01023709",728,510,232,278,3,148,99,49,56,47,9,11
"2011","St Albans 008B","E01023710",542,516,286,230,0,8,7,1,16,16,0,2
"2011","St Albans 008C","E01023711",605,506,274,232,1,53,50,3,33,29,4,12
"2011","St Albans 008D","E01023712",738,496,237,259,3,94,61,33,141,129,12,4
"2011","St Albans 009A","E01023669",670,307,100,207,0,313,144,169,45,41,4,5
"2011","St Albans 009B","E01023670",811,607,227,380,3,105,42,63,94,91,3,2
"2011","St Albans 009C","E01023671",735,452,190,262,2,227,185,42,42,39,3,12
"2011","St Albans 009D","E01023672",664,440,181,259,3,169,113,56,46,43,3,6
"2011","St Albans 010A","E01023673",501,432,224,208,2,20,15,5,41,39,2,6
"2011","St Albans 010B","E01023714",638,584,342,242,1,7,3,4,43,39,4,3
"2011","St Albans 010C","E01023715",525,456,216,240,2,40,37,3,26,22,4,1
"2011","St Albans 010D","E01023716",841,638,266,372,2,19,14,5,173,163,10,9
"2011","St Albans 011A","E01023666",773,339,124,215,20,130,105,25,275,269,6,9
"2011","St Albans 011B","E01023674",723,513,193,320,4,39,21,18,164,158,6,3
"2011","St Albans 011C","E01023675",501,454,253,201,0,14,4,10,31,29,2,2
"2011","St Albans 011D","E01023676",1000,497,211,286,35,138,71,67,312,297,15,18
"2011","St Albans 012A","E01023726",827,495,149,346,0,46,20,26,281,266,15,5
"2011","St Albans 012B","E01023727",1024,404,187,217,3,204,73,131,390,365,25,23
"2011","St Albans 012C","E01023728",956,612,259,353,3,75,28,47,262,247,15,4
"2011","St Albans 012D","E01023729",854,364,162,202,29,171,103,68,279,270,9,11
"2011","St Albans 013A","E01023664",649,488,181,307,1,37,6,31,117,111,6,6
"2011","St Albans 013B","E01023665",592,457,177,280,1,17,4,13,115,108,7,2
"2011","St Albans 013C","E01023667",568,430,175,255,3,7,4,3,126,121,5,2
"2011","St Albans 013D","E01023668",475,412,164,248,1,36,32,4,24,23,1,2
"2011","St Albans 014A","E01023742",557,524,343,181,1,2,0,2,28,26,2,2
"2011","St Albans 014B","E01023743",777,582,324,258,0,9,5,4,165,156,9,21
"2011","St Albans 014C","E01023744",614,575,383,192,0,0,0,0,34,30,4,5
"2011","St Albans 014D","E01023745",759,584,298,286,1,19,10,9,142,135,7,13
"2011","St Albans 015A","E01023677",458,240,61,179,1,175,15,160,42,40,2,0
"2011","St Albans 015B","E01023678",725,595,235,360,7,46,13,33,74,65,9,3
"2011","St Albans 015C","E01023679",593,414,190,224,0,124,111,13,47,43,4,8
"2011","St Albans 015D","E01023680",506,365,179,186,1,70,50,20,61,34,27,9
"2011","St Albans 016A","E01023681",689,302,138,164,3,297,229,68,70,63,7,17
"2011","St Albans 016B","E01023682",651,433,212,221,1,110,80,30,102,96,6,5
"2011","St Albans 016C","E01023683",670,398,209,189,1,222,191,31,41,34,7,8
"2011","St Albans 016D","E01023684",672,575,331,244,1,14,10,4,77,71,6,5
"2011","St Albans 017A","E01023737",509,231,76,155,1,197,140,57,74,68,6,6
"2011","St Albans 017B","E01023738",635,288,109,179,0,281,262,19,62,53,9,4
"2011","St Albans 017C","E01023739",544,316,119,197,4,142,133,9,71,66,5,11
"2011","St Albans 017D","E01023740",654,379,163,216,0,91,68,23,173,162,11,11
"2011","St Albans 017E","E01023741",633,502,194,308,1,51,40,11,77,76,1,2
"2011","St Albans 018A","E01023704",755,498,163,335,1,73,8,65,172,149,23,11
"2011","St Albans 018B","E01023705",613,349,136,213,7,179,163,16,75,71,4,3
"2011","St Albans 018C","E01023706",649,501,218,283,2,49,45,4,92,89,3,5
"2011","St Albans 018E","E01023708",647,425,174,251,1,142,125,17,70,61,9,9
"2011","St Albans 018F","E01033028",515,363,142,221,34,67,27,40,46,45,1,5
"2011","St Albans 018G","E01033029",584,394,103,291,3,89,26,63,96,93,3,2
"2011","St Albans 019A","E01023718",698,634,360,274,2,18,12,6,37,34,3,7
"2011","St Albans 019B","E01023719",471,302,145,157,4,115,98,17,38,37,1,12
"2011","St Albans 019C","E01023720",804,499,212,287,2,149,66,83,145,135,10,9
"2011","St Albans 019D","E01023721",540,482,247,235,3,20,18,2,30,27,3,5
"2011","St Albans 020A","E01023717",487,383,141,242,1,43,26,17,55,46,9,5
"2011","St Albans 020B","E01023730",672,633,350,283,1,6,6,0,26,24,2,6
"2011","St Albans 020C","E01023731",610,486,261,225,7,27,26,1,78,69,9,12
"2011","St Albans 020D","E01023732",666,558,336,222,5,8,7,1,89,81,8,6
"2011","St Albans 020E","E01023733",645,610,329,281,2,2,2,0,28,27,1,3
"2011","Stevenage 001A","E01023787",546,357,117,240,1,101,99,2,82,72,10,5
"2011","Stevenage 001B","E01023788",629,356,114,242,7,185,178,7,75,70,5,6
"2011","Stevenage 001C","E01023789",751,441,125,316,8,231,172,59,67,65,2,4
"2011","Stevenage 001D","E01023790",633,341,86,255,4,192,182,10,91,81,10,5
"2011","Stevenage 002A","E01023776",1122,643,272,371,133,181,37,144,158,140,18,7
"2011","Stevenage 002B","E01023777",759,554,256,298,3,96,74,22,98,89,9,8
"2011","Stevenage 002C","E01023778",664,248,92,156,9,350,316,34,51,49,2,6
"2011","Stevenage 002D","E01023799",504,372,176,196,1,91,32,59,36,33,3,4
"2011","Stevenage 002E","E01023800",793,486,240,246,1,167,111,56,134,125,9,5
"2011","Stevenage 002F","E01023801",914,610,135,475,5,169,52,117,128,116,12,2
"2011","Stevenage 003A","E01023771",683,482,173,309,4,100,89,11,92,83,9,5
"2011","Stevenage 003B","E01023772",755,412,161,251,7,245,147,98,90,80,10,1
"2011","Stevenage 003C","E01023773",526,229,86,143,20,227,41,186,39,34,5,11
"2011","Stevenage 003D","E01023774",668,349,136,213,16,189,136,53,110,98,12,4
"2011","Stevenage 004A","E01023767",613,509,146,363,0,6,2,4,95,85,10,3
"2011","Stevenage 004B","E01023768",679,567,177,390,2,10,10,0,97,90,7,3
"2011","Stevenage 004C","E01023769",704,452,186,266,2,202,161,41,42,38,4,6
"2011","Stevenage 004D","E01023770",636,526,214,312,2,17,9,8,89,86,3,2
"2011","Stevenage 005A","E01023795",676,393,162,231,1,158,156,2,121,117,4,3
"2011","Stevenage 005B","E01023796",724,287,110,177,2,310,231,79,120,113,7,5
"2011","Stevenage 005C","E01023797",569,279,86,193,2,243,159,84,44,41,3,1
"2011","Stevenage 005D","E01023798",642,406,152,254,1,96,91,5,137,128,9,2
"2011","Stevenage 006A","E01023775",940,396,163,233,13,336,265,71,175,164,11,20
"2011","Stevenage 006B","E01023779",678,315,123,192,29,244,156,88,82,76,6,8
"2011","Stevenage 006C","E01023780",650,374,139,235,2,201,189,12,70,63,7,3
"2011","Stevenage 006D","E01023781",782,339,151,188,12,334,221,113,87,73,14,10
"2011","Stevenage 006E","E01023782",639,433,217,216,1,144,139,5,57,52,5,4
"2011","Stevenage 007A","E01023759",591,380,129,251,4,163,158,5,38,31,7,6
"2011","Stevenage 007B","E01023760",615,439,191,248,14,121,102,19,39,35,4,2
"2011","Stevenage 007C","E01023761",866,437,157,280,49,237,190,47,138,124,14,5
"2011","Stevenage 007D","E01023762",638,439,185,254,1,153,137,16,43,32,11,2
"2011","Stevenage 008A","E01023755",630,365,169,196,2,197,193,4,62,60,2,4
"2011","Stevenage 008B","E01023756",602,275,98,177,3,266,252,14,53,43,10,5
"2011","Stevenage 008C","E01023757",753,366,151,215,15,280,257,23,83,79,4,9
"2011","Stevenage 008D","E01023758",1056,324,173,151,2,574,479,95,143,132,11,13
"2011","Stevenage 009A","E01023750",615,220,59,161,1,328,321,7,62,56,6,4
"2011","Stevenage 009B","E01023751",467,326,121,205,2,101,94,7,36,33,3,2
"2011","Stevenage 009C","E01023752",505,331,123,208,4,134,129,5,33,28,5,3
"2011","Stevenage 009D","E01023753",636,509,164,345,1,16,12,4,110,106,4,0
"2011","Stevenage 009E","E01023754",471,318,95,223,1,113,111,2,37,34,3,2
"2011","Stevenage 010A","E01023791",620,391,159,232,4,180,171,9,37,33,4,8
"2011","Stevenage 010B","E01023792",608,336,117,219,4,217,207,10,49,47,2,2
"2011","Stevenage 010C","E01023793",616,279,108,171,0,279,236,43,51,44,7,7
"2011","Stevenage 010D","E01023794",623,321,117,204,1,240,234,6,59,51,8,2
"2011","Stevenage 011A","E01023783",694,356,111,245,1,255,187,68,79,71,8,3
"2011","Stevenage 011B","E01023784",680,456,198,258,1,179,152,27,41,35,6,3
"2011","Stevenage 011C","E01023785",675,331,106,225,14,266,213,53,59,51,8,5
"2011","Stevenage 011D","E01023786",624,357,144,213,2,170,137,33,90,81,9,5
"2011","Stevenage 012A","E01023763",594,461,174,287,2,89,77,12,41,40,1,1
"2011","Stevenage 012B","E01023764",632,390,149,241,4,182,139,43,49,47,2,7
"2011","Stevenage 012C","E01023765",596,415,203,212,0,147,136,11,32,30,2,2
"2011","Stevenage 012D","E01023766",612,361,140,221,2,190,185,5,49,46,3,10
"2011","Three Rivers 001A","E01023802",739,602,278,324,0,57,21,36,74,71,3,6
"2011","Three Rivers 001B","E01023803",610,543,298,245,2,39,0,39,22,18,4,4
"2011","Three Rivers 001C","E01023804",627,358,161,197,3,212,62,150,45,41,4,9
"2011","Three Rivers 001D","E01023807",611,441,240,201,4,128,25,103,30,24,6,8
"2011","Three Rivers 001E","E01023808",1151,787,367,420,36,78,9,69,242,235,7,8
"2011","Three Rivers 002A","E01023829",620,329,123,206,2,242,89,153,42,38,4,5
"2011","Three Rivers 002B","E01023830",748,473,196,277,8,186,40,146,77,67,10,4
"2011","Three Rivers 002C","E01023832",683,458,125,333,0,132,48,84,89,84,5,4
"2011","Three Rivers 002D","E01023833",912,739,247,492,2,86,14,72,80,76,4,5
"2011","Three Rivers 002E","E01023834",573,467,191,276,2,39,10,29,63,62,1,2
"2011","Three Rivers 003A","E01023823",586,398,190,208,0,144,45,99,40,30,10,4
"2011","Three Rivers 003B","E01023824",738,684,353,331,0,11,1,10,40,36,4,3
"2011","Three Rivers 003C","E01023831",749,577,194,383,23,74,22,52,69,65,4,6
"2011","Three Rivers 003D","E01023854",788,644,399,245,4,61,20,41,58,46,12,21
"2011","Three Rivers 004A","E01023812",486,464,252,212,0,1,1,0,20,20,0,1
"2011","Three Rivers 004B","E01023813",489,457,205,252,0,5,4,1,23,21,2,4
"2011","Three Rivers 004C","E01023814",500,442,306,136,2,10,1,9,43,39,4,3
"2011","Three Rivers 004D","E01023851",762,431,233,198,1,44,8,36,236,213,23,50
"2011","Three Rivers 005A","E01023815",590,466,240,226,1,61,13,48,57,55,2,5
"2011","Three Rivers 005B","E01023816",496,392,223,169,2,60,18,42,37,36,1,5
"2011","Three Rivers 005C","E01023817",592,430,238,192,0,6,3,3,146,134,12,10
"2011","Three Rivers 005D","E01023818",506,473,264,209,0,20,0,20,10,10,0,3
"2011","Three Rivers 006A","E01023819",678,508,222,286,5,48,14,34,110,105,5,7
"2011","Three Rivers 006B","E01023820",537,458,269,189,1,29,5,24,41,36,5,8
"2011","Three Rivers 006C","E01023821",493,436,213,223,1,25,0,25,27,27,0,4
"2011","Three Rivers 006D","E01023822",528,473,230,243,1,16,6,10,34,32,2,4
"2011","Three Rivers 006E","E01023825",898,761,313,448,1,5,1,4,129,120,9,2
"2011","Three Rivers 006F","E01023826",547,443,199,244,2,64,4,60,33,27,6,5
"2011","Three Rivers 007A","E01023847",783,577,200,377,2,77,23,54,120,113,7,7
"2011","Three Rivers 007B","E01023848",624,393,128,265,3,183,58,125,37,35,2,8
"2011","Three Rivers 007C","E01023850",775,417,200,217,6,129,23,106,206,189,17,17
"2011","Three Rivers 007D","E01023852",591,442,216,226,0,80,21,59,64,55,9,5
"2011","Three Rivers 007E","E01023853",744,696,373,323,0,6,1,5,38,37,1,4
"2011","Three Rivers 008A","E01023827",860,508,165,343,6,260,106,154,83,75,8,3
"2011","Three Rivers 008B","E01023828",612,284,105,179,4,271,116,155,49,45,4,4
"2011","Three Rivers 008C","E01023845",695,479,220,259,16,157,24,133,38,32,6,5
"2011","Three Rivers 008D","E01023846",569,500,231,269,1,37,14,23,30,25,5,1
"2011","Three Rivers 009A","E01023835",534,398,195,203,2,117,45,72,16,14,2,1
"2011","Three Rivers 009B","E01023836",629,320,100,220,2,197,59,138,106,102,4,4
"2011","Three Rivers 009C","E01023837",649,471,170,301,4,70,11,59,100,86,14,4
"2011","Three Rivers 009D","E01023838",502,243,96,147,0,218,68,150,34,28,6,7
"2011","Three Rivers 010A","E01023805",638,386,133,253,4,207,76,131,37,37,0,4
"2011","Three Rivers 010B","E01023809",761,599,337,262,3,66,20,46,82,68,14,11
"2011","Three Rivers 010C","E01023810",731,684,390,294,0,4,1,3,39,36,3,4
"2011","Three Rivers 010D","E01023811",624,546,315,231,1,2,0,2,68,54,14,7
"2011","Three Rivers 011A","E01023839",764,703,391,312,0,4,3,1,55,51,4,2
"2011","Three Rivers 011B","E01023840",560,358,232,126,1,8,0,8,184,87,97,9
"2011","Three Rivers 011C","E01023841",541,429,254,175,0,2,1,1,94,47,47,16
"2011","Three Rivers 011D","E01023849",600,513,306,207,4,35,5,30,40,32,8,8
"2011","Three Rivers 012A","E01023806",861,501,164,337,11,275,128,147,69,62,7,5
"2011","Three Rivers 012B","E01023842",618,266,90,176,5,308,113,195,34,30,4,5
"2011","Three Rivers 012C","E01023843",829,497,143,354,8,238,79,159,79,67,12,7
"2011","Three Rivers 012D","E01023844",777,188,65,123,8,484,201,283,89,78,11,8
"2011","Watford 001A","E01023904",777,483,178,305,3,231,67,164,56,51,5,4
"2011","Watford 001B","E01023905",842,525,165,360,14,181,47,134,113,98,15,9
"2011","Watford 001C","E01023906",630,297,91,206,2,296,69,227,33,30,3,2
"2011","Watford 001D","E01023907",753,558,231,327,3,65,18,47,123,120,3,4
"2011","Watford 002A","E01023890",511,387,154,233,1,61,15,46,60,48,12,2
"2011","Watford 002B","E01023891",513,218,72,146,2,256,76,180,34,31,3,3
"2011","Watford 002C","E01023892",506,364,145,219,0,94,31,63,44,41,3,4
"2011","Watford 002D","E01023893",728,585,307,278,11,23,6,17,105,87,18,4
"2011","Watford 002E","E01023894",534,459,184,275,0,11,5,6,60,53,7,4
"2011","Watford 003A","E01023873",539,265,101,164,3,213,74,139,55,51,4,3
"2011","Watford 003B","E01023874",493,351,158,193,4,107,37,70,28,26,2,3
"2011","Watford 003C","E01023875",813,646,309,337,11,62,18,44,91,84,7,3
"2011","Watford 003D","E01023876",723,210,57,153,20,463,149,314,28,24,4,2
"2011","Watford 003E","E01023877",661,364,123,241,3,244,74,170,45,39,6,5
"2011","Watford 004A","E01023868",678,368,150,218,8,237,53,184,58,52,6,7
"2011","Watford 004B","E01023869",481,302,94,208,1,117,34,83,58,57,1,3
"2011","Watford 004C","E01023870",475,207,48,159,2,210,62,148,53,50,3,3
"2011","Watford 004D","E01023871",507,359,114,245,2,27,3,24,113,109,4,6
"2011","Watford 004E","E01023872",633,482,194,288,1,24,6,18,122,113,9,4
"2011","Watford 005A","E01023895",753,461,168,293,0,8,2,6,281,269,12,3
"2011","Watford 005B","E01023896",472,391,172,219,1,7,3,4,66,64,2,7
"2011","Watford 005C","E01023897",673,497,278,219,3,104,18,86,64,62,2,5
"2011","Watford 005D","E01023898",558,516,244,272,1,5,3,2,32,31,1,4
"2011","Watford 006A","E01023855",808,497,133,364,4,28,7,21,272,256,16,7
"2011","Watford 006B","E01023856",994,655,179,476,6,21,4,17,307,290,17,5
"2011","Watford 006C","E01023857",578,283,87,196,2,147,53,94,144,130,14,2
"2011","Watford 006D","E01023858",781,508,133,375,3,15,8,7,251,246,5,4
"2011","Watford 007A","E01023878",764,661,366,295,0,13,1,12,86,80,6,4
"2011","Watford 007B","E01023879",969,605,258,347,27,52,11,41,269,249,20,16
"2011","Watford 007C","E01023880",855,443,190,253,5,99,10,89,298,276,22,10
"2011","Watford 007D","E01023881",585,491,208,283,1,38,7,31,53,49,4,2
"2011","Watford 008A","E01023886",1108,680,237,443,50,107,5,102,265,250,15,6
"2011","Watford 008B","E01023887",621,572,335,237,0,8,0,8,34,26,8,7
"2011","Watford 008C","E01023888",580,424,208,216,1,56,15,41,90,84,6,9
"2011","Watford 008D","E01023889",629,593,325,268,0,10,4,6,22,19,3,4
"2011","Watford 009A","E01023859",989,451,126,325,27,80,13,67,421,401,20,10
"2011","Watford 009B","E01023860",889,283,77,206,5,346,54,292,249,238,11,6
"2011","Watford 009C","E01023861",1117,460,196,264,29,134,23,111,471,451,20,23
"2011","Watford 009D","E01023862",953,525,205,320,21,150,13,137,244,227,17,13
"2011","Watford 010A","E01023899",532,266,100,166,2,39,8,31,217,210,7,8
"2011","Watford 010B","E01023900",557,358,140,218,3,7,3,4,183,177,6,6
"2011","Watford 010C","E01023901",720,469,124,345,9,19,3,16,222,210,12,1
"2011","Watford 010D","E01023902",613,348,126,222,1,105,3,102,157,145,12,2
"2011","Watford 010E","E01023903",549,326,110,216,3,80,19,61,134,125,9,6
"2011","Watford 011A","E01023863",686,402,165,237,5,24,8,16,253,247,6,2
"2011","Watford 011B","E01023864",649,264,77,187,45,172,53,119,161,150,11,7
"2011","Watford 011C","E01023865",626,198,67,131,14,337,57,280,75,73,2,2
"2011","Watford 011D","E01023866",618,188,66,122,34,350,102,248,43,37,6,3
"2011","Watford 011E","E01023867",881,407,145,262,22,120,13,107,328,309,19,4
"2011","Watford 012A","E01023882",649,557,267,290,2,35,12,23,53,48,5,2
"2011","Watford 012B","E01023883",661,324,134,190,4,273,76,197,51,50,1,9
"2011","Watford 012C","E01023884",789,536,196,340,3,62,12,50,180,172,8,8
"2011","Watford 012D","E01023885",678,539,237,302,2,14,2,12,116,115,1,7
"2011","Welwyn Hatfield 001A","E01023965",531,503,262,241,1,3,3,0,22,21,1,2
"2011","Welwyn Hatfield 001B","E01023966",654,588,332,256,0,14,5,9,47,44,3,5
"2011","Welwyn Hatfield 001C","E01023967",576,407,161,246,3,93,81,12,63,56,7,10
"2011","Welwyn Hatfield 001D","E01023971",626,559,298,261,2,23,22,1,40,38,2,2
"2011","Welwyn Hatfield 002B","E01023968",506,456,264,192,0,23,13,10,24,23,1,3
"2011","Welwyn Hatfield 002C","E01023969",617,459,265,194,0,78,73,5,65,61,4,15
"2011","Welwyn Hatfield 002D","E01023970",596,276,116,160,2,245,209,36,62,55,7,11
"2011","Welwyn Hatfield 002E","E01033310",630,438,128,310,7,79,3,76,104,96,8,2
"2011","Welwyn Hatfield 002F","E01033313",534,394,137,257,3,62,10,52,71,65,6,4
"2011","Welwyn Hatfield 003A","E01023959",567,510,292,218,0,13,12,1,36,36,0,8
"2011","Welwyn Hatfield 003B","E01023960",646,411,203,208,9,177,158,19,44,36,8,5
"2011","Welwyn Hatfield 003C","E01023961",621,333,158,175,3,236,232,4,38,36,2,11
"2011","Welwyn Hatfield 003D","E01023962",574,420,220,200,1,123,118,5,29,26,3,1
"2011","Welwyn Hatfield 004A","E01023912",607,453,203,250,1,96,74,22,53,46,7,4
"2011","Welwyn Hatfield 004B","E01023913",568,347,148,199,5,165,111,54,47,42,5,4
"2011","Welwyn Hatfield 004C","E01023914",754,357,149,208,2,339,320,19,37,34,3,19
"2011","Welwyn Hatfield 004D","E01023915",652,339,115,224,1,203,177,26,100,95,5,9
"2011","Welwyn Hatfield 005A","E01023950",620,470,181,289,0,83,67,16,66,63,3,1
"2011","Welwyn Hatfield 005B","E01023951",784,296,139,157,0,441,162,279,40,36,4,7
"2011","Welwyn Hatfield 005C","E01023952",861,423,136,287,1,268,219,49,155,151,4,14
"2011","Welwyn Hatfield 005D","E01023953",613,490,191,299,4,42,35,7,74,72,2,3
"2011","Welwyn Hatfield 006A","E01023916",700,415,165,250,12,220,204,16,40,38,2,13
"2011","Welwyn Hatfield 006B","E01023917",763,544,293,251,4,136,76,60,71,69,2,8
"2011","Welwyn Hatfield 006C","E01023918",963,457,301,156,2,328,160,168,160,154,6,16
"2011","Welwyn Hatfield 006D","E01023919",571,518,287,231,1,33,29,4,18,18,0,1
"2011","Welwyn Hatfield 007A","E01023954",711,210,73,137,17,410,283,127,68,64,4,6
"2011","Welwyn Hatfield 007B","E01023955",516,216,89,127,1,268,254,14,21,19,2,10
"2011","Welwyn Hatfield 007C","E01023956",511,214,47,167,8,248,227,21,40,40,0,1
"2011","Welwyn Hatfield 007D","E01023957",633,240,67,173,10,297,229,68,83,79,4,3
"2011","Welwyn Hatfield 007E","E01023958",564,124,27,97,5,371,263,108,51,51,0,13
"2011","Welwyn Hatfield 008A","E01023943",590,354,128,226,5,192,142,50,28,27,1,11
"2011","Welwyn Hatfield 008B","E01023944",839,464,181,283,17,301,217,84,47,41,6,10
"2011","Welwyn Hatfield 008C","E01023945",638,335,125,210,2,275,190,85,19,16,3,7
"2011","Welwyn Hatfield 008D","E01023946",665,391,186,205,2,200,64,136,70,62,8,2
"2011","Welwyn Hatfield 009A","E01023939",526,243,93,150,3,244,190,54,32,28,4,4
"2011","Welwyn Hatfield 009B","E01023940",718,360,138,222,3,291,249,42,54,51,3,10
"2011","Welwyn Hatfield 009C","E01023941",1168,620,157,463,22,315,177,138,199,179,20,12
"2011","Welwyn Hatfield 009D","E01023942",606,301,108,193,13,242,216,26,44,36,8,6
"2011","Welwyn Hatfield 010A","E01023929",642,371,167,204,3,189,179,10,64,63,1,15
"2011","Welwyn Hatfield 010B","E01023930",678,258,97,161,4,287,268,19,115,106,9,14
"2011","Welwyn Hatfield 010D","E01023938",603,461,212,249,2,68,60,8,70,65,5,2
"2011","Welwyn Hatfield 010E","E01033308",649,121,22,99,47,174,20,154,303,283,20,4
"2011","Welwyn Hatfield 010F","E01033311",614,311,111,200,2,215,200,15,79,75,4,7
"2011","Welwyn Hatfield 010G","E01033314",645,178,25,153,19,184,12,172,262,250,12,2
"2011","Welwyn Hatfield 011A","E01023924",639,132,49,83,3,319,191,128,173,167,6,12
"2011","Welwyn Hatfield 011B","E01023925",549,333,171,162,0,71,60,11,115,103,12,30
"2011","Welwyn Hatfield 011C","E01023926",740,548,293,255,0,32,22,10,148,141,7,12
"2011","Welwyn Hatfield 011D","E01023927",685,275,115,160,36,274,210,64,90,84,6,10
"2011","Welwyn Hatfield 012A","E01023920",762,111,48,63,0,474,303,171,161,159,2,16
"2011","Welwyn Hatfield 012B","E01023921",881,267,114,153,29,311,225,86,262,248,14,12
"2011","Welwyn Hatfield 012C","E01023922",635,222,91,131,3,269,242,27,129,119,10,12
"2011","Welwyn Hatfield 012D","E01023923",687,351,182,169,7,143,126,17,181,174,7,5
"2011","Welwyn Hatfield 013A","E01023932",587,228,104,124,6,177,166,11,170,166,4,6
"2011","Welwyn Hatfield 013B","E01023934",485,154,57,97,24,114,103,11,189,179,10,4
"2011","Welwyn Hatfield 013C","E01023935",449,217,119,98,10,103,82,21,114,111,3,5
"2011","Welwyn Hatfield 013D","E01023936",783,357,172,185,7,248,169,79,162,152,10,9
"2011","Welwyn Hatfield 013E","E01023937",491,121,59,62,5,217,186,31,142,140,2,6
"2011","Welwyn Hatfield 014A","E01023933",635,199,79,120,5,295,273,22,122,117,5,14
"2011","Welwyn Hatfield 014B","E01023963",1021,604,288,316,3,235,202,33,164,159,5,15
"2011","Welwyn Hatfield 014C","E01023964",617,516,299,217,1,16,15,1,70,52,18,14
"2011","Welwyn Hatfield 015A","E01023908",599,519,296,223,0,8,6,2,63,58,5,9
"2011","Welwyn Hatfield 015B","E01023909",418,373,209,164,1,4,4,0,29,9,20,11
"2011","Welwyn Hatfield 015C","E01023910",520,433,225,208,0,16,15,1,55,50,5,16
"2011","Welwyn Hatfield 015D","E01023911",687,581,326,255,2,39,38,1,53,46,7,12
"2011","Welwyn Hatfield 016A","E01023947",702,484,272,212,1,77,40,37,126,117,9,14
"2011","Welwyn Hatfield 016B","E01023948",644,613,370,243,1,4,1,3,21,20,1,5
"2011","Welwyn Hatfield 016C","E01023949",747,722,426,296,2,1,1,0,17,15,2,5
"2011","Breckland 001A","E01026436",968,741,400,341,3,93,17,76,111,92,19,20
"2011","Breckland 001C","E01026461",573,470,297,173,3,14,2,12,77,63,14,9
"2011","Breckland 001E","E01026483",491,266,145,121,2,90,15,75,118,106,12,15
"2011","Breckland 001F","E01033042",864,593,344,249,1,79,15,64,176,78,98,15
"2011","Breckland 002A","E01026442",922,656,417,239,2,137,24,113,97,77,20,30
"2011","Breckland 002B","E01026443",834,505,304,201,2,131,20,111,165,151,14,31
"2011","Breckland 002C","E01026445",1001,706,439,267,4,166,25,141,109,91,18,16
"2011","Breckland 002D","E01026462",937,779,432,347,3,56,11,45,82,75,7,17
"2011","Breckland 003A","E01026428",1070,768,335,433,2,163,44,119,122,108,14,15
"2011","Breckland 003B","E01026429",701,412,222,190,1,138,30,108,136,123,13,14
"2011","Breckland 003C","E01026430",692,519,286,233,10,92,7,85,61,56,5,10
"2011","Breckland 003D","E01026431",492,381,225,156,1,58,3,55,48,42,6,4
"2011","Breckland 004A","E01026446",877,701,479,222,1,88,14,74,74,59,15,13
"2011","Breckland 004B","E01026452",711,543,305,238,1,90,13,77,68,62,6,9
"2011","Breckland 004C","E01026453",628,448,249,199,1,82,11,71,82,71,11,15
"2011","Breckland 004D","E01026454",627,505,141,364,4,7,0,7,108,92,16,3
"2011","Breckland 005A","E01026425",851,442,240,202,2,284,57,227,103,94,9,20
"2011","Breckland 005B","E01026426",1179,518,250,268,1,337,44,293,302,293,9,21
"2011","Breckland 005C","E01026427",939,728,430,298,7,70,9,61,121,112,9,13
"2011","Breckland 005D","E01026432",633,546,305,241,4,14,2,12,63,52,11,6
"2011","Breckland 005E","E01026433",613,368,125,243,3,73,9,64,167,156,11,2
"2011","Breckland 005F","E01026434",915,714,409,305,4,25,1,24,163,144,19,9
"2011","Breckland 006A","E01026479",640,458,248,210,1,121,20,101,44,35,9,16
"2011","Breckland 006B","E01026480",658,565,328,237,8,18,4,14,62,53,9,5
"2011","Breckland 006C","E01026481",481,343,163,180,11,76,19,57,39,33,6,12
"2011","Breckland 006D","E01026484",583,460,266,194,0,51,13,38,55,45,10,17
"2011","Breckland 006E","E01026485",452,372,220,152,3,33,4,29,36,31,5,8
"2011","Breckland 007A","E01026455",825,397,261,136,12,237,56,181,158,140,18,21
"2011","Breckland 007B","E01026456",493,396,235,161,1,10,1,9,80,69,11,6
"2011","Breckland 007C","E01026457",605,534,408,126,0,21,2,19,46,43,3,4
"2011","Breckland 007D","E01026458",673,396,210,186,4,188,16,172,73,69,4,12
"2011","Breckland 007E","E01026459",662,384,266,118,8,176,36,140,89,77,12,5
"2011","Breckland 008A","E01026437",540,419,280,139,0,66,6,60,44,41,3,11
"2011","Breckland 008B","E01026438",432,302,179,123,1,52,5,47,66,55,11,11
"2011","Breckland 008C","E01026451",891,681,387,294,2,103,18,85,87,79,8,18
"2011","Breckland 008D","E01026495",572,400,263,137,5,108,13,95,49,45,4,10
"2011","Breckland 008E","E01026496",496,409,270,139,3,17,0,17,59,52,7,8
"2011","Breckland 009A","E01026486",705,542,374,168,3,65,7,58,89,79,10,6
"2011","Breckland 009B","E01026487",618,431,185,246,6,26,4,22,149,113,36,6
"2011","Breckland 009C","E01026488",548,184,112,72,1,175,31,144,175,159,16,13
"2011","Breckland 009D","E01026489",625,524,356,168,0,37,5,32,56,48,8,8
"2011","Breckland 009E","E01026490",730,629,415,214,3,25,5,20,71,65,6,2
"2011","Breckland 010A","E01026419",481,369,199,170,1,36,7,29,64,59,5,11
"2011","Breckland 010B","E01026420",470,383,215,168,2,25,1,24,49,41,8,11
"2011","Breckland 010D","E01026464",499,386,214,172,2,39,5,34,59,57,2,13
"2011","Breckland 010E","E01026491",907,674,363,311,3,50,7,43,139,113,26,41
"2011","Breckland 010F","E01033040",398,201,53,148,25,118,11,107,49,48,1,5
"2011","Breckland 010G","E01033041",400,264,69,195,6,40,3,37,87,77,10,3
"2011","Breckland 011A","E01026422",911,781,514,267,4,10,1,9,103,93,10,13
"2011","Breckland 011B","E01026423",751,527,224,303,2,106,26,80,104,94,10,12
"2011","Breckland 011C","E01026447",716,296,100,196,16,287,36,251,108,101,7,9
"2011","Breckland 011D","E01026449",793,490,227,263,6,68,9,59,207,187,20,22
"2011","Breckland 011E","E01026450",722,589,297,292,5,11,4,7,110,96,14,7
"2011","Breckland 012A","E01026424",884,636,354,282,1,82,14,68,146,135,11,19
"2011","Breckland 012B","E01026444",894,568,333,235,1,147,15,132,145,131,14,33
"2011","Breckland 012C","E01026492",563,398,193,205,2,68,6,62,83,74,9,12
"2011","Breckland 012D","E01026493",499,379,230,149,1,12,1,11,100,87,13,7
"2011","Breckland 013A","E01026421",738,577,335,242,1,54,10,44,91,82,9,15
"2011","Breckland 013B","E01026435",866,551,267,284,6,88,13,75,188,157,31,33
"2011","Breckland 013C","E01026448",867,725,341,384,0,31,3,28,103,96,7,8
"2011","Breckland 014A","E01026439",692,582,345,237,0,12,1,11,88,81,7,10
"2011","Breckland 014B","E01026440",463,298,149,149,2,39,2,37,82,65,17,42
"2011","Breckland 014C","E01026441",651,423,242,181,1,129,26,103,70,60,10,28
"2011","Breckland 014D","E01026494",936,699,418,281,2,77,14,63,135,122,13,23
"2011","Breckland 015A","E01026465",771,392,191,201,6,216,34,182,149,140,9,8
"2011","Breckland 015B","E01026466",719,363,108,255,3,169,38,131,177,169,8,7
"2011","Breckland 015C","E01026467",765,193,57,136,1,487,118,369,72,63,9,12
"2011","Breckland 016A","E01026468",1042,588,330,258,8,115,17,98,318,303,15,13
"2011","Breckland 016B","E01026469",665,421,211,210,17,57,2,55,161,125,36,9
"2011","Breckland 016C","E01026470",1062,684,191,493,24,16,2,14,332,319,13,6
"2011","Breckland 016D","E01026471",507,350,122,228,14,10,1,9,132,121,11,1
"2011","Breckland 016E","E01026472",489,413,175,238,5,1,1,0,67,60,7,3
"2011","Breckland 016F","E01026473",564,449,187,262,1,7,1,6,103,83,20,4
"2011","Breckland 017A","E01026474",673,372,183,189,2,184,28,156,107,90,17,8
"2011","Breckland 017B","E01026475",628,414,194,220,1,134,24,110,70,63,7,9
"2011","Breckland 017C","E01026476",566,296,118,178,2,186,43,143,79,68,11,3
"2011","Breckland 017D","E01026477",579,273,108,165,0,248,57,191,51,45,6,7
"2011","Breckland 017E","E01026478",641,288,105,183,3,260,68,192,86,73,13,4
"2011","Broadland 001A","E01026499",764,420,287,133,4,229,38,191,102,95,7,9
"2011","Broadland 001B","E01026500",736,605,363,242,0,51,5,46,72,66,6,8
"2011","Broadland 001C","E01026501",680,512,324,188,10,76,8,68,67,54,13,15
"2011","Broadland 001D","E01026502",518,394,245,149,2,45,3,42,66,55,11,11
"2011","Broadland 001E","E01026503",649,530,356,174,1,22,1,21,90,72,18,6
"2011","Broadland 002A","E01026522",595,416,225,191,5,77,11,66,83,72,11,14
"2011","Broadland 002B","E01026523",769,502,259,243,1,119,19,100,128,108,20,19
"2011","Broadland 002C","E01026524",616,441,245,196,2,64,6,58,94,79,15,15
"2011","Broadland 002D","E01026525",451,337,205,132,2,31,2,29,68,54,14,13
"2011","Broadland 002E","E01026547",636,416,238,178,1,88,9,79,126,119,7,5
"2011","Broadland 002F","E01026548",533,429,227,202,4,24,2,22,72,70,2,4
"2011","Broadland 003A","E01026514",630,445,228,217,15,66,6,60,90,72,18,14
"2011","Broadland 003B","E01026515",451,370,207,163,0,15,1,14,57,53,4,9
"2011","Broadland 003C","E01026516",563,337,186,151,0,126,10,116,86,79,7,14
"2011","Broadland 003D","E01026517",602,470,263,207,0,29,1,28,101,88,13,2
"2011","Broadland 004A","E01026533",521,439,282,157,5,30,4,26,40,33,7,7
"2011","Broadland 004B","E01026534",628,499,258,241,7,38,3,35,71,61,10,13
"2011","Broadland 004C","E01026535",663,516,248,268,1,32,3,29,105,97,8,9
"2011","Broadland 004D","E01026536",653,507,237,270,2,61,5,56,77,70,7,6
"2011","Broadland 004E","E01026537",573,481,155,326,3,39,4,35,45,41,4,5
"2011","Broadland 005A","E01026549",797,568,334,234,1,139,13,126,78,64,14,11
"2011","Broadland 005B","E01026550",437,375,164,211,3,14,0,14,41,39,2,4
"2011","Broadland 005C","E01026551",496,429,216,213,8,14,2,12,39,32,7,6
"2011","Broadland 005D","E01026552",606,574,358,216,1,4,0,4,22,19,3,5
"2011","Broadland 006A","E01026562",453,414,175,239,6,7,0,7,26,24,2,0
"2011","Broadland 006B","E01026563",556,399,81,318,8,71,10,61,77,73,4,1
"2011","Broadland 006C","E01026564",564,460,178,282,5,37,1,36,58,50,8,4
"2011","Broadland 006D","E01026565",511,345,73,272,9,47,2,45,107,97,10,3
"2011","Broadland 006E","E01026566",634,491,246,245,0,42,2,40,95,85,10,6
"2011","Broadland 006F","E01026567",758,707,485,222,1,3,0,3,39,37,2,8
"2011","Broadland 006G","E01026568",625,590,286,304,4,5,0,5,24,21,3,2
"2011","Broadland 007A","E01026518",535,392,99,293,10,70,5,65,60,52,8,3
"2011","Broadland 007B","E01026519",735,518,173,345,6,46,1,45,160,152,8,5
"2011","Broadland 007C","E01026520",503,410,271,139,1,54,4,50,33,28,5,5
"2011","Broadland 007D","E01026521",505,440,294,146,1,7,1,6,51,47,4,6
"2011","Broadland 008A","E01026545",644,501,198,303,22,79,6,73,42,39,3,0
"2011","Broadland 008B","E01026546",584,529,281,248,2,6,0,6,37,35,2,10
"2011","Broadland 008C","E01026578",762,620,267,353,1,69,6,63,64,54,10,8
"2011","Broadland 008D","E01026579",638,523,319,204,1,41,2,39,68,59,9,5
"2011","Broadland 008E","E01026580",708,548,377,171,1,78,11,67,71,66,5,10
"2011","Broadland 009A","E01026540",644,587,374,213,3,7,0,7,39,31,8,8
"2011","Broadland 009B","E01026541",1027,612,256,356,11,272,40,232,126,89,37,6
"2011","Broadland 009C","E01026542",651,574,339,235,1,30,3,27,45,37,8,1
"2011","Broadland 009D","E01026543",634,550,313,237,2,5,2,3,74,74,0,3
"2011","Broadland 009E","E01026544",722,597,252,345,2,38,2,36,83,76,7,2
"2011","Broadland 010A","E01026526",649,522,335,187,2,96,5,91,28,25,3,1
"2011","Broadland 010B","E01026527",664,609,412,197,1,11,0,11,33,28,5,10
"2011","Broadland 010C","E01026528",602,507,345,162,2,62,4,58,29,26,3,2
"2011","Broadland 010D","E01026529",722,540,297,243,1,105,9,96,70,65,5,6
"2011","Broadland 011A","E01026530",747,632,393,239,3,21,3,18,82,71,11,9
"2011","Broadland 011B","E01026531",748,691,412,279,3,6,0,6,44,38,6,4
"2011","Broadland 011C","E01026532",738,635,330,305,6,30,0,30,67,57,10,0
"2011","Broadland 012A","E01026553",611,425,208,217,1,118,20,98,57,50,7,10
"2011","Broadland 012B","E01026554",504,449,234,215,7,19,2,17,27,20,7,2
"2011","Broadland 012C","E01026555",610,480,273,207,0,88,3,85,35,31,4,7
"2011","Broadland 012D","E01026556",639,457,240,217,2,98,11,87,71,59,12,11
"2011","Broadland 013A","E01026557",637,545,337,208,6,7,0,7,73,67,6,6
"2011","Broadland 013B","E01026558",614,559,353,206,2,5,0,5,42,37,5,6
"2011","Broadland 013C","E01026559",626,556,316,240,1,23,2,21,41,37,4,5
"2011","Broadland 013D","E01026560",633,592,391,201,2,4,1,3,28,24,4,7
"2011","Broadland 013E","E01026561",650,587,395,192,8,7,1,6,37,33,4,11
"2011","Broadland 014A","E01026504",627,469,270,199,0,42,5,37,106,89,17,10
"2011","Broadland 014B","E01026505",605,385,185,200,6,155,14,141,52,42,10,7
"2011","Broadland 014C","E01026506",590,558,337,221,1,11,2,9,20,16,4,0
"2011","Broadland 014D","E01026507",568,484,274,210,3,29,5,24,43,37,6,9
"2011","Broadland 014E","E01026512",553,389,193,196,1,120,15,105,34,26,8,9
"2011","Broadland 014F","E01026513",578,487,253,234,3,42,9,33,35,30,5,11
"2011","Broadland 015A","E01026569",719,505,289,216,3,160,19,141,38,34,4,13
"2011","Broadland 015B","E01026570",727,651,414,237,5,15,1,14,50,43,7,6
"2011","Broadland 015C","E01026571",655,582,321,261,0,7,0,7,57,52,5,9
"2011","Broadland 015D","E01026572",638,579,309,270,0,8,2,6,44,35,9,7
"2011","Broadland 015E","E01026573",623,421,229,192,3,143,13,130,45,43,2,11
"2011","Broadland 016A","E01026574",683,581,208,373,13,13,2,11,70,63,7,6
"2011","Broadland 016B","E01026575",732,532,294,238,0,95,6,89,99,87,12,6
"2011","Broadland 016C","E01026576",808,608,176,432,6,39,3,36,154,142,12,1
"2011","Broadland 016D","E01026577",775,526,305,221,2,72,5,67,169,154,15,6
"2011","Broadland 017A","E01026508",641,500,290,210,1,74,8,66,60,56,4,6
"2011","Broadland 017B","E01026509",684,582,321,261,1,14,3,11,73,67,6,14
"2011","Broadland 017C","E01026510",700,596,364,232,3,11,3,8,85,72,13,5
"2011","Broadland 017D","E01026511",467,342,175,167,0,71,11,60,43,38,5,11
"2011","Broadland 018A","E01026497",679,544,339,205,18,23,1,22,86,81,5,8
"2011","Broadland 018B","E01026498",606,419,273,146,1,108,14,94,62,55,7,16
"2011","Broadland 018C","E01026538",648,447,253,194,7,107,22,85,74,64,10,13
"2011","Broadland 018D","E01026539",676,551,290,261,5,61,2,59,57,48,9,2
"2011","Great Yarmouth 001A","E01026605",699,611,389,222,1,19,18,1,59,53,6,9
"2011","Great Yarmouth 001B","E01026606",708,567,392,175,2,65,62,3,56,48,8,18
"2011","Great Yarmouth 001C","E01026607",710,571,346,225,1,48,46,2,76,57,19,14
"2011","Great Yarmouth 001D","E01026627",617,567,383,184,1,4,3,1,39,30,9,6
"2011","Great Yarmouth 001E","E01026628",595,513,317,196,2,27,25,2,49,42,7,4
"2011","Great Yarmouth 001F","E01026629",630,494,253,241,4,60,53,7,59,50,9,13
"2011","Great Yarmouth 002A","E01026608",522,445,273,172,3,27,26,1,38,33,5,9
"2011","Great Yarmouth 002B","E01026609",496,339,157,182,1,73,68,5,54,47,7,29
"2011","Great Yarmouth 002C","E01026636",674,536,338,198,2,54,50,4,66,55,11,16
"2011","Great Yarmouth 002D","E01026637",822,699,430,269,2,7,5,2,102,91,11,12
"2011","Great Yarmouth 002E","E01026638",639,435,209,226,1,117,104,13,74,63,11,12
"2011","Great Yarmouth 003A","E01026589",614,470,247,223,0,57,41,16,81,74,7,6
"2011","Great Yarmouth 003B","E01026590",670,569,353,216,5,5,4,1,85,79,6,6
"2011","Great Yarmouth 003C","E01026591",803,706,439,267,7,6,2,4,77,72,5,7
"2011","Great Yarmouth 003D","E01026592",700,469,318,151,0,163,161,2,50,47,3,18
"2011","Great Yarmouth 003E","E01026593",590,513,336,177,2,5,2,3,61,48,13,9
"2011","Great Yarmouth 003F","E01026594",761,592,340,252,8,41,24,17,112,99,13,8
"2011","Great Yarmouth 004A","E01026599",574,336,162,174,0,26,11,15,208,199,9,4
"2011","Great Yarmouth 004B","E01026639",598,446,241,205,1,20,18,2,121,109,12,10
"2011","Great Yarmouth 004C","E01026640",756,517,346,171,1,166,134,32,58,50,8,14
"2011","Great Yarmouth 004D","E01026641",625,197,95,102,5,363,354,9,38,37,1,22
"2011","Great Yarmouth 005A","E01026595",789,336,192,144,5,222,194,28,210,198,12,16
"2011","Great Yarmouth 005B","E01026596",683,420,242,178,4,64,49,15,186,173,13,9
"2011","Great Yarmouth 005C","E01026597",888,216,114,102,4,331,170,161,319,305,14,18
"2011","Great Yarmouth 005D","E01026598",707,254,127,127,4,102,51,51,342,321,21,5
"2011","Great Yarmouth 006A","E01026622",632,153,77,76,3,378,339,39,89,80,9,9
"2011","Great Yarmouth 006B","E01026623",663,277,161,116,2,83,29,54,290,278,12,11
"2011","Great Yarmouth 006C","E01026624",829,312,174,138,7,161,81,80,344,332,12,5
"2011","Great Yarmouth 006D","E01026625",773,96,45,51,1,569,545,24,87,83,4,20
"2011","Great Yarmouth 006E","E01026626",866,321,170,151,3,139,98,41,395,379,16,8
"2011","Great Yarmouth 007A","E01026600",628,324,152,172,1,209,178,31,85,74,11,9
"2011","Great Yarmouth 007B","E01026633",729,388,155,233,1,58,20,38,277,258,19,5
"2011","Great Yarmouth 007C","E01026634",612,390,176,214,2,54,25,29,160,152,8,6
"2011","Great Yarmouth 007D","E01026635",958,372,163,209,5,274,159,115,293,280,13,14
"2011","Great Yarmouth 008A","E01026581",656,570,265,305,0,19,5,14,59,53,6,8
"2011","Great Yarmouth 008B","E01026582",842,741,375,366,20,15,11,4,53,42,11,13
"2011","Great Yarmouth 008C","E01026583",565,448,240,208,0,69,63,6,42,39,3,6
"2011","Great Yarmouth 008D","E01026584",669,618,397,221,2,6,5,1,35,31,4,8
"2011","Great Yarmouth 009A","E01026601",664,411,183,228,1,79,34,45,170,154,16,3
"2011","Great Yarmouth 009B","E01026602",702,482,297,185,0,142,134,8,64,53,11,14
"2011","Great Yarmouth 009C","E01026603",742,239,99,140,2,425,417,8,59,49,10,17
"2011","Great Yarmouth 009D","E01026604",726,264,128,136,0,387,377,10,58,49,9,17
"2011","Great Yarmouth 009E","E01026632",786,466,248,218,1,136,124,12,168,154,14,15
"2011","Great Yarmouth 010A","E01026610",666,452,196,256,0,11,4,7,199,186,13,4
"2011","Great Yarmouth 010B","E01026611",648,483,334,149,1,29,10,19,131,102,29,4
"2011","Great Yarmouth 010C","E01026612",1065,799,466,333,3,80,42,38,166,156,10,17
"2011","Great Yarmouth 010D","E01026630",670,388,180,208,2,134,129,5,141,125,16,5
"2011","Great Yarmouth 010E","E01026631",777,519,253,266,2,19,18,1,233,223,10,4
"2011","Great Yarmouth 011A","E01026617",581,297,171,126,1,233,159,74,29,19,10,21
"2011","Great Yarmouth 011B","E01026618",685,417,236,181,2,176,36,140,84,44,40,6
"2011","Great Yarmouth 011C","E01026619",596,218,92,126,0,311,301,10,49,43,6,18
"2011","Great Yarmouth 011D","E01026620",641,200,85,115,2,370,341,29,35,26,9,34
"2011","Great Yarmouth 011E","E01026621",553,377,178,199,1,126,121,5,43,33,10,6
"2011","Great Yarmouth 012A","E01026613",561,497,266,231,1,14,13,1,41,36,5,8
"2011","Great Yarmouth 012B","E01026614",713,562,363,199,3,73,72,1,64,60,4,11
"2011","Great Yarmouth 012C","E01026615",558,516,275,241,1,5,3,2,34,25,9,2
"2011","Great Yarmouth 012D","E01026616",491,405,166,239,1,36,34,2,44,41,3,5
"2011","Great Yarmouth 013A","E01026585",589,437,255,182,2,102,49,53,36,32,4,12
"2011","Great Yarmouth 013B","E01026586",499,266,140,126,2,178,123,55,38,33,5,15
"2011","Great Yarmouth 013C","E01026587",729,636,333,303,1,23,13,10,65,62,3,4
"2011","Great Yarmouth 013D","E01026588",1145,914,491,423,4,60,37,23,146,114,32,21
"2011","King's Lynn and West Norfolk 001A","E01026680",769,514,420,94,1,173,30,143,64,52,12,17
"2011","King's Lynn and West Norfolk 001B","E01026681",686,544,410,134,1,28,6,22,101,86,15,12
"2011","King's Lynn and West Norfolk 001C","E01026682",552,409,292,117,2,56,5,51,81,77,4,4
"2011","King's Lynn and West Norfolk 001D","E01026683",654,420,285,135,2,11,3,8,208,194,14,13
"2011","King's Lynn and West Norfolk 002A","E01026645",665,451,360,91,9,77,10,67,101,87,14,27
"2011","King's Lynn and West Norfolk 002B","E01026646",844,517,389,128,0,153,26,127,139,121,18,35
"2011","King's Lynn and West Norfolk 002C","E01026656",837,536,336,200,3,144,32,112,122,111,11,32
"2011","King's Lynn and West Norfolk 002D","E01026695",984,649,429,220,0,126,31,95,162,138,24,47
"2011","King's Lynn and West Norfolk 003A","E01026676",818,715,533,182,5,17,1,16,71,64,7,10
"2011","King's Lynn and West Norfolk 003B","E01026677",727,446,268,178,2,180,24,156,79,69,10,20
"2011","King's Lynn and West Norfolk 003C","E01026678",755,633,471,162,7,26,1,25,77,69,8,12
"2011","King's Lynn and West Norfolk 003D","E01026701",779,668,498,170,2,31,2,29,68,61,7,10
"2011","King's Lynn and West Norfolk 003E","E01026702",617,410,267,143,2,95,25,70,91,88,3,19
"2011","King's Lynn and West Norfolk 003F","E01026703",532,384,263,121,4,44,5,39,88,77,11,12
"2011","King's Lynn and West Norfolk 004A","E01026653",840,746,515,231,0,14,3,11,73,64,9,7
"2011","King's Lynn and West Norfolk 004B","E01026654",741,436,268,168,0,180,15,165,108,102,6,17
"2011","King's Lynn and West Norfolk 004C","E01026655",659,544,369,175,2,11,1,10,92,81,11,10
"2011","King's Lynn and West Norfolk 004D","E01026718",1008,535,335,200,7,126,39,87,244,208,36,96
"2011","King's Lynn and West Norfolk 005A","E01026691",457,387,232,155,1,34,5,29,30,27,3,5
"2011","King's Lynn and West Norfolk 005B","E01026692",519,446,211,235,2,2,0,2,67,65,2,2
"2011","King's Lynn and West Norfolk 005C","E01026708",551,498,301,197,7,13,0,13,29,22,7,4
"2011","King's Lynn and West Norfolk 005D","E01026709",765,680,383,297,0,23,4,19,56,47,9,6
"2011","King's Lynn and West Norfolk 005E","E01026710",485,423,257,166,1,6,0,6,49,46,3,6
"2011","King's Lynn and West Norfolk 006A","E01026669",746,645,401,244,7,16,0,16,71,64,7,7
"2011","King's Lynn and West Norfolk 006B","E01026670",586,381,118,263,1,141,24,117,57,50,7,6
"2011","King's Lynn and West Norfolk 006C","E01026671",532,489,240,249,1,4,1,3,35,30,5,3
"2011","King's Lynn and West Norfolk 006D","E01026672",625,544,288,256,0,19,5,14,57,47,10,5
"2011","King's Lynn and West Norfolk 006E","E01026673",633,507,200,307,8,13,2,11,101,93,8,4
"2011","King's Lynn and West Norfolk 007A","E01026687",661,175,83,92,3,406,118,288,59,44,15,18
"2011","King's Lynn and West Norfolk 007B","E01026688",526,237,87,150,1,225,68,157,46,38,8,17
"2011","King's Lynn and West Norfolk 007C","E01026689",640,307,130,177,0,67,28,39,248,231,17,18
"2011","King's Lynn and West Norfolk 007D","E01026690",586,243,98,145,0,275,112,163,54,44,10,14
"2011","King's Lynn and West Norfolk 008A","E01026647",925,777,447,330,2,75,12,63,58,50,8,13
"2011","King's Lynn and West Norfolk 008B","E01026711",602,370,185,185,2,161,28,133,64,47,17,5
"2011","King's Lynn and West Norfolk 008C","E01026712",690,547,280,267,0,66,16,50,64,59,5,13
"2011","King's Lynn and West Norfolk 008D","E01026713",629,539,299,240,1,34,5,29,46,39,7,9
"2011","King's Lynn and West Norfolk 009A","E01026666",726,294,130,164,2,327,125,202,88,79,9,15
"2011","King's Lynn and West Norfolk 009B","E01026667",673,484,253,231,1,29,4,25,152,132,20,7
"2011","King's Lynn and West Norfolk 009C","E01026668",634,455,226,229,1,34,10,24,137,128,9,7
"2011","King's Lynn and West Norfolk 009D","E01026693",814,619,287,332,4,95,18,77,88,80,8,8
"2011","King's Lynn and West Norfolk 010A","E01026662",923,337,94,243,40,360,110,250,170,159,11,16
"2011","King's Lynn and West Norfolk 010B","E01026663",714,334,114,220,3,310,49,261,58,50,8,9
"2011","King's Lynn and West Norfolk 010C","E01026664",949,531,170,361,22,110,19,91,280,266,14,6
"2011","King's Lynn and West Norfolk 010D","E01026714",793,651,313,338,2,29,10,19,105,91,14,6
"2011","King's Lynn and West Norfolk 011A","E01026698",1024,406,261,145,2,219,39,180,360,339,21,37
"2011","King's Lynn and West Norfolk 011B","E01026699",848,136,84,52,5,428,87,341,262,246,16,17
"2011","King's Lynn and West Norfolk 011C","E01026700",689,248,128,120,2,199,30,169,234,216,18,6
"2011","King's Lynn and West Norfolk 011D","E01026704",686,235,96,139,19,293,92,201,130,120,10,9
"2011","King's Lynn and West Norfolk 011E","E01026705",638,484,240,244,6,73,12,61,65,57,8,10
"2011","King's Lynn and West Norfolk 011F","E01026706",633,428,211,217,0,56,17,39,145,136,9,4
"2011","King's Lynn and West Norfolk 012A","E01026665",984,699,406,293,2,140,43,97,119,107,12,24
"2011","King's Lynn and West Norfolk 012B","E01026674",482,401,249,152,2,37,6,31,32,30,2,10
"2011","King's Lynn and West Norfolk 012C","E01026675",508,420,216,204,1,27,10,17,47,40,7,13
"2011","King's Lynn and West Norfolk 012D","E01026694",1078,694,416,278,4,155,61,94,182,157,25,43
"2011","King's Lynn and West Norfolk 013A","E01026684",461,391,203,188,1,26,12,14,33,28,5,10
"2011","King's Lynn and West Norfolk 013B","E01026685",554,457,254,203,0,67,2,65,25,19,6,5
"2011","King's Lynn and West Norfolk 013C","E01026719",907,736,354,382,0,86,21,65,75,62,13,10
"2011","King's Lynn and West Norfolk 013D","E01026720",526,446,240,206,0,30,6,24,40,30,10,10
"2011","King's Lynn and West Norfolk 013E","E01026721",513,403,224,179,2,57,14,43,38,32,6,13
"2011","King's Lynn and West Norfolk 014A","E01026642",561,474,291,183,1,29,6,23,49,39,10,8
"2011","King's Lynn and West Norfolk 014B","E01026643",596,437,266,171,2,22,6,16,119,102,17,16
"2011","King's Lynn and West Norfolk 014C","E01026644",644,84,27,57,2,61,2,59,495,62,433,2
"2011","King's Lynn and West Norfolk 014D","E01026723",661,588,326,262,0,22,4,18,43,35,8,8
"2011","King's Lynn and West Norfolk 014E","E01026724",724,565,334,231,0,69,10,59,81,66,15,9
"2011","King's Lynn and West Norfolk 014F","E01026725",615,479,282,197,2,69,18,51,52,40,12,13
"2011","King's Lynn and West Norfolk 015A","E01026696",449,322,156,166,0,72,17,55,43,36,7,12
"2011","King's Lynn and West Norfolk 015B","E01026697",550,443,252,191,0,23,5,18,71,61,10,13
"2011","King's Lynn and West Norfolk 015C","E01026722",1021,796,358,438,3,82,14,68,121,111,10,19
"2011","King's Lynn and West Norfolk 015D","E01026726",858,663,346,317,7,88,20,68,82,69,13,18
"2011","King's Lynn and West Norfolk 016A","E01026659",675,470,217,253,1,111,22,89,87,73,14,6
"2011","King's Lynn and West Norfolk 016B","E01026660",697,559,326,233,1,63,17,46,59,47,12,15
"2011","King's Lynn and West Norfolk 016C","E01026661",606,513,293,220,3,31,9,22,48,43,5,11
"2011","King's Lynn and West Norfolk 016D","E01026715",595,472,252,220,0,33,3,30,82,67,15,8
"2011","King's Lynn and West Norfolk 016E","E01026716",793,579,320,259,7,123,20,103,64,56,8,20
"2011","King's Lynn and West Norfolk 016F","E01026717",603,458,242,216,2,58,25,33,75,59,16,10
"2011","King's Lynn and West Norfolk 017C","E01026686",1014,799,553,246,6,19,6,13,173,161,12,17
"2011","King's Lynn and West Norfolk 017D","E01026707",1148,984,806,178,2,96,12,84,54,47,7,12
"2011","King's Lynn and West Norfolk 017E","E01033036",621,471,230,241,2,57,4,53,84,79,5,7
"2011","King's Lynn and West Norfolk 017F","E01033037",608,344,105,239,11,126,20,106,117,112,5,10
"2011","King's Lynn and West Norfolk 017G","E01033038",779,401,214,187,2,149,39,110,216,196,20,11
"2011","King's Lynn and West Norfolk 017H","E01033039",467,297,181,116,2,74,26,48,80,77,3,14
"2011","King's Lynn and West Norfolk 018A","E01026679",996,701,369,332,0,119,36,83,147,126,21,29
"2011","King's Lynn and West Norfolk 018B","E01026727",1096,815,459,356,1,93,23,70,157,143,14,30
"2011","King's Lynn and West Norfolk 018C","E01026728",967,729,400,329,1,114,24,90,106,93,13,17
"2011","King's Lynn and West Norfolk 019A","E01026648",655,457,260,197,3,84,12,72,100,82,18,11
"2011","King's Lynn and West Norfolk 019B","E01026649",661,491,238,253,2,51,18,33,107,97,10,10
"2011","King's Lynn and West Norfolk 019C","E01026650",439,200,101,99,1,19,7,12,135,80,55,84
"2011","King's Lynn and West Norfolk 019D","E01026651",971,714,389,325,1,90,16,74,146,125,21,20
"2011","King's Lynn and West Norfolk 019E","E01026652",525,361,198,163,3,87,21,66,60,52,8,14
"2011","North Norfolk 001A","E01026770",1003,652,468,184,6,32,3,29,285,250,35,28
"2011","North Norfolk 001B","E01026771",748,521,341,180,1,128,22,106,83,75,8,15
"2011","North Norfolk 001C","E01026772",786,659,498,161,2,21,2,19,97,85,12,7
"2011","North Norfolk 001D","E01026773",950,712,504,208,2,114,19,95,111,95,16,11
"2011","North Norfolk 002A","E01026739",964,635,482,153,5,146,23,123,141,118,23,37
"2011","North Norfolk 002B","E01026763",628,244,184,60,1,210,61,149,131,110,21,42
"2011","North Norfolk 002C","E01026764",648,446,367,79,5,75,9,66,101,92,9,21
"2011","North Norfolk 002D","E01026765",618,412,303,109,1,100,26,74,85,73,12,20
"2011","North Norfolk 003A","E01026734",619,294,196,98,10,31,4,27,276,265,11,8
"2011","North Norfolk 003B","E01026735",675,376,291,85,1,29,3,26,258,250,8,11
"2011","North Norfolk 003C","E01026736",603,371,253,118,2,150,18,132,73,70,3,7
"2011","North Norfolk 003D","E01026777",532,427,311,116,1,63,7,56,33,28,5,8
"2011","North Norfolk 003E","E01026778",726,530,412,118,2,75,7,68,110,100,10,9
"2011","North Norfolk 003F","E01026779",568,331,167,164,2,154,36,118,72,59,13,9
"2011","North Norfolk 004A","E01026741",927,705,537,168,2,122,18,104,79,65,14,19
"2011","North Norfolk 004B","E01026742",693,589,502,87,1,26,4,22,52,43,9,25
"2011","North Norfolk 004C","E01026743",1114,630,464,166,4,308,69,239,153,137,16,19
"2011","North Norfolk 005A","E01026762",1054,813,558,255,3,63,11,52,151,140,11,24
"2011","North Norfolk 005B","E01026766",975,751,463,288,9,97,13,84,94,89,5,24
"2011","North Norfolk 005C","E01026781",984,813,555,258,2,46,13,33,107,88,19,16
"2011","North Norfolk 006A","E01026731",493,395,321,74,4,54,5,49,26,23,3,14
"2011","North Norfolk 006B","E01026732",566,384,254,130,5,51,2,49,117,104,13,9
"2011","North Norfolk 006C","E01026733",1033,716,460,256,4,149,18,131,140,120,20,24
"2011","North Norfolk 006D","E01026737",1011,770,477,293,1,87,14,73,136,119,17,17
"2011","North Norfolk 007A","E01026738",1082,811,537,274,3,145,31,114,103,90,13,20
"2011","North Norfolk 007B","E01026750",639,415,278,137,1,106,15,91,111,101,10,6
"2011","North Norfolk 007C","E01026751",674,528,377,151,15,53,2,51,72,68,4,6
"2011","North Norfolk 007D","E01026752",625,490,308,182,1,49,14,35,78,70,8,7
"2011","North Norfolk 008A","E01026729",934,661,403,258,4,83,15,68,167,157,10,19
"2011","North Norfolk 008B","E01026730",1067,751,416,335,3,143,33,110,146,128,18,24
"2011","North Norfolk 008C","E01026788",569,413,271,142,5,60,15,45,74,61,13,17
"2011","North Norfolk 009A","E01026780",1123,760,427,333,5,78,23,55,235,223,12,45
"2011","North Norfolk 009B","E01026782",1008,554,372,182,1,165,40,125,230,201,29,58
"2011","North Norfolk 009C","E01026787",442,291,171,120,2,67,12,55,72,64,8,10
"2011","North Norfolk 010A","E01026753",732,329,190,139,9,297,49,248,76,72,4,21
"2011","North Norfolk 010B","E01026754",616,453,220,233,3,70,8,62,86,78,8,4
"2011","North Norfolk 010C","E01026755",555,488,367,121,0,43,5,38,19,17,2,5
"2011","North Norfolk 010D","E01026756",529,285,163,122,5,174,37,137,62,52,10,3
"2011","North Norfolk 010E","E01026757",677,537,294,243,4,20,3,17,112,103,9,4
"2011","North Norfolk 010F","E01026758",648,507,258,249,2,20,1,19,114,108,6,5
"2011","North Norfolk 010G","E01026759",551,356,209,147,1,146,29,117,34,29,5,14
"2011","North Norfolk 010H","E01026760",584,404,229,175,4,44,10,34,125,111,14,7
"2011","North Norfolk 010I","E01026761",705,495,307,188,11,89,14,75,102,94,8,8
"2011","North Norfolk 011A","E01026745",760,521,312,209,1,144,40,104,78,65,13,16
"2011","North Norfolk 011B","E01026746",747,590,337,253,2,25,5,20,110,98,12,20
"2011","North Norfolk 011C","E01026747",628,315,190,125,0,164,35,129,129,120,9,20
"2011","North Norfolk 011D","E01026748",667,594,395,199,1,21,3,18,47,42,5,4
"2011","North Norfolk 011E","E01026749",682,384,213,171,2,228,36,192,52,49,3,16
"2011","North Norfolk 012A","E01026740",1085,833,526,307,1,77,20,57,142,135,7,32
"2011","North Norfolk 012B","E01026767",528,395,238,157,0,69,13,56,58,50,8,6
"2011","North Norfolk 012C","E01026768",508,297,89,208,0,31,7,24,170,166,4,10
"2011","North Norfolk 012D","E01026789",495,393,224,169,1,36,11,25,53,46,7,12
"2011","North Norfolk 012E","E01026790",479,324,163,161,1,70,17,53,73,64,9,11
"2011","North Norfolk 013A","E01026774",640,515,279,236,3,42,4,38,75,69,6,5
"2011","North Norfolk 013B","E01026775",575,296,163,133,5,205,34,171,54,52,2,15
"2011","North Norfolk 013C","E01026776",776,535,321,214,3,42,9,33,187,168,19,9
"2011","North Norfolk 013D","E01026786",957,724,458,266,1,56,10,46,149,134,15,27
"2011","North Norfolk 014A","E01026744",952,702,506,196,17,133,31,102,89,81,8,11
"2011","North Norfolk 014B","E01026769",982,759,533,226,1,110,25,85,93,84,9,19
"2011","North Norfolk 014C","E01026783",836,690,488,202,1,66,15,51,63,55,8,16
"2011","North Norfolk 014D","E01026784",464,246,155,91,3,154,32,122,48,39,9,13
"2011","North Norfolk 014E","E01026785",607,476,328,148,1,48,13,35,65,55,10,17
"2011","Norwich 001A","E01026797",1070,544,146,398,1,215,130,85,299,273,26,11
"2011","Norwich 001B","E01026798",670,213,72,141,2,368,324,44,85,81,4,2
"2011","Norwich 001C","E01026799",626,271,60,211,0,284,254,30,66,58,8,5
"2011","Norwich 001D","E01026800",901,236,91,145,7,493,422,71,155,149,6,10
"2011","Norwich 001E","E01026801",684,541,304,237,4,47,43,4,86,85,1,6
"2011","Norwich 001F","E01026802",785,446,222,224,3,168,98,70,164,150,14,4
"2011","Norwich 002A","E01026828",664,220,71,149,1,393,351,42,45,42,3,5
"2011","Norwich 002B","E01026829",857,271,82,189,26,368,314,54,185,175,10,7
"2011","Norwich 002C","E01026830",682,216,92,124,0,336,271,65,123,117,6,7
"2011","Norwich 002D","E01026831",632,332,114,218,4,70,40,30,221,205,16,5
"2011","Norwich 002E","E01026832",498,180,64,116,2,290,270,20,24,21,3,2
"2011","Norwich 002F","E01026833",696,89,30,59,16,553,478,75,34,30,4,4
"2011","Norwich 002G","E01026834",644,234,98,136,2,340,253,87,63,57,6,5
"2011","Norwich 003A","E01026841",726,390,123,267,0,43,32,11,286,268,18,7
"2011","Norwich 003B","E01026842",818,480,205,275,4,34,31,3,295,278,17,5
"2011","Norwich 003C","E01026843",902,406,154,252,1,308,291,17,181,165,16,6
"2011","Norwich 003D","E01026844",823,368,131,237,17,289,267,22,140,131,9,9
"2011","Norwich 003E","E01026845",786,429,112,317,10,35,20,15,308,287,21,4
"2011","Norwich 003F","E01026846",811,396,132,264,2,79,56,23,324,299,25,10
"2011","Norwich 004A","E01026803",638,324,177,147,0,265,235,30,42,35,7,7
"2011","Norwich 004B","E01026804",633,437,252,185,0,161,158,3,33,27,6,2
"2011","Norwich 004C","E01026805",639,319,165,154,1,271,250,21,38,32,6,10
"2011","Norwich 004D","E01026806",508,444,252,192,2,19,18,1,36,27,9,7
"2011","Norwich 004E","E01026807",523,325,149,176,1,126,118,8,69,64,5,2
"2011","Norwich 004F","E01026808",516,158,46,112,2,316,307,9,34,31,3,6
"2011","Norwich 004G","E01026809",762,280,135,145,17,432,414,18,28,25,3,5
"2011","Norwich 005A","E01026791",661,215,84,131,3,345,253,92,89,80,9,9
"2011","Norwich 005B","E01026792",627,339,151,188,8,213,139,74,63,53,10,4
"2011","Norwich 005C","E01026793",625,187,77,110,1,358,294,64,71,65,6,8
"2011","Norwich 005D","E01026794",844,440,137,303,6,269,97,172,125,111,14,4
"2011","Norwich 005F","E01026796",650,224,118,106,3,283,243,40,129,124,5,11
"2011","Norwich 005G","E01033435",705,308,67,241,16,134,47,87,239,224,15,8
"2011","Norwich 005H","E01033436",596,193,92,101,0,319,229,90,79,75,4,5
"2011","Norwich 006A","E01026863",771,415,202,213,4,130,97,33,206,186,20,16
"2011","Norwich 006B","E01026864",657,391,170,221,3,168,107,61,85,73,12,10
"2011","Norwich 006C","E01026865",805,173,59,114,17,463,401,62,144,132,12,8
"2011","Norwich 006D","E01026866",767,390,177,213,9,159,127,32,199,174,25,10
"2011","Norwich 006E","E01026867",562,170,74,96,21,310,297,13,52,48,4,9
"2011","Norwich 006F","E01026868",565,134,61,73,13,331,257,74,84,77,7,3
"2011","Norwich 006G","E01026869",657,179,74,105,0,436,413,23,41,36,5,1
"2011","Norwich 007A","E01026822",1228,366,227,139,2,506,200,306,335,317,18,19
"2011","Norwich 007B","E01026823",1099,376,188,188,10,284,187,97,414,394,20,15
"2011","Norwich 007C","E01026824",868,212,103,109,4,473,449,24,164,149,15,15
"2011","Norwich 007D","E01026825",718,239,85,154,3,245,192,53,224,202,22,7
"2011","Norwich 007E","E01026826",864,144,64,80,5,495,289,206,212,198,14,8
"2011","Norwich 007F","E01026827",931,148,62,86,1,646,491,155,123,109,14,13
"2011","Norwich 009A","E01026835",643,328,160,168,0,42,8,34,267,255,12,6
"2011","Norwich 009B","E01026836",646,402,199,203,4,13,8,5,225,215,10,2
"2011","Norwich 009C","E01026837",735,346,172,174,2,103,42,61,274,260,14,10
"2011","Norwich 009D","E01026838",645,428,211,217,2,8,2,6,199,189,10,8
"2011","Norwich 009E","E01026839",668,313,127,186,0,18,7,11,328,306,22,9
"2011","Norwich 009F","E01026840",759,431,190,241,3,39,26,13,281,263,18,5
"2011","Norwich 010A","E01026858",745,190,107,83,1,432,359,73,108,98,10,14
"2011","Norwich 010B","E01026859",640,268,168,100,56,241,51,190,73,63,10,2
"2011","Norwich 010C","E01026860",470,221,157,64,2,152,137,15,90,69,21,5
"2011","Norwich 010D","E01026861",549,162,86,76,4,269,168,101,104,88,16,10
"2011","Norwich 010E","E01026862",497,235,115,120,3,191,112,79,61,55,6,7
"2011","Norwich 011A","E01026852",598,476,295,181,3,17,12,5,98,97,1,4
"2011","Norwich 011B","E01026853",1011,291,144,147,4,511,391,120,191,174,17,14
"2011","Norwich 011D","E01026855",773,399,244,155,2,49,43,6,315,297,18,8
"2011","Norwich 011E","E01026856",847,380,178,202,4,76,64,12,382,357,25,5
"2011","Norwich 011F","E01026857",751,393,235,158,3,159,75,84,184,174,10,12
"2011","Norwich 011G","E01033434",615,271,99,172,20,75,71,4,243,222,21,6
"2011","Norwich 011H","E01033437",786,154,81,73,11,480,451,29,122,113,9,19
"2011","Norwich 012A","E01026810",635,458,291,167,1,105,65,40,68,64,4,3
"2011","Norwich 012B","E01026811",723,606,411,195,1,50,42,8,59,51,8,7
"2011","Norwich 012C","E01026812",639,532,313,219,5,14,12,2,81,76,5,7
"2011","Norwich 012D","E01026813",635,585,412,173,2,9,7,2,37,35,2,2
"2011","Norwich 012E","E01026814",653,292,170,122,2,253,248,5,92,81,11,14
"2011","Norwich 012F","E01026815",648,483,274,209,3,28,13,15,123,114,9,11
"2011","Norwich 013A","E01026816",934,426,172,254,1,227,113,114,269,250,19,11
"2011","Norwich 013B","E01026817",706,342,201,141,3,280,215,65,73,66,7,8
"2011","Norwich 013C","E01026818",626,270,119,151,1,312,295,17,35,29,6,8
"2011","Norwich 013D","E01026819",625,179,68,111,1,389,382,7,49,40,9,7
"2011","Norwich 013E","E01026820",755,294,141,153,0,400,360,40,52,45,7,9
"2011","Norwich 013F","E01026821",712,330,162,168,1,332,326,6,39,30,9,10
"2011","Norwich 014A","E01033438",878,312,225,87,4,227,31,196,314,277,37,21
"2011","Norwich 014B","E01033439",763,318,114,204,3,41,31,10,393,381,12,8
"2011","Norwich 014C","E01033440",662,139,53,86,14,280,138,142,221,215,6,8
"2011","Norwich 014D","E01033441",773,245,88,157,4,101,55,46,415,394,21,8
"2011","Norwich 015A","E01026848",1015,204,92,112,2,678,454,224,125,114,11,6
"2011","Norwich 015B","E01026849",913,463,224,239,4,63,20,43,370,359,11,13
"2011","Norwich 015C","E01026850",952,484,214,270,3,168,134,34,287,267,20,10
"2011","South Norfolk 001A","E01026916",896,819,498,321,5,9,2,7,54,45,9,9
"2011","South Norfolk 001B","E01026917",668,496,291,205,20,106,24,82,42,36,6,4
"2011","South Norfolk 001C","E01026918",770,662,372,290,6,21,5,16,74,69,5,7
"2011","South Norfolk 001E","E01026924",674,499,304,195,2,124,32,92,39,36,3,10
"2011","South Norfolk 001F","E01026925",923,435,161,274,28,369,63,306,84,75,9,7
"2011","South Norfolk 001G","E01033538",860,555,62,493,29,94,8,86,181,168,13,1
"2011","South Norfolk 001H","E01033540",666,478,255,223,9,116,32,84,52,47,5,11
"2011","South Norfolk 002A","E01026881",626,453,220,233,4,45,8,37,120,116,4,4
"2011","South Norfolk 002B","E01026882",855,736,441,295,15,36,2,34,62,59,3,6
"2011","South Norfolk 002C","E01026883",680,532,294,238,5,72,16,56,65,58,7,6
"2011","South Norfolk 002D","E01026895",598,472,211,261,11,50,19,31,50,44,6,15
"2011","South Norfolk 002E","E01026896",486,384,192,192,0,35,10,25,52,44,8,15
"2011","South Norfolk 003A","E01026905",521,290,181,109,3,201,52,149,17,15,2,10
"2011","South Norfolk 003B","E01026906",593,542,362,180,1,17,5,12,26,21,5,7
"2011","South Norfolk 003C","E01026907",795,643,338,305,5,41,12,29,97,91,6,9
"2011","South Norfolk 003D","E01026908",598,438,131,307,6,18,5,13,131,122,9,5
"2011","South Norfolk 004A","E01026909",650,430,258,172,1,156,29,127,59,52,7,4
"2011","South Norfolk 004B","E01026910",649,550,331,219,7,24,6,18,58,48,10,10
"2011","South Norfolk 004C","E01026947",509,376,185,191,2,53,16,37,71,59,12,7
"2011","South Norfolk 004D","E01026948",486,416,219,197,0,22,5,17,37,31,6,11
"2011","South Norfolk 005A","E01026870",873,453,276,177,3,181,57,124,218,194,24,18
"2011","South Norfolk 005B","E01026871",570,464,282,182,37,21,6,15,46,42,4,2
"2011","South Norfolk 005C","E01026921",631,521,311,210,3,15,3,12,88,79,9,4
"2011","South Norfolk 005D","E01026922",689,401,234,167,6,212,56,156,62,55,7,8
"2011","South Norfolk 006A","E01026875",448,396,228,168,1,10,2,8,39,30,9,2
"2011","South Norfolk 006B","E01026876",652,498,314,184,0,86,21,65,49,45,4,19
"2011","South Norfolk 006C","E01026926",662,559,331,228,1,20,8,12,76,68,8,6
"2011","South Norfolk 006D","E01026927",788,702,364,338,1,33,4,29,48,44,4,4
"2011","South Norfolk 006E","E01026928",629,431,233,198,5,125,22,103,56,44,12,12
"2011","South Norfolk 006F","E01026936",625,500,304,196,3,66,23,43,47,41,6,9
"2011","South Norfolk 006G","E01026937",629,429,215,214,2,59,11,48,117,107,10,22
"2011","South Norfolk 007A","E01026884",486,330,174,156,2,98,30,68,53,49,4,3
"2011","South Norfolk 007B","E01026885",555,422,211,211,6,36,12,24,72,64,8,19
"2011","South Norfolk 007C","E01026933",1113,839,380,459,37,86,5,81,142,127,15,9
"2011","South Norfolk 007D","E01026945",870,664,244,420,21,64,13,51,118,107,11,3
"2011","South Norfolk 007E","E01026946",496,428,295,133,0,28,10,18,34,29,5,6
"2011","South Norfolk 008A","E01026879",499,323,193,130,10,96,20,76,53,44,9,17
"2011","South Norfolk 008B","E01026880",605,521,327,194,0,19,6,13,48,44,4,17
"2011","South Norfolk 008C","E01026911",529,307,162,145,1,156,49,107,56,53,3,9
"2011","South Norfolk 008D","E01026912",650,521,290,231,2,49,9,40,64,59,5,14
"2011","South Norfolk 008E","E01026929",553,453,270,183,1,32,6,26,55,50,5,12
"2011","South Norfolk 008F","E01026930",615,501,290,211,0,59,12,47,43,39,4,12
"2011","South Norfolk 009A","E01026913",714,479,190,289,9,147,17,130,71,65,6,8
"2011","South Norfolk 009B","E01026914",614,500,294,206,3,14,2,12,86,75,11,11
"2011","South Norfolk 009C","E01026915",796,677,316,361,5,33,10,23,77,67,10,4
"2011","South Norfolk 009D","E01026919",625,443,198,245,3,118,23,95,55,46,9,6
"2011","South Norfolk 009E","E01026920",469,396,221,175,0,32,11,21,34,30,4,7
"2011","South Norfolk 009F","E01026941",506,422,263,159,0,32,6,26,41,36,5,11
"2011","South Norfolk 009G","E01026942",449,399,191,208,2,16,2,14,29,24,5,3
"2011","South Norfolk 010A","E01026898",601,448,270,178,3,82,19,63,60,55,5,8
"2011","South Norfolk 010B","E01026899",602,448,260,188,0,29,9,20,101,99,2,24
"2011","South Norfolk 010C","E01026943",654,527,312,215,1,48,11,37,69,57,12,9
"2011","South Norfolk 010D","E01026944",461,378,197,181,0,24,7,17,53,49,4,6
"2011","South Norfolk 011A","E01026877",638,547,319,228,4,39,9,30,37,34,3,11
"2011","South Norfolk 011B","E01026878",473,353,167,186,1,71,23,48,33,27,6,15
"2011","South Norfolk 011C","E01026897",1099,898,491,407,8,79,22,57,96,78,18,18
"2011","South Norfolk 011D","E01026938",852,679,303,376,19,39,6,33,105,91,14,10
"2011","South Norfolk 011E","E01026939",703,588,276,312,6,39,4,35,54,46,8,16
"2011","South Norfolk 011F","E01026940",719,401,145,256,20,196,44,152,86,74,12,16
"2011","South Norfolk 012A","E01026892",557,361,189,172,2,84,28,56,96,82,14,14
"2011","South Norfolk 012B","E01026893",460,398,272,126,1,14,3,11,41,37,4,6
"2011","South Norfolk 012C","E01026894",1033,795,487,308,2,113,39,74,98,86,12,25
"2011","South Norfolk 012D","E01026903",480,408,231,177,0,21,6,15,34,30,4,17
"2011","South Norfolk 012E","E01026904",562,414,226,188,1,90,25,65,42,34,8,15
"2011","South Norfolk 013A","E01026872",980,678,398,280,11,137,29,108,133,117,16,21
"2011","South Norfolk 013B","E01026900",692,495,325,170,15,118,16,102,53,43,10,11
"2011","South Norfolk 013C","E01026901",606,477,266,211,12,38,3,35,70,62,8,9
"2011","South Norfolk 013D","E01026902",878,504,298,206,41,171,49,122,155,141,14,7
"2011","South Norfolk 014A","E01026873",511,391,235,156,3,44,9,35,63,58,5,10
"2011","South Norfolk 014B","E01026874",610,445,252,193,3,76,22,54,64,58,6,22
"2011","South Norfolk 014C","E01026886",564,459,242,217,10,52,10,42,32,28,4,11
"2011","South Norfolk 014D","E01026887",607,439,216,223,0,62,15,47,97,87,10,9
"2011","South Norfolk 014E","E01026934",463,350,206,144,18,49,20,29,40,35,5,6
"2011","South Norfolk 014F","E01026935",566,423,250,173,0,37,15,22,93,86,7,13
"2011","South Norfolk 015A","E01026888",778,440,289,151,2,248,97,151,73,65,8,15
"2011","South Norfolk 015B","E01026889",719,570,372,198,2,24,9,15,112,99,13,11
"2011","South Norfolk 015D","E01026891",815,434,258,176,4,208,42,166,156,135,21,13
"2011","South Norfolk 015E","E01026931",471,415,226,189,0,9,1,8,39,34,5,8
"2011","South Norfolk 015F","E01026932",535,399,218,181,5,42,8,34,79,72,7,10
"2011","South Norfolk 015G","E01033539",620,391,191,200,10,57,14,43,158,153,5,4
"2011","South Norfolk 015H","E01033541",657,417,269,148,10,73,19,54,146,133,13,11
"2011","Babergh 001A","E01029876",899,610,363,247,9,144,96,48,105,96,9,31
"2011","Babergh 001B","E01029898",884,572,391,181,7,177,150,27,101,89,12,27
"2011","Babergh 001C","E01029907",955,692,435,257,4,130,84,46,103,90,13,26
"2011","Babergh 002A","E01029881",833,656,357,299,1,75,51,24,84,76,8,17
"2011","Babergh 002B","E01029884",666,438,213,225,0,104,63,41,114,96,18,10
"2011","Babergh 002C","E01029885",939,793,461,332,1,34,24,10,99,92,7,12
"2011","Babergh 003A","E01029900",734,441,247,194,3,227,198,29,48,39,9,15
"2011","Babergh 003B","E01029901",1025,734,459,275,5,43,26,17,222,201,21,21
"2011","Babergh 003C","E01029917",812,628,336,292,15,103,32,71,62,60,2,4
"2011","Babergh 004A","E01029892",848,405,233,172,2,274,219,55,147,133,14,20
"2011","Babergh 004B","E01029893",1018,637,372,265,8,113,53,60,237,95,142,23
"2011","Babergh 004C","E01029894",517,395,208,187,1,34,5,29,79,71,8,8
"2011","Babergh 004D","E01029895",476,427,221,206,3,12,7,5,30,23,7,4
"2011","Babergh 004E","E01029896",615,361,198,163,2,181,155,26,61,52,9,10
"2011","Babergh 004F","E01029911",918,698,427,271,11,93,74,19,95,83,12,21
"2011","Babergh 005A","E01029877",513,419,225,194,1,28,25,3,56,49,7,9
"2011","Babergh 005B","E01029878",514,406,235,171,1,35,22,13,69,62,7,3
"2011","Babergh 005C","E01029879",624,468,276,192,3,65,59,6,75,65,10,13
"2011","Babergh 005D","E01029908",686,549,155,394,0,18,5,13,118,83,35,1
"2011","Babergh 005E","E01029909",733,577,176,401,3,13,4,9,137,123,14,3
"2011","Babergh 005F","E01029910",504,243,104,139,1,217,6,211,36,34,2,7
"2011","Babergh 006A","E01029880",743,544,324,220,1,91,56,35,76,70,6,31
"2011","Babergh 006B","E01029921",537,474,270,204,0,21,8,13,36,30,6,6
"2011","Babergh 006C","E01029922",544,377,211,166,0,111,86,25,41,32,9,15
"2011","Babergh 006D","E01029923",582,496,240,256,1,24,5,19,59,50,9,2
"2011","Babergh 007A","E01029912",726,395,178,217,3,199,180,19,122,111,11,7
"2011","Babergh 007B","E01029913",546,482,367,115,2,17,10,7,39,31,8,6
"2011","Babergh 007C","E01029914",666,353,116,237,12,154,101,53,138,122,16,9
"2011","Babergh 007D","E01029915",514,367,183,184,0,70,67,3,70,62,8,7
"2011","Babergh 007E","E01029916",506,231,101,130,5,216,130,86,47,42,5,7
"2011","Babergh 007F","E01029918",544,265,133,132,6,115,93,22,153,140,13,5
"2011","Babergh 007G","E01029919",668,493,290,203,4,42,17,25,118,110,8,11
"2011","Babergh 007H","E01029920",1004,473,307,166,14,222,146,76,275,257,18,20
"2011","Babergh 008A","E01029886",507,310,178,132,4,144,112,32,37,34,3,12
"2011","Babergh 008B","E01029887",792,618,322,296,11,33,9,24,122,117,5,8
"2011","Babergh 008C","E01029888",495,289,122,167,0,154,148,6,45,39,6,7
"2011","Babergh 008D","E01029889",503,251,106,145,3,190,179,11,47,40,7,12
"2011","Babergh 008E","E01029890",485,419,148,271,0,12,10,2,49,38,11,5
"2011","Babergh 008F","E01029891",782,579,241,338,3,87,17,70,107,94,13,6
"2011","Babergh 009A","E01029875",901,705,423,282,1,99,63,36,78,68,10,18
"2011","Babergh 009B","E01029899",764,667,378,289,1,34,22,12,54,43,11,8
"2011","Babergh 009C","E01029902",896,697,415,282,3,69,47,22,100,82,18,27
"2011","Babergh 009D","E01029906",819,578,370,208,3,100,74,26,111,99,12,27
"2011","Babergh 010A","E01029870",479,335,165,170,5,87,42,45,47,44,3,5
"2011","Babergh 010B","E01029872",585,513,297,216,2,17,11,6,39,34,5,14
"2011","Babergh 010C","E01029882",621,464,298,166,2,93,66,27,49,45,4,13
"2011","Babergh 010D","E01029883",850,714,441,273,3,32,26,6,92,81,11,9
"2011","Babergh 010E","E01029903",561,519,300,219,0,7,4,3,29,22,7,6
"2011","Babergh 010F","E01029904",608,540,328,212,0,28,18,10,37,28,9,3
"2011","Babergh 010G","E01029905",464,390,229,161,1,22,20,2,44,42,2,7
"2011","Babergh 011A","E01029871",622,454,276,178,3,79,43,36,68,52,16,18
"2011","Babergh 011B","E01029873",965,664,410,254,1,132,102,30,136,117,19,32
"2011","Babergh 011C","E01029874",727,624,267,357,2,17,7,10,80,68,12,4
"2011","Babergh 011D","E01029897",803,552,335,217,1,74,66,8,91,66,25,85
"2011","Forest Heath 001A","E01029926",796,668,429,239,5,15,5,10,100,91,9,8
"2011","Forest Heath 001B","E01029927",1015,477,240,237,6,233,92,141,279,256,23,20
"2011","Forest Heath 001C","E01029928",804,464,240,224,28,90,28,62,190,168,22,32
"2011","Forest Heath 001D","E01029929",1019,626,317,309,7,217,78,139,158,145,13,11
"2011","Forest Heath 001E","E01029930",644,465,237,228,1,25,9,16,144,132,12,9
"2011","Forest Heath 002C","E01029942",660,466,264,202,0,21,5,16,158,144,14,15
"2011","Forest Heath 002E","E01029944",752,533,320,213,1,75,17,58,126,108,18,17
"2011","Forest Heath 002F","E01033453",938,365,148,217,0,109,48,61,335,239,96,129
"2011","Forest Heath 003E","E01029945",796,535,278,257,5,83,31,52,155,142,13,18
"2011","Forest Heath 003F","E01032523",426,148,48,100,10,13,3,10,216,170,46,39
"2011","Forest Heath 003G","E01032524",411,225,116,109,2,30,11,19,146,139,7,8
"2011","Forest Heath 003H","E01032525",1003,359,194,165,15,61,10,51,400,294,106,168
"2011","Forest Heath 003I","E01032526",701,484,267,217,1,39,12,27,160,144,16,17
"2011","Forest Heath 004A","E01029938",528,208,56,152,1,204,92,112,104,101,3,11
"2011","Forest Heath 004B","E01029939",640,447,198,249,4,29,8,21,152,147,5,8
"2011","Forest Heath 004C","E01029940",617,302,139,163,3,220,85,135,73,65,8,19
"2011","Forest Heath 004D","E01029946",906,415,168,247,18,241,75,166,213,205,8,19
"2011","Forest Heath 004E","E01029947",1064,633,371,262,12,116,26,90,286,273,13,17
"2011","Forest Heath 005A","E01029941",775,452,224,228,4,93,26,67,191,178,13,35
"2011","Forest Heath 005C","E01029957",728,546,318,228,1,38,9,29,97,80,17,46
"2011","Forest Heath 005D","E01033451",622,270,20,250,41,94,31,63,215,210,5,2
"2011","Forest Heath 005E","E01033452",583,359,132,227,6,47,12,35,159,151,8,12
"2011","Forest Heath 005F","E01033454",543,308,95,213,23,55,13,42,151,144,7,6
"2011","Forest Heath 006A","E01029937",871,539,249,290,2,149,41,108,147,129,18,34
"2011","Forest Heath 006B","E01029953",613,324,114,210,0,120,47,73,156,143,13,13
"2011","Forest Heath 006C","E01029954",1122,362,184,178,110,387,125,262,210,181,29,53
"2011","Forest Heath 006D","E01029955",874,494,202,292,22,157,63,94,176,153,23,25
"2011","Forest Heath 006E","E01029956",544,302,92,210,2,20,6,14,215,207,8,5
"2011","Forest Heath 008A","E01029925",870,479,271,208,13,66,22,44,290,260,30,22
"2011","Forest Heath 008B","E01029949",637,315,163,152,1,188,86,102,115,108,7,18
"2011","Forest Heath 008C","E01029950",795,290,127,163,3,309,162,147,172,161,11,21
"2011","Forest Heath 008D","E01029951",616,458,289,169,2,36,14,22,85,78,7,35
"2011","Forest Heath 008E","E01029952",524,373,209,164,1,48,30,18,95,87,8,7
"2011","Forest Heath 008F","E01032612",939,483,188,295,4,111,35,76,326,299,27,15
"2011","Ipswich 001A","E01030032",511,172,59,113,0,300,291,9,33,29,4,6
"2011","Ipswich 001B","E01030033",654,577,352,225,2,26,22,4,44,39,5,5
"2011","Ipswich 001C","E01030034",630,575,360,215,1,14,12,2,33,27,6,7
"2011","Ipswich 001D","E01030035",647,286,126,160,1,303,274,29,39,35,4,18
"2011","Ipswich 001E","E01030036",776,316,156,160,0,414,368,46,32,29,3,14
"2011","Ipswich 002A","E01029973",631,577,376,201,1,10,7,3,40,31,9,3
"2011","Ipswich 002B","E01029974",613,530,238,292,0,10,2,8,67,65,2,6
"2011","Ipswich 002C","E01029975",518,380,202,178,1,84,46,38,50,45,5,3
"2011","Ipswich 002D","E01029976",639,503,263,240,3,69,66,3,55,50,5,9
"2011","Ipswich 002E","E01029977",633,570,312,258,1,10,3,7,45,38,7,7
"2011","Ipswich 003A","E01030027",906,549,167,382,27,78,16,62,245,232,13,7
"2011","Ipswich 003B","E01030028",668,442,192,250,1,160,85,75,61,55,6,4
"2011","Ipswich 003C","E01030029",658,342,151,191,2,237,203,34,66,53,13,11
"2011","Ipswich 003D","E01030030",898,505,161,344,21,199,32,167,169,165,4,4
"2011","Ipswich 003E","E01030031",647,266,72,194,1,328,289,39,38,37,1,14
"2011","Ipswich 004A","E01029997",630,479,210,269,0,96,80,16,51,46,5,4
"2011","Ipswich 004B","E01029998",758,400,213,187,2,295,206,89,49,41,8,12
"2011","Ipswich 004C","E01029999",624,532,228,304,2,34,32,2,50,47,3,6
"2011","Ipswich 004D","E01030000",637,473,190,283,1,32,13,19,125,122,3,6
"2011","Ipswich 004E","E01030001",647,420,216,204,0,166,161,5,44,39,5,17
"2011","Ipswich 005A","E01030007",662,454,184,270,1,11,8,3,191,185,6,5
"2011","Ipswich 005B","E01030008",520,407,237,170,1,16,5,11,90,87,3,6
"2011","Ipswich 005C","E01030009",591,450,256,194,0,5,3,2,128,116,12,8
"2011","Ipswich 005D","E01030010",955,390,188,202,5,132,114,18,414,405,9,14
"2011","Ipswich 005E","E01030011",675,570,328,242,3,49,2,47,45,43,2,8
"2011","Ipswich 006A","E01030022",930,497,148,349,13,98,36,62,314,298,16,8
"2011","Ipswich 006B","E01030023",835,299,95,204,4,132,80,52,394,372,22,6
"2011","Ipswich 006C","E01030024",1057,225,107,118,9,381,247,134,430,412,18,12
"2011","Ipswich 006D","E01030025",834,353,147,206,6,148,91,57,316,307,9,11
"2011","Ipswich 006E","E01030026",707,419,133,286,4,77,14,63,203,189,14,4
"2011","Ipswich 007A","E01029958",645,425,166,259,1,52,24,28,162,151,11,5
"2011","Ipswich 007C","E01029960",839,495,186,309,20,52,4,48,269,258,11,3
"2011","Ipswich 007D","E01029961",603,375,140,235,6,27,5,22,185,179,6,10
"2011","Ipswich 007E","E01029962",696,351,128,223,6,34,17,17,298,287,11,7
"2011","Ipswich 007F","E01033124",440,64,31,33,8,63,5,58,302,295,7,3
"2011","Ipswich 007G","E01033125",632,94,25,69,3,146,26,120,379,360,19,10
"2011","Ipswich 007H","E01033129",646,130,59,71,2,267,140,127,235,226,9,12
"2011","Ipswich 008A","E01030002",937,557,245,312,5,115,20,95,247,232,15,13
"2011","Ipswich 008B","E01030003",713,529,199,330,1,19,5,14,159,146,13,5
"2011","Ipswich 008C","E01030004",498,439,201,238,0,4,3,1,54,49,5,1
"2011","Ipswich 008D","E01030005",930,533,193,340,12,110,38,72,266,251,15,9
"2011","Ipswich 008E","E01030006",843,439,180,259,4,169,35,134,222,207,15,9
"2011","Ipswich 009A","E01029963",640,587,349,238,2,8,5,3,35,32,3,8
"2011","Ipswich 009B","E01029964",522,400,178,222,0,13,2,11,103,96,7,6
"2011","Ipswich 009C","E01029965",621,553,330,223,0,4,1,3,56,49,7,8
"2011","Ipswich 009D","E01029966",621,436,258,178,3,71,37,34,104,100,4,7
"2011","Ipswich 009E","E01029967",613,572,409,163,3,4,2,2,31,28,3,3
"2011","Ipswich 010A","E01029984",613,330,119,211,4,204,180,24,66,56,10,9
"2011","Ipswich 010B","E01029985",1078,508,154,354,31,223,127,96,312,294,18,4
"2011","Ipswich 010C","E01029986",665,224,94,130,2,371,287,84,53,50,3,15
"2011","Ipswich 010D","E01029987",622,277,129,148,2,287,272,15,47,43,4,9
"2011","Ipswich 010E","E01029988",920,225,84,141,5,330,174,156,350,334,16,10
"2011","Ipswich 011B","E01029990",713,464,154,310,3,9,3,6,234,226,8,3
"2011","Ipswich 011C","E01029991",675,601,316,285,2,9,9,0,59,55,4,4
"2011","Ipswich 011D","E01029992",608,444,207,237,3,18,4,14,137,128,9,6
"2011","Ipswich 011E","E01033123",809,362,139,223,18,115,52,63,309,297,12,5
"2011","Ipswich 011F","E01033126",768,164,51,113,11,67,5,62,518,498,20,8
"2011","Ipswich 012A","E01029968",674,358,148,210,7,99,84,15,209,198,11,1
"2011","Ipswich 012B","E01029969",555,350,144,206,4,95,45,50,100,86,14,6
"2011","Ipswich 012C","E01029970",757,478,206,272,4,177,122,55,94,88,6,4
"2011","Ipswich 012D","E01029971",637,257,102,155,1,313,251,62,51,44,7,15
"2011","Ipswich 012F","E01033122",664,144,44,100,23,235,31,204,258,236,22,4
"2011","Ipswich 012G","E01033130",633,161,50,111,2,203,164,39,255,244,11,12
"2011","Ipswich 013A","E01030012",624,227,124,103,1,352,346,6,29,25,4,15
"2011","Ipswich 013B","E01030013",604,295,133,162,2,239,229,10,47,43,4,21
"2011","Ipswich 013C","E01030014",602,341,178,163,2,219,216,3,30,25,5,10
"2011","Ipswich 013D","E01030015",530,469,245,224,1,11,10,1,48,39,9,1
"2011","Ipswich 013E","E01030016",633,383,196,187,3,101,32,69,144,140,4,2
"2011","Ipswich 014B","E01029994",636,218,81,137,1,365,344,21,38,37,1,14
"2011","Ipswich 014C","E01029995",654,534,223,311,0,24,11,13,90,82,8,6
"2011","Ipswich 014D","E01029996",637,361,175,186,3,195,182,13,63,60,3,15
"2011","Ipswich 014E","E01033127",604,244,46,198,18,167,24,143,169,156,13,6
"2011","Ipswich 014F","E01033128",485,284,84,200,0,92,20,72,105,97,8,4
"2011","Ipswich 014G","E01033131",554,221,73,148,3,260,212,48,59,51,8,11
"2011","Ipswich 015A","E01030017",633,318,183,135,2,277,84,193,30,26,4,6
"2011","Ipswich 015B","E01030018",667,182,79,103,1,437,283,154,38,35,3,9
"2011","Ipswich 015C","E01030019",644,509,263,246,4,71,7,64,49,45,4,11
"2011","Ipswich 015D","E01030020",609,465,246,219,1,95,58,37,46,42,4,2
"2011","Ipswich 015E","E01030021",673,199,97,102,0,418,23,395,47,37,10,9
"2011","Ipswich 016A","E01029978",547,358,174,184,4,113,101,12,64,58,6,8
"2011","Ipswich 016B","E01029979",645,204,65,139,0,381,363,18,46,42,4,14
"2011","Ipswich 016C","E01029980",701,228,71,157,5,399,308,91,62,56,6,7
"2011","Ipswich 016D","E01029981",513,415,191,224,2,43,37,6,52,47,5,1
"2011","Ipswich 016E","E01029982",526,220,74,146,1,267,245,22,22,19,3,16
"2011","Ipswich 016F","E01029983",656,508,237,271,3,18,16,2,123,118,5,4
"2011","Mid Suffolk 001A","E01030052",969,654,402,252,9,184,131,53,102,87,15,20
"2011","Mid Suffolk 001B","E01030058",868,633,392,241,6,107,75,32,103,81,22,19
"2011","Mid Suffolk 001C","E01030064",922,751,427,324,0,82,67,15,72,61,11,17
"2011","Mid Suffolk 001D","E01030088",475,376,220,156,1,35,29,6,52,46,6,11
"2011","Mid Suffolk 002A","E01030039",557,453,258,195,1,38,37,1,55,41,14,10
"2011","Mid Suffolk 002B","E01030054",508,418,255,163,2,31,10,21,49,40,9,8
"2011","Mid Suffolk 002C","E01030055",577,459,231,228,6,46,25,21,59,51,8,7
"2011","Mid Suffolk 002D","E01030066",680,519,302,217,3,94,77,17,49,44,5,15
"2011","Mid Suffolk 002E","E01030067",566,457,257,200,1,8,6,2,93,85,8,7
"2011","Mid Suffolk 002F","E01030068",717,519,266,253,10,95,67,28,78,71,7,15
"2011","Mid Suffolk 003A","E01030053",985,727,436,291,7,119,108,11,100,91,9,32
"2011","Mid Suffolk 003B","E01030082",1136,813,498,315,8,162,135,27,123,97,26,30
"2011","Mid Suffolk 003C","E01030090",969,728,413,315,4,79,67,12,136,99,37,22
"2011","Mid Suffolk 004A","E01030040",489,350,194,156,1,61,41,20,61,49,12,16
"2011","Mid Suffolk 004B","E01030049",673,507,274,233,6,84,73,11,67,56,11,9
"2011","Mid Suffolk 004C","E01030050",836,704,282,422,4,16,4,12,102,97,5,10
"2011","Mid Suffolk 004D","E01030084",646,559,325,234,19,6,4,2,48,45,3,14
"2011","Mid Suffolk 004E","E01030085",681,557,248,309,2,48,33,15,68,67,1,6
"2011","Mid Suffolk 005A","E01030037",512,373,195,178,22,56,47,9,48,45,3,13
"2011","Mid Suffolk 005B","E01030038",499,417,236,181,2,20,18,2,52,37,15,8
"2011","Mid Suffolk 005C","E01030059",961,730,406,324,10,123,87,36,85,75,10,13
"2011","Mid Suffolk 005D","E01030081",1008,760,450,310,5,175,116,59,57,49,8,11
"2011","Mid Suffolk 006A","E01030051",726,501,253,248,4,189,101,88,29,23,6,3
"2011","Mid Suffolk 006B","E01030056",949,656,368,288,43,180,133,47,50,45,5,20
"2011","Mid Suffolk 006C","E01030065",866,675,385,290,5,99,86,13,72,61,11,15
"2011","Mid Suffolk 006D","E01030086",472,363,183,180,2,60,44,16,38,34,4,9
"2011","Mid Suffolk 006E","E01030089",835,648,352,296,7,116,71,45,50,47,3,14
"2011","Mid Suffolk 007A","E01030048",1029,752,414,338,9,125,66,59,126,115,11,17
"2011","Mid Suffolk 007B","E01030057",910,656,324,332,1,65,50,15,165,155,10,23
"2011","Mid Suffolk 007C","E01030083",918,779,428,351,1,48,38,10,76,65,11,14
"2011","Mid Suffolk 007D","E01030087",514,388,203,185,5,51,48,3,56,47,9,14
"2011","Mid Suffolk 008A","E01030073",747,508,350,158,3,189,169,20,33,28,5,14
"2011","Mid Suffolk 008B","E01030077",680,320,157,163,7,277,208,69,60,58,2,16
"2011","Mid Suffolk 008C","E01030079",642,284,131,153,6,301,169,132,39,35,4,12
"2011","Mid Suffolk 008D","E01030080",667,507,273,234,2,94,88,6,57,49,8,7
"2011","Mid Suffolk 009A","E01030063",903,714,334,380,3,104,55,49,70,62,8,12
"2011","Mid Suffolk 009B","E01030069",543,464,257,207,1,25,22,3,47,43,4,6
"2011","Mid Suffolk 009C","E01030072",747,578,320,258,3,41,35,6,120,107,13,5
"2011","Mid Suffolk 009D","E01030075",618,562,191,371,1,3,3,0,49,43,6,3
"2011","Mid Suffolk 010A","E01030060",738,533,246,287,2,84,62,22,108,94,14,11
"2011","Mid Suffolk 010B","E01030071",684,510,257,253,6,23,11,12,137,125,12,8
"2011","Mid Suffolk 010D","E01030076",640,415,176,239,1,81,70,11,133,123,10,10
"2011","Mid Suffolk 010E","E01030078",724,616,271,345,2,8,4,4,96,87,9,2
"2011","Mid Suffolk 010F","E01033316",624,430,90,340,43,49,20,29,100,95,5,2
"2011","Mid Suffolk 010G","E01033317",651,447,139,308,12,24,4,20,162,143,19,6
"2011","Mid Suffolk 010H","E01033319",726,582,152,430,1,12,3,9,129,121,8,2
"2011","Mid Suffolk 011A","E01030041",921,721,412,309,5,84,69,15,93,75,18,18
"2011","Mid Suffolk 011B","E01030043",536,446,178,268,3,24,19,5,61,55,6,2
"2011","Mid Suffolk 011C","E01030061",761,471,270,201,4,167,113,54,103,84,19,16
"2011","Mid Suffolk 011D","E01030062",624,519,310,209,2,13,4,9,85,72,13,5
"2011","Mid Suffolk 011E","E01030070",539,248,142,106,15,45,14,31,226,39,187,5
"2011","Mid Suffolk 012A","E01030042",667,575,341,234,4,13,13,0,67,60,7,8
"2011","Mid Suffolk 012B","E01030044",563,391,240,151,3,109,91,18,49,47,2,11
"2011","Mid Suffolk 012C","E01030045",706,616,316,300,3,27,16,11,53,48,5,7
"2011","Mid Suffolk 012D","E01030046",647,526,282,244,5,51,35,16,59,52,7,6
"2011","Mid Suffolk 012E","E01030047",555,397,164,233,0,94,89,5,58,53,5,6
"2011","St Edmundsbury 001A","E01030095",485,369,192,177,0,48,21,27,62,52,10,6
"2011","St Edmundsbury 001B","E01030096",608,494,277,217,2,48,19,29,54,39,15,10
"2011","St Edmundsbury 001C","E01030097",504,353,214,139,1,102,46,56,39,32,7,9
"2011","St Edmundsbury 001D","E01030145",598,485,239,246,4,40,11,29,50,40,10,19
"2011","St Edmundsbury 001E","E01030146",500,338,261,77,5,89,26,63,62,14,48,6
"2011","St Edmundsbury 002A","E01030094",594,329,167,162,0,82,34,48,156,132,24,27
"2011","St Edmundsbury 002B","E01030121",889,622,303,319,5,142,52,90,102,80,22,18
"2011","St Edmundsbury 002C","E01030132",438,144,70,74,1,26,6,20,263,59,204,4
"2011","St Edmundsbury 002D","E01030133",606,321,191,130,2,78,26,52,188,133,55,17
"2011","St Edmundsbury 003A","E01030130",543,349,188,161,1,129,57,72,57,49,8,7
"2011","St Edmundsbury 003B","E01030131",507,149,51,98,1,323,185,138,25,21,4,9
"2011","St Edmundsbury 003C","E01030139",765,257,97,160,3,429,190,239,62,50,12,14
"2011","St Edmundsbury 003D","E01030140",503,313,124,189,6,137,73,64,38,33,5,9
"2011","St Edmundsbury 003E","E01030141",638,378,144,234,4,189,94,95,64,54,10,3
"2011","St Edmundsbury 004A","E01030103",861,678,433,245,17,105,31,74,54,45,9,7
"2011","St Edmundsbury 004B","E01030104",894,762,457,305,2,53,19,34,63,52,11,14
"2011","St Edmundsbury 004C","E01030138",975,660,384,276,13,146,54,92,126,115,11,30
"2011","St Edmundsbury 005B","E01030127",514,367,154,213,3,4,0,4,137,134,3,3
"2011","St Edmundsbury 005C","E01030128",610,440,140,300,5,10,1,9,154,143,11,1
"2011","St Edmundsbury 005D","E01030129",581,492,233,259,2,4,0,4,81,79,2,2
"2011","St Edmundsbury 005E","E01033044",520,312,61,251,31,59,3,56,116,108,8,2
"2011","St Edmundsbury 005F","E01033045",402,282,66,216,18,34,2,32,66,59,7,2
"2011","St Edmundsbury 005G","E01033050",521,352,101,251,4,50,6,44,111,102,9,4
"2011","St Edmundsbury 006A","E01030091",950,425,274,151,12,110,21,89,388,370,18,15
"2011","St Edmundsbury 006B","E01030093",776,424,256,168,5,94,29,65,240,226,14,13
"2011","St Edmundsbury 006D","E01030137",737,449,215,234,26,55,12,43,204,193,11,3
"2011","St Edmundsbury 006E","E01033043",616,303,164,139,0,134,37,97,174,163,11,5
"2011","St Edmundsbury 006F","E01033046",605,189,87,102,13,196,40,156,202,190,12,5
"2011","St Edmundsbury 006G","E01033047",500,305,148,157,3,51,19,32,136,130,6,5
"2011","St Edmundsbury 007A","E01030092",813,454,253,201,0,182,56,126,169,154,15,8
"2011","St Edmundsbury 007B","E01030123",646,347,186,161,2,244,122,122,46,40,6,7
"2011","St Edmundsbury 007C","E01030124",731,590,389,201,0,12,4,8,117,101,16,12
"2011","St Edmundsbury 007D","E01030125",635,434,241,193,5,136,67,69,44,38,6,16
"2011","St Edmundsbury 007E","E01030148",515,465,263,202,1,1,0,1,45,41,4,3
"2011","St Edmundsbury 007F","E01030149",625,551,323,228,6,10,2,8,52,43,9,6
"2011","St Edmundsbury 008A","E01030098",966,726,410,316,1,121,36,85,105,91,14,13
"2011","St Edmundsbury 008B","E01030100",868,715,421,294,2,76,23,53,69,58,11,6
"2011","St Edmundsbury 008C","E01030119",934,715,399,316,5,96,42,54,90,77,13,28
"2011","St Edmundsbury 008D","E01030134",470,298,158,140,4,86,32,54,66,61,5,16
"2011","St Edmundsbury 008E","E01030135",538,431,262,169,0,15,8,7,59,47,12,33
"2011","St Edmundsbury 009B","E01030142",736,640,447,193,1,37,5,32,52,47,5,6
"2011","St Edmundsbury 009C","E01030143",661,404,184,220,5,146,45,101,102,94,8,4
"2011","St Edmundsbury 009D","E01030144",535,429,251,178,0,67,14,53,34,28,6,5
"2011","St Edmundsbury 009E","E01030147",681,590,418,172,0,20,8,12,63,60,3,8
"2011","St Edmundsbury 009F","E01033048",650,282,146,136,24,211,42,169,125,106,19,8
"2011","St Edmundsbury 009G","E01033049",653,374,236,138,3,99,23,76,166,158,8,11
"2011","St Edmundsbury 010A","E01030099",863,670,416,254,3,72,33,39,95,87,8,23
"2011","St Edmundsbury 010B","E01030101",950,654,403,251,6,149,48,101,129,119,10,12
"2011","St Edmundsbury 010C","E01030150",909,653,372,281,3,133,48,85,101,88,13,19
"2011","St Edmundsbury 011A","E01030120",923,736,402,334,3,74,27,47,89,79,10,21
"2011","St Edmundsbury 011B","E01030122",798,661,341,320,3,57,18,39,66,54,12,11
"2011","St Edmundsbury 011C","E01030151",822,580,296,284,2,44,18,26,142,133,9,54
"2011","St Edmundsbury 012A","E01030109",753,388,152,236,0,298,169,129,54,47,7,13
"2011","St Edmundsbury 012B","E01030110",1152,664,240,424,37,329,119,210,109,102,7,13
"2011","St Edmundsbury 012C","E01030111",530,489,226,263,1,9,6,3,27,21,6,4
"2011","St Edmundsbury 012D","E01030112",741,507,259,248,4,85,21,64,137,122,15,8
"2011","St Edmundsbury 013A","E01030115",877,460,122,338,6,305,189,116,102,95,7,4
"2011","St Edmundsbury 013B","E01030116",828,691,199,492,10,48,10,38,78,73,5,1
"2011","St Edmundsbury 013C","E01030117",652,505,145,360,8,53,15,38,84,80,4,2
"2011","St Edmundsbury 013D","E01030118",654,398,111,287,1,191,59,132,61,57,4,3
"2011","St Edmundsbury 014A","E01030105",713,449,165,284,3,111,52,59,147,138,9,3
"2011","St Edmundsbury 014B","E01030106",1018,555,170,385,19,298,59,239,142,133,9,4
"2011","St Edmundsbury 014C","E01030107",638,583,270,313,3,15,7,8,34,32,2,3
"2011","St Edmundsbury 014D","E01030108",710,438,168,270,4,162,78,84,99,91,8,7
"2011","St Edmundsbury 014E","E01030113",828,496,229,267,12,154,56,98,150,133,17,16
"2011","St Edmundsbury 014F","E01030114",546,263,73,190,0,208,133,75,74,67,7,1
"2011","Suffolk Coastal 001A","E01030201",913,681,461,220,4,93,8,85,108,90,18,27
"2011","Suffolk Coastal 001B","E01030219",903,704,520,184,8,83,13,70,88,73,15,20
"2011","Suffolk Coastal 001C","E01030222",905,701,516,185,3,69,5,64,111,97,14,21
"2011","Suffolk Coastal 002A","E01030154",877,668,394,274,7,71,2,69,106,96,10,25
"2011","Suffolk Coastal 002B","E01030172",713,548,342,206,0,34,3,31,112,102,10,19
"2011","Suffolk Coastal 002C","E01030173",686,415,277,138,4,157,25,132,74,62,12,36
"2011","Suffolk Coastal 002D","E01030174",545,394,216,178,10,53,3,50,81,69,12,7
"2011","Suffolk Coastal 002E","E01030176",852,588,364,224,2,87,2,85,156,150,6,19
"2011","Suffolk Coastal 003A","E01030186",598,459,299,160,6,82,11,71,42,38,4,9
"2011","Suffolk Coastal 003B","E01030208",586,364,254,110,6,125,13,112,76,63,13,15
"2011","Suffolk Coastal 003C","E01030209",763,547,340,207,14,78,5,73,108,100,8,16
"2011","Suffolk Coastal 003D","E01030210",860,507,232,275,11,268,19,249,67,59,8,7
"2011","Suffolk Coastal 003E","E01030212",863,650,424,226,3,78,6,72,118,109,9,14
"2011","Suffolk Coastal 004A","E01030152",1043,835,678,157,4,98,7,91,84,73,11,22
"2011","Suffolk Coastal 004B","E01030153",665,432,322,110,3,120,13,107,90,71,19,20
"2011","Suffolk Coastal 004C","E01030187",656,380,220,160,2,181,24,157,82,73,9,11
"2011","Suffolk Coastal 004D","E01030188",783,446,227,219,0,96,5,91,232,213,19,9
"2011","Suffolk Coastal 004E","E01030189",712,432,223,209,1,186,21,165,81,76,5,12
"2011","Suffolk Coastal 005A","E01030193",677,549,329,220,5,48,4,44,65,60,5,10
"2011","Suffolk Coastal 005B","E01030194",812,497,299,198,1,175,16,159,122,111,11,17
"2011","Suffolk Coastal 005C","E01030195",670,601,385,216,4,11,1,10,51,46,5,3
"2011","Suffolk Coastal 005D","E01030220",959,620,407,213,6,233,13,220,86,80,6,14
"2011","Suffolk Coastal 006A","E01030175",967,753,463,290,12,110,8,102,80,73,7,12
"2011","Suffolk Coastal 006B","E01030200",894,722,433,289,2,87,4,83,71,61,10,12
"2011","Suffolk Coastal 006C","E01030221",833,675,410,265,2,65,2,63,70,62,8,21
"2011","Suffolk Coastal 007C","E01030199",836,569,382,187,12,92,5,87,140,122,18,23
"2011","Suffolk Coastal 007F","E01033443",527,297,134,163,1,22,2,20,197,63,134,10
"2011","Suffolk Coastal 007G","E01033445",649,487,129,358,1,61,0,61,98,87,11,2
"2011","Suffolk Coastal 007H","E01033446",871,642,361,281,3,65,3,62,139,114,25,22
"2011","Suffolk Coastal 007I","E01033448",544,349,219,130,1,61,0,61,112,99,13,21
"2011","Suffolk Coastal 007J","E01033449",662,432,175,257,5,32,1,31,181,165,16,12
"2011","Suffolk Coastal 008A","E01030155",855,629,368,261,10,113,10,103,91,79,12,12
"2011","Suffolk Coastal 008B","E01030185",886,529,331,198,3,262,15,247,79,68,11,13
"2011","Suffolk Coastal 008C","E01030203",948,729,521,208,4,103,3,100,98,88,10,14
"2011","Suffolk Coastal 008D","E01030211",1103,745,552,193,0,104,7,97,229,214,15,25
"2011","Suffolk Coastal 009A","E01030179",1015,733,184,549,3,104,1,103,167,158,9,8
"2011","Suffolk Coastal 009B","E01030180",553,470,236,234,0,8,3,5,70,67,3,5
"2011","Suffolk Coastal 009C","E01030183",883,810,553,257,3,5,0,5,56,51,5,9
"2011","Suffolk Coastal 009D","E01030184",818,619,428,191,0,145,9,136,50,46,4,4
"2011","Suffolk Coastal 009E","E01030207",673,575,361,214,0,45,4,41,49,43,6,4
"2011","Suffolk Coastal 010A","E01030181",724,543,167,376,3,15,0,15,162,160,2,1
"2011","Suffolk Coastal 010C","E01030190",806,705,500,205,3,23,1,22,68,63,5,7
"2011","Suffolk Coastal 010D","E01030191",783,530,300,230,1,53,4,49,190,184,6,9
"2011","Suffolk Coastal 010E","E01030192",609,544,325,219,1,2,0,2,59,53,6,3
"2011","Suffolk Coastal 010F","E01030198",570,452,281,171,0,43,4,39,64,54,10,11
"2011","Suffolk Coastal 010G","E01033442",546,426,72,354,3,16,0,16,101,94,7,0
"2011","Suffolk Coastal 010H","E01033444",512,393,62,331,1,12,4,8,104,101,3,2
"2011","Suffolk Coastal 010I","E01033447",585,519,272,247,3,11,1,10,47,43,4,5
"2011","Suffolk Coastal 011A","E01030196",677,565,228,337,3,6,0,6,99,92,7,4
"2011","Suffolk Coastal 011B","E01030197",691,558,360,198,4,23,0,23,83,74,9,23
"2011","Suffolk Coastal 011C","E01030204",728,688,359,329,0,6,1,5,28,26,2,6
"2011","Suffolk Coastal 011D","E01030205",463,436,177,259,2,2,0,2,23,21,2,0
"2011","Suffolk Coastal 011E","E01030206",634,592,401,191,2,6,1,5,34,33,1,0
"2011","Suffolk Coastal 012A","E01030171",784,624,284,340,1,56,5,51,97,90,7,6
"2011","Suffolk Coastal 012B","E01030214",531,431,179,252,2,11,0,11,87,83,4,0
"2011","Suffolk Coastal 012C","E01030215",633,390,164,226,0,127,9,118,110,100,10,6
"2011","Suffolk Coastal 012D","E01030216",627,551,309,242,0,13,2,11,60,49,11,3
"2011","Suffolk Coastal 012E","E01030217",564,435,259,176,10,58,8,50,55,50,5,6
"2011","Suffolk Coastal 012F","E01030218",625,471,230,241,2,50,3,47,97,86,11,5
"2011","Suffolk Coastal 013C","E01030158",679,625,456,169,4,5,0,5,41,33,8,4
"2011","Suffolk Coastal 013D","E01030159",648,506,286,220,2,35,2,33,97,91,6,8
"2011","Suffolk Coastal 013E","E01030164",650,573,363,210,0,17,5,12,52,50,2,8
"2011","Suffolk Coastal 013F","E01030166",674,611,420,191,1,5,1,4,51,48,3,6
"2011","Suffolk Coastal 013G","E01033450",1119,943,622,321,2,93,7,86,72,62,10,9
"2011","Suffolk Coastal 014A","E01030160",699,366,195,171,0,245,25,220,79,72,7,9
"2011","Suffolk Coastal 014B","E01030161",611,364,172,192,1,130,17,113,109,98,11,7
"2011","Suffolk Coastal 014C","E01030168",662,267,129,138,0,305,35,270,73,66,7,17
"2011","Suffolk Coastal 014D","E01030169",746,380,141,239,1,160,15,145,198,192,6,7
"2011","Suffolk Coastal 014E","E01030170",759,373,213,160,2,310,48,262,59,53,6,15
"2011","Suffolk Coastal 015A","E01030162",634,313,184,129,1,111,10,101,203,187,16,6
"2011","Suffolk Coastal 015B","E01030163",656,314,139,175,5,123,7,116,209,197,12,5
"2011","Suffolk Coastal 015C","E01030165",762,453,263,190,2,66,6,60,232,211,21,9
"2011","Suffolk Coastal 015D","E01030167",609,469,293,176,6,18,4,14,107,100,7,9
"2011","Waveney 001A","E01030240",745,606,413,193,0,33,25,8,98,94,4,8
"2011","Waveney 001B","E01030241",659,519,326,193,2,76,60,16,52,45,7,10
"2011","Waveney 001C","E01030242",594,553,367,186,3,7,4,3,25,22,3,6
"2011","Waveney 001D","E01030259",470,366,208,158,9,36,32,4,51,38,13,8
"2011","Waveney 001E","E01030260",427,301,157,144,0,12,3,9,111,101,10,3
"2011","Waveney 002A","E01030261",606,203,84,119,1,341,311,30,54,44,10,7
"2011","Waveney 002B","E01030262",566,329,165,164,0,144,76,68,79,71,8,14
"2011","Waveney 002C","E01030277",480,176,65,111,0,265,254,11,30,28,2,9
"2011","Waveney 002D","E01030279",591,204,93,111,3,335,276,59,41,35,6,8
"2011","Waveney 002E","E01030281",948,639,269,370,1,201,111,90,95,79,16,12
"2011","Waveney 003A","E01030266",711,472,235,237,5,122,14,108,105,95,10,7
"2011","Waveney 003B","E01030267",570,392,214,178,3,138,7,131,30,27,3,7
"2011","Waveney 003C","E01030271",687,625,433,192,1,16,4,12,39,31,8,6
"2011","Waveney 003D","E01030278",714,569,433,136,0,100,64,36,38,31,7,7
"2011","Waveney 003E","E01030280",624,555,345,210,2,31,3,28,32,28,4,4
"2011","Waveney 004A","E01030246",609,386,178,208,3,25,11,14,190,175,15,5
"2011","Waveney 004B","E01030248",618,393,197,196,0,59,22,37,161,151,10,5
"2011","Waveney 004C","E01030249",747,362,179,183,1,97,24,73,277,266,11,10
"2011","Waveney 004D","E01030250",881,347,156,191,6,98,3,95,425,411,14,5
"2011","Waveney 004E","E01030264",612,368,168,200,0,64,22,42,177,162,15,3
"2011","Waveney 004F","E01030265",612,392,177,215,1,39,5,34,175,165,10,5
"2011","Waveney 005A","E01030255",503,356,153,203,1,66,50,16,77,75,2,3
"2011","Waveney 005B","E01030263",666,531,351,180,2,86,76,10,42,36,6,5
"2011","Waveney 005C","E01030270",683,461,237,224,2,91,25,66,127,114,13,2
"2011","Waveney 005D","E01030289",674,420,210,210,1,142,126,16,100,81,19,11
"2011","Waveney 005E","E01030290",677,585,397,188,3,31,22,9,51,45,6,7
"2011","Waveney 006A","E01030233",641,608,380,228,1,2,2,0,26,22,4,4
"2011","Waveney 006B","E01030235",631,550,353,197,0,29,27,2,47,40,7,5
"2011","Waveney 006C","E01030268",529,484,275,209,2,2,2,0,36,29,7,5
"2011","Waveney 006D","E01030269",752,619,390,229,1,15,1,14,113,106,7,4
"2011","Waveney 006E","E01030288",619,593,407,186,1,4,3,1,19,16,3,2
"2011","Waveney 007A","E01030247",859,174,70,104,3,398,249,149,270,260,10,14
"2011","Waveney 007B","E01030254",615,360,152,208,0,67,23,44,187,178,9,1
"2011","Waveney 007C","E01030256",623,344,176,168,4,60,6,54,207,193,14,8
"2011","Waveney 007D","E01030258",809,239,113,126,4,146,10,136,415,405,10,5
"2011","Waveney 007E","E01030276",590,397,216,181,1,14,4,10,168,153,15,10
"2011","Waveney 008A","E01030257",637,446,227,219,3,103,34,69,79,73,6,6
"2011","Waveney 008B","E01030274",619,229,137,92,2,330,124,206,38,36,2,20
"2011","Waveney 008C","E01030275",487,405,228,177,3,30,12,18,45,35,10,4
"2011","Waveney 008D","E01030287",657,453,303,150,0,156,77,79,44,38,6,4
"2011","Waveney 008E","E01030291",589,338,202,136,0,197,158,39,47,42,5,7
"2011","Waveney 009A","E01030234",662,365,120,245,4,147,5,142,138,130,8,8
"2011","Waveney 009B","E01030236",793,583,321,262,4,102,74,28,91,79,12,13
"2011","Waveney 009C","E01030237",1118,954,396,558,2,17,5,12,136,124,12,9
"2011","Waveney 009D","E01030238",717,630,265,365,2,12,2,10,69,63,6,4
"2011","Waveney 010A","E01030223",816,468,297,171,17,190,94,96,122,110,12,19
"2011","Waveney 010B","E01030224",770,557,402,155,1,85,47,38,114,107,7,13
"2011","Waveney 010C","E01030225",846,451,276,175,8,61,30,31,311,295,16,15
"2011","Waveney 010D","E01030227",620,270,140,130,16,280,230,50,45,39,6,9
"2011","Waveney 010E","E01030228",776,624,414,210,1,78,19,59,68,59,9,5
"2011","Waveney 011A","E01030226",774,568,262,306,2,103,69,34,97,92,5,4
"2011","Waveney 011B","E01030286",896,678,417,261,1,63,50,13,138,127,11,16
"2011","Waveney 011C","E01030292",645,570,347,223,2,9,1,8,58,48,10,6
"2011","Waveney 011D","E01030293",693,597,356,241,1,36,25,11,51,47,4,8
"2011","Waveney 011E","E01030294",641,474,270,204,1,103,34,69,55,50,5,8
"2011","Waveney 012A","E01030239",727,605,179,426,1,19,13,6,99,96,3,3
"2011","Waveney 012B","E01030251",700,573,330,243,0,40,32,8,75,67,8,12
"2011","Waveney 012C","E01030252",815,644,418,226,9,58,19,39,89,75,14,15
"2011","Waveney 012D","E01030253",787,459,223,236,4,221,110,111,92,69,23,11
"2011","Waveney 012E","E01030272",752,623,440,183,5,16,2,14,98,87,11,10
"2011","Waveney 012F","E01030273",739,661,478,183,5,5,3,2,60,54,6,8
"2011","Waveney 013A","E01030230",926,544,334,210,11,121,83,38,232,211,21,18
"2011","Waveney 013B","E01030231",657,435,234,201,2,151,100,51,62,56,6,7
"2011","Waveney 013C","E01030232",682,517,298,219,2,88,82,6,63,47,16,12
"2011","Waveney 013D","E01030285",925,748,454,294,3,75,63,12,80,70,10,19
"2011","Waveney 014A","E01030282",661,451,374,77,9,122,91,31,64,55,9,15
"2011","Waveney 014B","E01030283",577,372,239,133,8,125,81,44,56,44,12,16
"2011","Waveney 014C","E01030284",609,545,422,123,8,17,8,9,31,24,7,8
"2011","Waveney 014D","E01030295",981,656,412,244,2,129,115,14,165,156,9,29
"2011","Waveney 015A","E01030229",949,683,435,248,1,151,121,30,97,87,10,17
"2011","Waveney 015B","E01030243",656,488,285,203,2,79,69,10,79,73,6,8
"2011","Waveney 015C","E01030244",879,532,386,146,2,174,147,27,154,143,11,17
"2011","Waveney 015D","E01030245",763,616,440,176,4,63,48,15,66,60,6,14
"2011","Camden 001A","E01000907",627,192,79,113,4,341,314,27,86,84,2,4
"2011","Camden 001B","E01000908",827,262,116,146,2,435,422,13,116,94,22,12
"2011","Camden 001C","E01000909",661,393,253,140,7,123,92,31,124,110,14,14
"2011","Camden 001D","E01000912",700,209,107,102,14,359,280,79,105,97,8,13
"2011","Camden 001E","E01000913",722,539,340,199,2,14,10,4,140,129,11,27
"2011","Camden 002A","E01000893",715,426,279,147,5,32,19,13,244,233,11,8
"2011","Camden 002B","E01000894",619,362,246,116,0,26,21,5,220,207,13,11
"2011","Camden 002C","E01000895",841,300,195,105,3,203,173,30,311,291,20,24
"2011","Camden 002D","E01000896",756,449,302,147,0,31,16,15,265,257,8,11
"2011","Camden 002E","E01000899",698,480,325,155,0,12,9,3,171,164,7,35
"2011","Camden 003A","E01000910",588,352,225,127,1,97,80,17,126,118,8,12
"2011","Camden 003B","E01000911",663,287,137,150,4,263,92,171,105,95,10,4
"2011","Camden 003C","E01000921",946,253,106,147,18,199,87,112,462,450,12,14
"2011","Camden 003D","E01000923",656,311,148,163,2,222,126,96,116,110,6,5
"2011","Camden 003E","E01000928",682,282,128,154,3,253,192,61,134,127,7,10
"2011","Camden 004A","E01000878",550,306,193,113,1,62,41,21,161,154,7,20
"2011","Camden 004B","E01000879",602,299,181,118,1,50,46,4,241,236,5,11
"2011","Camden 004C","E01000880",621,315,173,142,0,33,26,7,259,255,4,14
"2011","Camden 004D","E01000884",577,363,214,149,1,24,15,9,178,171,7,11
"2011","Camden 004E","E01000885",592,348,256,92,2,50,42,8,162,157,5,30
"2011","Camden 005A","E01000871",632,350,183,167,15,91,72,19,169,163,6,7
"2011","Camden 005B","E01000872",913,230,86,144,7,135,82,53,535,524,11,6
"2011","Camden 005C","E01000873",710,369,187,182,0,98,29,69,237,228,9,6
"2011","Camden 005D","E01000874",704,394,195,199,1,21,17,4,273,261,12,15
"2011","Camden 005E","E01000877",726,300,130,170,1,71,34,37,340,328,12,14
"2011","Camden 006A","E01000886",606,332,151,181,2,107,93,14,156,150,6,9
"2011","Camden 006B","E01000887",690,298,128,170,5,132,119,13,245,233,12,10
"2011","Camden 006C","E01000888",697,285,150,135,4,214,123,91,188,180,8,6
"2011","Camden 006D","E01000892",823,320,174,146,16,233,214,19,234,218,16,20
"2011","Camden 006E","E01000903",686,282,169,113,4,220,65,155,168,157,11,12
"2011","Camden 007A","E01000889",657,109,38,71,2,472,338,134,66,63,3,8
"2011","Camden 007B","E01000890",767,67,21,46,5,635,627,8,54,48,6,6
"2011","Camden 007C","E01000891",672,91,37,54,4,460,433,27,108,103,5,9
"2011","Camden 007D","E01000901",703,109,31,78,25,465,307,158,94,90,4,10
"2011","Camden 007E","E01000922",653,173,87,86,24,275,191,84,173,167,6,8
"2011","Camden 007F","E01000927",734,362,190,172,4,158,123,35,200,187,13,10
"2011","Camden 008A","E01000881",632,213,140,73,3,62,48,14,342,339,3,12
"2011","Camden 008B","E01000882",728,360,211,149,3,20,17,3,330,324,6,15
"2011","Camden 008C","E01000883",638,225,133,92,4,50,33,17,346,330,16,13
"2011","Camden 008D","E01000897",721,429,278,151,0,16,14,2,252,244,8,24
"2011","Camden 008E","E01000898",850,184,113,71,2,375,177,198,269,243,26,20
"2011","Camden 009A","E01000866",926,293,146,147,9,407,267,140,204,190,14,13
"2011","Camden 009B","E01000870",774,255,96,159,8,350,319,31,152,144,8,9
"2011","Camden 009C","E01000924",795,321,158,163,1,197,133,64,261,249,12,15
"2011","Camden 009D","E01000925",629,124,51,73,1,396,369,27,101,90,11,7
"2011","Camden 009E","E01000926",698,182,74,108,2,231,207,24,272,260,12,11
"2011","Camden 010A","E01000969",954,391,188,203,2,48,38,10,495,474,21,18
"2011","Camden 010B","E01000970",831,316,124,192,3,61,21,40,444,436,8,7
"2011","Camden 010C","E01000971",649,329,166,163,1,71,47,24,243,237,6,5
"2011","Camden 010D","E01000972",949,148,88,60,9,438,203,235,338,333,5,16
"2011","Camden 010E","E01000973",894,209,83,126,4,252,135,117,417,408,9,12
"2011","Camden 011A","E01000842",724,359,228,131,3,83,20,63,265,259,6,14
"2011","Camden 011B","E01000844",870,361,192,169,1,67,17,50,427,415,12,14
"2011","Camden 011C","E01000848",805,399,236,163,3,73,52,21,312,301,11,18
"2011","Camden 011D","E01000849",862,374,217,157,2,63,25,38,407,394,13,16
"2011","Camden 012A","E01000900",757,234,102,132,6,325,287,38,182,172,10,10
"2011","Camden 012B","E01000902",590,106,46,60,7,367,323,44,102,96,6,8
"2011","Camden 012C","E01000904",918,210,89,121,8,478,423,55,220,210,10,2
"2011","Camden 012D","E01000905",812,71,13,58,1,627,607,20,109,101,8,4
"2011","Camden 012E","E01000906",788,392,227,165,0,101,96,5,281,262,19,14
"2011","Camden 013A","E01000875",839,251,106,145,7,133,46,87,438,427,11,10
"2011","Camden 013B","E01000876",800,208,64,144,7,342,271,71,233,225,8,10
"2011","Camden 013C","E01000931",873,166,47,119,3,371,285,86,323,315,8,10
"2011","Camden 013D","E01000932",947,320,141,179,3,261,192,69,357,341,16,6
"2011","Camden 013E","E01000974",821,208,74,134,5,294,137,157,306,300,6,8
"2011","Camden 014A","E01000843",846,324,206,118,1,188,165,23,322,310,12,11
"2011","Camden 014B","E01000845",731,348,191,157,0,93,68,25,279,270,9,11
"2011","Camden 014C","E01000846",616,158,95,63,3,359,331,28,87,84,3,9
"2011","Camden 014D","E01000847",677,219,120,99,2,276,251,25,173,157,16,7
"2011","Camden 015A","E01000864",717,259,117,142,1,201,104,97,249,230,19,7
"2011","Camden 015B","E01000865",451,195,92,103,1,122,49,73,125,116,9,8
"2011","Camden 015C","E01000867",675,126,46,80,9,306,210,96,228,206,22,6
"2011","Camden 015D","E01000868",584,82,33,49,3,419,408,11,74,72,2,6
"2011","Camden 015E","E01000869",967,324,153,171,2,250,132,118,378,348,30,13
"2011","Camden 016A","E01000962",745,333,157,176,3,44,24,20,355,344,11,10
"2011","Camden 016B","E01000964",713,245,109,136,2,216,120,96,238,225,13,12
"2011","Camden 016C","E01000965",764,319,155,164,1,139,90,49,297,286,11,8
"2011","Camden 016D","E01000966",675,360,181,179,1,25,21,4,284,276,8,5
"2011","Camden 016E","E01000968",760,297,140,157,2,138,65,73,316,297,19,7
"2011","Camden 017A","E01000960",841,284,156,128,1,145,126,19,386,377,9,25
"2011","Camden 017B","E01000961",652,196,109,87,7,250,213,37,179,172,7,20
"2011","Camden 017C","E01000963",851,318,216,102,2,71,24,47,406,385,21,54
"2011","Camden 017D","E01000967",619,335,218,117,3,77,50,27,187,177,10,17
"2011","Camden 018A","E01000857",686,299,180,119,2,166,137,29,211,200,11,8
"2011","Camden 018B","E01000858",775,138,59,79,8,444,221,223,174,161,13,11
"2011","Camden 018C","E01000859",807,392,231,161,7,87,36,51,308,293,15,13
"2011","Camden 018D","E01000860",797,206,137,69,3,381,56,325,192,141,51,15
"2011","Camden 018E","E01000862",816,480,283,197,0,52,26,26,268,252,16,16
"2011","Camden 019A","E01000856",628,132,63,69,2,311,223,88,181,171,10,2
"2011","Camden 019B","E01000861",729,204,86,118,2,229,183,46,287,266,21,7
"2011","Camden 019C","E01000957",765,178,75,103,39,291,209,82,248,230,18,9
"2011","Camden 019D","E01000958",835,118,42,76,73,394,293,101,242,227,15,8
"2011","Camden 019E","E01000959",698,108,47,61,8,449,442,7,128,124,4,5
"2011","Camden 020A","E01000929",685,139,70,69,3,395,359,36,137,129,8,11
"2011","Camden 020B","E01000930",1076,179,71,108,4,496,259,237,384,356,28,13
"2011","Camden 020C","E01000933",821,290,132,158,5,143,100,43,376,369,7,7
"2011","Camden 020D","E01000934",732,117,56,61,52,340,255,85,200,188,12,23
"2011","Camden 020E","E01000935",624,90,38,52,1,416,322,94,111,107,4,6
"2011","Camden 021A","E01000863",667,153,83,70,11,132,37,95,353,334,19,18
"2011","Camden 021B","E01000946",715,217,156,61,6,221,106,115,238,190,48,33
"2011","Camden 021C","E01000947",871,206,98,108,6,229,153,76,421,411,10,9
"2011","Camden 021D","E01000948",846,284,160,124,2,283,223,60,260,240,20,17
"2011","Camden 022A","E01000952",675,101,45,56,2,411,383,28,148,141,7,13
"2011","Camden 022B","E01000953",708,123,44,79,2,464,454,10,109,103,6,10
"2011","Camden 022C","E01000954",642,63,41,22,1,508,359,149,64,60,4,6
"2011","Camden 022D","E01000955",657,35,10,25,3,552,137,415,56,50,6,11
"2011","Camden 022E","E01000956",608,74,28,46,4,353,250,103,164,151,13,13
"2011","Camden 023A","E01000944",667,102,52,50,3,353,301,52,202,194,8,7
"2011","Camden 023B","E01000945",611,98,50,48,3,259,191,68,240,224,16,11
"2011","Camden 023C","E01000949",739,57,31,26,7,591,159,432,79,69,10,5
"2011","Camden 023D","E01000950",550,75,32,43,0,369,365,4,96,89,7,10
"2011","Camden 023E","E01000951",603,103,52,51,6,385,366,19,102,96,6,7
"2011","Camden 024A","E01000936",536,110,58,52,5,271,106,165,138,128,10,12
"2011","Camden 024B","E01000938",737,78,39,39,3,352,156,196,288,284,4,16
"2011","Camden 024C","E01000939",446,51,26,25,2,284,222,62,91,88,3,18
"2011","Camden 024D","E01000940",534,46,22,24,2,352,128,224,119,95,24,15
"2011","Camden 025A","E01000853",840,144,82,62,4,530,407,123,149,135,14,13
"2011","Camden 025B","E01000937",502,103,62,41,0,124,93,31,258,236,22,17
"2011","Camden 025C","E01000941",557,56,26,30,0,429,274,155,62,54,8,10
"2011","Camden 025D","E01000942",686,206,133,73,2,158,151,7,299,281,18,21
"2011","Camden 025E","E01000943",596,155,92,63,0,150,71,79,270,261,9,21
"2011","Camden 026A","E01000850",664,171,113,58,5,119,67,52,351,314,37,18
"2011","Camden 026B","E01000851",861,218,113,105,4,147,89,58,466,433,33,26
"2011","Camden 026C","E01000852",625,157,121,36,1,154,60,94,297,265,32,16
"2011","Camden 026D","E01000854",718,169,85,84,2,243,183,60,273,249,24,31
"2011","Camden 027A","E01000915",635,108,50,58,4,375,301,74,138,120,18,10
"2011","Camden 027B","E01000916",881,252,116,136,2,338,195,143,270,258,12,19
"2011","Camden 027C","E01000917",913,93,34,59,0,680,454,226,127,120,7,13
"2011","Camden 027D","E01000920",946,223,116,107,0,315,182,133,383,358,25,25
"2011","Camden 028A","E01000855",1111,412,248,164,6,185,8,177,469,395,74,39
"2011","Camden 028B","E01000914",970,278,150,128,2,205,133,72,450,397,53,35
"2011","Camden 028C","E01000918",935,236,134,102,8,381,227,154,288,280,8,22
"2011","Camden 028D","E01000919",834,182,87,95,16,305,131,174,312,299,13,19
"2011","City of London 001A","E01000001",876,533,355,178,3,41,33,8,264,247,17,35
"2011","City of London 001B","E01000002",830,527,314,213,8,48,44,4,219,206,13,28
"2011","City of London 001C","E01000003",817,327,184,143,1,295,239,56,177,166,11,17
"2011","City of London 001E","E01000005",467,46,24,22,0,312,133,179,101,92,9,8
"2011","City of London 001F","E01032739",676,192,104,88,1,11,5,6,387,358,29,85
"2011","City of London 001G","E01032740",719,230,112,118,0,18,4,14,425,382,43,46
"2011","Hackney 001A","E01001808",558,136,74,62,1,80,21,59,335,322,13,6
"2011","Hackney 001B","E01001809",610,167,95,72,2,179,41,138,250,242,8,12
"2011","Hackney 001C","E01001814",559,145,62,83,64,128,62,66,209,203,6,13
"2011","Hackney 001D","E01001823",538,143,74,69,39,193,123,70,159,150,9,4
"2011","Hackney 001E","E01001825",428,157,82,75,4,56,25,31,209,200,9,2
"2011","Hackney 002A","E01001714",632,102,37,65,21,377,304,73,124,123,1,8
"2011","Hackney 002D","E01001811",646,59,24,35,15,457,313,144,107,105,2,8
"2011","Hackney 002E","E01001813",525,54,27,27,3,356,340,16,108,103,5,4
"2011","Hackney 002F","E01033701",760,75,28,47,6,532,479,53,136,128,8,11
"2011","Hackney 003A","E01001799",485,173,84,89,9,85,53,32,211,205,6,7
"2011","Hackney 003B","E01001802",471,115,47,68,0,234,128,106,115,102,13,7
"2011","Hackney 003C","E01001804",464,149,73,76,0,131,92,39,181,175,6,3
"2011","Hackney 003D","E01001807",693,171,71,100,2,288,162,126,230,217,13,2
"2011","Hackney 003E","E01001812",614,136,51,85,7,278,144,134,186,174,12,7
"2011","Hackney 004A","E01001725",573,156,78,78,2,184,48,136,226,211,15,5
"2011","Hackney 004B","E01001726",464,89,31,58,0,254,42,212,115,110,5,6
"2011","Hackney 004C","E01001800",643,68,33,35,14,387,95,292,169,162,7,5
"2011","Hackney 004D","E01001824",539,120,49,71,2,271,207,64,136,133,3,10
"2011","Hackney 004E","E01001826",585,119,56,63,13,229,171,58,205,200,5,19
"2011","Hackney 006A","E01001723",671,227,104,123,7,131,27,104,297,288,9,9
"2011","Hackney 006B","E01001724",980,289,89,200,62,170,41,129,451,432,19,8
"2011","Hackney 006C","E01001727",573,195,90,105,0,136,58,78,232,215,17,10
"2011","Hackney 006D","E01001768",719,265,92,173,6,179,67,112,261,251,10,8
"2011","Hackney 006E","E01001769",662,197,79,118,2,253,78,175,206,201,5,4
"2011","Hackney 007A","E01001715",673,183,52,131,3,112,20,92,372,355,17,3
"2011","Hackney 007B","E01001716",633,132,46,86,41,216,75,141,238,227,11,6
"2011","Hackney 007C","E01001717",427,140,64,76,28,153,8,145,98,93,5,8
"2011","Hackney 007D","E01001718",824,302,106,196,4,44,19,25,458,442,16,16
"2011","Hackney 007E","E01001719",484,79,22,57,5,284,173,111,105,105,0,11
"2011","Hackney 007F","E01001720",785,287,101,186,2,99,17,82,393,371,22,4
"2011","Hackney 008A","E01001742",789,227,55,172,39,365,182,183,148,136,12,10
"2011","Hackney 008B","E01001801",588,148,55,93,23,283,43,240,125,120,5,9
"2011","Hackney 008C","E01001803",719,306,130,176,12,134,71,63,259,249,10,8
"2011","Hackney 008D","E01001806",714,206,64,142,15,333,253,80,156,145,11,4
"2011","Hackney 009A","E01001741",599,323,119,204,2,110,66,44,155,149,6,9
"2011","Hackney 009B","E01001805",510,160,57,103,1,114,71,43,230,225,5,5
"2011","Hackney 009C","E01001829",696,408,158,250,4,79,38,41,199,194,5,6
"2011","Hackney 009D","E01001831",745,211,82,129,5,209,122,87,317,304,13,3
"2011","Hackney 009E","E01001832",642,221,83,138,1,180,50,130,234,225,9,6
"2011","Hackney 010A","E01001764",696,176,44,132,39,297,133,164,174,160,14,10
"2011","Hackney 010B","E01001765",722,60,16,44,15,579,383,196,64,63,1,4
"2011","Hackney 010D","E01001767",628,196,70,126,2,207,94,113,218,209,9,5
"2011","Hackney 010E","E01001770",784,149,44,105,23,426,361,65,176,166,10,10
"2011","Hackney 010F","E01033703",625,105,22,83,18,224,76,148,269,256,13,9
"2011","Hackney 010G","E01033713",601,180,46,134,17,177,59,118,224,207,17,3
"2011","Hackney 011A","E01001792",620,269,140,129,5,197,129,68,140,134,6,9
"2011","Hackney 011B","E01001793",656,252,109,143,11,180,99,81,203,196,7,10
"2011","Hackney 011C","E01001794",656,299,145,154,26,117,26,91,209,191,18,5
"2011","Hackney 011D","E01001795",571,213,83,130,4,112,53,59,238,226,12,4
"2011","Hackney 011E","E01001796",737,208,74,134,3,205,66,139,311,297,14,10
"2011","Hackney 012A","E01001736",707,267,83,184,15,198,113,85,225,213,12,2
"2011","Hackney 012B","E01001737",754,322,93,229,22,200,83,117,205,192,13,5
"2011","Hackney 012C","E01001738",785,279,105,174,1,239,159,80,262,252,10,4
"2011","Hackney 012D","E01001739",898,402,170,232,15,224,114,110,243,232,11,14
"2011","Hackney 013A","E01001786",717,105,34,71,1,515,119,396,84,77,7,12
"2011","Hackney 013B","E01001787",628,115,40,75,3,445,362,83,56,54,2,9
"2011","Hackney 013C","E01001788",670,79,17,62,4,471,266,205,107,104,3,9
"2011","Hackney 013D","E01001790",492,54,18,36,2,360,119,241,70,65,5,6
"2011","Hackney 014A","E01001740",624,91,32,59,20,419,331,88,89,84,5,5
"2011","Hackney 014B","E01001747",943,276,78,198,34,235,152,83,390,373,17,8
"2011","Hackney 014C","E01001830",932,144,50,94,3,524,234,290,248,237,11,13
"2011","Hackney 014D","E01001833",931,283,92,191,7,360,156,204,268,259,9,13
"2011","Hackney 014E","E01001834",862,231,88,143,18,262,146,116,344,331,13,7
"2011","Hackney 014F","E01001835",483,262,92,170,3,90,49,41,124,122,2,4
"2011","Hackney 015A","E01001733",701,292,110,182,19,145,62,83,233,223,10,12
"2011","Hackney 015B","E01001785",569,236,101,135,6,193,108,85,126,121,5,8
"2011","Hackney 015C","E01001789",646,261,103,158,4,220,114,106,154,147,7,7
"2011","Hackney 015D","E01001791",500,179,62,117,0,241,140,101,69,66,3,11
"2011","Hackney 016A","E01001745",958,144,35,109,11,524,169,355,261,255,6,18
"2011","Hackney 016B","E01001746",632,40,10,30,13,508,201,307,58,52,6,13
"2011","Hackney 016C","E01001757",654,87,29,58,2,465,85,380,96,82,14,4
"2011","Hackney 016D","E01001758",884,141,40,101,40,485,107,378,204,192,12,14
"2011","Hackney 016E","E01001759",750,182,53,129,6,369,175,194,183,173,10,10
"2011","Hackney 016F","E01001761",869,131,29,102,13,526,75,451,186,183,3,13
"2011","Hackney 017A","E01001731",1033,166,51,115,27,543,293,250,286,274,12,11
"2011","Hackney 017B","E01001734",849,186,67,119,6,257,143,114,392,380,12,8
"2011","Hackney 017C","E01001760",765,134,45,89,5,317,82,235,306,299,7,3
"2011","Hackney 017D","E01001762",820,217,66,151,10,256,118,138,326,316,10,11
"2011","Hackney 018A","E01001846",535,96,30,66,34,321,223,98,83,78,5,1
"2011","Hackney 018B","E01001847",467,134,46,88,7,216,140,76,106,100,6,4
"2011","Hackney 018C","E01001848",655,164,59,105,32,310,126,184,133,130,3,16
"2011","Hackney 018D","E01001849",977,206,46,160,92,336,69,267,333,322,11,10
"2011","Hackney 019A","E01001729",863,100,16,84,55,557,481,76,143,138,5,8
"2011","Hackney 019B","E01001730",801,80,24,56,21,575,410,165,118,113,5,7
"2011","Hackney 019C","E01001732",696,75,19,56,35,487,168,319,87,77,10,12
"2011","Hackney 019D","E01001735",661,237,78,159,5,292,201,91,118,112,6,9
"2011","Hackney 019E","E01001838",705,71,25,46,8,561,432,129,52,46,6,13
"2011","Hackney 019F","E01001850",676,73,28,45,2,503,465,38,92,90,2,6
"2011","Hackney 020A","E01001748",1090,234,93,141,41,370,71,299,431,409,22,14
"2011","Hackney 020B","E01001749",743,291,107,184,17,220,50,170,205,197,8,10
"2011","Hackney 020C","E01001763",742,190,64,126,5,360,187,173,181,164,17,6
"2011","Hackney 020D","E01001816",640,259,100,159,12,248,188,60,114,104,10,7
"2011","Hackney 020E","E01001819",684,235,92,143,0,320,110,210,123,120,3,6
"2011","Hackney 021B","E01001744",786,241,77,164,5,366,265,101,157,145,12,17
"2011","Hackney 021C","E01001750",782,199,67,132,36,318,213,105,217,203,14,12
"2011","Hackney 021D","E01001751",676,358,151,207,9,72,20,52,235,227,8,2
"2011","Hackney 021E","E01001756",987,317,129,188,7,215,99,116,440,426,14,8
"2011","Hackney 021F","E01033698",613,46,15,31,11,416,131,285,130,124,6,10
"2011","Hackney 021G","E01033699",585,124,40,84,3,130,16,114,311,300,11,17
"2011","Hackney 021H","E01033700",697,138,44,94,26,153,74,79,375,370,5,5
"2011","Hackney 021I","E01033707",614,55,21,34,3,249,30,219,301,296,5,6
"2011","Hackney 022A","E01001836",857,190,52,138,17,440,142,298,193,179,14,17
"2011","Hackney 022B","E01001840",715,137,34,103,12,478,337,141,79,76,3,9
"2011","Hackney 022C","E01001841",626,209,84,125,10,304,121,183,91,88,3,12
"2011","Hackney 022D","E01001844",812,241,93,148,12,347,40,307,198,182,16,14
"2011","Hackney 022E","E01001845",680,53,20,33,3,549,91,458,62,55,7,13
"2011","Hackney 023B","E01001837",665,285,89,196,6,191,6,185,178,164,14,5
"2011","Hackney 023C","E01001839",941,182,43,139,34,315,240,75,402,390,12,8
"2011","Hackney 023D","E01001842",631,118,29,89,8,405,129,276,91,84,7,9
"2011","Hackney 023E","E01001843",502,161,53,108,10,254,29,225,74,69,5,3
"2011","Hackney 023F","E01033704",763,157,27,130,111,157,25,132,327,308,19,11
"2011","Hackney 023G","E01033712",661,125,42,83,22,282,181,101,225,222,3,7
"2011","Hackney 024A","E01001772",459,54,16,38,2,353,228,125,42,41,1,8
"2011","Hackney 024B","E01001774",875,191,41,150,9,366,296,70,295,280,15,14
"2011","Hackney 024C","E01001775",759,123,28,95,10,495,376,119,114,108,6,17
"2011","Hackney 024D","E01001815",692,147,43,104,1,446,307,139,96,84,12,2
"2011","Hackney 024E","E01001820",599,130,49,81,4,382,345,37,77,70,7,6
"2011","Hackney 024F","E01001821",644,98,32,66,2,460,394,66,76,73,3,8
"2011","Hackney 025A","E01001752",1060,235,61,174,148,355,266,89,311,303,8,11
"2011","Hackney 025B","E01001753",687,62,30,32,18,512,485,27,87,77,10,8
"2011","Hackney 025C","E01001754",1135,184,52,132,61,486,188,298,391,380,11,13
"2011","Hackney 025D","E01001755",724,86,28,58,33,459,217,242,125,118,7,21
"2011","Hackney 025E","E01001773",860,95,33,62,54,464,306,158,231,222,9,16
"2011","Hackney 025F","E01001776",634,95,43,52,3,436,300,136,93,91,2,7
"2011","Hackney 026A","E01001779",1121,174,60,114,115,589,398,191,232,217,15,11
"2011","Hackney 026B","E01001781",731,67,25,42,1,506,459,47,140,126,14,17
"2011","Hackney 026C","E01001782",1053,326,116,210,30,348,238,110,336,318,18,13
"2011","Hackney 026D","E01001783",863,93,31,62,12,634,610,24,120,113,7,4
"2011","Hackney 027B","E01001777",1043,141,42,99,24,472,451,21,396,381,15,10
"2011","Hackney 027D","E01001780",916,138,44,94,16,560,423,137,188,172,16,14
"2011","Hackney 027E","E01001784",797,139,36,103,2,462,450,12,180,174,6,14
"2011","Hackney 027F","E01033706",764,135,42,93,17,134,119,15,474,458,16,4
"2011","Hackney 027G","E01033708",862,173,64,109,2,41,11,30,622,606,16,24
"2011","Hackney 027H","E01033709",789,71,22,49,32,451,225,226,228,209,19,7
"2011","Hackney 027I","E01033711",501,119,32,87,5,130,88,42,241,228,13,6
"2011","Hackney 028A","E01001798",694,147,55,92,2,344,215,129,196,186,10,5
"2011","Hackney 028B","E01001828",831,156,59,97,28,484,233,251,156,145,11,7
"2011","Hackney 028C","E01033702",480,94,22,72,40,194,46,148,151,143,8,1
"2011","Hackney 028D","E01033705",576,93,23,70,10,308,95,213,157,151,6,8
"2011","Hackney 028E","E01033710",532,85,18,67,13,108,40,68,325,312,13,1
"2011","Hackney 029A","E01001722",860,148,50,98,23,456,126,330,221,214,7,12
"2011","Hackney 029B","E01001728",627,115,62,53,0,275,108,167,222,216,6,15
"2011","Hackney 029C","E01001822",706,111,35,76,3,392,272,120,190,183,7,10
"2011","Hackney 029D","E01001827",716,120,56,64,4,416,255,161,165,150,15,11
"2011","Hammersmith and Fulham 001A","E01001874",966,173,72,101,34,530,176,354,218,204,14,11
"2011","Hammersmith and Fulham 001B","E01001875",666,179,82,97,2,357,84,273,114,108,6,14
"2011","Hammersmith and Fulham 001C","E01001876",834,97,42,55,34,615,171,444,81,74,7,7
"2011","Hammersmith and Fulham 001D","E01001877",603,150,86,64,86,184,38,146,178,170,8,5
"2011","Hammersmith and Fulham 001E","E01001878",605,146,72,74,3,368,26,342,82,74,8,6
"2011","Hammersmith and Fulham 002A","E01001955",674,138,54,84,8,410,341,69,102,95,7,16
"2011","Hammersmith and Fulham 002B","E01001957",605,81,34,47,2,419,376,43,91,90,1,12
"2011","Hammersmith and Fulham 002C","E01001958",614,55,15,40,4,484,461,23,63,61,2,8
"2011","Hammersmith and Fulham 002D","E01001961",540,69,25,44,1,378,357,21,80,72,8,12
"2011","Hammersmith and Fulham 003A","E01001954",649,239,103,136,6,268,75,193,123,111,12,13
"2011","Hammersmith and Fulham 003B","E01001956",603,252,122,130,2,230,58,172,110,105,5,9
"2011","Hammersmith and Fulham 003C","E01001959",588,199,104,95,27,278,163,115,73,70,3,11
"2011","Hammersmith and Fulham 003D","E01001960",750,273,122,151,17,159,47,112,293,279,14,8
"2011","Hammersmith and Fulham 004A","E01001943",905,203,96,107,40,278,103,175,374,361,13,10
"2011","Hammersmith and Fulham 004B","E01001944",869,96,41,55,5,649,571,78,107,102,5,12
"2011","Hammersmith and Fulham 004C","E01001945",754,279,133,146,2,242,61,181,219,209,10,12
"2011","Hammersmith and Fulham 004D","E01001946",702,199,95,104,5,269,118,151,222,214,8,7
"2011","Hammersmith and Fulham 005A","E01001862",830,216,74,142,4,387,163,224,211,199,12,12
"2011","Hammersmith and Fulham 005B","E01001940",740,148,62,86,27,284,110,174,271,265,6,10
"2011","Hammersmith and Fulham 005C","E01001941",717,172,78,94,20,148,36,112,372,363,9,5
"2011","Hammersmith and Fulham 005D","E01001942",865,235,106,129,7,234,69,165,367,358,9,22
"2011","Hammersmith and Fulham 006A","E01001858",732,208,80,128,25,268,106,162,220,211,9,11
"2011","Hammersmith and Fulham 006B","E01001860",795,155,54,101,26,351,163,188,254,248,6,9
"2011","Hammersmith and Fulham 006C","E01001861",654,197,73,124,6,261,95,166,184,179,5,6
"2011","Hammersmith and Fulham 006D","E01001863",671,306,117,189,15,156,28,128,189,181,8,5
"2011","Hammersmith and Fulham 006E","E01001864",761,227,108,119,18,226,93,133,279,272,7,11
"2011","Hammersmith and Fulham 007A","E01001852",956,375,139,236,6,146,28,118,423,405,18,6
"2011","Hammersmith and Fulham 007B","E01001853",695,297,126,171,2,116,35,81,274,263,11,6
"2011","Hammersmith and Fulham 007C","E01001854",887,324,122,202,6,195,99,96,351,334,17,11
"2011","Hammersmith and Fulham 007D","E01001857",733,132,61,71,3,386,328,58,203,193,10,9
"2011","Hammersmith and Fulham 008A","E01001859",1140,351,116,235,84,399,193,206,296,280,16,10
"2011","Hammersmith and Fulham 008B","E01001865",651,318,140,178,2,120,29,91,204,189,15,7
"2011","Hammersmith and Fulham 008C","E01001927",557,377,213,164,0,35,14,21,142,133,9,3
"2011","Hammersmith and Fulham 008D","E01001930",842,287,136,151,11,315,83,232,222,211,11,7
"2011","Hammersmith and Fulham 009A","E01001895",674,255,109,146,2,185,54,131,219,209,10,13
"2011","Hammersmith and Fulham 009B","E01001896",669,206,87,119,3,234,73,161,221,211,10,5
"2011","Hammersmith and Fulham 009C","E01001897",619,283,149,134,2,146,24,122,186,179,7,2
"2011","Hammersmith and Fulham 009D","E01001929",597,354,193,161,2,68,24,44,161,151,10,12
"2011","Hammersmith and Fulham 010A","E01001851",696,344,172,172,2,108,39,69,234,223,11,8
"2011","Hammersmith and Fulham 010B","E01001855",894,362,148,214,3,153,36,117,369,354,15,7
"2011","Hammersmith and Fulham 010C","E01001856",730,167,88,79,3,287,82,205,264,256,8,9
"2011","Hammersmith and Fulham 010D","E01001869",574,253,156,97,3,93,11,82,209,189,20,16
"2011","Hammersmith and Fulham 010E","E01001873",689,211,108,103,5,250,143,107,218,205,13,5
"2011","Hammersmith and Fulham 011A","E01001928",722,288,145,143,15,207,84,123,199,186,13,13
"2011","Hammersmith and Fulham 011B","E01001931",709,227,94,133,24,161,28,133,291,280,11,6
"2011","Hammersmith and Fulham 011C","E01001932",757,201,98,103,11,209,112,97,325,307,18,11
"2011","Hammersmith and Fulham 011D","E01001933",635,323,203,120,23,124,46,78,155,139,16,10
"2011","Hammersmith and Fulham 012A","E01001866",704,288,148,140,11,93,34,59,299,277,22,13
"2011","Hammersmith and Fulham 012B","E01001867",612,243,119,124,8,88,81,7,263,248,15,10
"2011","Hammersmith and Fulham 012C","E01001868",603,66,23,43,1,362,173,189,164,159,5,10
"2011","Hammersmith and Fulham 012D","E01001870",1009,328,134,194,1,131,44,87,538,518,20,11
"2011","Hammersmith and Fulham 012E","E01001871",769,308,184,124,2,96,43,53,340,319,21,23
"2011","Hammersmith and Fulham 012F","E01001872",759,263,111,152,5,141,53,88,338,316,22,12
"2011","Hammersmith and Fulham 013A","E01001893",504,97,38,59,1,297,199,98,103,98,5,6
"2011","Hammersmith and Fulham 013B","E01001894",602,152,89,63,1,262,177,85,173,166,7,14
"2011","Hammersmith and Fulham 013C","E01001898",736,227,108,119,17,138,49,89,337,325,12,17
"2011","Hammersmith and Fulham 013D","E01001899",691,94,43,51,13,448,306,142,122,114,8,14
"2011","Hammersmith and Fulham 013E","E01001900",723,139,68,71,5,370,46,324,195,182,13,14
"2011","Hammersmith and Fulham 014A","E01001889",593,274,111,163,6,116,44,72,190,176,14,7
"2011","Hammersmith and Fulham 014B","E01001910",840,252,98,154,2,179,82,97,398,378,20,9
"2011","Hammersmith and Fulham 014C","E01001913",774,339,152,187,6,29,8,21,383,352,31,17
"2011","Hammersmith and Fulham 014D","E01001914",887,224,79,145,7,174,83,91,469,444,25,13
"2011","Hammersmith and Fulham 015A","E01001885",538,51,21,30,2,423,371,52,51,45,6,11
"2011","Hammersmith and Fulham 015B","E01001908",875,254,93,161,2,119,41,78,490,472,18,10
"2011","Hammersmith and Fulham 015C","E01001909",821,253,99,154,3,282,185,97,266,253,13,17
"2011","Hammersmith and Fulham 015D","E01001911",751,133,42,91,25,450,338,112,124,113,11,19
"2011","Hammersmith and Fulham 015E","E01001912",600,93,37,56,5,351,307,44,127,124,3,24
"2011","Hammersmith and Fulham 016A","E01001886",628,206,84,122,6,243,192,51,159,152,7,14
"2011","Hammersmith and Fulham 016B","E01001887",658,184,78,106,6,286,182,104,180,169,11,2
"2011","Hammersmith and Fulham 016C","E01001890",950,190,83,107,1,466,77,389,283,244,39,10
"2011","Hammersmith and Fulham 016D","E01001892",605,167,64,103,2,303,239,64,121,115,6,12
"2011","Hammersmith and Fulham 017A","E01001880",757,182,97,85,20,291,37,254,251,236,15,13
"2011","Hammersmith and Fulham 017B","E01001881",681,282,152,130,2,116,46,70,276,266,10,5
"2011","Hammersmith and Fulham 017C","E01001882",702,303,127,176,5,77,25,52,306,289,17,11
"2011","Hammersmith and Fulham 017D","E01001883",734,185,73,112,8,257,182,75,272,258,14,12
"2011","Hammersmith and Fulham 017E","E01001884",931,186,82,104,21,431,151,280,280,261,19,13
"2011","Hammersmith and Fulham 018A","E01001888",644,363,173,190,12,101,50,51,152,146,6,16
"2011","Hammersmith and Fulham 018B","E01001891",863,323,154,169,6,63,32,31,459,441,18,12
"2011","Hammersmith and Fulham 018C","E01001917",684,295,132,163,7,191,159,32,180,171,9,11
"2011","Hammersmith and Fulham 018D","E01001918",622,360,154,206,4,85,60,25,152,138,14,21
"2011","Hammersmith and Fulham 018E","E01001919",639,404,211,193,9,77,60,17,138,133,5,11
"2011","Hammersmith and Fulham 019A","E01001879",633,219,112,107,2,207,63,144,195,182,13,10
"2011","Hammersmith and Fulham 019B","E01001901",695,362,173,189,4,96,50,46,227,217,10,6
"2011","Hammersmith and Fulham 019C","E01001902",814,272,114,158,3,181,61,120,348,332,16,10
"2011","Hammersmith and Fulham 019D","E01001903",681,219,111,108,7,262,177,85,184,175,9,9
"2011","Hammersmith and Fulham 020A","E01001920",828,198,104,94,7,398,200,198,212,197,15,13
"2011","Hammersmith and Fulham 020B","E01001921",663,289,139,150,2,147,57,90,213,194,19,12
"2011","Hammersmith and Fulham 020C","E01001922",671,375,228,147,4,86,46,40,198,181,17,8
"2011","Hammersmith and Fulham 020D","E01001923",653,281,137,144,3,169,129,40,190,182,8,10
"2011","Hammersmith and Fulham 020E","E01001924",604,350,167,183,3,41,24,17,199,193,6,11
"2011","Hammersmith and Fulham 021A","E01001947",591,84,28,56,1,428,376,52,72,68,4,6
"2011","Hammersmith and Fulham 021B","E01001948",922,377,175,202,72,140,59,81,327,304,23,6
"2011","Hammersmith and Fulham 021C","E01001949",658,298,133,165,6,59,27,32,285,265,20,10
"2011","Hammersmith and Fulham 021D","E01001950",636,317,162,155,3,45,24,21,255,243,12,16
"2011","Hammersmith and Fulham 021E","E01001951",705,276,135,141,4,168,142,26,246,238,8,11
"2011","Hammersmith and Fulham 021F","E01001953",610,144,57,87,2,201,165,36,255,242,13,8
"2011","Hammersmith and Fulham 022A","E01001904",681,356,157,199,5,67,35,32,242,233,9,11
"2011","Hammersmith and Fulham 022B","E01001905",750,360,166,194,4,104,28,76,272,262,10,10
"2011","Hammersmith and Fulham 022C","E01001906",656,308,127,181,5,94,55,39,246,234,12,3
"2011","Hammersmith and Fulham 022D","E01001907",563,287,142,145,4,74,26,48,187,181,6,11
"2011","Hammersmith and Fulham 023A","E01001935",927,374,154,220,9,284,197,87,250,232,18,10
"2011","Hammersmith and Fulham 023C","E01001939",985,281,161,120,89,407,174,233,177,163,14,31
"2011","Hammersmith and Fulham 023D","E01032788",496,170,67,103,3,177,72,105,142,129,13,4
"2011","Hammersmith and Fulham 023E","E01032789",586,160,56,104,41,180,31,149,194,182,12,11
"2011","Hammersmith and Fulham 023F","E01032790",557,174,94,80,3,170,24,146,188,174,14,22
"2011","Hammersmith and Fulham 024A","E01001915",608,336,194,142,7,91,42,49,161,156,5,13
"2011","Hammersmith and Fulham 024B","E01001916",689,443,320,123,9,17,13,4,186,170,16,34
"2011","Hammersmith and Fulham 024C","E01001926",613,373,198,175,4,41,19,22,189,181,8,6
"2011","Hammersmith and Fulham 024D","E01001952",809,273,116,157,7,130,73,57,385,372,13,14
"2011","Hammersmith and Fulham 025A","E01001925",624,362,190,172,5,76,37,39,168,163,5,13
"2011","Hammersmith and Fulham 025B","E01001934",699,211,105,106,7,314,254,60,150,138,12,17
"2011","Hammersmith and Fulham 025C","E01001937",760,364,179,185,8,94,51,43,284,266,18,10
"2011","Hammersmith and Fulham 025D","E01001938",616,169,62,107,54,279,142,137,106,96,10,8
"2011","Haringey 001A","E01001969",857,278,101,177,5,224,76,148,337,324,13,13
"2011","Haringey 001B","E01001971",784,151,47,104,22,453,269,184,141,137,4,17
"2011","Haringey 001C","E01001974",959,424,186,238,9,81,29,52,433,418,15,12
"2011","Haringey 001D","E01001975",776,313,120,193,14,91,37,54,351,342,9,7
"2011","Haringey 002A","E01002036",637,226,112,114,3,249,161,88,157,152,5,2
"2011","Haringey 002B","E01002037",697,118,59,59,4,349,248,101,216,209,7,10
"2011","Haringey 002C","E01002039",639,58,24,34,0,501,464,37,65,59,6,15
"2011","Haringey 002D","E01002040",740,262,114,148,15,233,130,103,218,211,7,12
"2011","Haringey 004A","E01001962",641,417,169,248,9,104,81,23,104,101,3,7
"2011","Haringey 004B","E01001970",728,180,63,117,42,293,113,180,205,200,5,8
"2011","Haringey 004C","E01001972",749,286,115,171,3,274,239,35,174,166,8,12
"2011","Haringey 004D","E01001973",943,417,204,213,33,230,94,136,254,247,7,9
"2011","Haringey 005A","E01002090",531,222,94,128,7,201,145,56,99,92,7,2
"2011","Haringey 005B","E01002093",645,167,48,119,8,372,281,91,84,80,4,14
"2011","Haringey 005C","E01002096",583,184,57,127,4,332,265,67,57,50,7,6
"2011","Haringey 005D","E01002097",592,207,64,143,3,273,244,29,97,90,7,12
"2011","Haringey 006A","E01002091",635,188,72,116,7,346,307,39,85,76,9,9
"2011","Haringey 006B","E01002092",689,166,44,122,28,211,126,85,268,254,14,16
"2011","Haringey 006C","E01002094",541,168,58,110,5,268,217,51,89,85,4,11
"2011","Haringey 006D","E01002095",604,130,33,97,6,344,217,127,109,105,4,15
"2011","Haringey 007A","E01002098",604,276,112,164,5,101,31,70,217,211,6,5
"2011","Haringey 007B","E01002101",698,358,131,227,4,56,32,24,271,263,8,9
"2011","Haringey 007C","E01002102",752,261,106,155,5,118,56,62,362,352,10,6
"2011","Haringey 007D","E01002105",861,214,75,139,1,176,96,80,455,448,7,15
"2011","Haringey 008A","E01002099",813,160,43,117,7,454,394,60,175,168,7,17
"2011","Haringey 008B","E01002100",680,261,120,141,32,185,120,65,189,181,8,13
"2011","Haringey 008C","E01002103",646,293,133,160,13,94,57,37,238,226,12,8
"2011","Haringey 008D","E01002104",501,270,121,149,3,105,74,31,114,113,1,9
"2011","Haringey 009A","E01001963",691,504,215,289,0,45,35,10,134,132,2,8
"2011","Haringey 009B","E01001964",667,373,138,235,4,69,27,42,218,212,6,3
"2011","Haringey 009C","E01001965",657,467,164,303,2,68,52,16,115,107,8,5
"2011","Haringey 009D","E01001966",535,400,205,195,1,26,20,6,106,106,0,2
"2011","Haringey 010A","E01002027",552,207,84,123,2,170,151,19,168,165,3,5
"2011","Haringey 010B","E01002028",645,256,105,151,6,179,167,12,194,189,5,10
"2011","Haringey 010C","E01002032",759,199,68,131,7,384,366,18,154,147,7,15
"2011","Haringey 010D","E01002033",709,207,82,125,2,316,295,21,170,161,9,14
"2011","Haringey 011A","E01001976",635,240,96,144,6,180,58,122,198,194,4,11
"2011","Haringey 011B","E01001977",605,188,68,120,6,204,101,103,190,182,8,17
"2011","Haringey 011C","E01001978",819,212,74,138,8,336,177,159,245,233,12,18
"2011","Haringey 011D","E01001979",846,177,71,106,47,313,94,219,281,268,13,28
"2011","Haringey 012A","E01002074",849,213,62,151,28,372,263,109,220,211,9,16
"2011","Haringey 012B","E01002077",686,94,37,57,16,400,179,221,156,151,5,20
"2011","Haringey 012C","E01002079",539,259,111,148,3,83,47,36,187,168,19,7
"2011","Haringey 012D","E01002081",615,122,36,86,0,343,300,43,140,132,8,10
"2011","Haringey 013A","E01002082",568,54,13,41,1,451,243,208,46,42,4,16
"2011","Haringey 013B","E01002086",605,224,106,118,2,219,178,41,146,141,5,14
"2011","Haringey 013C","E01002088",688,335,166,169,4,112,59,53,228,212,16,9
"2011","Haringey 013D","E01002089",644,38,10,28,4,549,526,23,39,35,4,14
"2011","Haringey 014A","E01001967",633,457,227,230,2,36,13,23,137,134,3,1
"2011","Haringey 014B","E01001968",778,406,163,243,1,66,43,23,303,288,15,2
"2011","Haringey 014C","E01001996",698,388,130,258,2,56,11,45,244,234,10,8
"2011","Haringey 014D","E01001997",730,297,110,187,1,28,8,20,398,385,13,6
"2011","Haringey 015A","E01002075",595,206,74,132,2,232,125,107,140,128,12,15
"2011","Haringey 015B","E01002076",639,264,108,156,7,168,122,46,189,181,8,11
"2011","Haringey 015C","E01002078",951,285,84,201,15,431,343,88,209,197,12,11
"2011","Haringey 015D","E01002080",510,235,117,118,5,80,32,48,175,168,7,15
"2011","Haringey 016A","E01002026",711,91,27,64,1,502,273,229,101,98,3,16
"2011","Haringey 016B","E01002029",740,133,49,84,107,315,174,141,174,169,5,11
"2011","Haringey 016C","E01002030",658,248,131,117,18,116,43,73,263,256,7,13
"2011","Haringey 016D","E01002031",764,220,115,105,8,132,85,47,396,389,7,8
"2011","Haringey 017A","E01001991",766,299,104,195,3,50,34,16,410,402,8,4
"2011","Haringey 017B","E01001992",672,449,266,183,2,29,22,7,188,176,12,4
"2011","Haringey 017C","E01001993",609,463,252,211,1,47,43,4,88,85,3,10
"2011","Haringey 017D","E01001995",898,434,126,308,43,302,230,72,108,97,11,11
"2011","Haringey 018A","E01001980",673,300,127,173,6,129,57,72,229,225,4,9
"2011","Haringey 018B","E01001981",601,229,101,128,5,131,62,69,223,215,8,13
"2011","Haringey 018C","E01001982",676,289,127,162,4,146,63,83,228,223,5,9
"2011","Haringey 018D","E01001983",612,326,124,202,11,104,36,68,164,158,6,7
"2011","Haringey 019A","E01002083",543,299,172,127,2,33,17,16,203,196,7,6
"2011","Haringey 019B","E01002084",619,305,133,172,5,102,77,25,196,186,10,11
"2011","Haringey 019C","E01002085",821,260,119,141,15,216,113,103,317,307,10,13
"2011","Haringey 019D","E01002087",714,238,113,125,2,192,71,121,266,257,9,16
"2011","Haringey 020B","E01002014",797,308,90,218,4,147,76,71,328,321,7,10
"2011","Haringey 020C","E01002015",668,267,112,155,6,284,194,90,103,98,5,8
"2011","Haringey 020D","E01002018",602,293,99,194,3,216,200,16,87,85,2,3
"2011","Haringey 020E","E01033085",908,239,39,200,62,211,83,128,391,382,9,5
"2011","Haringey 020F","E01033086",488,63,16,47,3,344,304,40,65,60,5,13
"2011","Haringey 021A","E01002020",706,331,141,190,3,118,54,64,248,247,1,6
"2011","Haringey 021B","E01002022",867,308,128,180,1,31,22,9,516,486,30,11
"2011","Haringey 021C","E01002023",609,414,205,209,2,58,45,13,124,117,7,11
"2011","Haringey 021D","E01002025",670,447,245,202,1,27,11,16,190,177,13,5
"2011","Haringey 022A","E01002013",595,398,133,265,5,67,61,6,122,115,7,3
"2011","Haringey 022B","E01002019",503,396,182,214,1,20,16,4,83,80,3,3
"2011","Haringey 022C","E01002021",603,432,218,214,3,60,50,10,106,101,5,2
"2011","Haringey 022D","E01002024",534,298,125,173,10,108,99,9,105,99,6,13
"2011","Haringey 023A","E01001998",865,355,139,216,4,69,27,42,423,409,14,14
"2011","Haringey 023B","E01001999",819,343,141,202,2,75,29,46,380,371,9,19
"2011","Haringey 023C","E01002003",929,151,57,94,5,252,123,129,499,492,7,22
"2011","Haringey 023D","E01002004",710,365,167,198,5,110,44,66,225,221,4,5
"2011","Haringey 024A","E01002067",700,181,73,108,8,340,125,215,157,151,6,14
"2011","Haringey 024B","E01002069",880,208,74,134,5,305,112,193,347,339,8,15
"2011","Haringey 024C","E01002070",789,358,138,220,6,143,75,68,273,261,12,9
"2011","Haringey 024D","E01002073",681,204,66,138,2,271,204,67,192,184,8,12
"2011","Haringey 025A","E01002066",781,109,35,74,57,439,197,242,165,158,7,11
"2011","Haringey 025B","E01002068",739,209,79,130,24,193,103,90,305,298,7,8
"2011","Haringey 025C","E01002071",675,127,42,85,25,349,260,89,165,153,12,9
"2011","Haringey 025D","E01002072",680,193,66,127,16,285,181,104,175,164,11,11
"2011","Haringey 026A","E01002043",742,279,110,169,6,117,59,58,329,315,14,11
"2011","Haringey 026B","E01002045",803,194,82,112,43,294,203,91,257,248,9,15
"2011","Haringey 026C","E01002046",676,226,92,134,8,262,202,60,165,163,2,15
"2011","Haringey 026D","E01002049",705,267,104,163,18,243,184,59,163,157,6,14
"2011","Haringey 027A","E01002042",541,260,121,139,4,60,22,38,212,203,9,5
"2011","Haringey 027B","E01002044",693,284,135,149,4,73,25,48,327,318,9,5
"2011","Haringey 027C","E01002047",592,244,130,114,4,74,60,14,261,251,10,9
"2011","Haringey 027D","E01002048",690,295,124,171,1,163,135,28,224,216,8,7
"2011","Haringey 028A","E01002016",864,353,119,234,8,260,98,162,237,233,4,6
"2011","Haringey 028B","E01002017",751,335,104,231,12,142,42,100,252,243,9,10
"2011","Haringey 028C","E01002059",710,322,118,204,13,237,124,113,132,125,7,6
"2011","Haringey 028D","E01002060",763,428,147,281,3,110,25,85,216,204,12,6
"2011","Haringey 029A","E01002050",467,213,117,96,6,55,29,26,190,183,7,3
"2011","Haringey 029B","E01002051",667,160,68,92,8,234,129,105,257,247,10,8
"2011","Haringey 029C","E01002052",526,208,106,102,37,107,76,31,171,159,12,3
"2011","Haringey 029D","E01002055",456,194,98,96,9,61,44,17,190,178,12,2
"2011","Haringey 030A","E01001994",760,421,209,212,1,65,7,58,267,253,14,6
"2011","Haringey 030B","E01002008",643,378,241,137,1,88,26,62,151,123,28,25
"2011","Haringey 030C","E01002010",718,360,181,179,4,192,184,8,149,142,7,13
"2011","Haringey 030D","E01002011",761,358,155,203,6,117,98,19,259,251,8,21
"2011","Haringey 031A","E01002000",690,336,129,207,5,73,29,44,272,264,8,4
"2011","Haringey 031B","E01002001",677,296,121,175,6,67,41,26,303,292,11,5
"2011","Haringey 031C","E01002002",781,242,84,158,16,114,60,54,391,386,5,18
"2011","Haringey 031D","E01002058",681,210,98,112,40,125,41,84,302,292,10,4
"2011","Haringey 032A","E01002053",663,180,58,122,8,294,211,83,174,170,4,7
"2011","Haringey 032B","E01002054",697,126,49,77,3,416,396,20,131,129,2,21
"2011","Haringey 032C","E01002056",841,236,85,151,18,326,255,71,243,233,10,18
"2011","Haringey 032D","E01002057",557,206,95,111,14,148,68,80,180,176,4,9
"2011","Haringey 033A","E01001984",867,397,176,221,7,116,66,50,339,331,8,8
"2011","Haringey 033B","E01001985",769,465,189,276,1,53,9,44,243,234,9,7
"2011","Haringey 033C","E01001987",805,509,272,237,2,24,2,22,264,251,13,6
"2011","Haringey 033D","E01001989",766,439,191,248,11,105,41,64,208,204,4,3
"2011","Haringey 034A","E01001986",744,391,154,237,11,109,32,77,228,221,7,5
"2011","Haringey 034B","E01001988",881,387,150,237,4,117,15,102,358,350,8,15
"2011","Haringey 034C","E01001990",982,352,117,235,26,68,34,34,529,519,10,7
"2011","Haringey 034D","E01002062",855,394,121,273,4,118,61,57,327,314,13,12
"2011","Haringey 035A","E01002005",818,301,84,217,2,60,26,34,449,439,10,6
"2011","Haringey 035B","E01002006",808,382,137,245,2,59,41,18,357,349,8,8
"2011","Haringey 035C","E01002007",799,419,258,161,2,37,4,33,328,320,8,13
"2011","Haringey 035D","E01002009",708,400,212,188,0,28,4,24,273,266,7,7
"2011","Haringey 036A","E01002061",703,368,126,242,3,88,43,45,239,227,12,5
"2011","Haringey 036B","E01002063",713,278,90,188,4,198,120,78,226,219,7,7
"2011","Haringey 036C","E01002064",648,227,77,150,2,237,155,82,178,176,2,4
"2011","Haringey 036D","E01002065",815,248,64,184,4,205,108,97,343,334,9,15
"2011","Haringey 037A","E01002034",811,107,30,77,26,462,408,54,192,182,10,24
"2011","Haringey 037B","E01002038",692,86,32,54,30,313,178,135,253,244,9,10
"2011","Haringey 037C","E01002041",736,191,79,112,45,283,202,81,190,182,8,27
"2011","Haringey 037D","E01032575",672,109,42,67,64,343,133,210,144,137,7,12
"2011","Islington 001A","E01002755",635,135,39,96,2,431,332,99,61,56,5,6
"2011","Islington 001B","E01002756",610,246,85,161,8,195,138,57,157,149,8,4
"2011","Islington 001C","E01002758",709,108,26,82,2,469,417,52,124,119,5,6
"2011","Islington 001D","E01002804",754,150,33,117,2,406,218,188,188,174,14,8
"2011","Islington 001E","E01002807",824,173,65,108,13,400,308,92,228,220,8,10
"2011","Islington 001F","E01002811",694,198,71,127,2,384,324,60,102,97,5,8
"2011","Islington 002A","E01002753",626,147,49,98,10,291,149,142,164,157,7,14
"2011","Islington 002B","E01002754",614,295,127,168,3,130,101,29,180,174,6,6
"2011","Islington 002C","E01002757",590,245,94,151,1,243,193,50,92,85,7,9
"2011","Islington 002D","E01002759",659,338,135,203,2,168,125,43,149,141,8,2
"2011","Islington 002E","E01002760",626,151,48,103,6,367,289,78,94,88,6,8
"2011","Islington 002F","E01002772",871,282,100,182,21,296,177,119,262,249,13,10
"2011","Islington 003A","E01002735",777,150,60,90,3,291,165,126,324,319,5,9
"2011","Islington 003B","E01002805",758,185,72,113,4,207,159,48,346,340,6,16
"2011","Islington 003C","E01002806",721,312,124,188,1,255,175,80,148,145,3,5
"2011","Islington 003D","E01002808",857,296,95,201,17,261,171,90,272,259,13,11
"2011","Islington 003E","E01002809",700,232,84,148,10,260,90,170,192,188,4,6
"2011","Islington 003F","E01002810",748,212,64,148,13,365,246,119,153,144,9,5
"2011","Islington 004A","E01002768",851,193,65,128,40,433,109,324,180,169,11,5
"2011","Islington 004B","E01002770",718,258,102,156,1,200,150,50,250,240,10,9
"2011","Islington 004C","E01002771",659,183,85,98,3,311,120,191,150,148,2,12
"2011","Islington 004D","E01002773",696,133,50,83,7,464,412,52,86,82,4,6
"2011","Islington 004E","E01002774",1005,240,80,160,6,460,199,261,284,269,15,15
"2011","Islington 005A","E01002732",821,114,29,85,11,520,144,376,166,159,7,10
"2011","Islington 005B","E01002734",696,44,20,24,2,401,362,39,239,235,4,10
"2011","Islington 005C","E01002736",595,70,26,44,1,450,422,28,60,58,2,14
"2011","Islington 005D","E01002737",788,143,64,79,1,493,347,146,142,134,8,9
"2011","Islington 005E","E01002751",880,142,62,80,8,557,476,81,165,155,10,8
"2011","Islington 006A","E01002742",675,340,144,196,1,114,62,52,215,211,4,5
"2011","Islington 006B","E01002747",675,297,137,160,3,138,39,99,230,222,8,7
"2011","Islington 006C","E01002748",667,159,62,97,9,315,114,201,178,173,5,6
"2011","Islington 006D","E01002749",534,190,73,117,2,238,198,40,95,87,8,9
"2011","Islington 006F","E01033493",701,140,46,94,49,30,12,18,473,456,17,9
"2011","Islington 006G","E01033494",630,314,137,177,2,128,71,57,186,172,14,0
"2011","Islington 007A","E01002730",812,225,89,136,7,215,87,128,359,346,13,6
"2011","Islington 007B","E01002731",1164,392,134,258,5,244,171,73,503,489,14,20
"2011","Islington 007C","E01002733",598,275,107,168,10,97,22,75,203,186,17,13
"2011","Islington 007D","E01002763",603,142,59,83,2,256,154,102,192,186,6,11
"2011","Islington 008A","E01002769",847,316,126,190,6,279,54,225,237,225,12,9
"2011","Islington 008B","E01002785",840,376,181,195,10,212,89,123,235,225,10,7
"2011","Islington 008C","E01002788",916,381,137,244,7,222,92,130,290,271,19,16
"2011","Islington 008D","E01002789",810,460,203,257,2,137,41,96,204,194,10,7
"2011","Islington 009A","E01002738",839,338,165,173,3,289,174,115,195,186,9,14
"2011","Islington 009B","E01002741",656,147,55,92,6,376,356,20,120,111,9,7
"2011","Islington 009C","E01002743",726,264,104,160,1,250,164,86,206,196,10,5
"2011","Islington 009D","E01002744",722,279,93,186,2,255,209,46,171,164,7,15
"2011","Islington 009E","E01002752",651,218,71,147,0,311,240,71,115,109,6,7
"2011","Islington 010A","E01002764",796,225,94,131,3,363,183,180,187,179,8,18
"2011","Islington 010B","E01002783",718,159,50,109,9,386,348,38,152,138,14,12
"2011","Islington 010C","E01002784",732,176,60,116,18,377,337,40,156,149,7,5
"2011","Islington 010D","E01002786",828,161,49,112,3,418,300,118,229,218,11,17
"2011","Islington 010E","E01002787",578,109,34,75,4,311,199,112,147,129,18,7
"2011","Islington 011C","E01002762",889,299,107,192,9,246,118,128,326,309,17,9
"2011","Islington 011D","E01002767",982,261,97,164,30,491,423,68,178,166,12,22
"2011","Islington 011E","E01033486",425,99,28,71,10,213,149,64,97,90,7,6
"2011","Islington 011F","E01033487",595,134,40,94,67,116,14,102,276,266,10,2
"2011","Islington 011G","E01033488",557,89,20,69,1,321,120,201,135,131,4,11
"2011","Islington 011H","E01033491",869,189,72,117,24,248,152,96,391,379,12,17
"2011","Islington 011I","E01033492",687,91,29,62,99,174,17,157,321,312,9,2
"2011","Islington 012A","E01002777",833,254,69,185,19,331,150,181,211,199,12,18
"2011","Islington 012B","E01002778",743,111,30,81,5,483,354,129,136,131,5,8
"2011","Islington 012C","E01002779",820,285,95,190,20,253,186,67,258,247,11,4
"2011","Islington 012D","E01002781",598,147,44,103,1,339,309,30,104,102,2,7
"2011","Islington 012E","E01002782",616,100,29,71,4,411,383,28,86,80,6,15
"2011","Islington 013A","E01002739",816,372,168,204,12,219,90,129,206,200,6,7
"2011","Islington 013B","E01002740",806,416,221,195,2,126,66,60,255,239,16,7
"2011","Islington 013C","E01002745",681,307,126,181,3,200,97,103,162,156,6,9
"2011","Islington 013D","E01002795",863,233,91,142,8,321,206,115,287,269,18,14
"2011","Islington 013E","E01002796",496,156,69,87,2,195,98,97,139,137,2,4
"2011","Islington 014A","E01002716",1079,178,53,125,35,614,434,180,237,222,15,15
"2011","Islington 014B","E01002718",799,311,143,168,2,184,79,105,295,287,8,7
"2011","Islington 014C","E01002721",839,256,73,183,3,402,357,45,172,163,9,6
"2011","Islington 014D","E01002775",683,232,70,162,7,213,174,39,229,221,8,2
"2011","Islington 014E","E01002776",774,229,80,149,2,357,269,88,178,172,6,8
"2011","Islington 014F","E01002780",763,240,67,173,8,352,260,92,158,148,10,5
"2011","Islington 015A","E01002708",917,197,71,126,22,366,272,94,324,314,10,8
"2011","Islington 015B","E01002712",535,148,46,102,6,184,80,104,189,174,15,8
"2011","Islington 015C","E01002713",820,152,66,86,6,549,426,123,102,86,16,11
"2011","Islington 015D","E01002765",980,151,69,82,83,549,197,352,180,163,17,17
"2011","Islington 015E","E01002766",811,88,33,55,16,529,140,389,166,145,21,12
"2011","Islington 016A","E01002717",590,218,108,110,3,217,205,12,132,115,17,20
"2011","Islington 016B","E01002719",737,352,187,165,3,206,128,78,160,148,12,16
"2011","Islington 016C","E01002720",993,132,45,87,42,672,529,143,140,133,7,7
"2011","Islington 016D","E01002790",706,66,31,35,1,527,142,385,102,92,10,10
"2011","Islington 016E","E01002791",762,279,140,139,2,220,176,44,250,231,19,11
"2011","Islington 016F","E01002793",957,194,75,119,6,512,350,162,231,220,11,14
"2011","Islington 017A","E01002698",1056,410,152,258,1,318,191,127,318,303,15,9
"2011","Islington 017B","E01002699",775,284,134,150,3,280,81,199,205,195,10,3
"2011","Islington 017C","E01002700",640,392,221,171,0,82,62,20,154,149,5,12
"2011","Islington 017D","E01002714",771,323,151,172,2,141,61,80,296,292,4,9
"2011","Islington 017E","E01002792",877,306,146,160,3,250,148,102,310,296,14,8
"2011","Islington 018A","E01002722",668,139,58,81,4,399,363,36,121,115,6,5
"2011","Islington 018B","E01002797",872,177,45,132,28,454,353,101,193,183,10,20
"2011","Islington 018C","E01002798",922,454,169,285,2,236,175,61,220,199,21,10
"2011","Islington 018D","E01002799",880,175,57,118,3,521,340,181,164,150,14,17
"2011","Islington 018E","E01002800",435,55,25,30,3,337,134,203,36,32,4,4
"2011","Islington 019A","E01002694",669,77,24,53,17,464,61,403,98,90,8,13
"2011","Islington 019B","E01002697",709,90,47,43,3,464,59,405,138,129,9,14
"2011","Islington 019C","E01002709",751,111,47,64,19,395,177,218,220,213,7,6
"2011","Islington 019D","E01002710",679,148,50,98,10,398,272,126,109,102,7,14
"2011","Islington 019E","E01002715",682,87,33,54,12,414,351,63,164,161,3,5
"2011","Islington 020A","E01002696",895,338,151,187,24,241,161,80,284,274,10,8
"2011","Islington 020B","E01002794",862,260,146,114,0,265,54,211,323,310,13,14
"2011","Islington 020C","E01002801",806,330,174,156,1,222,138,84,240,230,10,13
"2011","Islington 020D","E01002802",706,303,142,161,1,167,88,79,217,212,5,18
"2011","Islington 020E","E01002803",935,349,170,179,3,306,258,48,263,254,9,14
"2011","Islington 021A","E01002695",795,166,59,107,21,283,65,218,315,301,14,10
"2011","Islington 021B","E01002711",963,217,80,137,33,286,104,182,418,397,21,9
"2011","Islington 021C","E01002727",871,260,107,153,2,340,268,72,255,243,12,14
"2011","Islington 021D","E01002728",509,112,43,69,8,252,229,23,129,123,6,8
"2011","Islington 021E","E01002729",702,249,125,124,4,271,227,44,172,167,5,6
"2011","Islington 022B","E01002707",901,184,76,108,2,386,323,63,316,296,20,13
"2011","Islington 022C","E01002723",781,171,81,90,4,424,395,29,173,159,14,9
"2011","Islington 022D","E01002724",1025,429,195,234,4,213,57,156,357,331,26,22
"2011","Islington 022E","E01002725",572,96,28,68,2,386,361,25,82,73,9,6
"2011","Islington 022F","E01002726",825,214,93,121,10,351,307,44,233,221,12,17
"2011","Islington 022G","E01033489",776,319,129,190,11,81,6,75,357,331,26,8
"2011","Islington 022H","E01033490",703,157,67,90,1,219,143,76,312,291,21,14
"2011","Islington 023A","E01002701",718,131,57,74,1,458,311,147,124,116,8,4
"2011","Islington 023B","E01002702",870,101,42,59,2,527,426,101,218,202,16,22
"2011","Islington 023C","E01002703",774,146,61,85,10,438,407,31,173,168,5,7
"2011","Islington 023D","E01002704",1035,221,86,135,18,541,225,316,233,213,20,22
"2011","Islington 023E","E01002706",925,159,60,99,8,523,249,274,228,211,17,7
"2011","Kensington and Chelsea 001A","E01002852",861,95,40,55,40,557,255,302,162,147,15,7
"2011","Kensington and Chelsea 001B","E01002853",470,18,5,13,3,380,67,313,63,56,7,6
"2011","Kensington and Chelsea 001C","E01002854",488,67,20,47,8,364,337,27,41,39,2,8
"2011","Kensington and Chelsea 001D","E01002855",764,110,45,65,8,539,387,152,101,98,3,6
"2011","Kensington and Chelsea 001E","E01002857",580,40,17,23,1,504,375,129,29,25,4,6
"2011","Kensington and Chelsea 002A","E01002904",524,5,1,4,13,471,31,440,27,15,12,8
"2011","Kensington and Chelsea 002B","E01002905",672,111,53,58,19,455,212,243,74,69,5,13
"2011","Kensington and Chelsea 002C","E01002906",707,178,75,103,47,351,179,172,118,113,5,13
"2011","Kensington and Chelsea 002D","E01002907",551,16,6,10,2,501,47,454,19,18,1,13
"2011","Kensington and Chelsea 003A","E01002876",744,337,190,147,4,215,24,191,184,176,8,4
"2011","Kensington and Chelsea 003B","E01002877",647,121,68,53,13,443,311,132,58,52,6,12
"2011","Kensington and Chelsea 003C","E01002878",868,292,151,141,25,350,95,255,185,178,7,16
"2011","Kensington and Chelsea 003D","E01002908",602,241,114,127,17,175,48,127,163,159,4,6
"2011","Kensington and Chelsea 003E","E01002909",1152,325,162,163,27,517,44,473,269,252,17,14
"2011","Kensington and Chelsea 004A","E01002829",788,156,79,77,7,408,37,371,209,192,17,8
"2011","Kensington and Chelsea 004B","E01002830",917,197,98,99,14,527,163,364,170,160,10,9
"2011","Kensington and Chelsea 004C","E01002831",961,223,122,101,6,486,156,330,242,231,11,4
"2011","Kensington and Chelsea 004D","E01002832",910,203,123,80,12,416,144,272,271,266,5,8
"2011","Kensington and Chelsea 004E","E01002856",941,162,84,78,11,438,47,391,320,302,18,10
"2011","Kensington and Chelsea 005A","E01002870",693,43,24,19,22,550,292,258,69,61,8,9
"2011","Kensington and Chelsea 005B","E01002872",726,117,77,40,1,526,99,427,73,68,5,9
"2011","Kensington and Chelsea 005C","E01002879",695,89,41,48,13,421,297,124,159,154,5,13
"2011","Kensington and Chelsea 005D","E01002880",653,60,23,37,21,512,431,81,44,40,4,16
"2011","Kensington and Chelsea 005E","E01002881",544,104,53,51,3,374,245,129,56,49,7,7
"2011","Kensington and Chelsea 006A","E01002882",703,284,198,86,6,207,66,141,182,173,9,24
"2011","Kensington and Chelsea 006B","E01002883",802,429,313,116,3,28,1,27,313,263,50,29
"2011","Kensington and Chelsea 006C","E01002884",710,193,121,72,27,116,24,92,363,351,12,11
"2011","Kensington and Chelsea 006D","E01002885",950,316,186,130,1,73,7,66,545,507,38,15
"2011","Kensington and Chelsea 006E","E01002886",781,379,235,144,7,78,13,65,295,278,17,22
"2011","Kensington and Chelsea 007A","E01002833",793,311,178,133,3,136,20,116,336,314,22,7
"2011","Kensington and Chelsea 007B","E01002871",742,407,288,119,0,48,1,47,265,250,15,22
"2011","Kensington and Chelsea 007C","E01002873",632,285,182,103,13,161,9,152,161,156,5,12
"2011","Kensington and Chelsea 007D","E01002874",648,231,133,98,3,197,48,149,208,195,13,9
"2011","Kensington and Chelsea 007E","E01002875",681,356,260,96,2,106,19,87,196,187,9,21
"2011","Kensington and Chelsea 008A","E01002824",684,319,212,107,1,51,36,15,291,270,21,22
"2011","Kensington and Chelsea 008B","E01002825",827,427,315,112,1,56,16,40,286,276,10,57
"2011","Kensington and Chelsea 008C","E01002826",798,328,223,105,3,29,13,16,387,350,37,51
"2011","Kensington and Chelsea 008D","E01002827",903,490,336,154,6,14,2,12,363,347,16,30
"2011","Kensington and Chelsea 008E","E01002828",710,306,228,78,3,126,99,27,232,229,3,43
"2011","Kensington and Chelsea 009A","E01002864",580,364,263,101,2,26,9,17,158,151,7,30
"2011","Kensington and Chelsea 009B","E01002866",848,341,161,180,11,177,55,122,294,273,21,25
"2011","Kensington and Chelsea 009C","E01002867",998,332,170,162,17,149,27,122,476,461,15,24
"2011","Kensington and Chelsea 009D","E01002868",725,411,308,103,1,22,2,20,256,242,14,35
"2011","Kensington and Chelsea 009E","E01002869",768,309,191,118,5,148,32,116,285,277,8,21
"2011","Kensington and Chelsea 010A","E01002887",807,305,207,98,5,23,2,21,434,415,19,40
"2011","Kensington and Chelsea 010B","E01002889",579,244,170,74,3,18,0,18,286,277,9,28
"2011","Kensington and Chelsea 010C","E01002890",705,420,325,95,3,24,4,20,221,203,18,37
"2011","Kensington and Chelsea 010D","E01002891",718,254,164,90,6,55,6,49,349,337,12,54
"2011","Kensington and Chelsea 010E","E01002892",920,364,220,144,2,28,3,25,475,457,18,51
"2011","Kensington and Chelsea 011A","E01002813",835,432,303,129,2,43,12,31,341,325,16,17
"2011","Kensington and Chelsea 011B","E01002815",755,321,196,125,3,55,4,51,357,347,10,19
"2011","Kensington and Chelsea 011C","E01002816",693,258,183,75,1,7,1,6,406,393,13,21
"2011","Kensington and Chelsea 011D","E01002817",709,410,308,102,3,14,2,12,251,240,11,31
"2011","Kensington and Chelsea 011E","E01002865",544,274,184,90,3,11,2,9,237,222,15,19
"2011","Kensington and Chelsea 012A","E01002818",1170,339,227,112,3,54,0,54,673,646,27,101
"2011","Kensington and Chelsea 012B","E01002819",853,303,218,85,4,18,2,16,467,443,24,61
"2011","Kensington and Chelsea 012C","E01002859",866,309,205,104,5,48,0,48,437,408,29,67
"2011","Kensington and Chelsea 012D","E01002860",777,399,302,97,1,8,0,8,336,329,7,33
"2011","Kensington and Chelsea 012E","E01002863",792,297,220,77,5,16,0,16,385,376,9,89
"2011","Kensington and Chelsea 013A","E01002812",895,321,225,96,4,57,42,15,483,471,12,30
"2011","Kensington and Chelsea 013B","E01002834",718,274,162,112,3,85,8,77,327,304,23,29
"2011","Kensington and Chelsea 013C","E01002839",978,279,164,115,4,186,21,165,484,466,18,25
"2011","Kensington and Chelsea 013D","E01002850",682,217,118,99,8,88,12,76,357,334,23,12
"2011","Kensington and Chelsea 013E","E01002888",1149,438,272,166,6,49,7,42,607,588,19,49
"2011","Kensington and Chelsea 014A","E01002821",692,276,190,86,3,65,3,62,316,291,25,32
"2011","Kensington and Chelsea 014B","E01002823",701,166,123,43,0,374,86,288,140,135,5,21
"2011","Kensington and Chelsea 014C","E01002858",749,228,168,60,3,182,159,23,317,309,8,19
"2011","Kensington and Chelsea 014D","E01002861",771,339,272,67,4,136,7,129,263,248,15,29
"2011","Kensington and Chelsea 014E","E01002862",977,138,94,44,0,417,90,327,400,373,27,22
"2011","Kensington and Chelsea 015A","E01002814",905,247,156,91,31,275,59,216,328,309,19,24
"2011","Kensington and Chelsea 015B","E01002847",872,367,193,174,1,84,9,75,400,394,6,20
"2011","Kensington and Chelsea 015C","E01002848",894,246,154,92,9,251,33,218,363,351,12,25
"2011","Kensington and Chelsea 015D","E01002851",918,152,82,70,9,422,13,409,326,315,11,9
"2011","Kensington and Chelsea 016A","E01002820",666,224,146,78,4,26,2,24,393,377,16,19
"2011","Kensington and Chelsea 016B","E01002822",621,293,222,71,3,41,1,40,250,207,43,34
"2011","Kensington and Chelsea 016C","E01002835",784,358,234,124,0,12,4,8,366,356,10,48
"2011","Kensington and Chelsea 016D","E01002836",795,317,203,114,2,60,0,60,401,389,12,15
"2011","Kensington and Chelsea 016E","E01002837",717,302,219,83,2,42,4,38,353,344,9,18
"2011","Kensington and Chelsea 017A","E01002846",781,190,81,109,14,175,19,156,388,373,15,14
"2011","Kensington and Chelsea 017B","E01002849",787,339,168,171,5,102,3,99,329,312,17,12
"2011","Kensington and Chelsea 017C","E01002893",987,365,175,190,6,200,86,114,387,363,24,29
"2011","Kensington and Chelsea 017D","E01002894",773,321,173,148,9,63,14,49,368,350,18,12
"2011","Kensington and Chelsea 017E","E01002898",739,386,237,149,3,84,3,81,240,230,10,26
"2011","Kensington and Chelsea 018A","E01002899",768,250,182,68,5,235,107,128,245,224,21,33
"2011","Kensington and Chelsea 018B","E01002900",682,413,287,126,2,9,5,4,224,211,13,34
"2011","Kensington and Chelsea 018C","E01002901",560,247,160,87,2,119,8,111,167,137,30,25
"2011","Kensington and Chelsea 018D","E01002902",1009,357,251,106,4,137,4,133,439,423,16,72
"2011","Kensington and Chelsea 018E","E01002903",691,414,308,106,4,5,2,3,254,246,8,14
"2011","Kensington and Chelsea 019A","E01002844",745,361,277,84,1,89,7,82,265,250,15,29
"2011","Kensington and Chelsea 019B","E01002845",738,293,186,107,5,238,208,30,178,172,6,24
"2011","Kensington and Chelsea 019C","E01002910",756,342,252,90,2,174,150,24,216,200,16,22
"2011","Kensington and Chelsea 019D","E01002911",767,400,247,153,3,29,23,6,308,293,15,27
"2011","Kensington and Chelsea 019E","E01002914",741,367,281,86,2,15,9,6,330,310,20,27
"2011","Kensington and Chelsea 020A","E01002838",579,250,177,73,1,31,3,28,265,252,13,32
"2011","Kensington and Chelsea 020B","E01002895",610,350,240,110,4,19,10,9,210,200,10,27
"2011","Kensington and Chelsea 020C","E01002896",875,455,270,185,5,41,16,25,357,340,17,17
"2011","Kensington and Chelsea 020D","E01002897",732,303,175,128,2,82,42,40,335,322,13,10
"2011","Kensington and Chelsea 020E","E01002912",809,328,213,115,1,163,87,76,301,288,13,16
"2011","Kensington and Chelsea 021A","E01002840",691,218,168,50,4,356,275,81,95,88,7,18
"2011","Kensington and Chelsea 021B","E01002841",712,278,129,149,15,210,132,78,202,190,12,7
"2011","Kensington and Chelsea 021C","E01002842",514,65,37,28,0,411,376,35,34,34,0,4
"2011","Kensington and Chelsea 021D","E01002843",610,93,47,46,2,438,120,318,64,55,9,13
"2011","Kensington and Chelsea 021E","E01002913",932,383,211,172,2,144,72,72,380,364,16,23
"2011","Lambeth 002A","E01003015",730,129,56,73,4,460,328,132,131,124,7,6
"2011","Lambeth 002B","E01003108",755,176,77,99,11,421,375,46,141,131,10,6
"2011","Lambeth 002C","E01003110",849,365,142,223,33,249,120,129,184,171,13,18
"2011","Lambeth 002D","E01003111",638,99,34,65,3,469,438,31,63,58,5,4
"2011","Lambeth 002E","E01003112",771,191,69,122,5,416,323,93,145,133,12,14
"2011","Lambeth 003A","E01003101",685,139,41,98,2,316,79,237,220,209,11,8
"2011","Lambeth 003B","E01003105",780,163,51,112,60,448,283,165,106,96,10,3
"2011","Lambeth 003C","E01003106",911,249,114,135,73,395,258,137,181,164,17,13
"2011","Lambeth 003D","E01003107",929,366,132,234,21,247,143,104,281,258,23,14
"2011","Lambeth 003E","E01003109",1093,224,82,142,63,526,452,74,270,252,18,10
"2011","Lambeth 004A","E01003102",844,222,75,147,21,311,70,241,288,266,22,2
"2011","Lambeth 004C","E01003104",777,236,82,154,6,167,98,69,357,344,13,11
"2011","Lambeth 004D","E01003122",870,268,86,182,27,305,179,126,254,237,17,16
"2011","Lambeth 004E","E01003129",808,217,86,131,8,217,68,149,357,319,38,9
"2011","Lambeth 004F","E01033207",766,180,72,108,1,420,137,283,160,151,9,5
"2011","Lambeth 004G","E01033208",1018,247,122,125,162,199,24,175,378,353,25,32
"2011","Lambeth 005A","E01003098",645,240,117,123,3,233,66,167,163,157,6,6
"2011","Lambeth 005B","E01003099",666,170,57,113,3,250,55,195,235,219,16,8
"2011","Lambeth 005C","E01003100",878,276,93,183,6,102,56,46,489,470,19,5
"2011","Lambeth 005D","E01003180",662,203,61,142,1,314,245,69,139,133,6,5
"2011","Lambeth 005E","E01003183",631,125,29,96,8,383,297,86,106,97,9,9
"2011","Lambeth 006A","E01003097",724,130,37,93,6,437,320,117,141,135,6,10
"2011","Lambeth 006B","E01003121",691,83,23,60,1,516,53,463,85,80,5,6
"2011","Lambeth 006C","E01003123",683,305,123,182,3,163,74,89,200,185,15,12
"2011","Lambeth 006D","E01003124",619,132,54,78,0,267,199,68,210,201,9,10
"2011","Lambeth 006E","E01003125",692,106,37,69,14,468,383,85,100,93,7,4
"2011","Lambeth 007A","E01003181",644,141,26,115,3,331,284,47,159,144,15,10
"2011","Lambeth 007B","E01003184",586,59,6,53,1,456,279,177,64,58,6,6
"2011","Lambeth 007C","E01003185",768,189,47,142,2,333,127,206,240,223,17,4
"2011","Lambeth 007D","E01003186",876,264,99,165,15,290,55,235,301,287,14,6
"2011","Lambeth 007E","E01003187",626,130,29,101,0,416,348,68,79,73,6,1
"2011","Lambeth 008A","E01003089",689,141,43,98,1,380,341,39,161,158,3,6
"2011","Lambeth 008B","E01003091",668,178,54,124,6,277,258,19,202,190,12,5
"2011","Lambeth 008C","E01003092",717,130,43,87,14,419,364,55,146,139,7,8
"2011","Lambeth 008D","E01003126",645,139,34,105,0,308,67,241,192,179,13,6
"2011","Lambeth 008E","E01003128",664,105,17,88,28,385,60,325,138,130,8,8
"2011","Lambeth 009A","E01003046",743,102,26,76,2,543,375,168,93,81,12,3
"2011","Lambeth 009B","E01003048",741,60,15,45,32,559,475,84,82,75,7,8
"2011","Lambeth 009C","E01003075",685,102,20,82,1,474,409,65,100,88,12,8
"2011","Lambeth 009D","E01003182",720,197,46,151,1,330,287,43,177,166,11,15
"2011","Lambeth 009E","E01003188",554,101,17,84,5,374,329,45,69,61,8,5
"2011","Lambeth 010A","E01003088",737,190,51,139,10,318,279,39,215,198,17,4
"2011","Lambeth 010B","E01003093",949,93,34,59,71,647,84,563,127,115,12,11
"2011","Lambeth 010C","E01003094",675,195,90,105,5,280,57,223,187,181,6,8
"2011","Lambeth 010D","E01003096",926,283,86,197,15,168,59,109,448,425,23,12
"2011","Lambeth 010E","E01003127",755,239,89,150,20,260,65,195,220,211,9,16
"2011","Lambeth 011A","E01003045",728,66,14,52,14,566,354,212,73,72,1,9
"2011","Lambeth 011B","E01003047",751,122,35,87,0,387,268,119,230,213,17,12
"2011","Lambeth 011C","E01003049",668,124,31,93,18,353,299,54,162,154,8,11
"2011","Lambeth 011D","E01003059",625,120,20,100,2,380,146,234,115,104,11,8
"2011","Lambeth 011E","E01003060",632,97,21,76,4,431,239,192,94,76,18,6
"2011","Lambeth 011F","E01003061",568,118,35,83,2,236,41,195,207,175,32,5
"2011","Lambeth 012A","E01003034",723,237,76,161,13,239,195,44,223,212,11,11
"2011","Lambeth 012B","E01003035",710,194,68,126,4,180,54,126,323,307,16,9
"2011","Lambeth 012C","E01003036",737,268,97,171,1,234,178,56,220,213,7,14
"2011","Lambeth 012D","E01003090",1043,280,65,215,44,287,146,141,423,407,16,9
"2011","Lambeth 012E","E01003095",760,297,98,199,1,193,128,65,265,252,13,4
"2011","Lambeth 013A","E01003037",606,121,36,85,6,337,309,28,140,135,5,2
"2011","Lambeth 013B","E01003038",689,362,135,227,5,82,53,29,231,220,11,9
"2011","Lambeth 013C","E01003039",945,376,152,224,34,98,36,62,421,398,23,16
"2011","Lambeth 013D","E01003040",594,271,133,138,1,136,114,22,180,164,16,6
"2011","Lambeth 013E","E01003042",502,127,51,76,3,193,148,45,172,160,12,7
"2011","Lambeth 014A","E01003072",769,382,173,209,0,154,53,101,223,214,9,10
"2011","Lambeth 014B","E01003073",698,206,60,146,2,365,45,320,121,112,9,4
"2011","Lambeth 014C","E01003076",836,199,58,141,5,235,27,208,386,360,26,11
"2011","Lambeth 014D","E01003077",786,274,78,196,6,191,52,139,308,288,20,7
"2011","Lambeth 014E","E01003078",634,419,187,232,1,92,54,38,110,104,6,12
"2011","Lambeth 015A","E01003019",914,359,98,261,13,207,75,132,323,308,15,12
"2011","Lambeth 015B","E01003053",757,305,111,194,8,127,27,100,314,294,20,3
"2011","Lambeth 015C","E01003054",819,254,76,178,12,117,72,45,430,418,12,6
"2011","Lambeth 015D","E01003056",838,216,66,150,4,265,100,165,351,338,13,2
"2011","Lambeth 015E","E01003058",820,267,83,184,7,191,24,167,347,325,22,8
"2011","Lambeth 016A","E01003020",771,281,99,182,8,246,183,63,230,221,9,6
"2011","Lambeth 016B","E01003050",773,209,69,140,17,259,171,88,265,250,15,23
"2011","Lambeth 016C","E01003052",758,98,25,73,9,535,185,350,107,95,12,9
"2011","Lambeth 016D","E01003055",790,224,59,165,18,305,128,177,228,216,12,15
"2011","Lambeth 016E","E01003176",780,110,46,64,55,413,264,149,193,179,14,9
"2011","Lambeth 017A","E01003029",860,290,116,174,5,237,166,71,317,306,11,11
"2011","Lambeth 017B","E01003032",759,202,81,121,4,337,289,48,204,192,12,12
"2011","Lambeth 017C","E01003041",678,124,29,95,27,338,241,97,183,173,10,6
"2011","Lambeth 017D","E01003057",724,145,44,101,6,409,344,65,162,155,7,2
"2011","Lambeth 018A","E01003043",685,241,87,154,16,224,76,148,193,178,15,11
"2011","Lambeth 018B","E01003044",606,36,10,26,5,492,49,443,58,48,10,15
"2011","Lambeth 018C","E01003051",675,87,27,60,15,296,94,202,273,261,12,4
"2011","Lambeth 018D","E01003071",1004,381,129,252,37,227,87,140,353,343,10,6
"2011","Lambeth 018E","E01003074",1096,457,153,304,8,334,230,104,284,271,13,13
"2011","Lambeth 019A","E01003026",656,323,130,193,0,79,23,56,250,242,8,4
"2011","Lambeth 019B","E01003027",480,352,143,209,2,21,6,15,102,99,3,3
"2011","Lambeth 019C","E01003028",563,260,120,140,0,143,126,17,158,149,9,2
"2011","Lambeth 019D","E01003030",783,356,128,228,12,64,45,19,349,339,10,2
"2011","Lambeth 019E","E01003033",594,321,134,187,4,119,87,32,145,135,10,5
"2011","Lambeth 020A","E01003018",999,340,114,226,11,145,67,78,498,481,17,5
"2011","Lambeth 020B","E01003171",827,320,97,223,3,238,105,133,262,248,14,4
"2011","Lambeth 020C","E01003173",694,399,162,237,8,66,8,58,211,205,6,10
"2011","Lambeth 020D","E01003177",703,211,71,140,5,237,122,115,236,214,22,14
"2011","Lambeth 020E","E01003178",712,299,104,195,6,154,23,131,249,237,12,4
"2011","Lambeth 021A","E01003021",663,153,53,100,6,366,287,79,131,123,8,7
"2011","Lambeth 021B","E01003022",770,307,99,208,6,245,147,98,211,198,13,1
"2011","Lambeth 021C","E01003023",1063,334,86,248,71,244,138,106,396,371,25,18
"2011","Lambeth 021D","E01003024",766,154,32,122,3,426,388,38,178,166,12,5
"2011","Lambeth 021E","E01003025",842,301,93,208,29,307,158,149,200,191,9,5
"2011","Lambeth 022A","E01003136",735,256,82,174,6,181,41,140,284,276,8,8
"2011","Lambeth 022B","E01003137",676,171,50,121,12,265,195,70,218,207,11,10
"2011","Lambeth 022C","E01003159",599,131,59,72,0,336,73,263,127,108,19,5
"2011","Lambeth 022D","E01003160",558,62,19,43,3,417,207,210,69,62,7,7
"2011","Lambeth 022E","E01003162",830,137,47,90,7,532,136,396,146,134,12,8
"2011","Lambeth 023A","E01003031",720,204,52,152,2,282,268,14,229,220,9,3
"2011","Lambeth 023B","E01003156",665,288,96,192,2,214,86,128,150,141,9,11
"2011","Lambeth 023C","E01003157",577,359,132,227,4,95,9,86,114,106,8,5
"2011","Lambeth 023D","E01003158",737,412,107,305,6,109,26,83,203,192,11,7
"2011","Lambeth 023E","E01003161",498,198,77,121,2,151,63,88,144,137,7,3
"2011","Lambeth 023F","E01003163",588,345,157,188,0,121,70,51,118,111,7,4
"2011","Lambeth 024A","E01003132",536,168,56,112,8,263,234,29,89,84,5,8
"2011","Lambeth 024B","E01003172",815,224,52,172,18,407,316,91,154,146,8,12
"2011","Lambeth 024C","E01003174",829,130,33,97,5,503,69,434,186,176,10,5
"2011","Lambeth 024D","E01003175",608,147,42,105,20,359,50,309,80,77,3,2
"2011","Lambeth 024E","E01003179",654,97,24,73,1,481,424,57,73,71,2,2
"2011","Lambeth 025A","E01003164",935,262,78,184,14,255,79,176,400,392,8,4
"2011","Lambeth 025B","E01003165",712,340,143,197,7,204,137,67,149,142,7,12
"2011","Lambeth 025C","E01003168",647,68,20,48,1,475,67,408,97,93,4,6
"2011","Lambeth 025D","E01003169",1071,446,128,318,16,316,105,211,291,266,25,2
"2011","Lambeth 025E","E01003170",797,535,252,283,9,92,52,40,154,144,10,7
"2011","Lambeth 026A","E01003130",739,367,139,228,13,58,43,15,293,284,9,8
"2011","Lambeth 026B","E01003131",617,299,106,193,0,92,24,68,220,206,14,6
"2011","Lambeth 026C","E01003135",724,258,62,196,1,289,280,9,173,163,10,3
"2011","Lambeth 026D","E01003138",689,367,121,246,5,61,16,45,253,238,15,3
"2011","Lambeth 026E","E01003151",820,165,42,123,19,425,311,114,200,192,8,11
"2011","Lambeth 027A","E01003079",757,258,72,186,5,279,133,146,204,190,14,11
"2011","Lambeth 027B","E01003080",663,362,105,257,1,81,33,48,213,207,6,6
"2011","Lambeth 027C","E01003133",765,292,85,207,0,172,55,117,290,283,7,11
"2011","Lambeth 027D","E01003134",619,327,114,213,7,137,129,8,141,127,14,7
"2011","Lambeth 027E","E01003152",761,388,157,231,13,56,16,40,296,285,11,8
"2011","Lambeth 028A","E01003064",660,360,87,273,4,61,26,35,232,219,13,3
"2011","Lambeth 028B","E01003066",741,244,62,182,2,289,226,63,194,185,9,12
"2011","Lambeth 028C","E01003081",768,242,76,166,7,194,90,104,318,303,15,7
"2011","Lambeth 028D","E01003166",1020,353,102,251,16,169,42,127,477,456,21,5
"2011","Lambeth 028E","E01003167",681,447,183,264,2,75,28,47,150,140,10,7
"2011","Lambeth 029A","E01003116",634,361,163,198,1,114,31,83,152,143,9,6
"2011","Lambeth 029B","E01003117",841,312,120,192,3,154,89,65,362,346,16,10
"2011","Lambeth 029C","E01003118",688,310,124,186,1,91,47,44,278,270,8,8
"2011","Lambeth 029D","E01003153",929,330,90,240,3,60,12,48,528,505,23,8
"2011","Lambeth 029E","E01003155",750,397,151,246,5,73,33,40,267,260,7,8
"2011","Lambeth 030A","E01003083",594,354,132,222,1,103,71,32,127,123,4,9
"2011","Lambeth 030B","E01003084",673,357,102,255,9,92,26,66,213,202,11,2
"2011","Lambeth 030C","E01003085",697,441,179,262,5,139,102,37,108,107,1,4
"2011","Lambeth 030D","E01003149",694,424,166,258,11,40,20,20,212,208,4,7
"2011","Lambeth 030E","E01003154",786,267,96,171,38,290,217,73,177,170,7,14
"2011","Lambeth 031A","E01003065",666,165,49,116,38,390,273,117,71,63,8,2
"2011","Lambeth 031B","E01003068",657,277,81,196,2,237,187,50,135,127,8,6
"2011","Lambeth 031C","E01003082",651,239,76,163,4,285,234,51,118,104,14,5
"2011","Lambeth 031D","E01003086",647,204,55,149,17,334,219,115,86,79,7,6
"2011","Lambeth 031E","E01003087",611,140,39,101,2,346,299,47,117,113,4,6
"2011","Lambeth 032A","E01003113",817,320,93,227,14,123,48,75,355,342,13,5
"2011","Lambeth 032B","E01003114",765,333,103,230,8,70,24,46,342,331,11,12
"2011","Lambeth 032C","E01003119",813,322,97,225,12,65,37,28,411,398,13,3
"2011","Lambeth 032D","E01003120",961,238,51,187,1,116,77,39,599,593,6,7
"2011","Lambeth 032E","E01003148",762,390,102,288,2,112,59,53,248,242,6,10
"2011","Lambeth 032F","E01003150",769,239,79,160,10,246,173,73,268,259,9,6
"2011","Lambeth 033A","E01003062",795,276,64,212,6,218,87,131,279,269,10,16
"2011","Lambeth 033B","E01003063",664,204,48,156,6,340,276,64,111,101,10,3
"2011","Lambeth 033C","E01003067",599,296,93,203,2,105,79,26,189,180,9,7
"2011","Lambeth 033D","E01003069",520,240,77,163,4,171,136,35,104,98,6,1
"2011","Lambeth 033E","E01003070",655,151,28,123,4,372,308,64,120,109,11,8
"2011","Lambeth 034A","E01003115",669,261,80,181,4,133,72,61,267,259,8,4
"2011","Lambeth 034B","E01003141",723,337,146,191,40,165,69,96,176,171,5,5
"2011","Lambeth 034C","E01003144",520,405,188,217,1,26,13,13,86,82,4,2
"2011","Lambeth 034D","E01003145",783,261,77,184,12,100,37,63,399,394,5,11
"2011","Lambeth 034E","E01003147",797,366,127,239,0,150,103,47,271,268,3,10
"2011","Lambeth 035A","E01003139",542,323,145,178,20,30,14,16,165,152,13,4
"2011","Lambeth 035B","E01003140",492,328,154,174,10,36,19,17,115,108,7,3
"2011","Lambeth 035C","E01003142",453,302,159,143,4,36,23,13,103,95,8,8
"2011","Lambeth 035D","E01003143",516,248,102,146,2,175,35,140,88,84,4,3
"2011","Lambeth 035E","E01003146",524,270,108,162,4,109,21,88,137,134,3,4
"2011","Lambeth 036A","E01003013",854,208,115,93,11,84,26,58,509,407,102,42
"2011","Lambeth 036B","E01003014",678,199,95,104,1,313,181,132,153,130,23,12
"2011","Lambeth 036C","E01003016",526,129,69,60,7,159,29,130,226,211,15,5
"2011","Lambeth 036D","E01003017",862,140,72,68,4,516,57,459,188,175,13,14
"2011","Lambeth 036E","E01032582",920,157,43,114,37,376,275,101,342,321,21,8
"2011","Lewisham 001A","E01003244",618,50,17,33,1,488,440,48,77,74,3,2
"2011","Lewisham 001B","E01003245",584,48,11,37,58,425,81,344,44,41,3,9
"2011","Lewisham 001C","E01003247",685,227,71,156,3,145,61,84,301,292,9,9
"2011","Lewisham 001D","E01003249",897,150,37,113,87,421,155,266,226,217,9,13
"2011","Lewisham 001E","E01003250",763,155,38,117,19,402,325,77,179,171,8,8
"2011","Lewisham 002A","E01003246",559,114,18,96,1,313,210,103,125,119,6,6
"2011","Lewisham 002B","E01003248",718,133,35,98,40,361,210,151,175,168,7,9
"2011","Lewisham 002C","E01003251",777,62,17,45,22,547,420,127,133,127,6,13
"2011","Lewisham 002D","E01003252",613,77,28,49,2,493,431,62,39,38,1,2
"2011","Lewisham 002E","E01003253",669,132,43,89,9,348,275,73,171,161,10,9
"2011","Lewisham 003A","E01003297",767,216,34,182,0,124,94,30,422,416,6,5
"2011","Lewisham 003B","E01003299",609,170,41,129,7,246,185,61,182,170,12,4
"2011","Lewisham 003C","E01003301",767,257,46,211,29,174,88,86,305,297,8,2
"2011","Lewisham 003D","E01003302",710,203,51,152,25,333,259,74,144,134,10,5
"2011","Lewisham 003E","E01003305",513,141,55,86,11,267,207,60,87,77,10,7
"2011","Lewisham 005A","E01003207",615,68,24,44,3,365,180,185,175,172,3,4
"2011","Lewisham 005B","E01003209",778,187,51,136,32,348,243,105,201,192,9,10
"2011","Lewisham 005C","E01003210",850,268,79,189,4,210,76,134,357,344,13,11
"2011","Lewisham 005D","E01003212",867,394,154,240,11,200,86,114,256,235,21,6
"2011","Lewisham 005E","E01003215",666,152,71,81,3,182,66,116,321,306,15,8
"2011","Lewisham 006A","E01003338",771,90,22,68,27,485,261,224,158,146,12,11
"2011","Lewisham 006B","E01003339",763,214,74,140,7,292,218,74,236,232,4,14
"2011","Lewisham 006C","E01003340",797,275,86,189,2,128,61,67,384,377,7,8
"2011","Lewisham 006D","E01003341",581,275,123,152,3,135,46,89,165,156,9,3
"2011","Lewisham 006E","E01003343",626,274,106,168,1,175,117,58,167,158,9,9
"2011","Lewisham 007A","E01003199",801,413,157,256,2,130,93,37,246,233,13,10
"2011","Lewisham 007B","E01003201",680,235,82,153,5,316,153,163,120,114,6,4
"2011","Lewisham 007C","E01003204",603,244,89,155,2,211,195,16,140,131,9,6
"2011","Lewisham 007D","E01003205",502,75,27,48,0,383,362,21,39,32,7,5
"2011","Lewisham 007E","E01003206",698,347,151,196,1,154,115,39,192,186,6,4
"2011","Lewisham 008B","E01003211",753,279,77,202,10,190,103,87,267,248,19,7
"2011","Lewisham 008C","E01003213",813,321,92,229,6,171,92,79,303,287,16,12
"2011","Lewisham 008D","E01003214",745,217,65,152,25,283,196,87,208,190,18,12
"2011","Lewisham 008E","E01033324",642,230,83,147,3,277,199,78,124,101,23,8
"2011","Lewisham 008F","E01033325",706,226,55,171,22,11,9,2,445,431,14,2
"2011","Lewisham 009A","E01003198",639,344,141,203,1,180,152,28,114,104,10,0
"2011","Lewisham 009B","E01003200",756,360,184,176,1,95,68,27,289,282,7,11
"2011","Lewisham 009C","E01003202",764,468,255,213,1,40,27,13,253,247,6,2
"2011","Lewisham 009D","E01003203",980,288,82,206,3,341,218,123,340,330,10,8
"2011","Lewisham 010A","E01003336",577,113,29,84,12,359,318,41,88,75,13,5
"2011","Lewisham 010B","E01003337",600,86,19,67,38,424,328,96,49,47,2,3
"2011","Lewisham 010C","E01003342",702,294,83,211,7,114,67,47,278,271,7,9
"2011","Lewisham 010D","E01003344",719,269,79,190,3,231,120,111,210,169,41,6
"2011","Lewisham 010E","E01003345",719,279,75,204,8,165,97,68,264,254,10,3
"2011","Lewisham 011A","E01003273",666,356,138,218,2,203,83,120,105,88,17,0
"2011","Lewisham 011B","E01003277",778,324,97,227,5,215,78,137,228,210,18,6
"2011","Lewisham 011C","E01003278",805,353,125,228,2,181,57,124,265,245,20,4
"2011","Lewisham 011D","E01003279",654,397,149,248,1,112,69,43,133,116,17,11
"2011","Lewisham 012A","E01003288",794,206,79,127,18,374,234,140,180,175,5,16
"2011","Lewisham 012C","E01003290",725,187,52,135,23,241,111,130,273,259,14,1
"2011","Lewisham 012D","E01003291",682,123,32,91,7,436,208,228,112,106,6,4
"2011","Lewisham 012E","E01003296",1021,293,102,191,76,219,47,172,428,415,13,5
"2011","Lewisham 012F","E01033327",679,250,111,139,37,83,32,51,304,298,6,5
"2011","Lewisham 012G","E01033341",551,149,47,102,10,194,96,98,178,174,4,20
"2011","Lewisham 013A","E01003282",1047,471,149,322,13,211,84,127,345,327,18,7
"2011","Lewisham 013B","E01003283",923,559,220,339,8,95,40,55,257,241,16,4
"2011","Lewisham 013C","E01003284",748,424,150,274,5,143,93,50,171,164,7,5
"2011","Lewisham 013D","E01003286",786,218,85,133,15,421,168,253,124,120,4,8
"2011","Lewisham 014A","E01003272",798,346,119,227,4,157,58,99,287,275,12,4
"2011","Lewisham 014B","E01003274",721,372,128,244,4,108,38,70,231,218,13,6
"2011","Lewisham 014C","E01003275",640,289,90,199,6,229,103,126,96,92,4,20
"2011","Lewisham 014D","E01003276",700,402,146,256,1,157,85,72,106,92,14,34
"2011","Lewisham 015A","E01003225",590,453,157,296,18,35,11,24,77,70,7,7
"2011","Lewisham 015B","E01003231",687,305,114,191,3,130,55,75,244,236,8,5
"2011","Lewisham 015C","E01003232",649,421,179,242,17,84,7,77,125,116,9,2
"2011","Lewisham 015D","E01003233",669,425,144,281,1,78,41,37,160,152,8,5
"2011","Lewisham 016A","E01003280",651,322,135,187,3,207,50,157,111,107,4,8
"2011","Lewisham 016B","E01003281",601,419,179,240,2,98,36,62,78,70,8,4
"2011","Lewisham 016C","E01003285",767,459,232,227,12,57,25,32,233,213,20,6
"2011","Lewisham 016D","E01003287",797,521,211,310,2,110,65,45,161,155,6,3
"2011","Lewisham 017A","E01003292",702,382,107,275,4,65,22,43,245,228,17,6
"2011","Lewisham 017B","E01003293",676,281,78,203,3,144,20,124,243,233,10,5
"2011","Lewisham 017D","E01003295",653,306,81,225,8,129,64,65,206,200,6,4
"2011","Lewisham 017E","E01033320",645,319,111,208,7,131,33,98,184,179,5,4
"2011","Lewisham 017F","E01033322",594,214,44,170,25,100,9,91,249,242,7,6
"2011","Lewisham 018A","E01003319",752,336,149,187,1,186,21,165,222,214,8,7
"2011","Lewisham 018B","E01003320",650,251,91,160,0,234,54,180,154,148,6,11
"2011","Lewisham 018C","E01003323",624,305,97,208,2,144,26,118,168,161,7,5
"2011","Lewisham 018D","E01003325",722,286,83,203,4,207,69,138,218,215,3,7
"2011","Lewisham 019A","E01003226",709,407,144,263,5,48,9,39,241,227,14,8
"2011","Lewisham 019B","E01003227",678,425,148,277,23,84,30,54,140,139,1,6
"2011","Lewisham 019C","E01003228",673,393,115,278,6,72,10,62,199,188,11,3
"2011","Lewisham 019D","E01003229",742,246,76,170,17,256,81,175,210,195,15,13
"2011","Lewisham 019E","E01003230",866,371,113,258,2,268,153,115,219,210,9,6
"2011","Lewisham 020A","E01003317",688,381,151,230,1,88,39,49,210,195,15,8
"2011","Lewisham 020B","E01003318",705,207,61,146,3,146,70,76,342,331,11,7
"2011","Lewisham 020C","E01003321",810,324,95,229,7,220,16,204,257,244,13,2
"2011","Lewisham 020D","E01003322",593,309,121,188,1,108,23,85,171,157,14,4
"2011","Lewisham 020E","E01003324",713,196,74,122,6,350,277,73,151,142,9,10
"2011","Lewisham 021A","E01003254",602,418,192,226,0,80,21,59,97,94,3,7
"2011","Lewisham 021B","E01003255",964,406,126,280,11,135,22,113,406,385,21,6
"2011","Lewisham 021C","E01003260",681,366,154,212,6,127,101,26,175,171,4,7
"2011","Lewisham 021D","E01003261",619,358,130,228,0,161,93,68,93,89,4,7
"2011","Lewisham 021E","E01003262",624,301,102,199,0,152,76,76,168,156,12,3
"2011","Lewisham 022A","E01003217",622,477,158,319,5,42,6,36,97,90,7,1
"2011","Lewisham 022B","E01003218",539,394,142,252,7,65,15,50,69,63,6,4
"2011","Lewisham 022C","E01003220",604,336,109,227,4,109,24,85,149,139,10,6
"2011","Lewisham 022D","E01003222",629,408,144,264,0,92,31,61,118,106,12,11
"2011","Lewisham 022E","E01003224",626,416,124,292,3,70,26,44,129,115,14,8
"2011","Lewisham 023A","E01003263",739,328,119,209,1,241,37,204,163,159,4,6
"2011","Lewisham 023B","E01003268",718,393,134,259,5,151,27,124,160,149,11,9
"2011","Lewisham 023C","E01003269",647,345,136,209,5,193,34,159,97,92,5,7
"2011","Lewisham 023D","E01003270",678,509,186,323,9,29,8,21,120,114,6,11
"2011","Lewisham 023E","E01003271",637,546,260,286,1,25,2,23,62,56,6,3
"2011","Lewisham 024A","E01003307",627,354,124,230,7,130,48,82,128,119,9,8
"2011","Lewisham 024B","E01003308",734,361,104,257,2,191,49,142,178,170,8,2
"2011","Lewisham 024C","E01003314",683,388,107,281,6,119,38,81,161,150,11,9
"2011","Lewisham 024D","E01003315",599,227,57,170,0,149,59,90,218,208,10,5
"2011","Lewisham 024E","E01003316",609,379,137,242,5,92,17,75,129,118,11,4
"2011","Lewisham 025A","E01003216",689,392,103,289,2,104,30,74,185,182,3,6
"2011","Lewisham 025B","E01003219",631,462,177,285,6,57,12,45,98,95,3,8
"2011","Lewisham 025C","E01003221",769,407,143,264,9,152,48,104,191,182,9,10
"2011","Lewisham 025D","E01003223",603,465,201,264,1,27,12,15,103,98,5,7
"2011","Lewisham 026A","E01003346",598,314,110,204,5,203,65,138,71,64,7,5
"2011","Lewisham 026B","E01003349",541,192,65,127,1,273,77,196,72,68,4,3
"2011","Lewisham 026C","E01003351",592,254,73,181,4,241,63,178,85,77,8,8
"2011","Lewisham 026D","E01003354",701,471,134,337,1,44,15,29,179,169,10,6
"2011","Lewisham 027A","E01003309",645,224,85,139,4,314,272,42,96,89,7,7
"2011","Lewisham 027B","E01003310",756,201,56,145,64,282,171,111,197,190,7,12
"2011","Lewisham 027C","E01003311",605,440,208,232,0,66,28,38,96,87,9,3
"2011","Lewisham 027D","E01003312",779,434,151,283,7,120,39,81,212,204,8,6
"2011","Lewisham 027E","E01003313",670,217,58,159,1,317,274,43,128,123,5,7
"2011","Lewisham 028A","E01003256",931,348,155,193,16,350,138,212,212,201,11,5
"2011","Lewisham 028B","E01003257",735,355,136,219,1,256,175,81,113,101,12,10
"2011","Lewisham 028C","E01003258",594,166,50,116,3,332,109,223,88,79,9,5
"2011","Lewisham 028D","E01003259",756,366,123,243,9,122,57,65,239,221,18,20
"2011","Lewisham 029A","E01003193",666,368,147,221,17,203,163,40,72,69,3,6
"2011","Lewisham 029B","E01003194",716,275,102,173,5,292,141,151,143,135,8,1
"2011","Lewisham 029C","E01003195",637,422,138,284,9,76,53,23,125,118,7,5
"2011","Lewisham 029D","E01003196",624,246,73,173,0,293,93,200,79,71,8,6
"2011","Lewisham 029E","E01003197",625,230,55,175,6,312,85,227,73,64,9,4
"2011","Lewisham 030A","E01003347",638,121,33,88,0,418,162,256,93,88,5,6
"2011","Lewisham 030B","E01003348",571,357,169,188,3,138,34,104,69,60,9,4
"2011","Lewisham 030C","E01003350",519,233,78,155,0,228,126,102,52,47,5,6
"2011","Lewisham 030D","E01003352",735,332,178,154,5,308,72,236,78,74,4,12
"2011","Lewisham 030E","E01003353",632,449,185,264,11,53,15,38,112,103,9,7
"2011","Lewisham 031A","E01003264",728,374,178,196,18,201,33,168,128,118,10,7
"2011","Lewisham 031B","E01003265",680,232,50,182,16,179,37,142,250,239,11,3
"2011","Lewisham 031C","E01003266",757,277,116,161,2,402,82,320,71,68,3,5
"2011","Lewisham 031D","E01003267",598,303,108,195,9,229,62,167,53,49,4,4
"2011","Lewisham 033A","E01003329",666,350,104,246,0,175,58,117,134,123,11,7
"2011","Lewisham 033B","E01003330",662,169,85,84,6,402,196,206,75,73,2,10
"2011","Lewisham 033C","E01003331",572,296,145,151,1,194,134,60,73,65,8,8
"2011","Lewisham 033D","E01003332",679,299,76,223,2,240,139,101,129,125,4,9
"2011","Lewisham 033E","E01003334",778,260,74,186,5,267,157,110,238,222,16,8
"2011","Lewisham 034A","E01003189",624,212,55,157,2,343,115,228,60,52,8,7
"2011","Lewisham 034B","E01003190",809,233,79,154,2,444,337,107,123,116,7,7
"2011","Lewisham 034C","E01003191",665,268,98,170,20,277,55,222,96,85,11,4
"2011","Lewisham 034D","E01003192",741,196,58,138,12,449,167,282,77,68,9,7
"2011","Lewisham 035A","E01003326",638,312,124,188,12,167,87,80,143,136,7,4
"2011","Lewisham 035B","E01003327",714,370,142,228,1,135,52,83,200,183,17,8
"2011","Lewisham 035C","E01003328",833,364,119,245,4,263,185,78,196,191,5,6
"2011","Lewisham 035D","E01003333",657,306,93,213,4,179,75,104,163,155,8,5
"2011","Lewisham 035E","E01003335",594,189,76,113,2,338,265,73,61,61,0,4
"2011","Lewisham 037A","E01003236",648,260,83,177,2,276,89,187,108,102,6,2
"2011","Lewisham 037B","E01003237",608,252,80,172,6,246,72,174,100,90,10,4
"2011","Lewisham 037C","E01003238",565,253,80,173,13,222,98,124,75,66,9,2
"2011","Lewisham 037D","E01003239",564,245,69,176,0,257,83,174,56,52,4,6
"2011","Lewisham 037E","E01032564",508,230,70,160,5,215,70,145,55,50,5,3
"2011","Lewisham 038A","E01003235",523,316,124,192,0,151,41,110,50,45,5,6
"2011","Lewisham 038B","E01003240",725,329,99,230,10,277,98,179,100,92,8,9
"2011","Lewisham 038C","E01003241",695,319,135,184,1,298,87,211,69,63,6,8
"2011","Lewisham 038D","E01003243",581,231,84,147,9,211,64,147,116,99,17,14
"2011","Lewisham 038E","E01032565",644,244,71,173,4,323,81,242,64,53,11,9
"2011","Lewisham 039A","E01003298",475,101,24,77,7,270,200,70,89,83,6,8
"2011","Lewisham 039B","E01003300",561,113,36,77,2,358,245,113,79,73,6,9
"2011","Lewisham 039C","E01003303",560,152,53,99,1,213,181,32,190,180,10,4
"2011","Lewisham 039D","E01003304",903,191,41,150,3,318,186,132,376,362,14,15
"2011","Lewisham 039E","E01032579",711,128,47,81,11,359,283,76,201,190,11,12
"2011","Newham 001A","E01003543",850,314,135,179,38,239,58,181,253,248,5,6
"2011","Newham 001B","E01003544",664,244,104,140,24,128,35,93,257,248,9,11
"2011","Newham 001C","E01003546",588,195,65,130,7,218,151,67,161,152,9,7
"2011","Newham 001D","E01003550",631,246,95,151,0,182,129,53,195,185,10,8
"2011","Newham 002A","E01003576",710,134,45,89,2,345,293,52,218,214,4,11
"2011","Newham 002B","E01003581",486,218,93,125,3,55,24,31,203,195,8,7
"2011","Newham 002C","E01003582",499,177,67,110,0,150,121,29,166,160,6,6
"2011","Newham 002D","E01003583",539,232,100,132,5,62,44,18,229,222,7,11
"2011","Newham 003A","E01003578",601,151,59,92,6,104,45,59,326,314,12,14
"2011","Newham 003B","E01003584",638,326,128,198,20,97,43,54,186,181,5,9
"2011","Newham 003C","E01003586",509,226,91,135,3,55,17,38,220,208,12,5
"2011","Newham 003D","E01003590",572,135,53,82,10,299,153,146,122,117,5,6
"2011","Newham 004A","E01003579",499,204,89,115,9,95,73,22,179,173,6,12
"2011","Newham 004B","E01003585",407,220,104,116,3,34,18,16,147,140,7,3
"2011","Newham 004C","E01003587",823,237,72,165,19,236,90,146,318,306,12,13
"2011","Newham 004D","E01003591",671,181,69,112,6,203,168,35,277,262,15,4
"2011","Newham 005A","E01003528",431,117,48,69,0,243,229,14,65,62,3,6
"2011","Newham 005B","E01003575",491,237,91,146,2,94,70,24,153,149,4,5
"2011","Newham 005C","E01003577",673,104,25,79,15,445,395,50,97,95,2,12
"2011","Newham 005D","E01003580",615,225,76,149,5,188,132,56,188,180,8,9
"2011","Newham 006A","E01003545",644,165,72,93,20,276,84,192,178,173,5,5
"2011","Newham 006B","E01003548",852,269,93,176,7,208,101,107,355,351,4,13
"2011","Newham 006C","E01003549",790,211,96,115,36,275,201,74,262,252,10,6
"2011","Newham 006D","E01003557",651,169,72,97,2,163,42,121,309,298,11,8
"2011","Newham 007A","E01003547",699,390,148,242,2,129,26,103,170,157,13,8
"2011","Newham 007B","E01003555",500,247,117,130,1,76,30,46,170,165,5,6
"2011","Newham 007C","E01003561",481,237,109,128,1,43,18,25,198,188,10,2
"2011","Newham 007D","E01003567",540,183,97,86,17,91,50,41,238,223,15,11
"2011","Newham 008A","E01003556",629,134,47,87,11,258,160,98,219,202,17,7
"2011","Newham 008B","E01003558",491,161,80,81,5,78,28,50,240,231,9,7
"2011","Newham 008C","E01003570",585,238,101,137,2,85,29,56,249,242,7,11
"2011","Newham 008D","E01003571",586,258,135,123,4,52,17,35,260,247,13,12
"2011","Newham 008E","E01003572",446,209,118,91,5,58,17,41,171,161,10,3
"2011","Newham 009A","E01003551",586,178,72,106,15,130,24,106,259,256,3,4
"2011","Newham 009B","E01003553",733,141,49,92,7,325,256,69,251,243,8,9
"2011","Newham 009C","E01003554",623,233,115,118,3,133,39,94,246,232,14,8
"2011","Newham 009D","E01003559",1001,247,95,152,81,236,63,173,433,421,12,4
"2011","Newham 010A","E01003529",597,299,160,139,4,47,22,25,238,224,14,9
"2011","Newham 010B","E01003530",468,263,135,128,2,40,18,22,159,154,5,4
"2011","Newham 010C","E01003531",516,200,111,89,3,113,83,30,192,178,14,8
"2011","Newham 010D","E01003532",513,279,171,108,3,55,35,20,174,164,10,2
"2011","Newham 010E","E01003534",643,301,127,174,2,52,22,30,276,262,14,12
"2011","Newham 011A","E01003533",482,233,109,124,2,93,57,36,141,137,4,13
"2011","Newham 011B","E01003560",448,252,123,129,4,32,20,12,156,145,11,4
"2011","Newham 011C","E01003563",538,246,96,150,6,42,20,22,239,225,14,5
"2011","Newham 011D","E01003588",454,215,100,115,2,66,33,33,169,164,5,2
"2011","Newham 011E","E01003589",512,234,103,131,5,40,28,12,227,217,10,6
"2011","Newham 012A","E01003616",658,153,47,106,12,226,135,91,257,247,10,10
"2011","Newham 012B","E01003617",1103,187,50,137,49,407,297,110,448,433,15,12
"2011","Newham 012C","E01003618",823,255,113,142,5,156,47,109,394,381,13,13
"2011","Newham 012D","E01003619",1087,135,47,88,146,418,119,299,376,361,15,12
"2011","Newham 013C","E01003615",643,181,78,103,2,212,192,20,240,233,7,8
"2011","Newham 013E","E01033578",603,62,13,49,26,148,104,44,363,356,7,4
"2011","Newham 013F","E01033579",618,84,21,63,36,129,47,82,366,355,11,3
"2011","Newham 013G","E01033583",1205,258,92,166,68,369,274,95,501,493,8,9
"2011","Newham 013H","E01033586",597,136,39,97,15,270,170,100,170,163,7,6
"2011","Newham 014A","E01003562",576,279,150,129,3,46,18,28,243,229,14,5
"2011","Newham 014B","E01003564",672,288,128,160,3,84,19,65,288,273,15,9
"2011","Newham 014C","E01003565",496,189,94,95,6,62,24,38,232,222,10,7
"2011","Newham 014D","E01003566",507,152,83,69,4,144,130,14,203,197,6,4
"2011","Newham 015A","E01003625",484,191,64,127,8,89,41,48,190,180,10,6
"2011","Newham 015B","E01003626",420,213,87,126,0,18,10,8,183,170,13,6
"2011","Newham 015C","E01003627",432,218,114,104,2,46,32,14,162,154,8,4
"2011","Newham 015D","E01003628",420,241,97,144,4,25,9,16,146,142,4,4
"2011","Newham 015E","E01003629",481,202,92,110,2,32,18,14,237,222,15,8
"2011","Newham 016A","E01003552",544,194,85,109,13,122,15,107,203,190,13,12
"2011","Newham 016B","E01003596",577,210,93,117,5,152,46,106,205,191,14,5
"2011","Newham 016C","E01003597",475,200,93,107,11,87,14,73,173,164,9,4
"2011","Newham 016D","E01003635",611,275,150,125,2,112,46,66,213,197,16,9
"2011","Newham 017A","E01003568",594,301,171,130,3,84,33,51,202,188,14,4
"2011","Newham 017B","E01003569",509,195,100,95,1,51,12,39,257,241,16,5
"2011","Newham 017C","E01003573",542,272,138,134,1,57,12,45,205,193,12,7
"2011","Newham 017D","E01003574",798,305,154,151,5,161,26,135,314,305,9,13
"2011","Newham 018A","E01003520",583,192,91,101,2,115,45,70,265,257,8,9
"2011","Newham 018B","E01003521",623,214,91,123,3,54,21,33,346,322,24,6
"2011","Newham 018C","E01003522",550,239,100,139,1,74,58,16,229,218,11,7
"2011","Newham 018D","E01003525",519,218,103,115,1,54,41,13,238,227,11,8
"2011","Newham 018E","E01003526",550,278,117,161,0,90,35,55,175,169,6,7
"2011","Newham 019A","E01003488",669,113,49,64,3,438,286,152,99,96,3,16
"2011","Newham 019B","E01003489",520,106,42,64,9,255,178,77,143,134,9,7
"2011","Newham 019C","E01003490",539,208,73,135,10,115,78,37,199,197,2,7
"2011","Newham 019D","E01003524",598,225,118,107,6,97,64,33,265,256,9,5
"2011","Newham 020A","E01003631",727,197,53,144,4,243,169,74,278,271,7,5
"2011","Newham 020B","E01003632",749,333,120,213,13,145,75,70,248,239,9,10
"2011","Newham 020C","E01003633",685,96,23,73,0,499,486,13,77,76,1,13
"2011","Newham 020D","E01003634",602,135,34,101,7,334,317,17,121,113,8,5
"2011","Newham 020E","E01003636",702,147,50,97,17,347,246,101,183,176,7,8
"2011","Newham 021A","E01003598",658,92,38,54,58,402,268,134,98,93,5,8
"2011","Newham 021B","E01003600",690,148,56,92,3,397,309,88,126,116,10,16
"2011","Newham 021C","E01003630",731,130,49,81,18,381,209,172,185,180,5,17
"2011","Newham 021D","E01003637",593,217,107,110,9,147,78,69,212,198,14,8
"2011","Newham 022A","E01003491",637,187,90,97,5,194,100,94,240,231,9,11
"2011","Newham 022B","E01003592",555,238,101,137,4,150,87,63,156,149,7,7
"2011","Newham 022C","E01003599",488,148,71,77,4,193,149,44,137,130,7,6
"2011","Newham 022D","E01003606",675,293,109,184,10,128,62,66,236,231,5,8
"2011","Newham 023A","E01003535",548,146,27,119,5,303,271,32,88,84,4,6
"2011","Newham 023B","E01003536",598,282,93,189,5,120,60,60,182,174,8,9
"2011","Newham 023C","E01003621",442,212,76,136,5,57,34,23,165,157,8,3
"2011","Newham 023D","E01003622",496,173,60,113,1,149,129,20,169,158,11,4
"2011","Newham 023E","E01003623",490,183,52,131,3,151,138,13,146,136,10,7
"2011","Newham 024A","E01003523",669,274,113,161,5,196,134,62,190,182,8,4
"2011","Newham 024B","E01003527",570,361,128,233,2,54,40,14,144,139,5,9
"2011","Newham 024C","E01003537",668,371,122,249,5,100,82,18,183,174,9,9
"2011","Newham 024D","E01003542",668,207,81,126,4,311,287,24,140,131,9,6
"2011","Newham 024E","E01003624",493,207,80,127,5,169,131,38,107,102,5,5
"2011","Newham 025A","E01003492",536,282,118,164,3,43,19,24,200,192,8,8
"2011","Newham 025B","E01003493",732,295,133,162,8,138,102,36,281,269,12,10
"2011","Newham 025C","E01003494",645,386,130,256,4,52,16,36,197,182,15,6
"2011","Newham 025D","E01003495",650,443,136,307,5,38,11,27,162,152,10,2
"2011","Newham 026A","E01003594",540,176,53,123,35,171,108,63,152,143,9,6
"2011","Newham 026B","E01003595",581,130,51,79,5,297,174,123,143,137,6,6
"2011","Newham 026C","E01003602",605,262,99,163,2,127,88,39,202,192,10,12
"2011","Newham 026D","E01003607",560,156,60,96,22,206,82,124,173,161,12,3
"2011","Newham 027A","E01003496",591,98,24,74,1,313,162,151,170,156,14,9
"2011","Newham 027B","E01003498",674,151,45,106,3,327,231,96,185,175,10,8
"2011","Newham 027C","E01003500",732,199,52,147,3,364,188,176,162,151,11,4
"2011","Newham 027D","E01003593",559,134,49,85,12,285,181,104,120,112,8,8
"2011","Newham 028A","E01003601",705,259,92,167,10,265,208,57,164,160,4,7
"2011","Newham 028B","E01003603",624,346,116,230,5,75,29,46,194,188,6,4
"2011","Newham 028C","E01003605",724,277,113,164,6,209,148,61,227,217,10,5
"2011","Newham 028D","E01003608",714,391,127,264,10,76,29,47,231,225,6,6
"2011","Newham 029A","E01003538",652,239,79,160,2,213,163,50,195,187,8,3
"2011","Newham 029B","E01003539",681,342,114,228,5,136,109,27,191,180,11,7
"2011","Newham 029C","E01003540",595,200,67,133,4,259,217,42,121,115,6,11
"2011","Newham 029D","E01003541",570,302,108,194,5,106,67,39,155,148,7,2
"2011","Newham 030A","E01003499",862,179,73,106,3,471,380,91,193,179,14,16
"2011","Newham 030B","E01003501",715,227,76,151,1,279,225,54,199,185,14,9
"2011","Newham 030C","E01003502",669,176,60,116,0,295,240,55,187,175,12,11
"2011","Newham 030D","E01003503",647,99,31,68,30,413,335,78,99,92,7,6
"2011","Newham 031A","E01003507",807,286,115,171,6,262,162,100,239,228,11,14
"2011","Newham 031B","E01003508",555,149,68,81,4,223,181,42,172,165,7,7
"2011","Newham 031C","E01003509",795,120,39,81,1,134,62,72,531,523,8,9
"2011","Newham 031D","E01003604",785,276,83,193,13,265,141,124,226,221,5,5
"2011","Newham 032A","E01003483",492,105,31,74,5,287,106,181,91,85,6,4
"2011","Newham 032B","E01003484",566,226,47,179,25,56,24,32,254,249,5,5
"2011","Newham 032C","E01003516",652,115,35,80,7,402,211,191,116,111,5,12
"2011","Newham 032D","E01003518",588,307,82,225,9,92,72,20,175,171,4,5
"2011","Newham 032E","E01003519",484,170,65,105,3,153,57,96,154,146,8,4
"2011","Newham 033A","E01003480",662,184,48,136,11,254,175,79,207,170,37,6
"2011","Newham 033B","E01003482",1033,298,46,252,63,261,29,232,401,388,13,10
"2011","Newham 033C","E01003486",455,28,4,24,3,372,29,343,46,44,2,6
"2011","Newham 033D","E01003487",424,65,15,50,11,274,18,256,67,62,5,7
"2011","Newham 034A","E01003497",622,156,59,97,10,255,216,39,190,184,6,11
"2011","Newham 034D","E01003506",489,108,33,75,2,273,261,12,97,93,4,9
"2011","Newham 034F","E01033574",579,99,21,78,46,21,7,14,405,402,3,8
"2011","Newham 034G","E01033575",545,58,10,48,28,30,4,26,425,423,2,4
"2011","Newham 034H","E01033576",618,136,43,93,64,169,87,82,246,239,7,3
"2011","Newham 034I","E01033584",564,86,28,58,18,369,209,160,86,79,7,5
"2011","Newham 034J","E01033585",954,145,47,98,11,496,422,74,288,278,10,14
"2011","Newham 035A","E01003479",612,235,71,164,6,118,15,103,249,236,13,4
"2011","Newham 035B","E01003481",500,148,39,109,3,221,166,55,116,110,6,12
"2011","Newham 035C","E01003485",560,248,78,170,3,92,32,60,212,208,4,5
"2011","Newham 035D","E01003513",558,259,62,197,10,67,16,51,216,210,6,6
"2011","Newham 036A","E01003511",452,71,24,47,4,312,196,116,51,48,3,14
"2011","Newham 036B","E01003512",678,210,69,141,7,296,242,54,158,150,8,7
"2011","Newham 036C","E01003514",532,126,31,95,6,288,184,104,109,105,4,3
"2011","Newham 036D","E01003515",755,135,45,90,47,420,310,110,141,133,8,12
"2011","Newham 036E","E01003517",605,149,32,117,47,291,173,118,115,108,7,3
"2011","Newham 037A","E01003609",1058,225,61,164,15,410,227,183,396,388,8,12
"2011","Newham 037C","E01003611",700,107,33,74,14,423,390,33,148,147,1,8
"2011","Newham 037E","E01033577",608,156,35,121,3,143,18,125,299,285,14,7
"2011","Newham 037F","E01033580",659,234,44,190,8,30,13,17,382,370,12,5
"2011","Newham 037G","E01033581",714,173,47,126,16,315,241,74,203,198,5,7
"2011","Newham 037H","E01033582",631,219,27,192,5,23,16,7,376,369,7,8
"2011","Southwark 001A","E01004029",819,264,85,179,69,140,42,98,336,312,24,10
"2011","Southwark 001B","E01004032",714,319,100,219,40,36,9,27,309,293,16,10
"2011","Southwark 001C","E01004053",877,437,126,311,8,92,3,89,332,310,22,8
"2011","Southwark 001D","E01004054",782,397,108,289,15,62,15,47,294,287,7,14
"2011","Southwark 001E","E01004055",513,89,31,58,3,384,172,212,33,32,1,4
"2011","Southwark 002A","E01003927",995,215,54,161,61,349,192,157,354,332,22,16
"2011","Southwark 002B","E01003929",1074,255,94,161,32,355,140,215,415,384,31,17
"2011","Southwark 002C","E01003934",811,244,110,134,12,331,129,202,193,170,23,31
"2011","Southwark 002D","E01003935",451,86,25,61,4,256,129,127,100,90,10,5
"2011","Southwark 002E","E01003939",836,196,69,127,30,270,206,64,324,222,102,16
"2011","Southwark 003A","E01003976",916,205,52,153,6,430,355,75,266,248,18,9
"2011","Southwark 003E","E01004027",993,205,65,140,14,432,376,56,330,313,17,12
"2011","Southwark 003F","E01032637",641,244,65,179,5,5,4,1,367,358,9,20
"2011","Southwark 003G","E01032638",653,323,120,203,2,9,7,2,312,302,10,7
"2011","Southwark 003H","E01032640",672,288,108,180,0,5,5,0,359,344,15,20
"2011","Southwark 003I","E01032646",737,217,63,154,11,155,105,50,341,320,21,13
"2011","Southwark 003J","E01032803",658,207,54,153,25,84,59,25,332,321,11,10
"2011","Southwark 003K","E01032834",666,280,120,160,0,22,19,3,348,331,17,16
"2011","Southwark 004A","E01003975",667,95,26,69,42,441,340,101,82,77,5,7
"2011","Southwark 004B","E01003978",908,254,52,202,26,337,172,165,285,268,17,6
"2011","Southwark 004C","E01004022",1146,260,93,167,160,543,320,223,172,162,10,11
"2011","Southwark 004D","E01004023",703,176,68,108,3,404,400,4,113,100,13,7
"2011","Southwark 004E","E01004028",713,120,27,93,28,434,417,17,117,103,14,14
"2011","Southwark 006A","E01003938",790,138,43,95,80,403,318,85,160,146,14,9
"2011","Southwark 006B","E01003940",620,93,21,72,2,410,386,24,105,98,7,10
"2011","Southwark 006C","E01003941",912,289,70,219,18,295,225,70,306,283,23,4
"2011","Southwark 006D","E01003942",561,96,24,72,1,362,311,51,93,88,5,9
"2011","Southwark 006E","E01003979",809,189,49,140,5,365,131,234,240,221,19,10
"2011","Southwark 006F","E01003981",693,104,34,70,3,363,219,144,204,176,28,19
"2011","Southwark 007A","E01004030",726,175,56,119,2,386,190,196,152,144,8,11
"2011","Southwark 007B","E01004031",880,273,85,188,38,344,232,112,215,203,12,10
"2011","Southwark 007C","E01004033",699,101,23,78,28,435,363,72,122,115,7,13
"2011","Southwark 007D","E01004034",635,116,29,87,7,387,381,6,118,110,8,7
"2011","Southwark 007E","E01004036",806,99,35,64,4,505,479,26,191,181,10,7
"2011","Southwark 008A","E01004056",906,262,64,198,19,299,24,275,314,303,11,12
"2011","Southwark 008B","E01004057",668,277,117,160,4,207,9,198,170,166,4,10
"2011","Southwark 008C","E01004058",855,410,137,273,39,9,3,6,384,375,9,13
"2011","Southwark 008D","E01004059",662,273,93,180,1,24,2,22,353,342,11,11
"2011","Southwark 008E","E01004060",785,174,49,125,3,366,187,179,237,218,19,5
"2011","Southwark 009A","E01003936",552,145,47,98,2,150,19,131,248,222,26,7
"2011","Southwark 009B","E01003937",734,199,67,132,96,121,107,14,307,290,17,11
"2011","Southwark 009C","E01003943",549,79,22,57,2,353,339,14,106,94,12,9
"2011","Southwark 009F","E01032720",681,97,33,64,37,336,322,14,203,197,6,8
"2011","Southwark 010A","E01003977",800,168,44,124,9,472,451,21,134,129,5,17
"2011","Southwark 010B","E01004037",878,215,34,181,40,376,289,87,242,230,12,5
"2011","Southwark 010C","E01004038",920,158,22,136,127,347,43,304,283,270,13,5
"2011","Southwark 010D","E01004042",762,113,47,66,7,510,449,61,128,123,5,4
"2011","Southwark 010E","E01004043",599,247,117,130,7,229,161,68,107,99,8,9
"2011","Southwark 011A","E01003986",549,49,17,32,3,431,283,148,50,47,3,16
"2011","Southwark 011B","E01003987",754,95,28,67,28,524,270,254,102,101,1,5
"2011","Southwark 011C","E01004024",819,115,31,84,4,549,521,28,143,137,6,8
"2011","Southwark 011D","E01004035",687,104,42,62,1,489,428,61,90,83,7,3
"2011","Southwark 012A","E01003960",766,182,53,129,41,277,178,99,256,242,14,10
"2011","Southwark 012B","E01003961",897,120,38,82,12,601,483,118,147,140,7,17
"2011","Southwark 012E","E01003994",622,121,29,92,5,341,280,61,150,137,13,5
"2011","Southwark 012F","E01032722",932,123,36,87,18,416,162,254,369,361,8,6
"2011","Southwark 013A","E01003980",847,101,34,67,2,522,242,280,212,200,12,10
"2011","Southwark 013B","E01004039",633,226,54,172,6,176,156,20,219,209,10,6
"2011","Southwark 013C","E01004040",680,48,13,35,31,538,344,194,58,48,10,5
"2011","Southwark 013D","E01004041",699,87,30,57,2,462,177,285,142,120,22,6
"2011","Southwark 013E","E01004044",556,118,37,81,7,357,343,14,68,65,3,6
"2011","Southwark 014A","E01003992",590,101,41,60,6,392,363,29,85,79,6,6
"2011","Southwark 014B","E01003995",738,160,59,101,2,465,300,165,109,105,4,2
"2011","Southwark 014D","E01003998",632,190,71,119,5,279,150,129,154,139,15,4
"2011","Southwark 014E","E01003999",602,170,50,120,7,287,277,10,132,123,9,6
"2011","Southwark 014F","E01032639",688,136,27,109,34,228,169,59,274,265,9,16
"2011","Southwark 014G","E01032719",623,100,41,59,19,308,296,12,183,175,8,13
"2011","Southwark 015A","E01003964",730,148,53,95,9,386,237,149,179,167,12,8
"2011","Southwark 015B","E01003966",745,95,33,62,5,426,369,57,210,198,12,9
"2011","Southwark 015C","E01003968",525,52,23,29,2,424,418,6,43,38,5,4
"2011","Southwark 015D","E01003971",608,62,19,43,1,499,482,17,43,39,4,3
"2011","Southwark 015E","E01003974",489,61,23,38,2,368,322,46,49,48,1,9
"2011","Southwark 016A","E01003963",662,78,21,57,2,445,339,106,123,118,5,14
"2011","Southwark 016B","E01003967",600,56,16,40,4,477,423,54,55,44,11,8
"2011","Southwark 016C","E01003970",579,75,36,39,0,444,417,27,59,54,5,1
"2011","Southwark 016D","E01003972",714,97,25,72,2,453,334,119,157,148,9,5
"2011","Southwark 016E","E01003973",739,59,12,47,5,519,366,153,148,144,4,8
"2011","Southwark 017A","E01003923",730,198,54,144,28,315,270,45,183,174,9,6
"2011","Southwark 017B","E01003969",764,223,77,146,4,249,181,68,282,274,8,6
"2011","Southwark 017C","E01003991",559,118,45,73,3,365,360,5,67,61,6,6
"2011","Southwark 017D","E01003993",630,94,25,69,5,471,465,6,55,55,0,5
"2011","Southwark 017E","E01003997",472,158,50,108,6,200,196,4,100,93,7,8
"2011","Southwark 018A","E01003983",730,66,24,42,4,577,544,33,73,66,7,10
"2011","Southwark 018B","E01003988",898,173,64,109,5,557,517,40,152,146,6,11
"2011","Southwark 018C","E01003989",720,91,16,75,6,514,463,51,100,93,7,9
"2011","Southwark 018D","E01003990",769,123,45,78,16,527,354,173,94,88,6,9
"2011","Southwark 018E","E01004007",436,53,5,48,11,329,224,105,41,33,8,2
"2011","Southwark 019A","E01003912",571,35,10,25,5,486,410,76,43,39,4,2
"2011","Southwark 019B","E01004011",724,103,8,95,7,526,265,261,81,75,6,7
"2011","Southwark 019C","E01004012",934,208,27,181,46,462,283,179,210,197,13,8
"2011","Southwark 019D","E01004013",606,110,15,95,9,378,224,154,103,100,3,6
"2011","Southwark 019E","E01004014",710,103,17,86,16,477,416,61,104,95,9,10
"2011","Southwark 020A","E01003911",742,140,29,111,4,455,371,84,135,128,7,8
"2011","Southwark 020B","E01003916",830,276,80,196,38,274,213,61,233,224,9,9
"2011","Southwark 020C","E01003917",787,272,80,192,18,356,275,81,136,133,3,5
"2011","Southwark 020D","E01003918",653,76,21,55,5,488,324,164,77,72,5,7
"2011","Southwark 020E","E01003925",527,66,19,47,2,377,291,86,75,72,3,7
"2011","Southwark 021A","E01003919",702,151,52,99,10,370,104,266,169,157,12,2
"2011","Southwark 021B","E01003920",766,101,29,72,38,542,474,68,74,66,8,11
"2011","Southwark 021C","E01003921",673,43,13,30,6,457,58,399,160,150,10,7
"2011","Southwark 021D","E01003922",821,168,55,113,6,468,321,147,168,155,13,11
"2011","Southwark 021E","E01003924",802,64,19,45,1,576,559,17,153,146,7,8
"2011","Southwark 021F","E01003926",540,86,22,64,3,351,303,48,90,89,1,10
"2011","Southwark 022B","E01004008",808,127,33,94,39,533,476,57,102,96,6,7
"2011","Southwark 022D","E01004010",601,135,29,106,19,290,219,71,144,138,6,13
"2011","Southwark 022E","E01004067",831,161,55,106,5,486,343,143,171,155,16,8
"2011","Southwark 022F","E01032805",940,218,74,144,33,484,416,68,187,182,5,18
"2011","Southwark 023A","E01003984",856,249,73,176,12,365,274,91,217,202,15,13
"2011","Southwark 023B","E01004003",755,161,49,112,5,484,442,42,96,88,8,9
"2011","Southwark 023C","E01004004",1069,322,96,226,49,433,192,241,251,233,18,14
"2011","Southwark 023D","E01004005",882,134,28,106,21,567,373,194,158,142,16,2
"2011","Southwark 023E","E01004006",772,294,96,198,5,271,215,56,192,185,7,10
"2011","Southwark 024A","E01003913",800,310,146,164,16,218,104,114,239,220,19,17
"2011","Southwark 024B","E01003914",722,312,97,215,3,223,105,118,170,158,12,14
"2011","Southwark 024C","E01003915",811,241,68,173,6,438,371,67,124,113,11,2
"2011","Southwark 024D","E01004050",652,334,105,229,8,88,36,52,216,203,13,6
"2011","Southwark 024E","E01004052",798,350,114,236,18,200,157,43,223,211,12,7
"2011","Southwark 025A","E01004061",772,358,126,232,7,190,73,117,205,197,8,12
"2011","Southwark 025B","E01004062",830,211,55,156,72,299,134,165,233,219,14,15
"2011","Southwark 025C","E01004063",847,373,143,230,9,266,153,113,193,175,18,6
"2011","Southwark 025D","E01004065",625,318,98,220,1,129,63,66,165,160,5,12
"2011","Southwark 025E","E01004066",844,258,87,171,40,386,251,135,152,139,13,8
"2011","Southwark 026A","E01004000",839,307,102,205,4,328,206,122,189,183,6,11
"2011","Southwark 026B","E01004001",718,142,41,101,11,485,299,186,70,63,7,10
"2011","Southwark 026C","E01004019",912,317,83,234,49,362,171,191,177,172,5,7
"2011","Southwark 026D","E01004064",808,200,56,144,3,428,345,83,168,164,4,9
"2011","Southwark 026E","E01004068",829,195,50,145,59,463,378,85,100,92,8,12
"2011","Southwark 027A","E01004045",601,82,19,63,3,457,430,27,51,45,6,8
"2011","Southwark 027B","E01004047",607,130,34,96,0,386,379,7,85,78,7,6
"2011","Southwark 027C","E01004048",645,285,85,200,6,231,168,63,118,110,8,5
"2011","Southwark 027D","E01004049",507,118,46,72,15,290,276,14,83,75,8,1
"2011","Southwark 027E","E01004051",613,394,153,241,1,96,82,14,108,95,13,14
"2011","Southwark 028A","E01003953",980,381,114,267,5,286,62,224,293,279,14,15
"2011","Southwark 028B","E01003955",822,403,127,276,13,192,92,100,205,198,7,9
"2011","Southwark 028C","E01004015",690,351,123,228,2,154,58,96,175,169,6,8
"2011","Southwark 028D","E01004021",1032,377,102,275,16,156,46,110,480,467,13,3
"2011","Southwark 028E","E01004046",674,332,132,200,2,186,74,112,148,142,6,6
"2011","Southwark 029A","E01004002",639,387,133,254,2,124,69,55,117,111,6,9
"2011","Southwark 029B","E01004016",934,533,172,361,6,209,150,59,174,169,5,12
"2011","Southwark 029C","E01004017",627,383,164,219,3,92,56,36,148,138,10,1
"2011","Southwark 029D","E01004020",730,194,56,138,7,412,363,49,107,100,7,10
"2011","Southwark 030A","E01003952",692,372,122,250,0,100,42,58,211,208,3,9
"2011","Southwark 030B","E01003954",670,402,138,264,1,111,53,58,154,149,5,2
"2011","Southwark 030C","E01003956",720,424,124,300,3,103,57,46,180,177,3,10
"2011","Southwark 030D","E01004071",663,294,86,208,5,234,161,73,119,113,6,11
"2011","Southwark 030E","E01004072",617,432,190,242,6,64,28,36,112,98,14,3
"2011","Southwark 031A","E01004069",497,394,207,187,0,32,12,20,67,55,12,4
"2011","Southwark 031B","E01004070",779,451,182,269,0,176,149,27,143,136,7,9
"2011","Southwark 031C","E01004073",736,449,184,265,2,89,75,14,187,173,14,9
"2011","Southwark 031D","E01004074",631,468,238,230,0,58,39,19,99,92,7,6
"2011","Southwark 031E","E01004075",657,485,258,227,0,58,16,42,105,100,5,9
"2011","Southwark 032A","E01003949",871,462,152,310,9,133,61,72,264,252,12,3
"2011","Southwark 032B","E01003950",798,233,84,149,9,404,172,232,146,139,7,6
"2011","Southwark 032C","E01003957",714,404,123,281,4,133,55,78,172,165,7,1
"2011","Southwark 032D","E01003958",699,387,138,249,3,148,103,45,152,142,10,9
"2011","Southwark 032E","E01004018",780,509,163,346,5,56,31,25,197,189,8,13
"2011","Southwark 033A","E01003945",730,462,205,257,21,121,116,5,116,112,4,10
"2011","Southwark 033B","E01003946",726,422,225,197,9,145,123,22,135,120,15,15
"2011","Southwark 033C","E01003947",612,134,43,91,5,390,383,7,74,65,9,9
"2011","Southwark 033D","E01003948",742,424,166,258,18,87,67,20,209,198,11,4
"2011","Southwark 033E","E01003951",571,363,190,173,3,93,72,21,98,93,5,14
"2011","Southwark 034A","E01003930",458,103,45,58,1,211,111,100,131,116,15,12
"2011","Southwark 034B","E01003932",651,129,48,81,18,337,262,75,155,145,10,12
"2011","Southwark 034C","E01003933",537,164,62,102,9,217,121,96,123,115,8,24
"2011","Southwark 034D","E01032583",644,129,47,82,0,320,189,131,184,163,21,11
"2011","Southwark 034E","E01032584",577,163,51,112,3,277,179,98,123,114,9,11
"2011","Tower Hamlets 001A","E01004222",1048,211,88,123,11,637,160,477,175,164,11,14
"2011","Tower Hamlets 001B","E01004223",938,139,52,87,5,645,99,546,146,133,13,3
"2011","Tower Hamlets 001C","E01004224",806,141,41,100,30,369,82,287,261,254,7,5
"2011","Tower Hamlets 001D","E01004226",676,155,61,94,23,334,278,56,160,156,4,4
"2011","Tower Hamlets 002A","E01004197",964,176,55,121,42,422,250,172,317,301,16,7
"2011","Tower Hamlets 002B","E01004198",606,90,37,53,8,378,231,147,125,115,10,5
"2011","Tower Hamlets 002C","E01004199",574,69,22,47,4,408,182,226,89,85,4,4
"2011","Tower Hamlets 002D","E01004201",619,143,54,89,7,324,193,131,135,125,10,10
"2011","Tower Hamlets 003A","E01004228",769,268,99,169,36,264,88,176,189,176,13,12
"2011","Tower Hamlets 003B","E01004230",803,224,96,128,6,347,61,286,218,209,9,8
"2011","Tower Hamlets 003C","E01004232",603,271,134,137,5,100,39,61,224,212,12,3
"2011","Tower Hamlets 003D","E01004233",751,179,78,101,0,431,63,368,137,132,5,4
"2011","Tower Hamlets 003E","E01004234",903,365,133,232,6,238,52,186,278,262,16,16
"2011","Tower Hamlets 004A","E01004225",1147,443,107,336,69,114,20,94,507,483,24,14
"2011","Tower Hamlets 004C","E01004229",551,169,64,105,14,221,175,46,143,134,9,4
"2011","Tower Hamlets 004D","E01004231",629,105,33,72,10,351,221,130,150,143,7,13
"2011","Tower Hamlets 004E","E01032764",643,103,24,79,23,253,31,222,252,246,6,12
"2011","Tower Hamlets 004F","E01032765",645,106,29,77,53,305,36,269,172,163,9,9
"2011","Tower Hamlets 004G","E01032784",692,194,45,149,4,166,81,85,324,313,11,4
"2011","Tower Hamlets 005A","E01004200",585,128,36,92,9,115,67,48,328,317,11,5
"2011","Tower Hamlets 005B","E01004202",713,220,81,139,15,218,76,142,255,240,15,5
"2011","Tower Hamlets 005C","E01004203",689,198,78,120,1,226,127,99,256,241,15,8
"2011","Tower Hamlets 005D","E01004204",631,139,50,89,1,382,159,223,101,87,14,8
"2011","Tower Hamlets 006A","E01004311",644,144,53,91,6,353,264,89,132,122,10,9
"2011","Tower Hamlets 006B","E01004314",493,253,114,139,0,89,34,55,147,132,15,4
"2011","Tower Hamlets 006C","E01004315",718,197,65,132,4,324,266,58,188,179,9,5
"2011","Tower Hamlets 006D","E01004318",630,90,30,60,11,399,200,199,125,114,11,5
"2011","Tower Hamlets 007A","E01004259",812,251,76,175,20,257,200,57,281,268,13,3
"2011","Tower Hamlets 007B","E01004260",636,167,71,96,19,311,277,34,131,126,5,8
"2011","Tower Hamlets 007C","E01004263",529,88,33,55,5,333,143,190,93,89,4,10
"2011","Tower Hamlets 007D","E01004266",583,172,71,101,6,265,92,173,131,121,10,9
"2011","Tower Hamlets 008A","E01004235",513,60,11,49,0,363,108,255,82,76,6,8
"2011","Tower Hamlets 008B","E01004236",497,73,14,59,14,299,91,208,105,99,6,6
"2011","Tower Hamlets 008C","E01004237",506,101,42,59,39,241,42,199,120,103,17,5
"2011","Tower Hamlets 008D","E01004238",1058,155,42,113,33,486,133,353,362,352,10,22
"2011","Tower Hamlets 008E","E01004239",533,100,29,71,16,341,115,226,70,65,5,6
"2011","Tower Hamlets 009A","E01004312",628,94,32,62,1,386,355,31,138,133,5,9
"2011","Tower Hamlets 009B","E01004313",812,187,70,117,12,349,301,48,255,244,11,9
"2011","Tower Hamlets 009C","E01004316",455,100,31,69,1,235,185,50,115,112,3,4
"2011","Tower Hamlets 009D","E01004317",1193,290,92,198,24,283,70,213,588,557,31,8
"2011","Tower Hamlets 010A","E01004261",550,83,34,49,3,253,209,44,204,104,100,7
"2011","Tower Hamlets 010B","E01004262",495,113,51,62,5,228,159,69,144,106,38,5
"2011","Tower Hamlets 010C","E01004264",457,106,49,57,1,240,233,7,105,99,6,5
"2011","Tower Hamlets 010E","E01032785",616,193,32,161,47,200,81,119,172,158,14,4
"2011","Tower Hamlets 010F","E01032786",674,166,58,108,10,374,336,38,121,112,9,3
"2011","Tower Hamlets 011A","E01004207",515,95,31,64,4,293,119,174,116,104,12,7
"2011","Tower Hamlets 011B","E01004209",466,58,21,37,2,324,215,109,77,73,4,5
"2011","Tower Hamlets 011D","E01004212",720,156,64,92,16,284,193,91,257,238,19,7
"2011","Tower Hamlets 011F","E01032787",793,154,48,106,4,427,334,93,194,188,6,14
"2011","Tower Hamlets 012A","E01004240",574,109,37,72,8,348,165,183,101,94,7,8
"2011","Tower Hamlets 012B","E01004241",570,67,25,42,17,370,178,192,112,105,7,4
"2011","Tower Hamlets 012C","E01004242",898,134,35,99,28,428,189,239,292,276,16,16
"2011","Tower Hamlets 012D","E01004267",707,167,40,127,1,281,27,254,242,227,15,16
"2011","Tower Hamlets 012E","E01004268",688,74,23,51,0,430,111,319,178,173,5,6
"2011","Tower Hamlets 013A","E01004205",688,87,33,54,14,409,209,200,169,162,7,9
"2011","Tower Hamlets 013B","E01004206",554,83,33,50,3,333,228,105,125,118,7,10
"2011","Tower Hamlets 013C","E01004208",788,267,93,174,6,101,95,6,406,372,34,8
"2011","Tower Hamlets 013D","E01004211",720,214,60,154,6,186,35,151,307,301,6,7
"2011","Tower Hamlets 014A","E01004269",726,142,64,78,2,377,120,257,201,192,9,4
"2011","Tower Hamlets 014B","E01004270",745,233,58,175,9,167,46,121,329,309,20,7
"2011","Tower Hamlets 014C","E01004271",548,71,24,47,1,365,92,273,102,92,10,9
"2011","Tower Hamlets 014D","E01004272",639,86,19,67,9,429,190,239,111,108,3,4
"2011","Tower Hamlets 014E","E01004273",594,86,28,58,1,411,126,285,90,86,4,6
"2011","Tower Hamlets 015A","E01004306",687,199,90,109,6,192,66,126,277,260,17,13
"2011","Tower Hamlets 015B","E01004307",1014,286,110,176,10,166,30,136,539,518,21,13
"2011","Tower Hamlets 015C","E01004308",504,189,64,125,2,177,102,75,130,124,6,6
"2011","Tower Hamlets 015D","E01004309",902,178,62,116,27,394,215,179,297,281,16,6
"2011","Tower Hamlets 015E","E01004310",793,150,51,99,5,315,69,246,316,288,28,7
"2011","Tower Hamlets 016A","E01004283",756,154,51,103,5,396,151,245,181,173,8,20
"2011","Tower Hamlets 016B","E01004287",854,196,63,133,27,440,111,329,179,159,20,12
"2011","Tower Hamlets 016C","E01004289",670,172,81,91,8,323,179,144,158,143,15,9
"2011","Tower Hamlets 016D","E01004290",575,172,83,89,3,155,100,55,237,216,21,8
"2011","Tower Hamlets 017A","E01004322",502,108,36,72,5,248,177,71,138,122,16,3
"2011","Tower Hamlets 017B","E01004323",480,137,44,93,3,178,105,73,154,147,7,8
"2011","Tower Hamlets 017C","E01004324",485,139,40,99,2,240,209,31,97,93,4,7
"2011","Tower Hamlets 017D","E01004326",623,120,47,73,23,242,213,29,232,224,8,6
"2011","Tower Hamlets 018A","E01004245",433,60,15,45,4,308,98,210,57,53,4,4
"2011","Tower Hamlets 018B","E01004246",747,306,122,184,73,187,84,103,172,163,9,9
"2011","Tower Hamlets 018C","E01004248",441,41,15,26,0,320,118,202,73,61,12,7
"2011","Tower Hamlets 018D","E01004249",758,113,45,68,27,476,158,318,135,124,11,7
"2011","Tower Hamlets 019A","E01004284",884,70,15,55,176,524,71,453,103,96,7,11
"2011","Tower Hamlets 019B","E01004285",658,104,36,68,7,443,231,212,94,87,7,10
"2011","Tower Hamlets 019C","E01004286",817,171,63,108,67,464,192,272,104,95,9,11
"2011","Tower Hamlets 019D","E01004288",525,80,26,54,16,354,227,127,70,65,5,5
"2011","Tower Hamlets 020A","E01004243",614,108,41,67,7,363,128,235,128,117,11,8
"2011","Tower Hamlets 020B","E01004244",686,121,59,62,5,422,113,309,131,122,9,7
"2011","Tower Hamlets 020C","E01004247",714,114,45,69,8,363,122,241,225,221,4,4
"2011","Tower Hamlets 020D","E01004250",866,95,33,62,41,583,190,393,138,125,13,9
"2011","Tower Hamlets 021A","E01004319",595,125,62,63,3,236,172,64,225,221,4,6
"2011","Tower Hamlets 021C","E01004321",711,95,36,59,23,403,83,320,184,162,22,6
"2011","Tower Hamlets 021D","E01004325",1033,182,73,109,15,168,28,140,657,643,14,11
"2011","Tower Hamlets 021E","E01032766",601,115,21,94,48,137,45,92,293,284,9,8
"2011","Tower Hamlets 021F","E01032767",767,168,62,106,2,54,14,40,534,523,11,9
"2011","Tower Hamlets 022A","E01004298",635,88,35,53,27,365,115,250,148,137,11,7
"2011","Tower Hamlets 022B","E01004300",522,98,47,51,1,327,77,250,87,79,8,9
"2011","Tower Hamlets 022C","E01004304",653,93,33,60,62,345,153,192,144,139,5,9
"2011","Tower Hamlets 022D","E01004305",699,143,38,105,7,384,156,228,156,149,7,9
"2011","Tower Hamlets 023A","E01004251",779,199,64,135,2,422,368,54,154,151,3,2
"2011","Tower Hamlets 023B","E01004254",1046,413,128,285,11,73,40,33,542,515,27,7
"2011","Tower Hamlets 023C","E01004255",647,126,31,95,33,310,179,131,172,164,8,6
"2011","Tower Hamlets 023D","E01004258",713,295,133,162,3,179,153,26,219,209,10,17
"2011","Tower Hamlets 024A","E01004252",1107,197,54,143,65,488,186,302,349,332,17,8
"2011","Tower Hamlets 024B","E01004253",829,175,82,93,5,499,239,260,139,129,10,11
"2011","Tower Hamlets 024C","E01004256",611,128,35,93,3,328,234,94,142,131,11,10
"2011","Tower Hamlets 024D","E01004257",618,114,42,72,2,318,230,88,176,167,9,8
"2011","Tower Hamlets 025B","E01004301",413,117,31,86,1,189,149,40,97,89,8,9
"2011","Tower Hamlets 025C","E01004302",637,104,23,81,73,311,191,120,141,136,5,8
"2011","Tower Hamlets 025D","E01004303",967,233,88,145,53,411,143,268,250,235,15,20
"2011","Tower Hamlets 025E","E01032768",696,242,69,173,12,54,5,49,381,368,13,7
"2011","Tower Hamlets 025F","E01032769",593,210,69,141,1,97,23,74,275,264,11,10
"2011","Tower Hamlets 026A","E01004292",818,397,153,244,9,48,30,18,351,336,15,13
"2011","Tower Hamlets 026B","E01004294",877,292,116,176,44,221,80,141,311,294,17,9
"2011","Tower Hamlets 026C","E01004295",500,91,40,51,2,291,75,216,106,97,9,10
"2011","Tower Hamlets 026D","E01004296",684,172,55,117,9,293,235,58,201,189,12,9
"2011","Tower Hamlets 027A","E01004291",1051,469,183,286,29,127,119,8,411,395,16,15
"2011","Tower Hamlets 027B","E01004293",1133,506,257,249,4,143,69,74,466,420,46,14
"2011","Tower Hamlets 027C","E01004297",909,455,175,280,7,89,58,31,346,331,15,12
"2011","Tower Hamlets 028A","E01004215",1168,315,134,181,16,341,71,270,476,460,16,20
"2011","Tower Hamlets 028B","E01004219",851,129,42,87,53,418,290,128,246,236,10,5
"2011","Tower Hamlets 028D","E01004221",802,219,51,168,33,220,59,161,317,304,13,13
"2011","Tower Hamlets 028E","E01032776",631,115,37,78,13,65,18,47,430,416,14,8
"2011","Tower Hamlets 028F","E01032777",514,119,28,91,57,154,9,145,182,178,4,2
"2011","Tower Hamlets 028G","E01032778",564,121,35,86,16,86,16,70,332,323,9,9
"2011","Tower Hamlets 028H","E01032779",565,89,31,58,18,93,5,88,359,350,9,6
"2011","Tower Hamlets 028I","E01032780",647,238,94,144,3,20,3,17,375,361,14,11
"2011","Tower Hamlets 030A","E01004214",665,64,18,46,5,502,110,392,89,81,8,5
"2011","Tower Hamlets 030B","E01004216",737,247,73,174,4,170,30,140,309,297,12,7
"2011","Tower Hamlets 030C","E01004217",779,261,97,164,5,293,58,235,203,190,13,17
"2011","Tower Hamlets 030D","E01004218",731,328,119,209,11,116,37,79,262,255,7,14
"2011","Tower Hamlets 031A","E01004274",654,151,52,99,2,290,55,235,203,194,9,8
"2011","Tower Hamlets 031B","E01004275",768,257,88,169,33,179,43,136,288,281,7,11
"2011","Tower Hamlets 031C","E01004276",996,431,128,303,4,12,4,8,534,520,14,15
"2011","Tower Hamlets 031D","E01004281",831,283,83,200,2,59,12,47,480,467,13,7
"2011","Tower Hamlets 031F","E01032775",600,202,47,155,2,44,22,22,342,331,11,10
"2011","Tower Hamlets 031G","E01032783",661,162,48,114,15,173,4,169,296,290,6,15
"2011","Tower Hamlets 032A","E01004280",769,207,74,133,17,277,61,216,257,249,8,11
"2011","Tower Hamlets 032B","E01032770",572,118,27,91,14,153,32,121,267,254,13,20
"2011","Tower Hamlets 032C","E01032772",544,92,37,55,14,148,30,118,284,272,12,6
"2011","Tower Hamlets 032D","E01032773",852,204,57,147,42,217,36,181,374,363,11,15
"2011","Tower Hamlets 032E","E01032774",583,94,36,58,7,255,39,216,219,208,11,8
"2011","Tower Hamlets 033A","E01004277",898,309,130,179,1,26,1,25,547,516,31,15
"2011","Tower Hamlets 033B","E01032771",546,111,55,56,33,115,19,96,283,272,11,4
"2011","Tower Hamlets 033C","E01032781",771,248,86,162,11,78,14,64,425,414,11,9
"2011","Tower Hamlets 033D","E01032782",776,111,36,75,49,199,25,174,403,399,4,14
"2011","Wandsworth 001A","E01004560",959,442,190,252,21,132,105,27,349,326,23,15
"2011","Wandsworth 001B","E01004566",821,391,203,188,2,92,25,67,321,310,11,15
"2011","Wandsworth 001C","E01004582",976,552,299,253,5,78,74,4,314,285,29,27
"2011","Wandsworth 001D","E01004583",876,445,249,196,25,134,132,2,256,246,10,16
"2011","Wandsworth 002B","E01004562",754,201,86,115,6,374,295,79,166,156,10,7
"2011","Wandsworth 002C","E01004563",879,176,53,123,46,369,346,23,279,260,19,9
"2011","Wandsworth 002D","E01004564",820,299,103,196,4,254,58,196,259,247,12,4
"2011","Wandsworth 002E","E01004567",982,178,61,117,71,506,415,91,217,212,5,10
"2011","Wandsworth 002F","E01033098",629,206,93,113,73,44,33,11,300,285,15,6
"2011","Wandsworth 002G","E01033100",612,144,50,94,3,245,213,32,210,198,12,10
"2011","Wandsworth 002H","E01033132",619,145,63,82,88,154,112,42,222,212,10,10
"2011","Wandsworth 003A","E01004539",800,165,63,102,4,514,461,53,111,104,7,6
"2011","Wandsworth 003B","E01004540",1002,376,144,232,13,386,348,38,218,202,16,9
"2011","Wandsworth 003C","E01004577",907,369,179,190,16,188,122,66,322,307,15,12
"2011","Wandsworth 003D","E01004584",703,94,39,55,2,505,501,4,94,90,4,8
"2011","Wandsworth 004B","E01004579",744,339,146,193,2,232,23,209,163,155,8,8
"2011","Wandsworth 004C","E01004580",892,336,106,230,9,149,117,32,389,357,32,9
"2011","Wandsworth 004D","E01004581",892,382,173,209,18,164,103,61,317,299,18,11
"2011","Wandsworth 004E","E01033099",456,147,65,82,52,118,78,40,133,127,6,6
"2011","Wandsworth 004F","E01033101",663,342,146,196,7,15,6,9,290,274,16,9
"2011","Wandsworth 004G","E01033133",636,217,75,142,39,105,64,41,269,265,4,6
"2011","Wandsworth 005A","E01004565",815,276,90,186,3,251,18,233,279,265,14,6
"2011","Wandsworth 005B","E01004590",807,275,113,162,4,361,178,183,160,150,10,7
"2011","Wandsworth 005C","E01004591",811,275,88,187,7,263,140,123,258,250,8,8
"2011","Wandsworth 005D","E01004592",795,246,77,169,3,402,15,387,134,119,15,10
"2011","Wandsworth 006A","E01004604",593,456,207,249,0,13,9,4,116,112,4,8
"2011","Wandsworth 006B","E01004605",785,454,244,210,3,156,121,35,166,154,12,6
"2011","Wandsworth 006C","E01004606",754,395,160,235,1,23,13,10,328,312,16,7
"2011","Wandsworth 006D","E01004607",718,463,228,235,2,26,20,6,215,200,15,12
"2011","Wandsworth 006E","E01004608",785,373,192,181,0,157,80,77,247,227,20,8
"2011","Wandsworth 007A","E01004535",731,98,36,62,12,516,502,14,98,93,5,7
"2011","Wandsworth 007B","E01004537",799,174,66,108,2,477,427,50,139,136,3,7
"2011","Wandsworth 007C","E01004538",909,248,86,162,81,377,316,61,198,192,6,5
"2011","Wandsworth 007D","E01004541",762,175,68,107,5,461,351,110,116,108,8,5
"2011","Wandsworth 008A","E01004534",825,432,169,263,3,115,68,47,261,252,9,14
"2011","Wandsworth 008B","E01004536",928,249,77,172,5,331,315,16,332,315,17,11
"2011","Wandsworth 008C","E01004552",913,345,110,235,7,70,16,54,480,459,21,11
"2011","Wandsworth 008D","E01004585",858,403,166,237,3,147,28,119,301,289,12,4
"2011","Wandsworth 008E","E01004588",858,407,142,265,3,74,38,36,363,349,14,11
"2011","Wandsworth 009A","E01004554",653,422,171,251,2,36,3,33,192,185,7,1
"2011","Wandsworth 009B","E01004556",590,406,167,239,1,30,4,26,149,144,5,4
"2011","Wandsworth 009C","E01004586",848,394,136,258,3,94,16,78,354,336,18,3
"2011","Wandsworth 009D","E01004587",735,426,174,252,3,75,15,60,226,217,9,5
"2011","Wandsworth 009E","E01004589",706,384,131,253,4,37,10,27,277,269,8,4
"2011","Wandsworth 010A","E01004509",1122,452,167,285,9,141,63,78,508,473,35,12
"2011","Wandsworth 010B","E01004511",712,379,130,249,1,28,11,17,301,291,10,3
"2011","Wandsworth 010C","E01004602",706,363,143,220,5,33,17,16,297,282,15,8
"2011","Wandsworth 010E","E01004609",996,413,171,242,26,58,24,34,487,461,26,12
"2011","Wandsworth 010F","E01033093",766,372,168,204,78,16,8,8,292,284,8,8
"2011","Wandsworth 010G","E01033135",475,280,109,171,1,13,7,6,174,162,12,7
"2011","Wandsworth 011A","E01004506",955,418,235,183,9,80,48,32,434,413,21,14
"2011","Wandsworth 011B","E01004638",519,417,252,165,0,24,20,4,75,73,2,3
"2011","Wandsworth 011C","E01004639",783,387,211,176,5,68,65,3,318,271,47,5
"2011","Wandsworth 011D","E01004640",797,467,235,232,14,29,8,21,275,259,16,12
"2011","Wandsworth 011E","E01004641",818,438,201,237,1,227,179,48,143,133,10,9
"2011","Wandsworth 012A","E01004508",986,429,151,278,1,192,62,130,350,335,15,14
"2011","Wandsworth 012B","E01004510",917,406,119,287,53,123,12,111,325,308,17,10
"2011","Wandsworth 012C","E01004514",799,467,175,292,2,88,24,64,234,221,13,8
"2011","Wandsworth 012D","E01004515",739,285,98,187,35,171,29,142,245,231,14,3
"2011","Wandsworth 012E","E01004551",884,198,63,135,8,388,25,363,285,267,18,5
"2011","Wandsworth 013A","E01004568",458,67,33,34,5,303,290,13,76,72,4,7
"2011","Wandsworth 013B","E01004574",727,98,44,54,2,478,451,27,139,136,3,10
"2011","Wandsworth 013C","E01004575",691,182,110,72,3,371,330,41,119,113,6,16
"2011","Wandsworth 013D","E01004576",592,204,105,99,4,254,247,7,121,115,6,9
"2011","Wandsworth 014A","E01004500",807,344,185,159,17,99,59,40,335,319,16,12
"2011","Wandsworth 014B","E01004501",712,308,155,153,12,193,151,42,197,188,9,2
"2011","Wandsworth 014C","E01004503",738,317,132,185,1,125,114,11,285,247,38,10
"2011","Wandsworth 014D","E01004505",838,461,235,226,5,47,21,26,311,290,21,14
"2011","Wandsworth 014E","E01004507",962,361,197,164,13,98,50,48,474,434,40,16
"2011","Wandsworth 015A","E01004553",766,361,147,214,1,118,41,77,276,264,12,10
"2011","Wandsworth 015B","E01004557",650,368,168,200,3,65,32,33,207,197,10,7
"2011","Wandsworth 015C","E01004558",675,407,154,253,2,71,30,41,191,178,13,4
"2011","Wandsworth 015D","E01004559",503,336,136,200,3,47,14,33,116,111,5,1
"2011","Wandsworth 015E","E01004619",536,342,154,188,0,76,13,63,108,106,2,10
"2011","Wandsworth 016A","E01004572",706,301,158,143,3,213,191,22,183,175,8,6
"2011","Wandsworth 016B","E01004642",761,365,168,197,25,201,182,19,162,120,42,8
"2011","Wandsworth 016C","E01004643",851,312,146,166,4,290,258,32,230,221,9,15
"2011","Wandsworth 016D","E01004644",870,460,216,244,66,205,176,29,133,127,6,6
"2011","Wandsworth 016E","E01004645",844,272,109,163,10,383,366,17,172,166,6,7
"2011","Wandsworth 017A","E01004477",607,444,242,202,2,31,19,12,126,118,8,4
"2011","Wandsworth 017B","E01004478",538,403,189,214,0,40,10,30,87,79,8,8
"2011","Wandsworth 017C","E01004479",613,364,180,184,0,81,27,54,160,155,5,8
"2011","Wandsworth 017D","E01004550",570,260,115,145,0,151,74,77,146,136,10,13
"2011","Wandsworth 017E","E01004555",587,450,192,258,0,24,12,12,106,99,7,7
"2011","Wandsworth 018A","E01004494",762,281,80,201,30,205,44,161,241,231,10,5
"2011","Wandsworth 018B","E01004513",833,395,115,280,18,177,171,6,234,219,15,9
"2011","Wandsworth 018C","E01004600",893,161,46,115,38,453,421,32,236,223,13,5
"2011","Wandsworth 018D","E01004601",1006,447,155,292,59,192,112,80,301,286,15,7
"2011","Wandsworth 019A","E01004493",803,417,112,305,3,103,35,68,275,264,11,5
"2011","Wandsworth 019B","E01004512",618,341,130,211,1,99,14,85,171,164,7,6
"2011","Wandsworth 019C","E01004620",702,376,119,257,2,127,11,116,186,176,10,11
"2011","Wandsworth 019D","E01004621",659,370,151,219,4,74,32,42,209,194,15,2
"2011","Wandsworth 019E","E01004623",712,448,146,302,1,81,34,47,179,171,8,3
"2011","Wandsworth 019F","E01004627",631,374,139,235,4,99,30,69,149,135,14,5
"2011","Wandsworth 020A","E01004499",713,323,129,194,3,94,57,37,285,271,14,8
"2011","Wandsworth 020B","E01004502",670,446,167,279,3,31,12,19,182,178,4,8
"2011","Wandsworth 020C","E01004504",566,326,151,175,5,22,17,5,205,149,56,8
"2011","Wandsworth 020D","E01004594",590,426,198,228,1,9,7,2,149,142,7,5
"2011","Wandsworth 020E","E01004596",646,435,176,259,3,14,6,8,186,180,6,8
"2011","Wandsworth 020F","E01004629",609,362,179,183,19,72,57,15,149,141,8,7
"2011","Wandsworth 021A","E01004472",742,450,213,237,16,55,34,21,216,207,9,5
"2011","Wandsworth 021B","E01004474",918,308,77,231,25,120,52,68,458,444,14,7
"2011","Wandsworth 021C","E01004476",824,305,131,174,1,112,87,25,398,381,17,8
"2011","Wandsworth 021D","E01004542",618,397,144,253,2,65,22,43,148,142,6,6
"2011","Wandsworth 021E","E01004544",606,363,150,213,0,87,13,74,147,139,8,9
"2011","Wandsworth 022A","E01004628",911,361,129,232,50,200,118,82,292,269,23,8
"2011","Wandsworth 022B","E01004630",679,176,67,109,4,342,324,18,152,142,10,5
"2011","Wandsworth 022C","E01004631",643,272,121,151,1,156,136,20,205,196,9,9
"2011","Wandsworth 022D","E01004633",623,134,42,92,3,293,287,6,190,179,11,3
"2011","Wandsworth 023A","E01004569",737,243,92,151,22,246,212,34,224,212,12,2
"2011","Wandsworth 023B","E01004570",745,112,48,64,2,439,382,57,188,186,2,4
"2011","Wandsworth 023C","E01004571",651,172,75,97,1,305,251,54,166,159,7,7
"2011","Wandsworth 023D","E01004573",631,345,133,212,3,124,109,15,153,145,8,6
"2011","Wandsworth 024A","E01004495",523,180,52,128,11,191,178,13,130,126,4,11
"2011","Wandsworth 024B","E01004496",951,369,79,290,39,114,22,92,428,414,14,1
"2011","Wandsworth 024C","E01004497",541,338,129,209,3,97,87,10,98,93,5,5
"2011","Wandsworth 024D","E01004622",533,255,90,165,12,119,81,38,147,130,17,0
"2011","Wandsworth 024E","E01004624",624,370,132,238,15,101,74,27,135,124,11,3
"2011","Wandsworth 025A","E01004593",852,442,163,279,5,64,26,38,334,320,14,7
"2011","Wandsworth 025B","E01004595",796,440,147,293,1,55,48,7,295,283,12,5
"2011","Wandsworth 025C","E01004597",779,433,158,275,15,157,40,117,169,158,11,5
"2011","Wandsworth 025D","E01004598",818,473,131,342,26,60,19,41,253,236,17,6
"2011","Wandsworth 025E","E01004599",575,453,189,264,2,15,13,2,101,95,6,4
"2011","Wandsworth 026A","E01004473",746,378,130,248,9,105,47,58,247,236,11,7
"2011","Wandsworth 026B","E01004475",622,289,100,189,2,106,27,79,221,209,12,4
"2011","Wandsworth 026C","E01004480",678,381,146,235,5,36,16,20,248,241,7,8
"2011","Wandsworth 026D","E01004483",1011,451,123,328,24,60,32,28,465,447,18,11
"2011","Wandsworth 026E","E01004484",652,295,94,201,5,98,41,57,249,236,13,5
"2011","Wandsworth 026F","E01004486",784,307,107,200,7,143,16,127,323,316,7,4
"2011","Wandsworth 027A","E01004543",717,392,161,231,24,55,24,31,233,222,11,13
"2011","Wandsworth 027B","E01004545",850,365,167,198,4,35,6,29,439,423,16,7
"2011","Wandsworth 027C","E01004546",640,361,144,217,5,60,13,47,209,195,14,5
"2011","Wandsworth 027D","E01004549",672,343,139,204,7,115,13,102,196,191,5,11
"2011","Wandsworth 027E","E01004625",469,410,202,208,1,8,4,4,45,41,4,5
"2011","Wandsworth 027F","E01004626",724,480,194,286,4,18,6,12,215,197,18,7
"2011","Wandsworth 028A","E01004632",593,359,171,188,2,67,51,16,157,146,11,8
"2011","Wandsworth 028B","E01004634",697,321,129,192,2,118,114,4,246,233,13,10
"2011","Wandsworth 028C","E01004635",691,355,171,184,10,77,76,1,246,237,9,3
"2011","Wandsworth 028D","E01004636",650,321,126,195,2,113,109,4,205,199,6,9
"2011","Wandsworth 028E","E01004637",602,266,109,157,4,143,139,4,179,172,7,10
"2011","Wandsworth 029A","E01004481",716,303,111,192,4,60,21,39,343,331,12,6
"2011","Wandsworth 029B","E01004488",625,324,131,193,1,133,44,89,163,157,6,4
"2011","Wandsworth 029C","E01004547",551,253,110,143,7,161,16,145,123,116,7,7
"2011","Wandsworth 029D","E01004548",1054,450,207,243,9,93,52,41,491,472,19,11
"2011","Wandsworth 030A","E01004482",626,304,152,152,1,85,37,48,228,218,10,8
"2011","Wandsworth 030B","E01004485",691,303,120,183,2,119,42,77,258,251,7,9
"2011","Wandsworth 030C","E01004487",715,280,91,189,0,193,26,167,240,233,7,2
"2011","Wandsworth 030D","E01004489",612,265,81,184,2,145,4,141,198,191,7,2
"2011","Wandsworth 031A","E01004490",614,402,124,278,0,29,10,19,181,173,8,2
"2011","Wandsworth 031B","E01004491",971,263,94,169,2,539,102,437,157,136,21,10
"2011","Wandsworth 031C","E01004492",744,386,111,275,5,127,99,28,217,207,10,9
"2011","Wandsworth 031D","E01004498",784,434,109,325,4,46,11,35,293,279,14,7
"2011","Wandsworth 032A","E01004532",644,325,133,192,1,148,82,66,165,160,5,5
"2011","Wandsworth 032B","E01004611",570,337,168,169,1,54,39,15,173,169,4,5
"2011","Wandsworth 032C","E01004612",558,244,128,116,10,44,35,9,254,242,12,6
"2011","Wandsworth 032D","E01004618",527,352,153,199,3,23,7,16,147,141,6,2
"2011","Wandsworth 033A","E01004531",649,302,132,170,4,182,174,8,160,153,7,1
"2011","Wandsworth 033B","E01004533",569,227,78,149,4,189,183,6,144,135,9,5
"2011","Wandsworth 033C","E01004610",632,344,179,165,2,70,30,40,208,189,19,8
"2011","Wandsworth 033D","E01004613",677,216,98,118,4,201,159,42,243,232,11,13
"2011","Wandsworth 034A","E01004614",855,321,97,224,17,162,64,98,346,330,16,9
"2011","Wandsworth 034B","E01004615",757,201,80,121,5,338,324,14,204,197,7,9
"2011","Wandsworth 034C","E01004616",816,249,104,145,5,65,13,52,481,465,16,16
"2011","Wandsworth 034D","E01004617",638,204,88,116,14,128,56,72,286,272,14,6
"2011","Wandsworth 035A","E01004525",659,241,104,137,5,23,4,19,382,366,16,8
"2011","Wandsworth 035B","E01004526",655,259,92,167,4,115,32,83,266,256,10,11
"2011","Wandsworth 035C","E01004527",578,299,150,149,8,41,16,25,221,211,10,9
"2011","Wandsworth 035D","E01004528",655,249,91,158,21,166,34,132,206,193,13,13
"2011","Wandsworth 035E","E01004529",902,389,112,277,36,115,39,76,356,346,10,6
"2011","Wandsworth 035F","E01004530",789,383,156,227,7,104,11,93,284,269,15,11
"2011","Wandsworth 036A","E01004516",510,389,171,218,2,39,27,12,79,75,4,1
"2011","Wandsworth 036B","E01004518",650,444,152,292,4,44,26,18,151,145,6,7
"2011","Wandsworth 036C","E01004519",632,351,139,212,4,102,69,33,166,161,5,9
"2011","Wandsworth 036D","E01004520",459,287,117,170,2,63,48,15,101,94,7,6
"2011","Wandsworth 036E","E01004523",722,356,159,197,1,202,124,78,152,143,9,11
"2011","Wandsworth 037A","E01004517",810,338,101,237,21,84,14,70,360,348,12,7
"2011","Wandsworth 037B","E01004521",768,450,151,299,12,102,23,79,198,192,6,6
"2011","Wandsworth 037C","E01004522",628,343,129,214,10,61,13,48,207,200,7,7
"2011","Wandsworth 037D","E01004524",774,253,84,169,5,302,139,163,207,198,9,7
"2011","Westminster 001A","E01004647",685,286,191,95,4,147,111,36,218,209,9,30
"2011","Westminster 001B","E01004649",716,325,239,86,4,45,34,11,298,257,41,44
"2011","Westminster 001C","E01004724",850,295,189,106,6,119,97,22,409,368,41,21
"2011","Westminster 001D","E01004730",804,421,289,132,2,11,5,6,327,303,24,43
"2011","Westminster 002A","E01004646",616,272,147,125,1,94,55,39,233,226,7,16
"2011","Westminster 002B","E01004648",1122,515,322,193,3,71,16,55,510,498,12,23
"2011","Westminster 002C","E01004650",932,436,252,184,3,20,12,8,443,430,13,30
"2011","Westminster 002D","E01004710",635,157,72,85,5,303,227,76,155,150,5,15
"2011","Westminster 002E","E01004711",759,171,81,90,2,348,158,190,228,226,2,10
"2011","Westminster 003A","E01004651",1137,380,239,141,8,99,6,93,609,595,14,41
"2011","Westminster 003B","E01004725",799,137,92,45,7,384,48,336,239,227,12,32
"2011","Westminster 003C","E01004726",824,407,273,134,3,31,23,8,346,328,18,37
"2011","Westminster 003D","E01004728",808,312,200,112,4,161,139,22,306,291,15,25
"2011","Westminster 003E","E01004729",856,201,108,93,4,418,200,218,219,204,15,14
"2011","Westminster 004A","E01004718",850,210,74,136,17,394,190,204,219,208,11,10
"2011","Westminster 004B","E01004719",786,228,91,137,6,438,296,142,106,101,5,8
"2011","Westminster 004C","E01004720",777,260,124,136,12,414,309,105,81,68,13,10
"2011","Westminster 004D","E01004721",879,163,65,98,9,531,435,96,167,152,15,9
"2011","Westminster 004E","E01004722",849,112,44,68,13,579,373,206,133,132,1,12
"2011","Westminster 005A","E01004674",843,188,80,108,12,488,196,292,142,132,10,13
"2011","Westminster 005B","E01004675",1098,193,68,125,6,540,81,459,337,318,19,22
"2011","Westminster 005C","E01004677",876,252,97,155,13,317,45,272,289,282,7,5
"2011","Westminster 005D","E01004678",889,252,86,166,14,334,66,268,278,269,9,11
"2011","Westminster 005E","E01004679",935,152,50,102,8,482,57,425,281,268,13,12
"2011","Westminster 005F","E01004723",997,170,64,106,7,492,136,356,319,301,18,9
"2011","Westminster 006A","E01004676",794,225,85,140,5,197,41,156,356,345,11,11
"2011","Westminster 006B","E01004706",735,325,144,181,4,54,24,30,347,340,7,5
"2011","Westminster 006C","E01004707",798,411,190,221,1,12,4,8,353,336,17,21
"2011","Westminster 006D","E01004708",788,240,89,151,7,197,60,137,327,318,9,17
"2011","Westminster 006E","E01004756",866,224,68,156,3,258,78,180,370,354,16,11
"2011","Westminster 007A","E01004701",843,364,193,171,3,27,0,27,426,407,19,23
"2011","Westminster 007B","E01004703",1027,536,350,186,4,92,41,51,360,339,21,35
"2011","Westminster 007D","E01004705",700,337,175,162,2,40,4,36,303,295,8,18
"2011","Westminster 007E","E01004709",765,291,146,145,3,184,48,136,268,262,6,19
"2011","Westminster 007F","E01033600",644,254,136,118,1,122,58,64,257,248,9,10
"2011","Westminster 007G","E01033608",735,245,98,147,4,119,9,110,357,343,14,10
"2011","Westminster 008A","E01004659",961,335,205,130,6,58,38,20,536,514,22,26
"2011","Westminster 008B","E01004660",873,381,245,136,12,55,12,43,384,361,23,41
"2011","Westminster 008C","E01004712",842,302,186,116,2,67,37,30,442,421,21,29
"2011","Westminster 008D","E01004727",977,449,291,158,14,6,0,6,463,444,19,45
"2011","Westminster 009A","E01004670",948,101,62,39,5,738,620,118,82,74,8,22
"2011","Westminster 009E","E01004702",994,203,115,88,5,512,399,113,253,244,9,21
"2011","Westminster 009F","E01033598",502,70,38,32,8,301,207,94,116,111,5,7
"2011","Westminster 009G","E01033601",589,121,57,64,5,381,233,148,75,70,5,7
"2011","Westminster 009H","E01033602",645,92,48,44,9,411,263,148,126,121,5,7
"2011","Westminster 009I","E01033603",600,153,78,75,6,213,118,95,217,209,8,11
"2011","Westminster 009J","E01033604",620,57,33,24,3,174,25,149,372,360,12,14
"2011","Westminster 009K","E01033605",815,196,97,99,8,415,353,62,180,177,3,16
"2011","Westminster 010A","E01004754",600,101,57,44,8,385,329,56,85,79,6,21
"2011","Westminster 010B","E01004755",963,195,76,119,16,433,48,385,302,291,11,17
"2011","Westminster 010C","E01004757",600,117,57,60,10,313,252,61,144,135,9,16
"2011","Westminster 010F","E01032512",989,135,66,69,39,577,386,191,216,210,6,22
"2011","Westminster 010G","E01032513",567,102,40,62,8,333,279,54,109,104,5,15
"2011","Westminster 011A","E01004713",939,304,207,97,7,31,2,29,540,507,33,57
"2011","Westminster 011B","E01004714",1177,348,216,132,9,111,24,87,657,626,31,52
"2011","Westminster 011C","E01004716",724,322,226,96,1,57,1,56,311,288,23,33
"2011","Westminster 011D","E01004717",898,228,151,77,1,32,1,31,614,599,15,23
"2011","Westminster 011E","E01004762",1136,301,205,96,1,275,34,241,478,450,28,81
"2011","Westminster 012A","E01004657",827,227,147,80,3,33,1,32,536,513,23,28
"2011","Westminster 012B","E01004658",744,198,132,66,2,20,3,17,492,478,14,32
"2011","Westminster 012C","E01004661",892,256,132,124,2,87,15,72,519,499,20,28
"2011","Westminster 012D","E01004662",1040,257,157,100,3,71,26,45,679,659,20,30
"2011","Westminster 012E","E01004663",851,367,219,148,5,160,60,100,286,268,18,33
"2011","Westminster 013A","E01004715",824,226,125,101,9,237,147,90,321,298,23,31
"2011","Westminster 013B","E01004763",1076,200,110,90,5,154,33,121,671,646,25,46
"2011","Westminster 013D","E01004765",1103,335,186,149,2,288,65,223,433,414,19,45
"2011","Westminster 013E","E01033595",755,90,46,44,3,235,104,131,401,374,27,26
"2011","Westminster 013F","E01033596",745,132,76,56,7,326,132,194,252,248,4,28
"2011","Westminster 014A","E01004653",929,418,259,159,3,171,46,125,318,301,17,19
"2011","Westminster 014B","E01004654",1204,473,251,222,1,188,68,120,506,481,25,36
"2011","Westminster 014D","E01004656",1178,383,195,188,19,305,182,123,448,434,14,23
"2011","Westminster 014E","E01004760",771,256,105,151,2,301,203,98,209,204,5,3
"2011","Westminster 014F","E01033606",614,149,80,69,7,123,18,105,325,311,14,10
"2011","Westminster 014G","E01033607",616,173,101,72,3,247,28,219,179,174,5,14
"2011","Westminster 015A","E01004680",708,340,249,91,2,16,3,13,308,289,19,42
"2011","Westminster 015B","E01004683",767,380,235,145,2,23,0,23,321,303,18,41
"2011","Westminster 015C","E01004684",701,213,125,88,0,50,30,20,394,385,9,44
"2011","Westminster 015E","E01004686",848,233,135,98,2,31,8,23,555,542,13,27
"2011","Westminster 015F","E01033593",645,155,100,55,17,110,37,73,341,334,7,22
"2011","Westminster 015G","E01033594",711,139,80,59,7,226,19,207,323,307,16,16
"2011","Westminster 016A","E01004681",1150,399,222,177,27,74,47,27,625,597,28,25
"2011","Westminster 016B","E01004682",765,229,136,93,2,89,8,81,425,410,15,20
"2011","Westminster 016C","E01004694",949,262,159,103,4,51,27,24,605,588,17,27
"2011","Westminster 016D","E01004697",816,293,169,124,2,83,34,49,418,401,17,20
"2011","Westminster 016E","E01004700",941,274,124,150,2,65,30,35,582,567,15,18
"2011","Westminster 017A","E01004652",958,267,149,118,4,87,68,19,574,551,23,26
"2011","Westminster 017B","E01004693",735,318,208,110,2,54,23,31,336,325,11,25
"2011","Westminster 017C","E01004695",669,200,127,73,3,17,3,14,418,402,16,31
"2011","Westminster 017D","E01004696",760,227,115,112,6,337,314,23,179,170,9,11
"2011","Westminster 017E","E01004698",754,208,116,92,3,45,36,9,474,457,17,24
"2011","Westminster 017F","E01004699",1165,326,178,148,5,59,29,30,736,710,26,39
"2011","Westminster 018A","E01004734",1104,162,102,60,4,347,94,253,544,524,20,47
"2011","Westminster 018B","E01004735",977,203,129,74,4,397,119,278,349,317,32,24
"2011","Westminster 018C","E01004736",729,283,191,92,5,14,0,14,375,319,56,52
"2011","Westminster 018D","E01004761",1085,339,234,105,4,108,2,106,542,507,35,92
"2011","Westminster 019A","E01004687",799,394,284,110,6,11,2,9,308,283,25,80
"2011","Westminster 019B","E01004688",486,250,200,50,2,9,2,7,175,163,12,50
"2011","Westminster 019C","E01004689",510,252,180,72,2,35,5,30,188,165,23,33
"2011","Westminster 019D","E01004690",627,279,191,88,1,32,12,20,245,232,13,70
"2011","Westminster 019E","E01004691",816,316,244,72,5,52,1,51,360,331,29,83
"2011","Westminster 019F","E01004692",644,302,234,68,4,11,3,8,255,224,31,72
"2011","Westminster 020A","E01004731",910,340,227,113,10,64,7,57,443,394,49,53
"2011","Westminster 020B","E01004732",697,59,41,18,0,538,16,522,84,78,6,16
"2011","Westminster 020C","E01004733",926,334,233,101,17,136,21,115,370,330,40,69
"2011","Westminster 020D","E01004744",744,158,101,57,3,321,27,294,232,138,94,30
"2011","Westminster 020E","E01004748",615,336,220,116,9,37,1,36,206,178,28,27
"2011","Westminster 021A","E01004740",776,193,98,95,2,455,400,55,107,95,12,19
"2011","Westminster 021B","E01004743",713,212,129,83,2,271,234,37,214,198,16,14
"2011","Westminster 021C","E01004745",1125,411,220,191,22,332,202,130,321,295,26,39
"2011","Westminster 021D","E01004746",757,160,85,75,4,444,359,85,138,125,13,11
"2011","Westminster 021E","E01004747",1127,356,213,143,36,346,43,303,364,338,26,25
"2011","Westminster 022A","E01004742",779,290,143,147,3,127,5,122,348,330,18,11
"2011","Westminster 022B","E01004749",1185,460,280,180,40,170,10,160,481,456,25,34
"2011","Westminster 022C","E01004751",943,431,235,196,6,108,17,91,374,344,30,24
"2011","Westminster 022D","E01004752",905,241,134,107,4,396,30,366,252,233,19,12
"2011","Westminster 022E","E01004753",1041,308,178,130,2,374,22,352,336,316,20,21
"2011","Westminster 023B","E01004666",553,114,76,38,7,253,148,105,170,161,9,9
"2011","Westminster 023C","E01004667",743,180,110,70,12,348,124,224,192,175,17,11
"2011","Westminster 023D","E01004668",645,290,177,113,1,198,171,27,152,141,11,4
"2011","Westminster 023E","E01004750",951,262,156,106,5,368,307,61,292,258,34,24
"2011","Westminster 023F","E01033597",621,107,59,48,16,298,80,218,191,180,11,9
"2011","Westminster 023G","E01033599",630,50,26,24,68,423,90,333,80,67,13,9
"2011","Westminster 024A","E01004665",611,123,80,43,5,383,330,53,87,82,5,13
"2011","Westminster 024B","E01004669",758,213,120,93,5,369,298,71,158,142,16,13
"2011","Westminster 024C","E01004737",683,181,132,49,3,339,16,323,151,137,14,9
"2011","Westminster 024D","E01004738",722,289,182,107,0,78,16,62,337,321,16,18
"2011","Westminster 024E","E01004739",950,30,19,11,0,72,10,62,835,816,19,13
"2011","Westminster 024F","E01004741",698,216,114,102,7,281,129,152,186,174,12,8
"2011","Barking and Dagenham 001A","E01000027",641,290,105,185,4,291,153,138,51,48,3,5
"2011","Barking and Dagenham 001B","E01000028",612,187,59,128,7,320,269,51,82,78,4,16
"2011","Barking and Dagenham 001C","E01000029",690,562,345,217,3,55,41,14,64,59,5,6
"2011","Barking and Dagenham 001D","E01000030",770,220,87,133,4,467,431,36,72,70,2,7
"2011","Barking and Dagenham 002A","E01000031",598,474,211,263,1,32,19,13,86,80,6,5
"2011","Barking and Dagenham 002B","E01000032",631,394,182,212,2,97,87,10,132,127,5,6
"2011","Barking and Dagenham 002C","E01000110",501,407,166,241,6,13,10,3,72,68,4,3
"2011","Barking and Dagenham 002D","E01000111",732,383,140,243,1,220,190,30,124,114,10,4
"2011","Barking and Dagenham 002E","E01000112",739,435,171,264,18,56,36,20,227,217,10,3
"2011","Barking and Dagenham 002F","E01000113",633,408,158,250,6,28,17,11,189,182,7,2
"2011","Barking and Dagenham 003A","E01000034",517,244,73,171,8,206,162,44,52,52,0,7
"2011","Barking and Dagenham 003B","E01000037",579,520,215,305,2,15,9,6,39,37,2,3
"2011","Barking and Dagenham 003C","E01000038",563,434,232,202,1,76,75,1,50,45,5,2
"2011","Barking and Dagenham 003D","E01000039",659,489,198,291,5,74,22,52,87,79,8,4
"2011","Barking and Dagenham 004A","E01000063",635,350,138,212,1,212,201,11,68,65,3,4
"2011","Barking and Dagenham 004B","E01000100",615,324,110,214,1,207,185,22,75,67,8,8
"2011","Barking and Dagenham 004C","E01000101",567,290,103,187,0,204,179,25,67,64,3,6
"2011","Barking and Dagenham 004D","E01000109",608,403,155,248,4,93,75,18,102,98,4,6
"2011","Barking and Dagenham 004E","E01000114",758,490,205,285,12,77,62,15,170,162,8,9
"2011","Barking and Dagenham 006A","E01000033",533,221,87,134,0,277,252,25,31,28,3,4
"2011","Barking and Dagenham 006B","E01000060",770,320,126,194,17,355,332,23,70,66,4,8
"2011","Barking and Dagenham 006C","E01000061",668,70,11,59,3,567,561,6,25,23,2,3
"2011","Barking and Dagenham 006D","E01000062",761,405,177,228,4,255,238,17,90,80,10,7
"2011","Barking and Dagenham 006E","E01000064",709,363,157,206,8,209,187,22,117,108,9,12
"2011","Barking and Dagenham 007A","E01000065",774,290,104,186,1,357,327,30,118,105,13,8
"2011","Barking and Dagenham 007B","E01000078",649,284,98,186,3,256,202,54,94,82,12,12
"2011","Barking and Dagenham 007C","E01000080",594,288,99,189,1,213,190,23,88,83,5,4
"2011","Barking and Dagenham 007D","E01000081",648,351,113,238,3,199,191,8,92,86,6,3
"2011","Barking and Dagenham 007E","E01000082",672,278,83,195,37,267,240,27,85,82,3,5
"2011","Barking and Dagenham 007F","E01000083",629,307,115,192,3,222,199,23,94,87,7,3
"2011","Barking and Dagenham 007G","E01000102",625,301,96,205,1,248,230,18,70,64,6,5
"2011","Barking and Dagenham 008A","E01000021",593,233,72,161,15,163,128,35,167,162,5,15
"2011","Barking and Dagenham 008B","E01000022",474,240,83,157,27,123,114,9,73,69,4,11
"2011","Barking and Dagenham 008C","E01000023",500,204,62,142,17,136,126,10,129,123,6,14
"2011","Barking and Dagenham 008D","E01000024",456,243,83,160,1,131,121,10,75,70,5,6
"2011","Barking and Dagenham 008E","E01000025",629,302,112,190,15,227,154,73,83,79,4,2
"2011","Barking and Dagenham 008F","E01000077",560,253,76,177,4,202,154,48,92,86,6,9
"2011","Barking and Dagenham 009A","E01000015",836,305,83,222,50,269,214,55,206,193,13,6
"2011","Barking and Dagenham 009B","E01000016",626,304,95,209,2,226,207,19,89,80,9,5
"2011","Barking and Dagenham 009C","E01000017",609,293,90,203,0,239,220,19,73,70,3,4
"2011","Barking and Dagenham 009D","E01000018",612,302,86,216,3,234,216,18,67,64,3,6
"2011","Barking and Dagenham 009E","E01000079",609,287,109,178,7,227,182,45,82,71,11,6
"2011","Barking and Dagenham 010A","E01000035",567,355,166,189,2,109,82,27,95,86,9,6
"2011","Barking and Dagenham 010B","E01000036",469,363,148,215,2,19,16,3,82,77,5,3
"2011","Barking and Dagenham 010C","E01000107",601,421,194,227,3,88,72,16,84,79,5,5
"2011","Barking and Dagenham 010D","E01000108",652,382,164,218,5,73,33,40,179,174,5,13
"2011","Barking and Dagenham 011A","E01000066",683,405,149,256,1,191,182,9,77,74,3,9
"2011","Barking and Dagenham 011B","E01000067",679,451,191,260,3,129,124,5,85,76,9,11
"2011","Barking and Dagenham 011C","E01000069",513,442,178,264,2,6,5,1,58,57,1,5
"2011","Barking and Dagenham 011D","E01000070",598,467,226,241,1,36,31,5,87,87,0,7
"2011","Barking and Dagenham 011E","E01000071",785,489,191,298,5,113,32,81,169,161,8,9
"2011","Barking and Dagenham 012A","E01000057",537,218,70,148,30,215,182,33,72,69,3,2
"2011","Barking and Dagenham 012B","E01000073",627,319,105,214,1,195,186,9,102,95,7,10
"2011","Barking and Dagenham 012C","E01000074",629,264,83,181,1,266,254,12,91,90,1,7
"2011","Barking and Dagenham 012D","E01000075",622,346,131,215,2,201,194,7,67,58,9,6
"2011","Barking and Dagenham 012E","E01000076",710,292,90,202,3,304,277,27,103,90,13,8
"2011","Barking and Dagenham 013A","E01000013",650,290,117,173,2,254,217,37,99,94,5,5
"2011","Barking and Dagenham 013B","E01000014",638,297,113,184,1,240,231,9,96,91,5,4
"2011","Barking and Dagenham 013C","E01000059",578,276,90,186,3,224,191,33,71,67,4,4
"2011","Barking and Dagenham 013D","E01000084",517,211,71,140,2,214,190,24,86,81,5,4
"2011","Barking and Dagenham 013E","E01000085",640,230,87,143,1,286,210,76,115,110,5,8
"2011","Barking and Dagenham 013F","E01000086",508,244,79,165,7,195,172,23,60,58,2,2
"2011","Barking and Dagenham 014A","E01000103",600,266,80,186,1,217,93,124,109,104,5,7
"2011","Barking and Dagenham 014B","E01000104",739,210,95,115,20,425,358,67,82,79,3,2
"2011","Barking and Dagenham 014C","E01000105",915,241,95,146,32,531,439,92,106,101,5,5
"2011","Barking and Dagenham 014D","E01000106",916,263,99,164,7,431,371,60,208,199,9,7
"2011","Barking and Dagenham 015A","E01000007",612,119,25,94,16,249,131,118,222,196,26,6
"2011","Barking and Dagenham 015B","E01000008",521,88,24,64,1,347,333,14,79,75,4,6
"2011","Barking and Dagenham 015C","E01000010",1103,249,61,188,18,288,167,121,543,514,29,5
"2011","Barking and Dagenham 015D","E01000012",698,207,50,157,5,154,59,95,328,320,8,4
"2011","Barking and Dagenham 016A","E01000006",543,345,136,209,0,18,11,7,178,163,15,2
"2011","Barking and Dagenham 016B","E01000009",638,256,116,140,4,131,119,12,243,221,22,4
"2011","Barking and Dagenham 016C","E01000011",457,230,87,143,7,35,25,10,173,160,13,12
"2011","Barking and Dagenham 016D","E01000044",629,371,144,227,8,72,42,30,173,164,9,5
"2011","Barking and Dagenham 016E","E01000068",462,350,158,192,2,11,9,2,93,87,6,6
"2011","Barking and Dagenham 017A","E01000041",607,303,92,211,3,220,204,16,78,70,8,3
"2011","Barking and Dagenham 017B","E01000042",679,182,49,133,3,370,289,81,116,110,6,8
"2011","Barking and Dagenham 017C","E01000045",602,241,74,167,5,234,217,17,122,114,8,0
"2011","Barking and Dagenham 017D","E01000046",654,317,111,206,14,230,191,39,90,82,8,3
"2011","Barking and Dagenham 017E","E01000072",784,248,77,171,19,351,262,89,159,154,5,7
"2011","Barking and Dagenham 018A","E01000054",638,309,114,195,1,236,216,20,84,81,3,8
"2011","Barking and Dagenham 018B","E01000055",560,286,79,207,5,190,174,16,73,68,5,6
"2011","Barking and Dagenham 018C","E01000056",573,215,67,148,18,242,124,118,90,88,2,8
"2011","Barking and Dagenham 018D","E01000058",690,299,85,214,40,230,197,33,115,112,3,6
"2011","Barking and Dagenham 018E","E01000095",549,284,59,225,4,147,133,14,110,104,6,4
"2011","Barking and Dagenham 019A","E01000040",640,226,76,150,1,317,291,26,95,92,3,1
"2011","Barking and Dagenham 019B","E01000043",461,237,85,152,2,155,149,6,63,62,1,4
"2011","Barking and Dagenham 019C","E01000050",615,235,100,135,10,239,223,16,121,110,11,10
"2011","Barking and Dagenham 019D","E01000052",769,383,137,246,2,210,187,23,166,157,9,8
"2011","Barking and Dagenham 019E","E01000092",975,401,123,278,38,339,200,139,188,156,32,9
"2011","Barking and Dagenham 020A","E01000053",645,216,67,149,22,239,134,105,161,156,5,7
"2011","Barking and Dagenham 020B","E01000087",503,223,70,153,13,164,142,22,100,95,5,3
"2011","Barking and Dagenham 020C","E01000088",640,384,150,234,6,74,26,48,173,167,6,3
"2011","Barking and Dagenham 020D","E01000089",612,417,145,272,2,48,34,14,137,131,6,8
"2011","Barking and Dagenham 020E","E01000090",549,352,150,202,1,40,36,4,146,138,8,10
"2011","Barking and Dagenham 021B","E01000048",644,44,9,35,2,525,519,6,68,61,7,5
"2011","Barking and Dagenham 021C","E01000049",643,135,56,79,12,429,421,8,62,56,6,5
"2011","Barking and Dagenham 021D","E01000051",725,73,15,58,24,552,529,23,61,55,6,15
"2011","Barking and Dagenham 021E","E01033587",631,132,23,109,29,246,215,31,218,208,10,6
"2011","Barking and Dagenham 021F","E01033588",618,98,26,72,54,309,245,64,154,140,14,3
"2011","Barking and Dagenham 022A","E01000091",633,184,69,115,2,350,337,13,93,87,6,4
"2011","Barking and Dagenham 022B","E01000093",642,165,42,123,5,370,361,9,96,91,5,6
"2011","Barking and Dagenham 022C","E01000094",517,225,46,179,20,128,74,54,140,131,9,4
"2011","Barking and Dagenham 022D","E01000096",639,143,46,97,4,423,410,13,67,62,5,2
"2011","Barking and Dagenham 023A","E01000019",504,282,112,170,0,126,115,11,91,79,12,5
"2011","Barking and Dagenham 023B","E01000020",650,328,96,232,12,207,175,32,94,88,6,9
"2011","Barking and Dagenham 023C","E01000097",708,280,103,177,4,321,233,88,97,86,11,6
"2011","Barking and Dagenham 023D","E01000098",625,269,92,177,3,221,205,16,126,118,8,6
"2011","Barking and Dagenham 023E","E01000099",666,336,116,220,13,221,188,33,91,82,9,5
"2011","Barking and Dagenham 023F","E01032580",471,167,64,103,7,144,80,64,149,138,11,4
"2011","Barnet 001A","E01000248",666,475,203,272,1,48,8,40,134,123,11,8
"2011","Barnet 001B","E01000249",572,503,251,252,5,6,4,2,53,46,7,5
"2011","Barnet 001C","E01000250",979,571,270,301,32,91,49,42,268,261,7,17
"2011","Barnet 001D","E01000254",622,520,254,266,1,14,4,10,72,69,3,15
"2011","Barnet 001E","E01000292",629,457,264,193,3,47,20,27,115,108,7,7
"2011","Barnet 001F","E01000293",642,515,265,250,1,8,2,6,111,105,6,7
"2011","Barnet 002A","E01000167",522,308,114,194,4,172,153,19,35,35,0,3
"2011","Barnet 002B","E01000246",654,532,310,222,2,16,11,5,93,92,1,11
"2011","Barnet 002C","E01000247",746,513,219,294,11,38,14,24,183,174,9,1
"2011","Barnet 002D","E01000251",947,495,224,271,6,140,46,94,288,278,10,18
"2011","Barnet 002E","E01000252",753,424,183,241,10,146,52,94,164,157,7,9
"2011","Barnet 003A","E01000166",648,469,229,240,1,70,59,11,99,94,5,9
"2011","Barnet 003B","E01000168",576,503,274,229,2,8,5,3,59,54,5,4
"2011","Barnet 003C","E01000169",670,441,191,250,21,29,7,22,171,163,8,8
"2011","Barnet 003D","E01000172",602,485,257,228,0,26,8,18,75,63,12,16
"2011","Barnet 004A","E01000285",610,415,201,214,15,113,43,70,63,61,2,4
"2011","Barnet 004B","E01000287",622,341,129,212,7,220,139,81,44,42,2,10
"2011","Barnet 004C","E01000288",568,409,185,224,6,88,68,20,55,44,11,10
"2011","Barnet 004D","E01000289",631,185,78,107,12,373,327,46,53,50,3,8
"2011","Barnet 004E","E01000291",602,195,105,90,41,323,265,58,37,32,5,6
"2011","Barnet 004F","E01000294",672,406,181,225,1,142,78,64,117,111,6,6
"2011","Barnet 005A","E01000267",567,459,228,231,1,13,9,4,92,87,5,2
"2011","Barnet 005B","E01000268",745,389,188,201,10,27,10,17,304,291,13,15
"2011","Barnet 005C","E01000269",535,447,219,228,3,24,15,9,57,55,2,4
"2011","Barnet 005D","E01000270",626,478,243,235,0,25,4,21,121,113,8,2
"2011","Barnet 006A","E01000170",656,408,185,223,3,118,105,13,120,115,5,7
"2011","Barnet 006B","E01000171",856,397,137,260,4,66,34,32,371,356,15,18
"2011","Barnet 006C","E01000173",617,506,225,281,1,40,7,33,68,59,9,2
"2011","Barnet 006D","E01000174",766,421,165,256,3,98,39,59,240,232,8,4
"2011","Barnet 006E","E01000175",618,501,249,252,3,14,3,11,91,86,5,9
"2011","Barnet 007A","E01000228",475,357,141,216,1,59,55,4,51,48,3,7
"2011","Barnet 007B","E01000253",597,534,319,215,0,6,4,2,44,39,5,13
"2011","Barnet 007C","E01000279",513,438,261,177,2,6,4,2,56,53,3,11
"2011","Barnet 007D","E01000280",497,446,274,172,1,7,6,1,33,31,2,10
"2011","Barnet 007E","E01000286",654,373,154,219,2,190,148,42,77,75,2,12
"2011","Barnet 007F","E01000290",674,501,301,200,4,117,111,6,42,41,1,10
"2011","Barnet 008A","E01000271",582,469,282,187,4,9,6,3,92,88,4,8
"2011","Barnet 008B","E01000272",468,407,229,178,0,6,2,4,49,47,2,6
"2011","Barnet 008C","E01000273",648,365,208,157,7,115,61,54,154,147,7,7
"2011","Barnet 008D","E01000281",480,172,99,73,10,84,19,65,206,162,44,8
"2011","Barnet 008E","E01000282",639,486,260,226,0,17,6,11,132,128,4,4
"2011","Barnet 009A","E01000115",485,446,237,209,0,6,0,6,33,27,6,0
"2011","Barnet 009B","E01000116",623,502,219,283,1,41,5,36,70,68,2,9
"2011","Barnet 009C","E01000119",607,509,264,245,1,24,6,18,64,59,5,9
"2011","Barnet 009D","E01000120",505,451,237,214,0,2,2,0,50,47,3,2
"2011","Barnet 009E","E01000122",522,445,206,239,2,8,4,4,63,62,1,4
"2011","Barnet 010A","E01000117",762,611,331,280,18,7,5,2,118,111,7,8
"2011","Barnet 010B","E01000118",709,581,276,305,18,19,12,7,84,80,4,7
"2011","Barnet 010C","E01000121",501,207,91,116,16,240,46,194,35,29,6,3
"2011","Barnet 010D","E01000123",685,498,197,301,30,27,13,14,122,116,6,8
"2011","Barnet 010E","E01000124",660,319,128,191,3,173,124,49,161,151,10,4
"2011","Barnet 011A","E01000265",791,452,178,274,1,84,36,48,240,228,12,14
"2011","Barnet 011B","E01000266",511,461,233,228,1,5,2,3,36,30,6,8
"2011","Barnet 011C","E01000274",699,430,174,256,0,142,110,32,111,106,5,16
"2011","Barnet 011D","E01000320",628,455,255,200,2,31,8,23,133,127,6,7
"2011","Barnet 011E","E01000322",774,391,179,212,10,72,36,36,291,283,8,10
"2011","Barnet 012A","E01000275",644,398,203,195,7,49,29,20,184,177,7,6
"2011","Barnet 012B","E01000277",777,301,167,134,5,207,37,170,252,240,12,12
"2011","Barnet 012C","E01000283",480,418,239,179,0,7,4,3,50,49,1,5
"2011","Barnet 012D","E01000284",780,409,199,210,12,125,101,24,220,206,14,14
"2011","Barnet 012E","E01000321",700,354,141,213,5,49,28,21,285,272,13,7
"2011","Barnet 013A","E01000195",697,267,81,186,36,196,114,82,189,182,7,9
"2011","Barnet 013B","E01000229",600,345,133,212,3,138,86,52,109,102,7,5
"2011","Barnet 013C","E01000230",650,527,286,241,1,16,15,1,95,90,5,11
"2011","Barnet 013D","E01000231",654,480,183,297,4,32,27,5,134,125,9,4
"2011","Barnet 013E","E01000232",706,487,224,263,3,88,6,82,120,104,16,8
"2011","Barnet 013F","E01000233",635,465,190,275,5,28,3,25,123,119,4,14
"2011","Barnet 014A","E01000186",501,439,198,241,0,16,12,4,43,43,0,3
"2011","Barnet 014B","E01000187",593,364,168,196,1,131,17,114,89,88,1,8
"2011","Barnet 014C","E01000188",516,450,217,233,1,7,5,2,45,44,1,13
"2011","Barnet 014D","E01000189",711,87,33,54,25,482,381,101,106,100,6,11
"2011","Barnet 014E","E01000190",546,434,225,209,3,44,22,22,60,58,2,5
"2011","Barnet 014F","E01000191",530,446,247,199,2,6,5,1,68,63,5,8
"2011","Barnet 015A","E01000158",564,344,140,204,5,91,65,26,118,109,9,6
"2011","Barnet 015B","E01000159",645,455,211,244,2,84,68,16,97,93,4,7
"2011","Barnet 015C","E01000160",923,551,182,369,4,32,18,14,327,313,14,9
"2011","Barnet 015D","E01000161",710,372,145,227,0,74,32,42,209,193,16,55
"2011","Barnet 015E","E01000162",552,383,177,206,2,51,8,43,113,107,6,3
"2011","Barnet 015F","E01000324",655,465,211,254,1,59,30,29,125,122,3,5
"2011","Barnet 016A","E01000256",656,496,207,289,3,31,28,3,121,114,7,5
"2011","Barnet 016B","E01000258",696,508,263,245,1,21,10,11,159,150,9,7
"2011","Barnet 016C","E01000263",499,464,219,245,0,5,2,3,27,25,2,3
"2011","Barnet 016D","E01000264",634,343,160,183,0,44,37,7,235,226,9,12
"2011","Barnet 017A","E01000255",527,317,148,169,3,126,102,24,71,56,15,10
"2011","Barnet 017B","E01000257",724,242,137,105,8,300,125,175,140,123,17,34
"2011","Barnet 017C","E01000261",646,471,265,206,1,79,5,74,70,55,15,25
"2011","Barnet 017D","E01000262",752,464,216,248,3,155,40,115,107,102,5,23
"2011","Barnet 018A","E01000192",683,399,222,177,4,20,8,12,246,237,9,14
"2011","Barnet 018B","E01000193",594,397,201,196,0,25,5,20,163,155,8,9
"2011","Barnet 018C","E01000194",610,330,166,164,0,20,9,11,244,238,6,16
"2011","Barnet 018D","E01000226",630,276,93,183,4,263,210,53,78,72,6,9
"2011","Barnet 018E","E01000227",603,484,227,257,0,15,6,9,100,96,4,4
"2011","Barnet 019A","E01000299",782,346,151,195,3,44,11,33,378,363,15,11
"2011","Barnet 019B","E01000300",667,419,174,245,5,73,54,19,158,148,10,12
"2011","Barnet 019C","E01000302",840,322,166,156,2,142,116,26,345,331,14,29
"2011","Barnet 019D","E01000317",657,393,178,215,2,50,34,16,194,190,4,18
"2011","Barnet 019E","E01000318",610,465,234,231,1,37,26,11,98,97,1,9
"2011","Barnet 019F","E01000323",865,401,200,201,4,38,18,20,402,387,15,20
"2011","Barnet 020A","E01000276",506,420,222,198,0,0,0,0,85,84,1,1
"2011","Barnet 020B","E01000278",498,397,227,170,1,6,4,2,90,89,1,4
"2011","Barnet 020C","E01000301",528,374,198,176,1,4,3,1,139,137,2,10
"2011","Barnet 020D","E01000303",540,383,202,181,3,18,5,13,131,129,2,5
"2011","Barnet 020E","E01000304",621,338,135,203,6,37,31,6,234,229,5,6
"2011","Barnet 021A","E01000130",570,219,59,160,49,202,118,84,91,83,8,9
"2011","Barnet 021B","E01000132",495,195,64,131,2,208,167,41,83,79,4,7
"2011","Barnet 021C","E01000133",565,219,79,140,4,270,230,40,69,66,3,3
"2011","Barnet 021D","E01000234",650,440,201,239,2,20,7,13,182,177,5,6
"2011","Barnet 021E","E01000235",582,274,109,165,3,182,125,57,117,112,5,6
"2011","Barnet 022A","E01000156",751,427,174,253,3,47,34,13,256,239,17,18
"2011","Barnet 022B","E01000157",689,399,156,243,1,88,58,30,194,184,10,7
"2011","Barnet 022C","E01000163",759,280,75,205,17,245,183,62,205,193,12,12
"2011","Barnet 022D","E01000164",648,274,96,178,2,190,153,37,170,161,9,12
"2011","Barnet 022E","E01000165",707,466,196,270,5,28,19,9,163,155,8,45
"2011","Barnet 022F","E01000315",614,247,96,151,17,295,180,115,49,48,1,6
"2011","Barnet 023A","E01000197",707,366,172,194,0,12,4,8,322,311,11,7
"2011","Barnet 023B","E01000295",686,399,213,186,1,22,8,14,253,247,6,11
"2011","Barnet 023C","E01000296",734,324,162,162,4,41,2,39,357,340,17,8
"2011","Barnet 023D","E01000298",733,349,174,175,2,56,11,45,317,302,15,9
"2011","Barnet 024A","E01000125",1015,343,88,255,40,316,182,134,301,287,14,15
"2011","Barnet 024B","E01000127",514,206,61,145,3,222,203,19,76,73,3,7
"2011","Barnet 024C","E01000128",624,319,133,186,8,187,173,14,101,95,6,9
"2011","Barnet 024D","E01000129",624,169,56,113,3,263,216,47,176,169,7,13
"2011","Barnet 024E","E01000131",634,348,167,181,1,78,67,11,199,189,10,8
"2011","Barnet 024F","E01000134",625,260,91,169,3,191,166,25,165,154,11,6
"2011","Barnet 025A","E01000198",685,525,207,318,2,3,2,1,147,140,7,8
"2011","Barnet 025B","E01000199",671,523,321,202,1,6,5,1,133,122,11,8
"2011","Barnet 025C","E01000204",687,426,216,210,1,70,39,31,179,171,8,11
"2011","Barnet 025D","E01000259",980,644,277,367,3,71,7,64,249,234,15,13
"2011","Barnet 025E","E01000260",761,477,188,289,4,50,14,36,225,214,11,5
"2011","Barnet 026A","E01000126",726,153,52,101,74,334,37,297,150,147,3,15
"2011","Barnet 026B","E01000151",617,93,27,66,9,463,405,58,46,40,6,6
"2011","Barnet 026C","E01000152",564,91,30,61,13,392,331,61,61,58,3,7
"2011","Barnet 026D","E01000153",620,125,50,75,6,426,165,261,57,51,6,6
"2011","Barnet 026E","E01000154",501,125,43,82,1,271,243,28,90,74,16,14
"2011","Barnet 027A","E01000176",698,209,81,128,20,388,73,315,72,66,6,9
"2011","Barnet 027B","E01000178",695,424,229,195,8,101,72,29,153,149,4,9
"2011","Barnet 027C","E01000184",503,166,69,97,10,258,71,187,62,61,1,7
"2011","Barnet 027D","E01000297",554,341,157,184,5,45,23,22,158,144,14,5
"2011","Barnet 027E","E01000316",874,435,175,260,15,114,19,95,302,294,8,8
"2011","Barnet 027F","E01000319",529,375,163,212,3,49,36,13,95,90,5,7
"2011","Barnet 028A","E01000196",896,355,227,128,4,19,16,3,494,478,16,24
"2011","Barnet 028B","E01000200",863,553,355,198,1,39,24,15,240,219,21,30
"2011","Barnet 028C","E01000201",517,421,249,172,2,7,1,6,75,70,5,12
"2011","Barnet 028D","E01000202",648,428,198,230,0,18,14,4,187,183,4,15
"2011","Barnet 028E","E01000203",613,320,168,152,1,135,118,17,136,130,6,21
"2011","Barnet 029A","E01000177",690,444,208,236,3,28,13,15,209,202,7,6
"2011","Barnet 029B","E01000179",763,477,162,315,1,29,18,11,252,242,10,4
"2011","Barnet 029C","E01000180",689,280,146,134,3,245,158,87,150,139,11,11
"2011","Barnet 029D","E01000181",669,395,198,197,4,19,9,10,242,242,0,9
"2011","Barnet 029E","E01000182",746,421,235,186,3,25,4,21,285,276,9,12
"2011","Barnet 029F","E01000185",606,134,39,95,2,336,267,69,120,115,5,14
"2011","Barnet 030A","E01000147",544,399,219,180,2,10,7,3,125,116,9,8
"2011","Barnet 030B","E01000148",725,278,124,154,6,257,144,113,169,160,9,15
"2011","Barnet 030D","E01000155",797,230,78,152,9,99,29,70,452,437,15,7
"2011","Barnet 030E","E01033572",571,334,165,169,6,36,8,28,185,172,13,10
"2011","Barnet 030F","E01033573",607,158,29,129,71,100,7,93,275,266,9,3
"2011","Barnet 031A","E01000239",877,370,140,230,6,83,3,80,411,395,16,7
"2011","Barnet 031B","E01000240",582,381,164,217,6,23,9,14,163,156,7,9
"2011","Barnet 031C","E01000241",696,412,199,213,1,52,9,43,226,215,11,5
"2011","Barnet 031D","E01000309",619,335,175,160,20,31,14,17,227,217,10,6
"2011","Barnet 032A","E01000237",740,345,195,150,6,11,6,5,365,349,16,13
"2011","Barnet 032B","E01000242",597,358,188,170,0,102,8,94,119,108,11,18
"2011","Barnet 032C","E01000243",791,381,202,179,2,39,22,17,358,346,12,11
"2011","Barnet 032D","E01000244",582,284,149,135,7,81,39,42,199,180,19,11
"2011","Barnet 032E","E01000245",811,207,106,101,3,356,332,24,221,207,14,24
"2011","Barnet 032F","E01000314",658,339,193,146,1,12,8,4,291,286,5,15
"2011","Barnet 033A","E01000183",584,379,198,181,2,48,22,26,146,140,6,9
"2011","Barnet 033B","E01000206",514,365,249,116,1,16,1,15,105,92,13,27
"2011","Barnet 033C","E01000207",608,403,246,157,1,38,10,28,149,139,10,17
"2011","Barnet 033D","E01000208",619,457,271,186,1,10,4,6,134,128,6,17
"2011","Barnet 033E","E01000210",600,419,205,214,0,12,6,6,158,150,8,11
"2011","Barnet 033F","E01000213",465,347,211,136,0,59,2,57,51,47,4,8
"2011","Barnet 034A","E01000236",674,328,183,145,1,55,48,7,272,265,7,18
"2011","Barnet 034B","E01000238",615,348,152,196,1,40,6,34,214,211,3,12
"2011","Barnet 034C","E01000310",701,335,196,139,3,49,31,18,303,289,14,11
"2011","Barnet 034D","E01000311",470,340,186,154,2,5,3,2,113,102,11,10
"2011","Barnet 035A","E01000205",619,516,247,269,0,10,9,1,85,81,4,8
"2011","Barnet 035B","E01000209",747,535,352,183,4,95,3,92,105,103,2,8
"2011","Barnet 035C","E01000211",861,354,189,165,3,49,33,16,438,422,16,17
"2011","Barnet 035D","E01000212",529,359,247,112,3,14,11,3,151,142,9,2
"2011","Barnet 035E","E01000216",684,365,196,169,3,48,25,23,255,247,8,13
"2011","Barnet 035F","E01000217",521,333,187,146,2,6,2,4,173,167,6,7
"2011","Barnet 036A","E01000150",744,450,222,228,9,103,42,61,175,163,12,7
"2011","Barnet 036B","E01000305",637,266,158,108,2,158,135,23,202,199,3,9
"2011","Barnet 036C","E01000306",558,332,181,151,11,33,14,19,177,175,2,5
"2011","Barnet 036D","E01000308",669,153,74,79,0,435,406,29,71,67,4,10
"2011","Barnet 036E","E01000312",710,312,105,207,6,152,121,31,231,221,10,9
"2011","Barnet 036F","E01000313",672,300,144,156,1,61,41,20,295,284,11,15
"2011","Barnet 037A","E01000145",444,276,147,129,3,3,0,3,154,148,6,8
"2011","Barnet 037B","E01000215",680,357,220,137,0,59,6,53,249,243,6,15
"2011","Barnet 037C","E01000218",573,269,171,98,4,12,8,4,275,264,11,13
"2011","Barnet 037D","E01000219",581,250,133,117,5,15,2,13,299,289,10,12
"2011","Barnet 037E","E01000220",593,209,114,95,4,75,3,72,292,276,16,13
"2011","Barnet 037F","E01000225",529,314,147,167,1,86,4,82,121,114,7,7
"2011","Barnet 038A","E01000135",541,358,215,143,2,10,1,9,161,149,12,10
"2011","Barnet 038B","E01000136",563,383,271,112,6,3,0,3,154,146,8,17
"2011","Barnet 038C","E01000144",607,230,137,93,3,12,3,9,349,333,16,13
"2011","Barnet 038D","E01000146",744,244,155,89,4,68,39,29,409,394,15,19
"2011","Barnet 038E","E01000214",717,394,214,180,1,4,2,2,299,290,9,19
"2011","Barnet 039A","E01000141",864,247,89,158,5,152,41,111,445,423,22,15
"2011","Barnet 039B","E01000221",485,104,54,50,12,287,163,124,73,72,1,9
"2011","Barnet 039C","E01000223",478,207,78,129,9,162,153,9,95,92,3,5
"2011","Barnet 039D","E01000307",530,297,139,158,2,109,100,9,116,113,3,6
"2011","Barnet 040A","E01000138",523,303,181,122,2,36,32,4,164,161,3,18
"2011","Barnet 040B","E01000142",950,401,159,242,10,52,3,49,471,456,15,16
"2011","Barnet 040C","E01000222",506,291,161,130,0,62,49,13,146,135,11,7
"2011","Barnet 040D","E01000224",524,344,189,155,3,8,3,5,159,153,6,10
"2011","Barnet 041A","E01000137",669,227,104,123,6,284,249,35,140,133,7,12
"2011","Barnet 041B","E01000139",560,348,209,139,1,26,23,3,167,156,11,18
"2011","Barnet 041C","E01000140",683,283,151,132,3,71,56,15,312,286,26,14
"2011","Barnet 041D","E01000143",538,160,80,80,8,241,193,48,124,119,5,5
"2011","Bexley 001A","E01000466",602,214,64,150,3,302,36,266,73,70,3,10
"2011","Bexley 001B","E01000467",591,314,59,255,2,131,9,122,139,131,8,5
"2011","Bexley 001C","E01000468",890,493,71,422,1,97,17,80,293,278,15,6
"2011","Bexley 001D","E01000469",645,373,102,271,13,92,19,73,161,153,8,6
"2011","Bexley 002A","E01000416",517,308,124,184,3,103,6,97,99,96,3,4
"2011","Bexley 002B","E01000418",754,462,176,286,5,151,15,136,135,121,14,1
"2011","Bexley 002C","E01000422",681,109,40,69,0,519,35,484,45,38,7,8
"2011","Bexley 002D","E01000464",546,193,60,133,1,278,27,251,68,61,7,6
"2011","Bexley 002E","E01000465",707,172,54,118,0,452,48,404,68,63,5,15
"2011","Bexley 002F","E01000470",590,116,52,64,0,404,35,369,67,58,9,3
"2011","Bexley 003A","E01000333",793,472,197,275,1,155,16,139,157,142,15,8
"2011","Bexley 003B","E01000335",638,337,117,220,6,145,21,124,136,128,8,14
"2011","Bexley 003C","E01000336",793,315,86,229,5,301,46,255,165,152,13,7
"2011","Bexley 003D","E01000337",663,463,156,307,5,73,10,63,119,113,6,3
"2011","Bexley 003E","E01000338",693,482,171,311,2,25,1,24,177,164,13,7
"2011","Bexley 004A","E01000403",990,388,198,190,103,380,37,343,112,103,9,7
"2011","Bexley 004B","E01000404",959,298,59,239,33,243,32,211,368,356,12,17
"2011","Bexley 004C","E01000405",522,341,89,252,2,71,8,63,104,97,7,4
"2011","Bexley 004D","E01000408",570,406,128,278,3,34,4,30,116,107,9,11
"2011","Bexley 005A","E01000332",611,487,261,226,1,46,6,40,71,61,10,6
"2011","Bexley 005B","E01000402",660,364,134,230,5,168,16,152,119,112,7,4
"2011","Bexley 005C","E01000406",594,428,138,290,3,30,5,25,128,123,5,5
"2011","Bexley 005D","E01000407",630,487,291,196,7,71,7,64,62,60,2,3
"2011","Bexley 006A","E01000334",640,518,250,268,12,32,5,27,74,68,6,4
"2011","Bexley 006B","E01000417",713,454,235,219,24,136,22,114,91,84,7,8
"2011","Bexley 006C","E01000419",594,556,303,253,0,8,2,6,28,26,2,2
"2011","Bexley 006D","E01000420",604,531,270,261,3,20,2,18,48,44,4,2
"2011","Bexley 006E","E01000442",626,532,273,259,1,48,6,42,40,33,7,5
"2011","Bexley 007A","E01000437",498,427,192,235,4,35,8,27,29,24,5,3
"2011","Bexley 007B","E01000438",599,503,197,306,4,13,0,13,72,65,7,7
"2011","Bexley 007C","E01000439",496,340,121,219,3,60,9,51,85,80,5,8
"2011","Bexley 007D","E01000440",517,484,261,223,1,8,2,6,17,14,3,7
"2011","Bexley 007E","E01000441",672,384,141,243,6,200,27,173,75,71,4,7
"2011","Bexley 008A","E01000373",688,100,27,73,2,534,133,401,40,37,3,12
"2011","Bexley 008B","E01000429",719,260,46,214,3,211,27,184,241,226,15,4
"2011","Bexley 008C","E01000430",678,437,102,335,7,138,17,121,90,84,6,6
"2011","Bexley 008D","E01000431",681,232,70,162,2,363,76,287,75,71,4,9
"2011","Bexley 008E","E01000432",640,381,151,230,4,180,20,160,66,61,5,9
"2011","Bexley 008F","E01000433",720,332,120,212,2,299,70,229,81,76,5,6
"2011","Bexley 008G","E01000434",596,186,59,127,2,362,32,330,43,42,1,3
"2011","Bexley 009A","E01000356",628,556,335,221,2,6,1,5,59,56,3,5
"2011","Bexley 009B","E01000357",488,457,208,249,0,7,2,5,23,20,3,1
"2011","Bexley 009C","E01000359",488,453,227,226,0,4,2,2,27,24,3,4
"2011","Bexley 009D","E01000421",603,580,345,235,2,3,0,3,16,12,4,2
"2011","Bexley 009E","E01000450",645,465,190,275,11,124,16,108,43,38,5,2
"2011","Bexley 009F","E01000451",621,573,214,359,2,10,2,8,34,33,1,2
"2011","Bexley 009G","E01000452",495,458,164,294,2,9,1,8,22,15,7,4
"2011","Bexley 010A","E01000367",605,341,154,187,27,189,31,158,43,40,3,5
"2011","Bexley 010B","E01000368",632,316,101,215,10,261,24,237,42,36,6,3
"2011","Bexley 010C","E01000372",593,345,135,210,4,203,40,163,35,31,4,6
"2011","Bexley 010D","E01000380",758,305,92,213,47,317,7,310,80,77,3,9
"2011","Bexley 010E","E01000435",597,345,148,197,3,179,23,156,67,57,10,3
"2011","Bexley 011A","E01000353",662,639,369,270,2,6,3,3,12,10,2,3
"2011","Bexley 011B","E01000354",623,439,189,250,1,137,19,118,40,37,3,6
"2011","Bexley 011C","E01000355",613,579,323,256,2,6,1,5,21,19,2,5
"2011","Bexley 011D","E01000358",659,577,308,269,3,16,2,14,57,53,4,6
"2011","Bexley 011E","E01000436",615,562,279,283,0,11,0,11,41,40,1,1
"2011","Bexley 013A","E01000401",637,393,155,238,6,141,20,121,91,80,11,6
"2011","Bexley 013B","E01000453",513,469,193,276,0,5,1,4,35,30,5,4
"2011","Bexley 013C","E01000454",628,461,176,285,3,117,13,104,41,39,2,6
"2011","Bexley 013D","E01000455",605,542,252,290,3,8,1,7,46,42,4,6
"2011","Bexley 013E","E01000456",487,455,203,252,3,5,2,3,22,21,1,2
"2011","Bexley 014A","E01000325",583,542,271,271,0,5,2,3,33,28,5,3
"2011","Bexley 014B","E01000326",544,471,154,317,5,8,3,5,59,54,5,1
"2011","Bexley 014C","E01000369",626,526,230,296,5,43,9,34,49,47,2,3
"2011","Bexley 014D","E01000370",649,527,264,263,7,61,14,47,51,45,6,3
"2011","Bexley 014E","E01000371",634,566,236,330,1,11,0,11,49,38,11,7
"2011","Bexley 015A","E01000360",662,447,174,273,1,8,1,7,194,186,8,12
"2011","Bexley 015B","E01000362",626,547,311,236,0,30,8,22,42,34,8,7
"2011","Bexley 015C","E01000365",700,536,276,260,0,36,8,28,122,110,12,6
"2011","Bexley 015D","E01000366",655,529,218,311,10,22,0,22,86,81,5,8
"2011","Bexley 015E","E01000394",624,499,261,238,3,36,0,36,82,69,13,4
"2011","Bexley 016A","E01000388",621,566,315,251,10,12,1,11,30,21,9,3
"2011","Bexley 016B","E01000392",695,334,121,213,4,186,18,168,161,155,6,10
"2011","Bexley 016C","E01000409",649,606,269,337,3,5,1,4,30,27,3,5
"2011","Bexley 016D","E01000411",551,508,216,292,1,5,1,4,35,32,3,2
"2011","Bexley 016E","E01000414",674,499,261,238,14,16,1,15,137,128,9,8
"2011","Bexley 016F","E01000415",512,486,241,245,0,7,3,4,17,17,0,2
"2011","Bexley 017A","E01000327",604,533,278,255,3,32,3,29,31,27,4,5
"2011","Bexley 017B","E01000328",596,521,248,273,0,38,4,34,31,28,3,6
"2011","Bexley 017C","E01000329",517,381,194,187,0,83,10,73,49,40,9,4
"2011","Bexley 017D","E01000330",772,537,268,269,3,114,6,108,110,101,9,8
"2011","Bexley 017E","E01000331",617,403,174,229,0,171,26,145,37,34,3,6
"2011","Bexley 018A","E01000340",619,546,268,278,8,5,0,5,51,44,7,9
"2011","Bexley 018B","E01000395",499,471,228,243,0,1,1,0,22,18,4,5
"2011","Bexley 018C","E01000396",507,471,212,259,6,0,0,0,28,24,4,2
"2011","Bexley 018D","E01000410",594,531,226,305,2,4,0,4,54,52,2,3
"2011","Bexley 018E","E01000412",632,551,218,333,4,3,0,3,68,65,3,6
"2011","Bexley 018F","E01000413",505,444,176,268,3,4,1,3,50,40,10,4
"2011","Bexley 019A","E01000374",534,283,85,198,2,219,57,162,27,23,4,3
"2011","Bexley 019B","E01000375",565,394,143,251,4,122,22,100,44,42,2,1
"2011","Bexley 019C","E01000376",606,470,180,290,3,73,18,55,55,46,9,5
"2011","Bexley 019D","E01000377",649,543,244,299,3,39,4,35,59,51,8,5
"2011","Bexley 019E","E01000378",968,630,239,391,3,144,29,115,177,165,12,14
"2011","Bexley 019F","E01000379",663,488,190,298,2,118,17,101,54,52,2,1
"2011","Bexley 020A","E01000348",523,500,215,285,1,4,0,4,14,14,0,4
"2011","Bexley 020B","E01000349",650,601,299,302,0,9,2,7,36,30,6,4
"2011","Bexley 020C","E01000361",602,496,213,283,1,32,1,31,68,62,6,5
"2011","Bexley 020D","E01000363",565,503,255,248,0,7,0,7,55,49,6,0
"2011","Bexley 020E","E01000389",714,538,262,276,17,82,4,78,75,71,4,2
"2011","Bexley 020F","E01000390",515,452,230,222,3,29,3,26,29,27,2,2
"2011","Bexley 020G","E01000393",640,535,222,313,6,12,1,11,76,66,10,11
"2011","Bexley 021A","E01000346",625,580,246,334,1,6,0,6,37,32,5,1
"2011","Bexley 021B","E01000347",618,513,217,296,3,37,3,34,63,62,1,2
"2011","Bexley 021C","E01000350",521,458,216,242,2,7,0,7,53,45,8,1
"2011","Bexley 021D","E01000352",676,523,215,308,7,44,7,37,95,92,3,7
"2011","Bexley 021E","E01000391",644,547,219,328,3,41,7,34,47,43,4,6
"2011","Bexley 022A","E01000341",610,561,288,273,1,9,0,9,38,34,4,1
"2011","Bexley 022B","E01000342",644,568,222,346,6,4,2,2,60,53,7,6
"2011","Bexley 022C","E01000343",550,483,207,276,2,3,0,3,57,55,2,5
"2011","Bexley 022D","E01000345",487,448,184,264,3,2,1,1,32,30,2,2
"2011","Bexley 022E","E01000460",498,446,203,243,1,5,0,5,45,41,4,1
"2011","Bexley 023A","E01000364",651,539,283,256,0,38,6,32,68,63,5,6
"2011","Bexley 023B","E01000444",626,570,326,244,0,4,1,3,45,39,6,7
"2011","Bexley 023C","E01000447",713,494,215,279,4,64,3,61,142,134,8,9
"2011","Bexley 023D","E01000448",504,488,269,219,0,3,0,3,11,10,1,2
"2011","Bexley 023E","E01000449",648,575,343,232,0,18,1,17,52,49,3,3
"2011","Bexley 024A","E01000351",616,566,269,297,0,4,0,4,43,38,5,3
"2011","Bexley 024B","E01000443",510,390,166,224,4,81,10,71,34,31,3,1
"2011","Bexley 024C","E01000445",687,623,366,257,0,3,0,3,54,49,5,7
"2011","Bexley 024D","E01000446",602,538,198,340,2,5,1,4,53,45,8,4
"2011","Bexley 024E","E01000461",569,533,250,283,1,6,1,5,24,22,2,5
"2011","Bexley 025A","E01000339",602,439,201,238,3,121,2,119,35,34,1,4
"2011","Bexley 025B","E01000344",646,560,262,298,2,13,4,9,64,58,6,7
"2011","Bexley 025C","E01000423",609,570,275,295,3,6,1,5,27,24,3,3
"2011","Bexley 025D","E01000425",590,568,285,283,1,6,0,6,13,12,1,2
"2011","Bexley 025E","E01000463",452,416,177,239,2,2,0,2,29,25,4,3
"2011","Bexley 026A","E01000424",765,655,305,350,1,36,1,35,69,63,6,4
"2011","Bexley 026B","E01000426",712,529,207,322,6,60,8,52,110,102,8,7
"2011","Bexley 026C","E01000427",922,672,376,296,10,149,18,131,84,77,7,7
"2011","Bexley 026D","E01000457",825,493,271,222,37,36,2,34,253,234,19,6
"2011","Bexley 026E","E01000462",738,460,238,222,2,75,3,72,191,178,13,10
"2011","Bexley 027A","E01000382",587,523,274,249,0,29,3,26,32,31,1,3
"2011","Bexley 027B","E01000384",780,533,234,299,4,116,9,107,122,111,11,5
"2011","Bexley 027C","E01000387",618,534,275,259,2,39,6,33,41,39,2,2
"2011","Bexley 027D","E01000428",882,364,199,165,1,333,5,328,175,168,7,9
"2011","Bexley 027E","E01000458",631,517,306,211,0,47,2,45,64,60,4,3
"2011","Bexley 027F","E01000459",781,493,307,186,9,130,4,126,141,129,12,8
"2011","Bexley 028A","E01000381",660,417,164,253,9,169,21,148,58,52,6,7
"2011","Bexley 028B","E01000383",633,511,267,244,0,82,9,73,33,29,4,7
"2011","Bexley 028C","E01000385",770,328,128,200,38,316,49,267,74,73,1,14
"2011","Bexley 028D","E01000386",659,243,97,146,10,322,40,282,80,75,5,4
"2011","Bexley 029A","E01000398",611,436,203,233,7,113,19,94,48,44,4,7
"2011","Bexley 029B","E01000399",619,502,259,243,1,45,6,39,66,57,9,5
"2011","Bexley 029C","E01000400",590,476,218,258,2,39,4,35,72,65,7,1
"2011","Bexley 029D","E01032566",747,472,207,265,9,191,30,161,71,68,3,4
"2011","Brent 001A","E01000587",458,350,184,166,1,15,3,12,86,82,4,6
"2011","Brent 001B","E01000589",592,394,218,176,8,51,4,47,125,122,3,14
"2011","Brent 001C","E01000590",626,436,228,208,6,53,13,40,125,119,6,6
"2011","Brent 001D","E01000592",525,319,169,150,4,96,11,85,99,95,4,7
"2011","Brent 001E","E01000593",680,359,146,213,37,145,12,133,127,124,3,12
"2011","Brent 001F","E01000594",527,318,163,155,3,42,21,21,156,147,9,8
"2011","Brent 002A","E01000513",471,322,151,171,3,25,15,10,106,98,8,15
"2011","Brent 002B","E01000514",495,326,135,191,5,25,11,14,136,129,7,3
"2011","Brent 002C","E01000516",517,337,167,170,1,18,2,16,154,150,4,7
"2011","Brent 002D","E01000520",586,329,155,174,1,89,41,48,157,155,2,10
"2011","Brent 002E","E01000588",669,285,142,143,36,239,19,220,102,100,2,7
"2011","Brent 003A","E01000515",628,237,92,145,12,198,89,109,173,166,7,8
"2011","Brent 003B","E01000517",491,344,206,138,3,12,7,5,128,125,3,4
"2011","Brent 003E","E01000543",500,307,178,129,3,59,43,16,123,115,8,8
"2011","Brent 003F","E01000591",650,348,186,162,7,80,39,41,203,192,11,12
"2011","Brent 003G","E01033463",848,632,363,269,4,49,37,12,153,141,12,10
"2011","Brent 004A","E01000536",522,382,222,160,0,17,6,11,116,106,10,7
"2011","Brent 004B","E01000538",478,420,211,209,1,2,0,2,51,50,1,4
"2011","Brent 004C","E01000539",548,405,226,179,3,41,1,40,88,88,0,11
"2011","Brent 004D","E01000540",471,400,229,171,0,5,2,3,62,59,3,4
"2011","Brent 004E","E01000541",499,291,139,152,1,44,36,8,152,140,12,11
"2011","Brent 005A","E01000518",557,299,130,169,5,133,73,60,111,105,6,9
"2011","Brent 005B","E01000519",629,307,134,173,1,106,80,26,206,200,6,9
"2011","Brent 005C","E01000623",541,367,193,174,0,29,19,10,138,129,9,7
"2011","Brent 005D","E01000624",594,451,225,226,2,21,11,10,113,108,5,7
"2011","Brent 005E","E01000629",605,421,195,226,4,28,17,11,146,139,7,6
"2011","Brent 006A","E01000480",535,396,187,209,2,11,3,8,122,119,3,4
"2011","Brent 006B","E01000484",423,123,53,70,24,214,58,156,56,55,1,6
"2011","Brent 006C","E01000485",488,217,92,125,2,153,128,25,111,103,8,5
"2011","Brent 006D","E01000486",532,363,190,173,3,16,8,8,143,132,11,7
"2011","Brent 006E","E01000487",674,326,174,152,3,88,16,72,242,231,11,15
"2011","Brent 007A","E01000572",462,332,173,159,4,20,4,16,98,95,3,8
"2011","Brent 007B","E01000573",474,334,178,156,2,19,6,13,114,101,13,5
"2011","Brent 007C","E01000574",428,293,154,139,4,24,3,21,100,99,1,7
"2011","Brent 007D","E01000575",625,317,146,171,6,43,7,36,251,244,7,8
"2011","Brent 007E","E01000577",793,166,50,116,37,271,71,200,302,287,15,17
"2011","Brent 008A","E01000562",480,374,191,183,12,35,5,30,52,50,2,7
"2011","Brent 008B","E01000563",474,403,209,194,3,14,5,9,48,44,4,6
"2011","Brent 008C","E01000566",475,385,188,197,3,15,8,7,68,63,5,4
"2011","Brent 008D","E01000568",787,198,114,84,8,366,13,353,208,188,20,7
"2011","Brent 008E","E01000569",480,408,197,211,0,11,5,6,58,54,4,3
"2011","Brent 009A","E01000479",510,401,201,200,2,12,1,11,88,85,3,7
"2011","Brent 009B","E01000481",610,204,91,113,7,172,130,42,221,218,3,6
"2011","Brent 009C","E01000482",992,159,70,89,66,500,114,386,249,243,6,18
"2011","Brent 009D","E01000483",643,171,62,109,6,274,70,204,183,174,9,9
"2011","Brent 009E","E01000625",557,305,145,160,4,89,14,75,141,134,7,18
"2011","Brent 010B","E01000498",457,285,157,128,1,69,16,53,98,97,1,4
"2011","Brent 010D","E01000622",636,264,108,156,7,83,55,28,278,270,8,4
"2011","Brent 010E","E01000626",590,89,29,60,36,335,33,302,126,118,8,4
"2011","Brent 010F","E01033464",813,504,310,194,5,103,25,78,196,185,11,5
"2011","Brent 011A","E01000497",586,309,150,159,28,99,25,74,146,141,5,4
"2011","Brent 011B","E01000499",500,237,142,95,2,98,43,55,152,146,6,11
"2011","Brent 011C","E01000501",734,244,101,143,17,335,161,174,129,119,10,9
"2011","Brent 011D","E01000502",453,264,113,151,2,69,22,47,112,109,3,6
"2011","Brent 011E","E01000503",721,364,200,164,5,171,128,43,171,163,8,10
"2011","Brent 012A","E01000570",513,263,113,150,4,110,92,18,134,125,9,2
"2011","Brent 012B","E01000571",477,330,165,165,3,12,1,11,124,123,1,8
"2011","Brent 012C","E01000576",534,338,187,151,6,31,6,25,150,139,11,9
"2011","Brent 012D","E01000578",689,355,219,136,34,101,5,96,188,181,7,11
"2011","Brent 013A","E01000564",460,241,101,140,4,28,7,21,174,169,5,13
"2011","Brent 013B","E01000565",497,261,115,146,9,125,78,47,90,87,3,12
"2011","Brent 013C","E01000607",667,421,179,242,4,27,10,17,203,192,11,12
"2011","Brent 013D","E01000608",734,321,140,181,4,138,69,69,264,249,15,7
"2011","Brent 013E","E01000613",639,235,78,157,5,106,14,92,286,277,9,7
"2011","Brent 014A","E01000506",657,184,70,114,12,163,47,116,294,288,6,4
"2011","Brent 014B","E01000509",430,272,159,113,0,29,8,21,124,117,7,5
"2011","Brent 014C","E01000510",533,234,126,108,6,57,19,38,225,211,14,11
"2011","Brent 014D","E01000511",543,258,114,144,3,55,15,40,218,208,10,9
"2011","Brent 014E","E01000627",653,218,101,117,8,212,91,121,203,194,9,12
"2011","Brent 014F","E01000628",633,284,130,154,11,126,53,73,206,204,2,6
"2011","Brent 015A","E01000553",696,261,136,125,1,101,24,77,330,318,12,3
"2011","Brent 015B","E01000554",683,309,125,184,3,112,29,83,251,235,16,8
"2011","Brent 015C","E01000555",512,291,151,140,3,45,22,23,162,159,3,11
"2011","Brent 015D","E01000556",800,126,74,52,3,153,35,118,511,498,13,7
"2011","Brent 015E","E01000557",751,223,99,124,7,81,17,64,434,427,7,6
"2011","Brent 015F","E01000558",665,265,114,151,4,138,47,91,253,246,7,5
"2011","Brent 016A","E01000567",486,297,138,159,9,76,23,53,95,94,1,9
"2011","Brent 016B","E01000606",567,323,156,167,5,70,28,42,162,156,6,7
"2011","Brent 016C","E01000609",640,355,150,205,4,78,12,66,198,185,13,5
"2011","Brent 016D","E01000611",454,201,90,111,2,113,89,24,130,124,6,8
"2011","Brent 017B","E01000615",563,244,110,134,2,41,11,30,268,257,11,8
"2011","Brent 017C","E01000617",528,310,166,144,0,67,16,51,143,134,9,8
"2011","Brent 017D","E01000618",500,344,181,163,7,57,7,50,83,82,1,9
"2011","Brent 017E","E01000619",473,345,201,144,8,33,16,17,81,78,3,6
"2011","Brent 017F","E01033424",638,42,16,26,107,265,105,160,216,202,14,8
"2011","Brent 017G","E01033457",562,251,117,134,5,24,6,18,281,272,9,1
"2011","Brent 018A","E01000504",676,276,127,149,2,140,83,57,253,237,16,5
"2011","Brent 018B","E01000505",525,248,156,92,5,151,24,127,113,105,8,8
"2011","Brent 018C","E01000507",508,295,173,122,4,76,30,46,128,124,4,5
"2011","Brent 018D","E01000512",610,338,160,178,0,69,23,46,200,194,6,3
"2011","Brent 018E","E01000559",650,200,70,130,13,157,28,129,278,268,10,2
"2011","Brent 019A","E01000610",621,310,144,166,0,108,35,73,193,187,6,10
"2011","Brent 019B","E01000612",521,280,128,152,4,88,66,22,142,128,14,7
"2011","Brent 019C","E01000631",522,324,174,150,19,18,11,7,155,144,11,6
"2011","Brent 019D","E01000633",554,263,153,110,1,54,20,34,220,205,15,16
"2011","Brent 019E","E01000634",696,302,112,190,7,121,32,89,261,246,15,5
"2011","Brent 020A","E01000616",586,270,146,124,4,55,24,31,250,244,6,7
"2011","Brent 020B","E01000620",500,325,187,138,0,18,5,13,139,132,7,18
"2011","Brent 020C","E01000621",514,301,157,144,5,24,15,9,178,170,8,6
"2011","Brent 020D","E01000635",774,288,115,173,33,143,41,102,305,285,20,5
"2011","Brent 020E","E01000636",518,319,171,148,6,24,5,19,164,156,8,5
"2011","Brent 021A","E01000596",640,121,52,69,1,396,258,138,97,96,1,25
"2011","Brent 021B","E01000601",477,91,34,57,4,286,114,172,86,78,8,10
"2011","Brent 021C","E01000602",512,160,79,81,6,292,253,39,44,43,1,10
"2011","Brent 021D","E01000603",576,170,61,109,35,172,36,136,194,185,9,5
"2011","Brent 021E","E01000604",548,96,24,72,11,397,353,44,41,41,0,3
"2011","Brent 021F","E01000605",553,98,42,56,3,413,325,88,32,30,2,7
"2011","Brent 022A","E01000488",533,220,98,122,3,114,83,31,191,184,7,5
"2011","Brent 022B","E01000637",636,215,93,122,6,153,20,133,251,239,12,11
"2011","Brent 022C","E01000639",716,207,88,119,3,95,10,85,400,391,9,11
"2011","Brent 022D","E01000642",915,190,74,116,50,169,43,126,490,482,8,16
"2011","Brent 022E","E01000644",728,249,113,136,15,196,35,161,254,248,6,14
"2011","Brent 023A","E01000490",787,249,92,157,4,127,28,99,395,389,6,12
"2011","Brent 023B","E01000494",724,284,138,146,6,149,69,80,272,259,13,13
"2011","Brent 023C","E01000495",850,224,90,134,8,332,190,142,273,259,14,13
"2011","Brent 023D","E01000560",727,261,124,137,1,120,39,81,334,325,9,11
"2011","Brent 023E","E01000561",823,231,101,130,10,303,279,24,275,267,8,4
"2011","Brent 024A","E01000638",715,159,77,82,6,175,26,149,366,360,6,9
"2011","Brent 024B","E01000640",802,174,85,89,31,135,15,120,448,440,8,14
"2011","Brent 024C","E01000641",715,195,90,105,7,205,29,176,295,287,8,13
"2011","Brent 024D","E01000643",840,151,59,92,61,497,130,367,117,101,16,14
"2011","Brent 025A","E01000508",716,168,81,87,19,295,71,224,221,217,4,13
"2011","Brent 025B","E01000521",905,161,72,89,10,333,66,267,386,376,10,15
"2011","Brent 025C","E01000522",710,233,88,145,7,303,63,240,155,149,6,12
"2011","Brent 025D","E01000526",813,133,51,82,23,534,89,445,112,108,4,11
"2011","Brent 025E","E01000527",813,254,116,138,6,247,43,204,285,273,12,21
"2011","Brent 025F","E01000528",600,71,21,50,19,441,68,373,55,52,3,14
"2011","Brent 026A","E01000471",469,308,119,189,4,49,38,11,103,92,11,5
"2011","Brent 026B","E01000474",501,297,124,173,2,111,94,17,87,75,12,4
"2011","Brent 026C","E01000476",455,321,168,153,1,40,30,10,86,75,11,7
"2011","Brent 026D","E01000477",656,334,124,210,1,71,31,40,242,231,11,8
"2011","Brent 026E","E01000630",768,224,97,127,31,311,106,205,192,186,6,10
"2011","Brent 027A","E01000595",582,147,72,75,13,286,73,213,125,121,4,11
"2011","Brent 027D","E01000599",489,24,4,20,48,367,124,243,41,40,1,9
"2011","Brent 027E","E01000600",783,95,34,61,30,480,230,250,168,158,10,10
"2011","Brent 027F","E01033456",743,69,25,44,6,589,254,335,63,60,3,16
"2011","Brent 028A","E01000545",856,222,83,139,1,207,81,126,413,392,21,13
"2011","Brent 028B","E01000546",756,250,112,138,7,150,31,119,345,335,10,4
"2011","Brent 028C","E01000547",768,287,120,167,2,214,22,192,254,248,6,11
"2011","Brent 028D","E01000548",1014,266,90,176,8,295,160,135,438,419,19,7
"2011","Brent 028E","E01000549",883,411,153,258,8,142,25,117,316,306,10,6
"2011","Brent 029A","E01000472",512,208,72,136,1,29,7,22,268,260,8,6
"2011","Brent 029B","E01000473",520,248,136,112,23,64,26,38,172,153,19,13
"2011","Brent 029C","E01000475",596,305,143,162,16,95,14,81,170,160,10,10
"2011","Brent 029D","E01000478",447,287,147,140,2,45,13,32,102,92,10,11
"2011","Brent 029E","E01000632",548,345,202,143,3,13,3,10,172,158,14,15
"2011","Brent 030A","E01000489",593,297,153,144,3,143,58,85,137,131,6,13
"2011","Brent 030B","E01000491",806,354,162,192,2,195,104,91,233,225,8,22
"2011","Brent 030C","E01000492",467,324,157,167,1,45,14,31,94,89,5,3
"2011","Brent 030D","E01000493",578,412,216,196,1,42,14,28,111,104,7,12
"2011","Brent 030E","E01000581",603,272,132,140,1,120,33,87,200,190,10,10
"2011","Brent 031A","E01000523",993,264,93,171,8,322,77,245,381,372,9,18
"2011","Brent 031B","E01000524",1035,157,54,103,33,403,59,344,425,411,14,17
"2011","Brent 031C","E01000525",785,178,67,111,9,348,78,270,247,238,9,3
"2011","Brent 031E","E01000533",952,193,73,120,25,370,89,281,346,336,10,18
"2011","Brent 031F","E01000535",829,348,123,225,6,130,23,107,335,318,17,10
"2011","Brent 031G","E01033455",501,105,41,64,8,117,32,85,266,256,10,5
"2011","Brent 031H","E01033485",789,170,75,95,1,307,126,181,303,293,10,8
"2011","Brent 032A","E01000579",683,312,133,179,8,158,65,93,200,188,12,5
"2011","Brent 032B","E01000580",821,438,209,229,2,161,100,61,209,198,11,11
"2011","Brent 032C","E01000582",720,378,184,194,0,105,34,71,221,210,11,16
"2011","Brent 032D","E01000583",1017,367,150,217,4,227,113,114,406,390,16,13
"2011","Brent 032E","E01000586",1093,281,90,191,17,247,152,95,531,522,9,17
"2011","Brent 033A","E01000530",700,422,208,214,4,93,25,68,174,167,7,7
"2011","Brent 033B","E01000531",908,285,129,156,28,233,39,194,349,334,15,13
"2011","Brent 033C","E01000532",733,293,121,172,3,272,107,165,153,143,10,12
"2011","Brent 033D","E01000534",651,370,145,225,2,97,21,76,175,167,8,7
"2011","Brent 033E","E01000584",619,373,183,190,4,77,20,57,157,151,6,8
"2011","Brent 033F","E01000585",718,351,147,204,4,154,54,100,205,200,5,4
"2011","Brent 034A","E01000544",742,113,33,80,23,471,436,35,128,121,7,7
"2011","Brent 034B","E01000550",906,154,58,96,22,540,304,236,179,162,17,11
"2011","Brent 034C","E01000551",940,98,38,60,9,746,623,123,82,77,5,5
"2011","Brent 034D","E01000552",793,40,18,22,8,680,556,124,49,44,5,16
"2011","Bromley 001A","E01000779",551,413,210,203,1,49,5,44,76,71,5,12
"2011","Bromley 001B","E01000780",628,366,165,201,5,181,18,163,64,61,3,12
"2011","Bromley 001C","E01000781",614,251,77,174,19,287,35,252,52,50,2,5
"2011","Bromley 001D","E01000782",647,240,83,157,2,313,50,263,87,81,6,5
"2011","Bromley 001E","E01000783",626,304,102,202,5,243,33,210,66,63,3,8
"2011","Bromley 001F","E01000785",609,320,130,190,8,241,33,208,36,34,2,4
"2011","Bromley 002A","E01000689",612,361,159,202,4,148,21,127,91,86,5,8
"2011","Bromley 002B","E01000690",534,467,199,268,1,32,4,28,31,30,1,3
"2011","Bromley 002C","E01000691",619,427,176,251,0,121,6,115,64,57,7,7
"2011","Bromley 002D","E01000692",659,505,225,280,0,30,1,29,119,111,8,5
"2011","Bromley 002E","E01000784",582,462,168,294,5,45,4,41,67,64,3,3
"2011","Bromley 004A","E01000799",719,401,133,268,7,121,4,117,179,173,6,11
"2011","Bromley 004B","E01000802",750,405,136,269,5,186,15,171,149,139,10,5
"2011","Bromley 004C","E01000803",730,362,124,238,20,179,11,168,161,153,8,8
"2011","Bromley 004D","E01000804",548,464,221,243,0,25,1,24,57,50,7,2
"2011","Bromley 004E","E01000805",717,408,151,257,11,149,10,139,145,136,9,4
"2011","Bromley 005A","E01000740",871,287,65,222,9,195,26,169,374,360,14,6
"2011","Bromley 005B","E01000741",842,296,74,222,1,314,26,288,226,216,10,5
"2011","Bromley 005C","E01000742",1044,384,92,292,21,276,29,247,356,345,11,7
"2011","Bromley 005D","E01000745",883,384,110,274,7,225,18,207,261,255,6,6
"2011","Bromley 005E","E01000746",949,424,137,287,1,200,12,188,317,308,9,7
"2011","Bromley 006A","E01000709",787,436,226,210,2,155,12,143,185,177,8,9
"2011","Bromley 006B","E01000710",862,548,257,291,12,58,8,50,239,227,12,5
"2011","Bromley 006C","E01000711",1012,529,257,272,8,119,6,113,341,327,14,15
"2011","Bromley 006D","E01000714",1036,541,254,287,3,50,2,48,425,414,11,17
"2011","Bromley 006E","E01000718",971,427,156,271,28,321,16,305,179,171,8,16
"2011","Bromley 007A","E01000645",536,498,264,234,0,3,0,3,28,28,0,7
"2011","Bromley 007B","E01000649",774,623,327,296,12,46,0,46,88,83,5,5
"2011","Bromley 007C","E01000694",635,591,350,241,4,6,1,5,29,27,2,5
"2011","Bromley 007D","E01000695",614,519,267,252,1,25,0,25,61,58,3,8
"2011","Bromley 007E","E01000696",637,545,321,224,2,5,0,5,75,73,2,10
"2011","Bromley 007F","E01000697",765,584,260,324,2,13,0,13,155,144,11,11
"2011","Bromley 008A","E01000674",802,476,187,289,2,161,17,144,160,154,6,3
"2011","Bromley 008B","E01000676",866,356,150,206,2,207,13,194,277,260,17,24
"2011","Bromley 008C","E01000820",643,376,161,215,0,141,6,135,121,116,5,5
"2011","Bromley 008D","E01000822",727,449,180,269,1,119,29,90,152,137,15,6
"2011","Bromley 008E","E01000823",747,497,170,327,4,62,0,62,179,164,15,5
"2011","Bromley 008F","E01000824",514,313,96,217,0,80,6,74,114,111,3,7
"2011","Bromley 008G","E01000825",807,465,207,258,13,101,3,98,217,208,9,11
"2011","Bromley 009A","E01000743",841,182,51,131,53,397,58,339,205,196,9,4
"2011","Bromley 009B","E01000744",682,172,58,114,4,422,47,375,76,71,5,8
"2011","Bromley 009C","E01000796",638,105,27,78,4,475,56,419,50,46,4,4
"2011","Bromley 009D","E01000798",693,160,50,110,1,393,40,353,135,124,11,4
"2011","Bromley 009E","E01000800",780,308,100,208,19,231,26,205,218,212,6,4
"2011","Bromley 009F","E01000806",768,188,50,138,10,307,45,262,256,247,9,7
"2011","Bromley 010A","E01000693",570,444,270,174,0,47,8,39,61,56,5,18
"2011","Bromley 010B","E01000698",439,420,249,171,0,6,1,5,8,7,1,5
"2011","Bromley 010C","E01000736",618,394,152,242,6,188,23,165,22,20,2,8
"2011","Bromley 010D","E01000737",580,342,148,194,4,186,21,165,39,32,7,9
"2011","Bromley 011A","E01000672",650,506,238,268,8,22,1,21,112,105,7,2
"2011","Bromley 011B","E01000673",630,498,205,293,1,51,7,44,78,73,5,2
"2011","Bromley 011C","E01000716",702,525,292,233,2,43,6,37,128,122,6,4
"2011","Bromley 011D","E01000717",889,578,271,307,4,51,8,43,251,235,16,5
"2011","Bromley 011E","E01000828",766,538,266,272,1,102,4,98,115,109,6,10
"2011","Bromley 012A","E01000712",862,576,291,285,1,21,1,20,251,230,21,13
"2011","Bromley 012B","E01000713",885,603,278,325,0,38,1,37,236,220,16,8
"2011","Bromley 012C","E01000715",885,627,314,313,3,47,1,46,193,179,14,15
"2011","Bromley 012D","E01000770",691,529,346,183,2,6,1,5,133,123,10,21
"2011","Bromley 012E","E01000772",734,596,358,238,3,31,0,31,98,95,3,6
"2011","Bromley 013A","E01000700",666,429,112,317,34,117,6,111,80,78,2,6
"2011","Bromley 013B","E01000702",572,413,146,267,1,46,4,42,107,104,3,5
"2011","Bromley 013C","E01000703",694,423,162,261,13,67,4,63,186,176,10,5
"2011","Bromley 013D","E01000706",591,403,145,258,1,104,20,84,79,74,5,4
"2011","Bromley 013E","E01000797",679,479,197,282,2,95,9,86,91,87,4,12
"2011","Bromley 014A","E01000729",824,253,116,137,34,493,75,418,42,38,4,2
"2011","Bromley 014B","E01000730",649,231,79,152,13,355,58,297,45,41,4,5
"2011","Bromley 014C","E01000735",562,305,125,180,8,206,24,182,38,34,4,5
"2011","Bromley 014D","E01000738",632,477,219,258,2,95,11,84,54,48,6,4
"2011","Bromley 014E","E01000739",634,251,106,145,6,336,31,305,32,27,5,9
"2011","Bromley 015A","E01000699",648,333,95,238,4,136,6,130,171,162,9,4
"2011","Bromley 015B","E01000701",599,430,137,293,12,51,1,50,104,99,5,2
"2011","Bromley 015C","E01000704",593,467,172,295,10,30,2,28,79,72,7,7
"2011","Bromley 015D","E01000705",565,345,119,226,2,106,13,93,104,98,6,8
"2011","Bromley 015E","E01000801",650,398,163,235,6,128,17,111,117,108,9,1
"2011","Bromley 016A","E01000646",728,493,228,265,3,35,2,33,187,174,13,10
"2011","Bromley 016B","E01000647",635,508,177,331,1,31,6,25,89,80,9,6
"2011","Bromley 016C","E01000648",646,522,198,324,4,21,2,19,94,84,10,5
"2011","Bromley 016D","E01000653",608,498,303,195,1,63,2,61,42,40,2,4
"2011","Bromley 016E","E01000678",666,485,212,273,15,45,0,45,115,109,6,6
"2011","Bromley 018A","E01000670",864,526,268,258,1,84,2,82,244,235,9,9
"2011","Bromley 018B","E01000675",690,434,203,231,2,25,3,22,219,209,10,10
"2011","Bromley 018C","E01000677",800,528,176,352,5,32,5,27,229,220,9,6
"2011","Bromley 018D","E01000762",743,597,317,280,6,16,0,16,119,111,8,5
"2011","Bromley 018E","E01000829",734,523,225,298,0,44,1,43,158,154,4,9
"2011","Bromley 019A","E01000719",853,465,175,290,59,212,33,179,109,93,16,8
"2011","Bromley 019B","E01000720",668,349,112,237,5,219,37,182,90,79,11,5
"2011","Bromley 019C","E01000721",524,175,53,122,11,301,53,248,33,30,3,4
"2011","Bromley 019D","E01000724",674,257,85,172,1,381,67,314,32,25,7,3
"2011","Bromley 019E","E01000728",657,454,226,228,2,115,23,92,74,61,13,12
"2011","Bromley 020A","E01000651",631,488,226,262,2,71,5,66,63,61,2,7
"2011","Bromley 020B","E01000668",691,487,173,314,0,55,2,53,141,136,5,8
"2011","Bromley 020C","E01000669",740,566,211,355,6,45,6,39,118,108,10,5
"2011","Bromley 020D","E01000671",784,492,215,277,28,97,3,94,159,156,3,8
"2011","Bromley 020E","E01000679",662,538,185,353,7,19,2,17,93,82,11,5
"2011","Bromley 021A","E01000826",563,539,273,266,0,0,0,0,21,21,0,3
"2011","Bromley 021B","E01000827",790,604,354,250,1,36,0,36,142,130,12,7
"2011","Bromley 021C","E01000830",544,524,295,229,1,2,2,0,13,12,1,4
"2011","Bromley 021D","E01000831",789,586,341,245,3,77,4,73,118,113,5,5
"2011","Bromley 021E","E01000833",497,472,222,250,1,3,1,2,18,16,2,3
"2011","Bromley 022A","E01000650",750,562,282,280,1,127,4,123,54,51,3,6
"2011","Bromley 022B","E01000652",659,595,316,279,2,20,0,20,36,34,2,6
"2011","Bromley 022C","E01000807",595,483,254,229,1,17,0,17,89,81,8,5
"2011","Bromley 022D","E01000809",629,585,313,272,0,9,2,7,26,22,4,9
"2011","Bromley 023A","E01000722",704,492,195,297,7,87,11,76,111,104,7,7
"2011","Bromley 023B","E01000725",775,405,162,243,6,233,14,219,122,114,8,9
"2011","Bromley 023C","E01000731",532,352,152,200,6,141,18,123,29,27,2,4
"2011","Bromley 023D","E01000732",587,472,221,251,1,83,19,64,25,22,3,6
"2011","Bromley 023E","E01000733",651,457,211,246,18,137,16,121,36,31,5,3
"2011","Bromley 024A","E01000769",454,362,159,203,0,69,1,68,20,12,8,3
"2011","Bromley 024B","E01000773",605,470,215,255,1,89,0,89,40,36,4,5
"2011","Bromley 024C","E01000775",867,710,297,413,4,38,4,34,105,101,4,10
"2011","Bromley 024D","E01000777",565,498,227,271,1,8,1,7,54,51,3,4
"2011","Bromley 024E","E01000778",618,496,200,296,2,83,20,63,35,34,1,2
"2011","Bromley 025A","E01000808",625,555,276,279,0,36,2,34,25,25,0,9
"2011","Bromley 025B","E01000810",599,569,321,248,0,1,0,1,26,23,3,3
"2011","Bromley 025C","E01000811",571,478,220,258,1,5,0,5,84,81,3,3
"2011","Bromley 025D","E01000813",637,594,343,251,1,5,0,5,27,24,3,10
"2011","Bromley 025E","E01000815",562,542,302,240,2,2,0,2,13,11,2,3
"2011","Bromley 026A","E01000661",671,228,87,141,3,381,59,322,49,45,4,10
"2011","Bromley 026B","E01000662",680,490,204,286,20,128,21,107,39,37,2,3
"2011","Bromley 026C","E01000663",660,437,179,258,1,184,27,157,26,26,0,12
"2011","Bromley 026D","E01000664",612,450,205,245,1,128,24,104,28,26,2,5
"2011","Bromley 027A","E01000763",523,499,236,263,1,3,0,3,18,17,1,2
"2011","Bromley 027B","E01000764",633,526,255,271,1,84,9,75,22,18,4,0
"2011","Bromley 027C","E01000766",645,628,321,307,0,3,0,3,11,10,1,3
"2011","Bromley 027D","E01000767",598,567,275,292,0,3,0,3,25,25,0,3
"2011","Bromley 027E","E01000834",461,428,156,272,2,5,0,5,22,17,5,4
"2011","Bromley 028A","E01000727",687,523,278,245,4,78,5,73,77,69,8,5
"2011","Bromley 028B","E01000734",507,400,186,214,2,53,12,41,51,44,7,1
"2011","Bromley 028C","E01000790",872,521,251,270,23,95,8,87,225,211,14,8
"2011","Bromley 028D","E01000812",663,515,254,261,2,71,10,61,69,61,8,6
"2011","Bromley 028E","E01000814",564,544,292,252,1,0,0,0,18,17,1,1
"2011","Bromley 029A","E01000723",561,517,304,213,2,12,2,10,24,22,2,6
"2011","Bromley 029B","E01000726",590,489,257,232,9,15,0,15,72,69,3,5
"2011","Bromley 029C","E01000787",667,508,263,245,6,99,15,84,52,49,3,2
"2011","Bromley 029D","E01000788",618,461,231,230,18,89,14,75,45,40,5,5
"2011","Bromley 029E","E01000791",621,537,307,230,3,47,4,43,29,23,6,5
"2011","Bromley 030A","E01000832",572,514,276,238,1,4,0,4,39,34,5,14
"2011","Bromley 030B","E01000835",648,478,236,242,1,20,0,20,141,129,12,8
"2011","Bromley 030C","E01000836",500,471,198,273,2,4,1,3,20,17,3,3
"2011","Bromley 030D","E01000837",647,519,277,242,2,50,5,45,63,60,3,13
"2011","Bromley 030E","E01000838",548,507,278,229,1,8,0,8,28,23,5,4
"2011","Bromley 030F","E01000839",550,494,260,234,14,4,0,4,35,33,2,3
"2011","Bromley 030G","E01000840",685,525,304,221,0,144,2,142,12,10,2,4
"2011","Bromley 030H","E01000841",606,550,298,252,0,8,2,6,42,36,6,6
"2011","Bromley 031A","E01000753",750,685,418,267,1,6,1,5,48,43,5,10
"2011","Bromley 031B","E01000754",743,640,355,285,3,12,1,11,83,78,5,5
"2011","Bromley 031C","E01000755",615,567,309,258,0,7,0,7,38,34,4,3
"2011","Bromley 031D","E01000757",601,578,345,233,1,3,0,3,14,13,1,5
"2011","Bromley 031E","E01000758",591,520,278,242,2,36,4,32,26,22,4,7
"2011","Bromley 032A","E01000786",627,576,384,192,0,27,3,24,20,16,4,4
"2011","Bromley 032B","E01000789",657,149,48,101,13,448,59,389,41,40,1,6
"2011","Bromley 032C","E01000792",483,382,232,150,8,61,10,51,31,26,5,1
"2011","Bromley 032D","E01000793",643,607,347,260,1,10,2,8,23,21,2,2
"2011","Bromley 032E","E01000795",542,401,187,214,1,116,15,101,22,20,2,2
"2011","Bromley 033A","E01000665",757,601,278,323,15,42,5,37,93,87,6,6
"2011","Bromley 033B","E01000666",776,691,413,278,0,5,0,5,73,70,3,7
"2011","Bromley 033C","E01000667",622,593,332,261,0,7,0,7,20,19,1,2
"2011","Bromley 033D","E01000756",594,537,308,229,0,12,3,9,36,36,0,9
"2011","Bromley 034A","E01000759",549,512,245,267,1,6,2,4,26,21,5,4
"2011","Bromley 034B","E01000760",550,466,226,240,0,14,2,12,63,57,6,7
"2011","Bromley 034C","E01000761",577,548,243,305,0,2,1,1,24,23,1,3
"2011","Bromley 034D","E01000765",679,557,265,292,2,19,2,17,94,84,10,7
"2011","Bromley 034E","E01000768",613,493,276,217,1,39,1,38,72,66,6,8
"2011","Bromley 035A","E01000681",654,624,291,333,0,3,0,3,24,21,3,3
"2011","Bromley 035B","E01000682",642,600,342,258,0,2,1,1,36,32,4,4
"2011","Bromley 035C","E01000683",705,563,233,330,5,53,5,48,80,74,6,4
"2011","Bromley 035D","E01000684",757,688,300,388,2,9,4,5,52,49,3,6
"2011","Bromley 035E","E01000794",611,577,347,230,1,9,0,9,20,16,4,4
"2011","Bromley 036A","E01000749",639,550,302,248,0,47,4,43,36,30,6,6
"2011","Bromley 036B","E01000750",665,278,140,138,2,358,9,349,21,20,1,6
"2011","Bromley 036C","E01000751",807,665,338,327,5,51,3,48,80,70,10,6
"2011","Bromley 036D","E01000752",778,647,412,235,1,57,1,56,67,57,10,6
"2011","Bromley 037A","E01000680",646,566,314,252,2,16,1,15,55,44,11,7
"2011","Bromley 037B","E01000685",618,479,208,271,5,83,11,72,49,43,6,2
"2011","Bromley 037C","E01000686",648,513,266,247,17,78,11,67,34,30,4,6
"2011","Bromley 037D","E01000687",656,576,313,263,2,13,2,11,62,57,5,3
"2011","Bromley 037E","E01000688",504,463,233,230,0,13,1,12,23,20,3,5
"2011","Bromley 039A","E01000654",486,449,165,284,4,5,0,5,26,24,2,2
"2011","Bromley 039B","E01000655",494,438,164,274,4,18,0,18,29,28,1,5
"2011","Bromley 039C","E01000656",517,489,206,283,2,6,3,3,16,16,0,4
"2011","Bromley 039D","E01000657",674,500,209,291,17,93,8,85,57,52,5,7
"2011","Bromley 039E","E01000659",520,488,174,314,0,8,1,7,23,19,4,1
"2011","Bromley 040A","E01000816",592,496,226,270,4,44,3,41,46,40,6,2
"2011","Bromley 040B","E01000818",568,503,243,260,1,33,3,30,28,23,5,3
"2011","Bromley 040C","E01000819",740,355,136,219,20,277,20,257,79,71,8,9
"2011","Bromley 040D","E01032562",623,301,134,167,1,267,42,225,47,38,9,7
"2011","Bromley 040E","E01032563",568,502,288,214,2,12,1,11,47,43,4,5
"2011","Bromley 041A","E01000707",536,477,157,320,2,9,0,9,48,44,4,0
"2011","Bromley 041B","E01000708",650,503,210,293,9,46,1,45,84,76,8,8
"2011","Bromley 041C","E01000771",620,551,269,282,1,12,2,10,47,45,2,9
"2011","Bromley 041D","E01000774",581,485,216,269,4,21,3,18,62,61,1,9
"2011","Bromley 041E","E01032568",647,361,139,222,9,193,18,175,80,75,5,4
"2011","Bromley 042A","E01000658",550,508,313,195,2,13,3,10,22,18,4,5
"2011","Bromley 042B","E01000747",773,580,294,286,14,55,3,52,118,76,42,6
"2011","Bromley 042C","E01000748",670,596,361,235,3,12,1,11,41,36,5,18
"2011","Bromley 042D","E01032570",669,566,296,270,5,37,1,36,51,44,7,10
"2011","Croydon 001A","E01001137",875,478,229,249,12,144,124,20,224,208,16,17
"2011","Croydon 001B","E01001138",774,415,160,255,21,145,63,82,186,175,11,7
"2011","Croydon 001C","E01001156",721,341,127,214,4,248,136,112,121,114,7,7
"2011","Croydon 001D","E01001162",767,337,114,223,14,260,161,99,154,146,8,2
"2011","Croydon 001E","E01001164",962,369,101,268,1,205,69,136,380,358,22,7
"2011","Croydon 002A","E01001084",665,524,278,246,3,24,5,19,101,96,5,13
"2011","Croydon 002B","E01001157",615,441,166,275,0,80,66,14,89,83,6,5
"2011","Croydon 002C","E01001159",741,495,240,255,5,67,29,38,170,155,15,4
"2011","Croydon 002D","E01001160",627,490,229,261,7,20,4,16,96,88,8,14
"2011","Croydon 002E","E01001163",798,518,189,329,36,73,42,31,163,150,13,8
"2011","Croydon 003A","E01001083",536,465,237,228,1,10,5,5,57,53,4,3
"2011","Croydon 003B","E01001086",603,471,192,279,1,28,21,7,98,96,2,5
"2011","Croydon 003C","E01001087",848,338,148,190,37,144,87,57,313,295,18,16
"2011","Croydon 003D","E01001161",566,222,78,144,5,264,184,80,72,64,8,3
"2011","Croydon 004A","E01001085",612,350,174,176,4,91,13,78,159,154,5,8
"2011","Croydon 004B","E01001088",592,386,144,242,4,109,99,10,91,88,3,2
"2011","Croydon 004C","E01001089",715,308,119,189,1,188,182,6,206,197,9,12
"2011","Croydon 004D","E01001090",922,362,139,223,38,231,140,91,283,266,17,8
"2011","Croydon 004E","E01001091",562,417,191,226,1,12,8,4,120,114,6,12
"2011","Croydon 005A","E01001147",620,282,93,189,2,170,94,76,158,147,11,8
"2011","Croydon 005B","E01001148",673,424,137,287,13,81,41,40,149,138,11,6
"2011","Croydon 005C","E01001151",671,276,93,183,1,234,95,139,150,145,5,10
"2011","Croydon 005D","E01001152",674,294,107,187,2,111,38,73,257,234,23,10
"2011","Croydon 005E","E01001158",700,375,112,263,15,122,52,70,178,163,15,10
"2011","Croydon 006A","E01001146",607,411,133,278,0,63,28,35,124,113,11,9
"2011","Croydon 006B","E01001149",619,427,129,298,4,49,12,37,129,118,11,10
"2011","Croydon 006C","E01001150",620,453,142,311,8,32,3,29,123,110,13,4
"2011","Croydon 006D","E01001153",591,394,141,253,2,70,24,46,117,106,11,8
"2011","Croydon 006E","E01001154",735,371,126,245,4,137,23,114,207,199,8,16
"2011","Croydon 007A","E01001136",927,322,93,229,12,125,30,95,449,437,12,19
"2011","Croydon 007B","E01001139",694,472,169,303,6,32,6,26,183,175,8,1
"2011","Croydon 007C","E01001140",773,495,156,339,1,73,22,51,199,187,12,5
"2011","Croydon 007D","E01001142",620,432,168,264,4,55,7,48,113,108,5,16
"2011","Croydon 007E","E01001144",797,315,80,235,5,188,76,112,284,269,15,5
"2011","Croydon 008A","E01001141",568,209,58,151,17,183,63,120,155,148,7,4
"2011","Croydon 008B","E01001143",848,375,104,271,2,259,115,144,197,191,6,15
"2011","Croydon 008C","E01001145",848,192,67,125,1,397,264,133,244,225,19,14
"2011","Croydon 008D","E01001191",823,326,100,226,5,111,16,95,371,360,11,10
"2011","Croydon 008E","E01001192",727,335,97,238,1,174,61,113,208,208,0,9
"2011","Croydon 009A","E01000994",536,378,157,221,1,25,15,10,120,111,9,12
"2011","Croydon 009B","E01000995",597,355,161,194,5,29,21,8,201,188,13,7
"2011","Croydon 009C","E01000996",443,331,129,202,6,6,2,4,97,95,2,3
"2011","Croydon 009D","E01000997",471,320,139,181,1,32,14,18,114,108,6,4
"2011","Croydon 009E","E01000999",436,323,147,176,2,22,6,16,83,78,5,6
"2011","Croydon 009F","E01001002",498,307,102,205,6,49,5,44,132,124,8,4
"2011","Croydon 010A","E01000998",629,271,90,181,9,108,43,65,237,216,21,4
"2011","Croydon 010B","E01001000",454,256,104,152,3,31,13,18,161,152,9,3
"2011","Croydon 010C","E01001003",608,264,107,157,37,131,15,116,171,155,16,5
"2011","Croydon 010D","E01001111",610,388,129,259,2,72,34,38,143,133,10,5
"2011","Croydon 010E","E01001155",761,221,68,153,20,345,273,72,168,164,4,7
"2011","Croydon 011A","E01001174",523,366,161,205,2,40,2,38,113,107,6,2
"2011","Croydon 011B","E01001175",527,328,125,203,2,43,23,20,147,143,4,7
"2011","Croydon 011C","E01001176",628,337,131,206,33,96,22,74,152,141,11,10
"2011","Croydon 011D","E01001182",462,294,141,153,1,11,2,9,136,129,7,20
"2011","Croydon 011E","E01001183",550,300,125,175,1,59,13,46,183,176,7,7
"2011","Croydon 011F","E01001184",456,349,161,188,0,17,6,11,84,74,10,6
"2011","Croydon 013A","E01001001",493,259,79,180,4,91,67,24,130,122,8,9
"2011","Croydon 013B","E01001109",845,313,95,218,17,271,155,116,229,212,17,15
"2011","Croydon 013C","E01001112",763,268,86,182,29,254,50,204,202,196,6,10
"2011","Croydon 013D","E01001113",795,361,105,256,3,120,43,77,299,288,11,12
"2011","Croydon 013E","E01001114",585,191,56,135,7,241,165,76,136,131,5,10
"2011","Croydon 013F","E01001116",528,303,84,219,1,72,25,47,140,133,7,12
"2011","Croydon 014A","E01000992",723,327,105,222,6,309,221,88,74,68,6,7
"2011","Croydon 014B","E01001185",717,447,139,308,1,57,15,42,209,201,8,3
"2011","Croydon 014C","E01001186",841,394,118,276,8,186,62,124,240,230,10,13
"2011","Croydon 014D","E01001188",728,372,134,238,15,154,54,100,173,169,4,14
"2011","Croydon 014E","E01001193",583,181,51,130,65,301,9,292,35,31,4,1
"2011","Croydon 015A","E01001004",787,347,91,256,30,182,14,168,223,217,6,5
"2011","Croydon 015B","E01001115",657,247,63,184,3,278,215,63,106,104,2,23
"2011","Croydon 015C","E01001117",1113,398,104,294,70,220,76,144,411,399,12,14
"2011","Croydon 015D","E01001178",505,137,48,89,4,143,32,111,201,188,13,20
"2011","Croydon 015E","E01001181",759,193,66,127,67,290,119,171,194,182,12,15
"2011","Croydon 016A","E01001006",616,291,78,213,4,176,10,166,139,126,13,6
"2011","Croydon 016B","E01001007",605,394,146,248,4,71,26,45,131,119,12,5
"2011","Croydon 016C","E01001177",551,263,79,184,2,185,79,106,96,89,7,5
"2011","Croydon 016D","E01001179",538,360,132,228,5,30,7,23,141,134,7,2
"2011","Croydon 016E","E01001180",609,347,104,243,7,42,9,33,204,192,12,9
"2011","Croydon 017A","E01000980",566,382,117,265,2,78,9,69,99,93,6,5
"2011","Croydon 017B","E01000981",647,476,145,331,14,53,20,33,93,84,9,11
"2011","Croydon 017C","E01000982",684,428,142,286,5,72,19,53,174,160,14,5
"2011","Croydon 017D","E01000983",665,488,185,303,6,32,11,21,138,128,10,1
"2011","Croydon 017E","E01001187",809,438,134,304,34,142,85,57,186,180,6,9
"2011","Croydon 018A","E01000989",628,545,205,340,1,23,5,18,57,56,1,2
"2011","Croydon 018B","E01000991",662,605,308,297,2,14,2,12,38,33,5,3
"2011","Croydon 018C","E01001131",685,512,185,327,2,102,6,96,64,55,9,5
"2011","Croydon 018D","E01001132",607,544,319,225,1,24,2,22,38,35,3,0
"2011","Croydon 018E","E01001134",697,574,247,327,0,37,3,34,79,73,6,7
"2011","Croydon 019A","E01001005",536,305,101,204,3,33,10,23,191,184,7,4
"2011","Croydon 019B","E01001008",538,245,83,162,2,186,155,31,100,95,5,5
"2011","Croydon 019C","E01001009",609,300,104,196,27,109,37,72,167,155,12,6
"2011","Croydon 019D","E01001010",539,233,91,142,1,237,172,65,64,60,4,4
"2011","Croydon 019E","E01001011",755,275,88,187,31,175,84,91,266,251,15,8
"2011","Croydon 020A","E01001012",746,226,85,141,1,121,24,97,387,380,7,11
"2011","Croydon 020B","E01001013",899,183,57,126,9,439,382,57,254,238,16,14
"2011","Croydon 020C","E01001048",949,255,91,164,32,150,45,105,499,483,16,13
"2011","Croydon 020D","E01001110",771,221,63,158,21,190,45,145,328,315,13,11
"2011","Croydon 020E","E01001118",795,281,89,192,9,301,238,63,188,178,10,16
"2011","Croydon 021A","E01000985",515,455,217,238,1,25,3,22,30,26,4,4
"2011","Croydon 021B","E01000986",677,488,252,236,21,52,12,40,110,103,7,6
"2011","Croydon 021C","E01000987",513,465,211,254,2,5,1,4,37,33,4,4
"2011","Croydon 021D","E01000993",616,446,194,252,16,47,12,35,103,97,6,4
"2011","Croydon 022A","E01000975",710,363,149,214,1,50,25,25,290,280,10,6
"2011","Croydon 022B","E01000976",824,357,130,227,4,117,77,40,335,314,21,11
"2011","Croydon 022C","E01000977",918,350,137,213,5,229,166,63,319,303,16,15
"2011","Croydon 022D","E01000978",927,367,116,251,3,101,22,79,443,428,15,13
"2011","Croydon 022E","E01000979",790,386,162,224,21,58,14,44,318,308,10,7
"2011","Croydon 022F","E01000984",822,302,97,205,20,245,109,136,243,229,14,12
"2011","Croydon 023A","E01001044",871,548,309,239,1,33,8,25,275,265,10,14
"2011","Croydon 023B","E01001046",850,441,259,182,0,7,1,6,393,382,11,9
"2011","Croydon 023C","E01001049",505,429,264,165,0,9,2,7,63,60,3,4
"2011","Croydon 023D","E01001050",802,255,136,119,3,301,12,289,233,222,11,10
"2011","Croydon 024A","E01001014",1186,445,105,340,53,385,210,175,291,284,7,12
"2011","Croydon 024B","E01001042",836,267,87,180,30,207,51,156,322,303,19,10
"2011","Croydon 024C","E01001165",676,424,141,283,7,58,6,52,180,170,10,7
"2011","Croydon 024D","E01001166",835,308,88,220,7,247,163,84,259,239,20,14
"2011","Croydon 024E","E01001168",740,492,172,320,6,56,15,41,183,171,12,3
"2011","Croydon 025A","E01001127",574,511,245,266,0,41,35,6,19,14,5,3
"2011","Croydon 025B","E01001128",566,219,90,129,3,310,223,87,29,27,2,5
"2011","Croydon 025C","E01001130",598,94,29,65,2,458,422,36,38,34,4,6
"2011","Croydon 025D","E01001135",631,554,285,269,0,17,11,6,53,47,6,7
"2011","Croydon 026A","E01001062",571,498,270,228,1,17,2,15,46,39,7,9
"2011","Croydon 026B","E01001063",587,505,236,269,0,11,2,9,69,64,5,2
"2011","Croydon 026C","E01001064",613,549,288,261,0,13,12,1,41,38,3,10
"2011","Croydon 026D","E01001129",502,479,222,257,3,4,1,3,13,11,2,3
"2011","Croydon 026E","E01001133",726,631,406,225,3,39,13,26,35,30,5,18
"2011","Croydon 027A","E01001035",834,362,138,224,16,63,4,59,385,372,13,8
"2011","Croydon 027B","E01001043",1202,320,96,224,68,246,101,145,545,508,37,23
"2011","Croydon 027C","E01001045",953,250,114,136,80,159,54,105,453,438,15,11
"2011","Croydon 027D","E01001047",869,350,98,252,6,101,10,91,403,394,9,9
"2011","Croydon 027E","E01001170",989,394,169,225,10,187,93,94,386,361,25,12
"2011","Croydon 028A","E01001167",829,550,189,361,9,113,44,69,147,135,12,10
"2011","Croydon 028B","E01001169",651,289,112,177,3,303,252,51,46,43,3,10
"2011","Croydon 028C","E01001171",681,297,121,176,0,249,227,22,126,116,10,9
"2011","Croydon 028D","E01001172",616,211,60,151,2,352,288,64,42,41,1,9
"2011","Croydon 028E","E01001173",1089,527,219,308,45,247,46,201,251,235,16,19
"2011","Croydon 029A","E01001036",628,474,262,212,0,23,3,20,125,120,5,6
"2011","Croydon 029B","E01001037",624,318,92,226,10,129,24,105,163,159,4,4
"2011","Croydon 029C","E01001038",941,407,113,294,29,109,11,98,385,365,20,11
"2011","Croydon 029D","E01001039",583,483,249,234,7,20,1,19,67,62,5,6
"2011","Croydon 029E","E01001040",763,460,147,313,10,62,22,40,228,214,14,3
"2011","Croydon 030A","E01001051",581,160,62,98,0,391,340,51,27,27,0,3
"2011","Croydon 030B","E01001052",470,158,61,97,2,282,234,48,23,23,0,5
"2011","Croydon 030C","E01001054",594,283,123,160,1,266,231,35,39,35,4,5
"2011","Croydon 030D","E01001056",593,124,43,81,2,434,379,55,25,22,3,8
"2011","Croydon 030E","E01001057",637,71,25,46,1,541,495,46,21,21,0,3
"2011","Croydon 031A","E01001033",694,455,170,285,5,53,13,40,176,166,10,5
"2011","Croydon 031B","E01001034",660,420,140,280,15,28,7,21,192,181,11,5
"2011","Croydon 031C","E01001041",752,348,114,234,4,95,12,83,299,293,6,6
"2011","Croydon 031D","E01001095",584,369,104,265,10,34,7,27,159,152,7,12
"2011","Croydon 031E","E01001100",619,455,190,265,8,36,27,9,108,99,9,12
"2011","Croydon 032A","E01001053",527,303,125,178,2,201,151,50,18,18,0,3
"2011","Croydon 032B","E01001055",585,238,105,133,4,301,234,67,38,34,4,4
"2011","Croydon 032C","E01001077",523,422,181,241,8,54,22,32,37,35,2,2
"2011","Croydon 032D","E01001078",513,248,108,140,6,224,116,108,31,29,2,4
"2011","Croydon 032E","E01001082",560,293,111,182,3,232,182,50,28,23,5,4
"2011","Croydon 033A","E01001120",480,438,187,251,6,3,3,0,32,31,1,1
"2011","Croydon 033B","E01001122",507,453,203,250,0,6,0,6,41,36,5,7
"2011","Croydon 033C","E01001123",598,562,313,249,1,7,3,4,24,19,5,4
"2011","Croydon 033D","E01001124",609,583,345,238,0,4,2,2,19,18,1,3
"2011","Croydon 033E","E01001125",602,499,239,260,0,11,11,0,85,81,4,7
"2011","Croydon 034A","E01001058",521,450,197,253,7,22,6,16,39,37,2,3
"2011","Croydon 034B","E01001059",692,516,211,305,4,22,5,17,146,135,11,4
"2011","Croydon 034C","E01001060",657,504,190,314,8,48,25,23,94,80,14,3
"2011","Croydon 034D","E01001061",642,414,137,277,2,91,66,25,130,115,15,5
"2011","Croydon 034E","E01001065",672,506,229,277,2,15,6,9,145,132,13,4
"2011","Croydon 034F","E01001066",493,178,63,115,4,270,214,56,37,34,3,4
"2011","Croydon 034G","E01001119",576,524,249,275,2,24,5,19,23,19,4,3
"2011","Croydon 034H","E01001126",598,530,257,273,2,18,8,10,42,38,4,6
"2011","Croydon 035A","E01001032",520,480,277,203,0,2,1,1,36,34,2,2
"2011","Croydon 035B","E01001101",509,482,240,242,1,5,4,1,17,17,0,4
"2011","Croydon 035C","E01001102",605,502,296,206,0,43,36,7,52,48,4,8
"2011","Croydon 035D","E01001107",662,535,294,241,1,15,5,10,106,97,9,5
"2011","Croydon 035E","E01001108",628,588,303,285,0,11,6,5,22,20,2,7
"2011","Croydon 036A","E01001076",581,293,112,181,5,190,162,28,89,87,2,4
"2011","Croydon 036B","E01001079",639,285,112,173,6,285,210,75,57,51,6,6
"2011","Croydon 036C","E01001080",687,125,52,73,3,516,395,121,35,32,3,8
"2011","Croydon 036D","E01001081",506,272,108,164,8,190,149,41,30,25,5,6
"2011","Croydon 037A","E01001073",618,427,174,253,0,48,6,42,137,133,4,6
"2011","Croydon 037B","E01001092",588,451,220,231,1,29,5,24,97,89,8,10
"2011","Croydon 037C","E01001093",694,507,203,304,22,50,29,21,111,101,10,4
"2011","Croydon 037D","E01001096",530,464,233,231,0,18,4,14,45,42,3,3
"2011","Croydon 037E","E01001097",1059,516,228,288,44,126,22,104,359,347,12,14
"2011","Croydon 037F","E01001098",515,473,217,256,2,6,4,2,31,30,1,3
"2011","Croydon 038A","E01001028",528,484,234,250,0,8,2,6,34,29,5,2
"2011","Croydon 038B","E01001029",541,406,190,216,0,23,12,11,108,101,7,4
"2011","Croydon 038C","E01001030",462,424,195,229,1,4,3,1,31,29,2,2
"2011","Croydon 038D","E01001031",491,452,206,246,1,1,0,1,34,34,0,3
"2011","Croydon 038E","E01001094",521,467,247,220,0,4,0,4,44,35,9,6
"2011","Croydon 039A","E01001103",651,581,324,257,2,32,25,7,36,35,1,0
"2011","Croydon 039B","E01001105",632,456,183,273,2,139,126,13,29,27,2,6
"2011","Croydon 039C","E01001106",540,427,180,247,1,56,43,13,47,44,3,9
"2011","Croydon 039D","E01001121",501,467,266,201,1,16,14,2,16,15,1,1
"2011","Croydon 040A","E01001069",500,425,160,265,1,29,27,2,44,43,1,1
"2011","Croydon 040B","E01001070",659,493,208,285,2,120,95,25,36,35,1,8
"2011","Croydon 040C","E01001075",646,466,160,306,5,55,39,16,112,106,6,8
"2011","Croydon 040D","E01001099",586,374,126,248,2,129,49,80,80,71,9,1
"2011","Croydon 041A","E01001015",515,311,130,181,6,154,61,93,39,38,1,5
"2011","Croydon 041B","E01001016",665,551,276,275,18,43,36,7,45,41,4,8
"2011","Croydon 041C","E01001023",575,344,145,199,7,51,41,10,165,157,8,8
"2011","Croydon 041D","E01001067",578,538,239,299,3,3,2,1,30,26,4,4
"2011","Croydon 041E","E01001074",828,431,138,293,45,157,13,144,189,180,9,6
"2011","Croydon 042A","E01001068",784,520,222,298,21,153,38,115,85,79,6,5
"2011","Croydon 042B","E01001071",735,558,216,342,17,99,74,25,56,53,3,5
"2011","Croydon 042C","E01001072",533,501,265,236,0,5,3,2,24,22,2,3
"2011","Croydon 042D","E01001104",642,575,243,332,0,25,18,7,38,33,5,4
"2011","Croydon 043A","E01001017",642,597,288,309,1,9,7,2,34,30,4,1
"2011","Croydon 043B","E01001024",532,467,199,268,0,16,7,9,46,43,3,3
"2011","Croydon 043C","E01001025",489,447,203,244,1,14,13,1,24,21,3,3
"2011","Croydon 043D","E01001026",641,519,191,328,3,80,56,24,38,36,2,1
"2011","Croydon 043E","E01001027",534,460,188,272,1,23,17,6,46,42,4,4
"2011","Croydon 044A","E01001018",639,575,273,302,0,19,14,5,41,34,7,4
"2011","Croydon 044B","E01001019",593,518,286,232,0,45,44,1,26,19,7,4
"2011","Croydon 044C","E01001020",657,570,260,310,0,41,35,6,34,30,4,12
"2011","Croydon 044D","E01001021",590,259,100,159,0,290,281,9,37,34,3,4
"2011","Croydon 044E","E01001022",611,569,312,257,0,11,8,3,24,17,7,7
"2011","Croydon 045A","E01000990",538,186,67,119,1,316,269,47,31,26,5,4
"2011","Croydon 045B","E01001189",465,340,106,234,4,66,21,45,52,51,1,3
"2011","Croydon 045C","E01001190",616,404,121,283,4,127,38,89,78,75,3,3
"2011","Croydon 045D","E01001194",624,444,117,327,4,55,25,30,118,110,8,3
"2011","Croydon 045E","E01032569",660,196,52,144,5,401,330,71,54,49,5,4
"2011","Ealing 001A","E01001269",646,418,175,243,4,25,10,15,197,188,9,2
"2011","Ealing 001B","E01001271",593,397,149,248,2,46,29,17,142,140,2,6
"2011","Ealing 001C","E01001309",614,452,180,272,3,22,12,10,132,125,7,5
"2011","Ealing 001D","E01001310",663,433,156,277,28,56,14,42,139,130,9,7
"2011","Ealing 001E","E01001311",663,294,93,201,6,233,179,54,120,117,3,10
"2011","Ealing 002A","E01001307",633,432,204,228,18,10,6,4,170,163,7,3
"2011","Ealing 002B","E01001308",679,507,272,235,7,7,5,2,150,140,10,8
"2011","Ealing 002C","E01001312",590,370,192,178,1,48,46,2,166,153,13,5
"2011","Ealing 002D","E01001313",516,371,175,196,4,19,13,6,121,116,5,1
"2011","Ealing 002E","E01001314",506,378,165,213,1,9,7,2,114,111,3,4
"2011","Ealing 003A","E01001315",495,317,99,218,26,70,33,37,79,74,5,3
"2011","Ealing 003B","E01001316",620,218,94,124,4,272,253,19,122,116,6,4
"2011","Ealing 003C","E01001317",686,371,130,241,10,158,131,27,138,132,6,9
"2011","Ealing 003D","E01001318",677,275,103,172,18,284,197,87,85,78,7,15
"2011","Ealing 003E","E01001320",534,180,53,127,1,289,179,110,57,53,4,7
"2011","Ealing 003F","E01001321",758,456,232,224,30,145,58,87,116,112,4,11
"2011","Ealing 004A","E01001270",565,427,167,260,5,24,8,16,104,100,4,5
"2011","Ealing 004B","E01001319",490,352,149,203,5,42,15,27,87,83,4,4
"2011","Ealing 004C","E01001322",627,406,174,232,3,41,23,18,164,158,6,13
"2011","Ealing 004D","E01001323",684,391,178,213,3,48,10,38,230,213,17,12
"2011","Ealing 005A","E01001341",529,319,149,170,2,16,7,9,185,174,11,7
"2011","Ealing 005B","E01001342",638,381,156,225,2,15,8,7,236,224,12,4
"2011","Ealing 005C","E01001343",483,359,179,180,2,10,4,6,107,97,10,5
"2011","Ealing 005D","E01001345",501,312,123,189,8,61,51,10,113,105,8,7
"2011","Ealing 006A","E01001265",627,332,121,211,4,75,61,14,208,203,5,8
"2011","Ealing 006B","E01001266",578,412,202,210,4,14,2,12,136,129,7,12
"2011","Ealing 006C","E01001267",814,354,123,231,13,252,209,43,178,165,13,17
"2011","Ealing 006D","E01001272",542,316,146,170,8,30,9,21,182,178,4,6
"2011","Ealing 006E","E01001349",507,260,126,134,2,163,48,115,79,73,6,3
"2011","Ealing 007A","E01001344",880,488,208,280,15,130,65,65,235,222,13,12
"2011","Ealing 007B","E01001346",634,469,205,264,5,17,10,7,134,129,5,9
"2011","Ealing 007C","E01001347",518,361,172,189,3,15,10,5,126,115,11,13
"2011","Ealing 007D","E01001348",626,360,174,186,10,26,10,16,218,204,14,12
"2011","Ealing 008A","E01001257",659,173,51,122,3,385,265,120,89,85,4,9
"2011","Ealing 008B","E01001324",662,298,110,188,31,99,43,56,229,225,4,5
"2011","Ealing 008C","E01001326",674,286,103,183,16,237,137,100,126,121,5,9
"2011","Ealing 008D","E01001330",636,199,52,147,5,317,248,69,106,104,2,9
"2011","Ealing 008E","E01001332",579,168,44,124,27,270,151,119,100,94,6,14
"2011","Ealing 009A","E01001325",602,361,133,228,2,176,155,21,52,45,7,11
"2011","Ealing 009B","E01001327",600,321,129,192,8,165,134,31,97,96,1,9
"2011","Ealing 009C","E01001328",620,256,112,144,4,239,211,28,107,98,9,14
"2011","Ealing 009D","E01001329",631,350,143,207,5,150,130,20,119,114,5,7
"2011","Ealing 009E","E01001331",618,177,46,131,3,285,257,28,143,140,3,10
"2011","Ealing 010B","E01001258",634,421,180,241,8,69,48,21,132,124,8,4
"2011","Ealing 010C","E01001262",558,283,101,182,4,186,156,30,77,71,6,8
"2011","Ealing 010D","E01001263",647,300,103,197,2,220,143,77,121,113,8,4
"2011","Ealing 010E","E01001264",612,380,172,208,5,132,109,23,93,86,7,2
"2011","Ealing 010F","E01032743",818,199,29,170,98,216,25,191,294,288,6,11
"2011","Ealing 010G","E01032744",486,211,68,143,7,89,73,16,166,158,8,13
"2011","Ealing 011A","E01001276",651,334,153,181,7,16,4,12,286,276,10,8
"2011","Ealing 011B","E01001277",668,325,184,141,4,27,7,20,293,281,12,19
"2011","Ealing 011C","E01001278",801,355,202,153,15,41,22,19,379,365,14,11
"2011","Ealing 011D","E01001280",782,373,205,168,60,20,5,15,318,309,9,11
"2011","Ealing 012A","E01001218",692,253,124,129,4,263,200,63,158,152,6,14
"2011","Ealing 012B","E01001260",660,427,199,228,7,43,33,10,176,170,6,7
"2011","Ealing 012C","E01001261",758,295,143,152,70,114,85,29,263,249,14,16
"2011","Ealing 012D","E01001268",629,495,250,245,1,18,10,8,105,100,5,10
"2011","Ealing 013A","E01001209",647,511,225,286,0,7,2,5,122,117,5,7
"2011","Ealing 013B","E01001211",705,384,185,199,30,79,67,12,208,207,1,4
"2011","Ealing 013C","E01001279",564,474,280,194,1,7,1,6,79,77,2,3
"2011","Ealing 013D","E01001281",625,475,240,235,1,11,7,4,132,127,5,6
"2011","Ealing 014A","E01001217",455,350,154,196,3,13,6,7,84,81,3,5
"2011","Ealing 014B","E01001259",510,325,144,181,9,29,14,15,140,135,5,7
"2011","Ealing 014C","E01001291",495,345,140,205,5,29,9,20,111,105,6,5
"2011","Ealing 014D","E01001292",504,375,187,188,4,13,5,8,103,95,8,9
"2011","Ealing 014E","E01001293",478,318,133,185,2,39,15,24,113,106,7,6
"2011","Ealing 015A","E01001196",762,238,142,96,15,299,30,269,187,178,9,23
"2011","Ealing 015B","E01001238",1236,266,88,178,154,237,76,161,562,548,14,17
"2011","Ealing 015C","E01001239",553,165,73,92,40,183,35,148,156,154,2,9
"2011","Ealing 015D","E01001246",492,224,88,136,5,113,25,88,150,143,7,0
"2011","Ealing 015E","E01001247",674,324,191,133,5,56,39,17,276,265,11,13
"2011","Ealing 016A","E01001210",740,191,89,102,13,410,353,57,101,98,3,25
"2011","Ealing 016B","E01001282",627,239,78,161,7,291,269,22,71,66,5,19
"2011","Ealing 016C","E01001283",712,296,128,168,2,319,266,53,86,82,4,9
"2011","Ealing 016D","E01001285",562,320,124,196,5,141,122,19,93,89,4,3
"2011","Ealing 016E","E01001286",620,351,128,223,4,154,127,27,107,100,7,4
"2011","Ealing 016F","E01001287",483,186,83,103,0,226,211,15,64,62,2,7
"2011","Ealing 017A","E01001294",538,382,172,210,5,24,15,9,119,111,8,8
"2011","Ealing 017B","E01001295",521,397,178,219,1,17,10,7,97,89,8,9
"2011","Ealing 017C","E01001296",404,282,127,155,3,50,44,6,65,60,5,4
"2011","Ealing 017D","E01001297",495,317,163,154,1,51,38,13,123,116,7,3
"2011","Ealing 017E","E01001298",529,335,175,160,0,65,47,18,113,103,10,16
"2011","Ealing 018A","E01001204",585,398,185,213,3,75,46,29,105,102,3,4
"2011","Ealing 018B","E01001205",598,240,100,140,2,191,47,144,158,150,8,7
"2011","Ealing 018C","E01001206",582,135,53,82,2,350,323,27,82,80,2,13
"2011","Ealing 018D","E01001207",668,364,133,231,8,65,12,53,222,219,3,9
"2011","Ealing 018E","E01001208",498,413,204,209,4,29,23,6,47,45,2,5
"2011","Ealing 018F","E01001212",691,463,266,197,2,23,4,19,196,191,5,7
"2011","Ealing 019A","E01001222",1150,334,119,215,67,149,32,117,586,576,10,14
"2011","Ealing 019B","E01001224",570,408,216,192,3,26,12,14,126,124,2,7
"2011","Ealing 019C","E01001226",668,306,176,130,1,61,3,58,287,277,10,13
"2011","Ealing 019D","E01001227",602,375,194,181,8,42,5,37,170,163,7,7
"2011","Ealing 019E","E01001228",792,354,202,152,8,71,13,58,350,336,14,9
"2011","Ealing 020A","E01001221",952,252,102,150,22,138,72,66,526,513,13,14
"2011","Ealing 020B","E01001223",643,302,171,131,2,53,4,49,277,272,5,9
"2011","Ealing 020C","E01001225",807,349,191,158,0,143,6,137,300,286,14,15
"2011","Ealing 020D","E01001235",691,285,118,167,1,26,9,17,372,363,9,7
"2011","Ealing 020E","E01001236",741,279,149,130,0,120,13,107,335,328,7,7
"2011","Ealing 020F","E01001273",597,371,218,153,1,10,5,5,202,193,9,13
"2011","Ealing 020G","E01001274",585,288,160,128,2,45,2,43,238,233,5,12
"2011","Ealing 020H","E01001275",857,327,196,131,1,111,14,97,408,398,10,10
"2011","Ealing 021A","E01001195",598,357,192,165,1,20,3,17,214,184,30,6
"2011","Ealing 021B","E01001197",668,252,122,130,14,127,64,63,260,255,5,15
"2011","Ealing 021C","E01001198",584,293,123,170,1,76,8,68,211,200,11,3
"2011","Ealing 021D","E01001199",694,245,86,159,12,189,39,150,242,233,9,6
"2011","Ealing 022A","E01001284",538,432,217,215,2,23,11,12,78,74,4,3
"2011","Ealing 022B","E01001288",531,335,127,208,5,52,30,22,135,128,7,4
"2011","Ealing 022C","E01001289",476,329,112,217,3,41,24,17,101,97,4,2
"2011","Ealing 022D","E01001290",738,366,178,188,5,86,12,74,270,259,11,11
"2011","Ealing 023A","E01001213",503,314,151,163,1,80,62,18,98,95,3,10
"2011","Ealing 023B","E01001214",477,336,196,140,1,30,25,5,101,97,4,9
"2011","Ealing 023C","E01001215",552,283,149,134,2,116,82,34,139,130,9,12
"2011","Ealing 023D","E01001216",476,292,158,134,11,52,39,13,112,101,11,9
"2011","Ealing 023E","E01001361",460,179,89,90,10,117,21,96,143,124,19,11
"2011","Ealing 024A","E01001240",512,227,118,109,6,107,94,13,163,161,2,9
"2011","Ealing 024B","E01001241",503,247,140,107,2,69,49,20,177,172,5,8
"2011","Ealing 024C","E01001242",524,224,119,105,2,151,16,135,137,125,12,10
"2011","Ealing 024D","E01001243",649,212,90,122,40,221,148,73,167,156,11,9
"2011","Ealing 024E","E01001244",1099,333,136,197,50,323,196,127,373,360,13,20
"2011","Ealing 024F","E01001245",823,316,141,175,149,100,30,70,248,239,9,10
"2011","Ealing 025A","E01001200",586,337,143,194,0,59,15,44,187,175,12,3
"2011","Ealing 025B","E01001201",642,330,119,211,3,114,22,92,183,175,8,12
"2011","Ealing 025C","E01001202",871,229,97,132,18,284,201,83,329,323,6,11
"2011","Ealing 025D","E01001203",861,245,60,185,7,292,44,248,307,298,9,10
"2011","Ealing 025E","E01001351",811,259,98,161,25,195,83,112,320,311,9,12
"2011","Ealing 026A","E01001359",562,318,149,169,2,75,10,65,152,144,8,15
"2011","Ealing 026B","E01001360",505,339,201,138,5,24,10,14,123,113,10,14
"2011","Ealing 026C","E01001362",511,291,148,143,5,69,8,61,138,120,18,8
"2011","Ealing 026D","E01001363",471,277,148,129,17,57,33,24,116,108,8,4
"2011","Ealing 026E","E01001364",516,196,97,99,19,215,74,141,66,58,8,20
"2011","Ealing 026F","E01001365",590,373,202,171,7,37,9,28,161,150,11,12
"2011","Ealing 027A","E01001231",696,419,229,190,17,40,13,27,203,200,3,17
"2011","Ealing 027B","E01001234",640,241,108,133,1,76,8,68,318,308,10,4
"2011","Ealing 027C","E01001350",621,297,154,143,6,88,23,65,225,216,9,5
"2011","Ealing 027D","E01001352",571,252,122,130,6,67,26,41,239,235,4,7
"2011","Ealing 027E","E01001354",677,341,168,173,7,53,12,41,266,255,11,10
"2011","Ealing 028A","E01001249",1025,182,50,132,39,467,316,151,321,317,4,16
"2011","Ealing 028B","E01001250",983,334,128,206,30,285,98,187,309,299,10,25
"2011","Ealing 028C","E01001255",608,439,155,284,2,44,14,30,117,111,6,6
"2011","Ealing 028D","E01001383",662,429,165,264,2,41,7,34,187,178,9,3
"2011","Ealing 028E","E01001388",743,229,79,150,38,315,159,156,151,142,9,10
"2011","Ealing 028F","E01001389",726,331,117,214,4,103,24,79,271,258,13,17
"2011","Ealing 029A","E01001219",674,194,65,129,24,363,294,69,84,72,12,9
"2011","Ealing 029B","E01001220",471,91,44,47,2,305,268,37,51,45,6,22
"2011","Ealing 029C","E01001334",522,165,76,89,5,277,262,15,66,64,2,9
"2011","Ealing 029D","E01001337",452,203,109,94,5,187,19,168,53,50,3,4
"2011","Ealing 029E","E01001338",518,297,175,122,3,98,83,15,112,106,6,8
"2011","Ealing 029F","E01001339",568,180,77,103,59,267,119,148,54,47,7,8
"2011","Ealing 029G","E01001340",506,102,27,75,55,231,27,204,114,110,4,4
"2011","Ealing 030A","E01001251",659,435,158,277,6,34,11,23,174,165,9,10
"2011","Ealing 030B","E01001252",768,319,127,192,6,113,36,77,320,304,16,10
"2011","Ealing 030C","E01001253",670,402,153,249,5,66,39,27,187,178,9,10
"2011","Ealing 030D","E01001254",750,437,150,287,52,115,42,73,142,138,4,4
"2011","Ealing 031A","E01001229",597,269,116,153,2,219,203,16,98,92,6,9
"2011","Ealing 031B","E01001230",629,334,151,183,2,47,9,38,232,225,7,14
"2011","Ealing 031C","E01001232",612,313,138,175,26,135,123,12,130,123,7,8
"2011","Ealing 031D","E01001233",599,282,126,156,3,140,96,44,169,164,5,5
"2011","Ealing 031E","E01001237",652,317,151,166,1,50,21,29,276,274,2,8
"2011","Ealing 031F","E01001386",735,466,206,260,1,52,31,21,203,193,10,13
"2011","Ealing 032A","E01001303",624,407,195,212,1,23,13,10,188,179,9,5
"2011","Ealing 032B","E01001382",564,455,230,225,2,13,10,3,88,84,4,6
"2011","Ealing 032C","E01001384",677,420,160,260,3,30,10,20,213,201,12,11
"2011","Ealing 032D","E01001385",667,444,206,238,3,17,6,11,195,192,3,8
"2011","Ealing 032E","E01001387",713,335,135,200,4,85,52,33,272,262,10,17
"2011","Ealing 033A","E01001353",718,230,107,123,1,214,112,102,255,247,8,18
"2011","Ealing 033B","E01001355",760,320,109,211,4,193,78,115,230,223,7,13
"2011","Ealing 033C","E01001356",841,106,47,59,17,596,533,63,91,86,5,31
"2011","Ealing 033D","E01001357",426,107,30,77,37,205,163,42,67,64,3,10
"2011","Ealing 033E","E01001358",586,56,23,33,25,425,370,55,60,54,6,20
"2011","Ealing 034A","E01001375",706,503,247,256,3,11,8,3,184,180,4,5
"2011","Ealing 034B","E01001377",718,468,267,201,6,68,44,24,163,159,4,13
"2011","Ealing 034C","E01001379",709,516,215,301,4,24,10,14,160,155,5,5
"2011","Ealing 034D","E01001381",738,333,142,191,11,65,22,43,318,308,10,11
"2011","Ealing 035A","E01001248",581,363,159,204,8,98,84,14,108,105,3,4
"2011","Ealing 035B","E01001299",651,516,294,222,2,13,7,6,114,107,7,6
"2011","Ealing 035C","E01001305",634,512,229,283,0,16,8,8,101,97,4,5
"2011","Ealing 035D","E01001306",713,518,258,260,8,17,6,11,163,159,4,7
"2011","Ealing 037A","E01001366",543,296,136,160,5,66,16,50,163,151,12,13
"2011","Ealing 037B","E01001367",527,196,100,96,7,87,25,62,218,201,17,19
"2011","Ealing 037C","E01001368",456,270,126,144,1,82,14,68,95,91,4,8
"2011","Ealing 037D","E01001370",532,310,144,166,6,55,24,31,155,140,15,6
"2011","Ealing 037E","E01001371",594,284,155,129,19,92,26,66,195,185,10,4
"2011","Ealing 037F","E01001372",493,243,93,150,5,66,18,48,168,158,10,11
"2011","Ealing 037G","E01001373",412,238,98,140,16,38,10,28,107,101,6,13
"2011","Ealing 038A","E01001333",563,202,108,94,3,178,108,70,161,146,15,19
"2011","Ealing 038B","E01001335",524,369,168,201,7,71,49,22,69,62,7,8
"2011","Ealing 038C","E01001336",519,259,123,136,5,138,31,107,110,105,5,7
"2011","Ealing 038D","E01001369",525,259,122,137,2,68,38,30,185,176,9,11
"2011","Ealing 039A","E01001300",608,442,179,263,0,13,3,10,149,140,9,4
"2011","Ealing 039B","E01001301",707,310,118,192,6,115,97,18,263,249,14,13
"2011","Ealing 039C","E01001302",614,413,175,238,0,32,12,20,160,158,2,9
"2011","Ealing 039D","E01001304",705,367,111,256,3,123,56,67,208,195,13,4
"2011","Ealing 040A","E01001374",805,465,185,280,5,89,59,30,238,227,11,8
"2011","Ealing 040B","E01001376",743,315,121,194,2,153,82,71,260,252,8,13
"2011","Ealing 040C","E01001380",762,441,204,237,2,78,35,43,234,226,8,7
"2011","Ealing 040D","E01032572",758,345,137,208,2,96,72,24,303,290,13,12
"2011","Enfield 001A","E01001444",638,468,204,264,3,45,32,13,111,100,11,11
"2011","Enfield 001B","E01001446",714,427,173,254,32,87,35,52,157,150,7,11
"2011","Enfield 001C","E01001546",640,394,167,227,5,106,43,63,129,124,5,6
"2011","Enfield 001D","E01001552",659,488,229,259,4,64,47,17,99,91,8,4
"2011","Enfield 002A","E01001442",617,212,100,112,4,258,207,51,128,123,5,15
"2011","Enfield 002B","E01001545",665,206,64,142,15,331,222,109,102,99,3,11
"2011","Enfield 002C","E01001547",659,432,209,223,5,81,60,21,135,130,5,6
"2011","Enfield 002D","E01001548",676,359,151,208,27,161,120,41,122,120,2,7
"2011","Enfield 002E","E01001551",661,313,153,160,6,266,187,79,68,64,4,8
"2011","Enfield 003B","E01001445",980,505,143,362,20,131,44,87,311,301,10,13
"2011","Enfield 003C","E01001447",783,287,124,163,31,279,174,105,175,163,12,11
"2011","Enfield 003D","E01001448",655,360,130,230,1,132,85,47,159,153,6,3
"2011","Enfield 003E","E01001449",575,329,122,207,17,117,80,37,107,106,1,5
"2011","Enfield 003F","E01033148",661,286,60,226,2,253,34,219,107,104,3,13
"2011","Enfield 003G","E01033150",702,279,24,255,2,136,29,107,269,260,9,16
"2011","Enfield 004A","E01001408",731,555,195,360,5,64,47,17,99,94,5,8
"2011","Enfield 004B","E01001411",759,534,210,324,2,88,41,47,121,113,8,14
"2011","Enfield 004C","E01001412",677,436,231,205,5,131,107,24,89,75,14,16
"2011","Enfield 004D","E01001413",612,524,275,249,1,42,31,11,40,39,1,5
"2011","Enfield 004E","E01001414",687,217,91,126,27,363,348,15,72,67,5,8
"2011","Enfield 005A","E01001407",613,452,178,274,2,70,62,8,83,79,4,6
"2011","Enfield 005B","E01001409",806,421,141,280,7,136,50,86,232,225,7,10
"2011","Enfield 005C","E01001410",755,272,85,187,11,307,202,105,152,143,9,13
"2011","Enfield 005D","E01001516",648,354,149,205,2,174,153,21,103,99,4,15
"2011","Enfield 005E","E01001537",709,470,177,293,4,26,20,6,201,196,5,8
"2011","Enfield 006A","E01001439",790,293,116,177,7,217,146,71,255,246,9,18
"2011","Enfield 006B","E01001441",637,289,111,178,16,223,193,30,102,97,5,7
"2011","Enfield 006C","E01001517",696,192,53,139,1,376,330,46,119,117,2,8
"2011","Enfield 006D","E01001549",798,262,81,181,4,227,186,41,289,283,6,16
"2011","Enfield 006E","E01001550",570,321,116,205,1,165,111,54,75,71,4,8
"2011","Enfield 007A","E01001433",584,239,66,173,9,233,190,43,90,83,7,13
"2011","Enfield 007B","E01001434",551,397,158,239,1,53,40,13,88,84,4,12
"2011","Enfield 007C","E01001435",489,369,150,219,1,35,31,4,80,75,5,4
"2011","Enfield 007D","E01001436",653,472,219,253,2,49,34,15,124,118,6,6
"2011","Enfield 007E","E01001438",566,307,118,189,4,126,64,62,126,121,5,3
"2011","Enfield 008A","E01001469",633,437,204,233,1,111,95,16,78,72,6,6
"2011","Enfield 008B","E01001536",742,499,244,255,1,63,55,8,167,158,9,12
"2011","Enfield 008C","E01001540",794,520,213,307,2,23,19,4,240,218,22,9
"2011","Enfield 008D","E01001541",650,486,182,304,28,30,22,8,100,97,3,6
"2011","Enfield 008E","E01001542",678,410,182,228,3,138,81,57,119,113,6,8
"2011","Enfield 009A","E01001538",603,545,265,280,4,24,6,18,23,19,4,7
"2011","Enfield 009B","E01001539",657,518,257,261,3,36,25,11,91,89,2,9
"2011","Enfield 009C","E01001543",596,533,254,279,0,15,3,12,44,37,7,4
"2011","Enfield 009D","E01001544",610,530,299,231,3,12,7,5,57,55,2,8
"2011","Enfield 010A","E01001457",798,558,300,258,4,15,11,4,211,201,10,10
"2011","Enfield 010B","E01001468",524,341,178,163,0,75,10,65,104,71,33,4
"2011","Enfield 010C","E01001471",930,655,329,326,1,21,11,10,246,231,15,7
"2011","Enfield 010D","E01001472",771,525,253,272,6,48,43,5,180,173,7,12
"2011","Enfield 010E","E01001474",840,628,327,301,2,17,11,6,185,177,8,8
"2011","Enfield 011A","E01001415",677,401,241,160,0,106,82,24,157,149,8,13
"2011","Enfield 011B","E01001417",601,538,294,244,0,17,14,3,38,34,4,8
"2011","Enfield 011C","E01001418",703,436,240,196,6,122,78,44,130,124,6,9
"2011","Enfield 011D","E01001422",559,511,279,232,1,2,1,1,36,36,0,9
"2011","Enfield 012A","E01001440",597,372,161,211,1,117,94,23,102,97,5,5
"2011","Enfield 012B","E01001504",513,342,152,190,4,54,31,23,107,104,3,6
"2011","Enfield 012C","E01001505",567,307,112,195,4,117,82,35,130,126,4,9
"2011","Enfield 012D","E01001507",766,276,118,158,20,189,103,86,260,251,9,21
"2011","Enfield 012E","E01001508",718,302,126,176,54,125,50,75,225,218,7,12
"2011","Enfield 012F","E01001513",623,303,99,204,6,204,171,33,101,97,4,9
"2011","Enfield 013A","E01001416",598,550,289,261,1,16,5,11,26,25,1,5
"2011","Enfield 013B","E01001470",641,550,319,231,0,29,26,3,54,47,7,8
"2011","Enfield 013C","E01001473",547,388,196,192,9,100,55,45,43,41,2,7
"2011","Enfield 013D","E01001475",635,573,315,258,2,10,7,3,46,42,4,4
"2011","Enfield 014A","E01001437",990,341,138,203,12,377,284,93,247,243,4,13
"2011","Enfield 014B","E01001506",565,250,91,159,4,148,89,59,155,145,10,8
"2011","Enfield 014C","E01001509",688,311,114,197,12,120,60,60,236,224,12,9
"2011","Enfield 014D","E01001510",610,54,21,33,5,479,461,18,67,64,3,5
"2011","Enfield 015A","E01001405",862,589,353,236,1,59,25,34,206,200,6,7
"2011","Enfield 015B","E01001406",675,390,147,243,3,97,64,33,178,172,6,7
"2011","Enfield 015C","E01001450",924,492,260,232,2,78,65,13,339,326,13,13
"2011","Enfield 015D","E01001512",782,508,175,333,1,67,25,42,201,189,12,5
"2011","Enfield 015E","E01001515",755,229,68,161,7,330,305,25,183,181,2,6
"2011","Enfield 016A","E01001401",501,441,199,242,2,20,15,5,35,35,0,3
"2011","Enfield 016B","E01001478",544,377,171,206,1,85,77,8,78,75,3,3
"2011","Enfield 016C","E01001484",516,398,196,202,1,16,11,5,97,91,6,4
"2011","Enfield 016D","E01001511",648,489,183,306,2,25,14,11,130,126,4,2
"2011","Enfield 016E","E01001514",685,429,151,278,4,120,110,10,121,117,4,11
"2011","Enfield 016F","E01001518",684,451,173,278,3,27,13,14,199,192,7,4
"2011","Enfield 017A","E01001451",661,539,301,238,0,19,15,4,98,95,3,5
"2011","Enfield 017B","E01001452",488,431,208,223,0,13,12,1,37,34,3,7
"2011","Enfield 017C","E01001453",661,552,318,234,1,28,8,20,73,69,4,7
"2011","Enfield 017D","E01001454",660,547,316,231,2,6,2,4,92,83,9,13
"2011","Enfield 018A","E01001476",593,374,169,205,3,69,57,12,136,127,9,11
"2011","Enfield 018B","E01001477",607,318,133,185,0,179,149,30,96,94,2,14
"2011","Enfield 018C","E01001481",556,393,177,216,6,47,36,11,103,97,6,7
"2011","Enfield 018D","E01001502",599,338,153,185,3,124,61,63,120,115,5,14
"2011","Enfield 018E","E01001503",654,402,169,233,3,98,83,15,144,134,10,7
"2011","Enfield 019A","E01001520",673,411,205,206,3,115,91,24,138,134,4,6
"2011","Enfield 019B","E01001522",751,403,133,270,44,86,9,77,214,206,8,4
"2011","Enfield 019C","E01001523",738,579,315,264,3,15,8,7,132,129,3,9
"2011","Enfield 019D","E01001524",546,352,185,167,2,88,12,76,96,91,5,8
"2011","Enfield 019E","E01001526",639,534,300,234,1,9,8,1,91,89,2,4
"2011","Enfield 020A","E01001419",794,503,284,219,3,55,49,6,218,210,8,15
"2011","Enfield 020B","E01001420",569,307,148,159,2,134,127,7,124,115,9,2
"2011","Enfield 020C","E01001421",714,340,182,158,3,174,159,15,181,172,9,16
"2011","Enfield 020D","E01001519",1141,459,231,228,4,49,11,38,611,584,27,18
"2011","Enfield 020E","E01001525",723,468,247,221,12,35,27,8,203,201,2,5
"2011","Enfield 021A","E01001398",491,442,186,256,0,8,6,2,38,35,3,3
"2011","Enfield 021B","E01001399",499,458,218,240,1,8,5,3,32,29,3,0
"2011","Enfield 021C","E01001400",587,521,329,192,1,7,6,1,54,50,4,4
"2011","Enfield 021D","E01001402",691,545,263,282,1,11,9,2,122,116,6,12
"2011","Enfield 021E","E01001403",633,510,276,234,3,24,14,10,88,84,4,8
"2011","Enfield 021F","E01001455",581,495,227,268,1,16,14,2,64,63,1,5
"2011","Enfield 022A","E01001456",481,443,224,219,1,2,2,0,32,32,0,3
"2011","Enfield 022B","E01001564",646,493,210,283,2,24,15,9,121,114,7,6
"2011","Enfield 022C","E01001567",632,538,288,250,0,20,8,12,67,67,0,7
"2011","Enfield 022D","E01001568",538,483,262,221,1,13,9,4,34,32,2,7
"2011","Enfield 022E","E01001569",778,428,197,231,1,62,58,4,276,262,14,11
"2011","Enfield 023A","E01001479",639,337,135,202,4,85,28,57,200,188,12,13
"2011","Enfield 023B","E01001482",690,339,160,179,5,163,130,33,171,158,13,12
"2011","Enfield 023C","E01001487",723,343,154,189,36,145,72,73,188,178,10,11
"2011","Enfield 023D","E01001489",664,387,170,217,6,91,52,39,170,163,7,10
"2011","Enfield 023E","E01001491",722,321,140,181,24,152,62,90,218,214,4,7
"2011","Enfield 024A","E01001459",556,405,199,206,2,34,25,9,105,99,6,10
"2011","Enfield 024B","E01001460",660,254,104,150,6,83,52,31,305,299,6,12
"2011","Enfield 024C","E01001462",531,251,102,149,2,106,66,40,158,155,3,14
"2011","Enfield 024D","E01001480",588,346,137,209,2,60,42,18,173,167,6,7
"2011","Enfield 024E","E01001488",663,379,148,231,2,81,37,44,191,179,12,10
"2011","Enfield 025A","E01001483",609,202,73,129,1,123,55,68,273,266,7,10
"2011","Enfield 025B","E01001485",682,306,141,165,3,184,126,58,174,165,9,15
"2011","Enfield 025C","E01001486",818,269,104,165,15,363,187,176,161,157,4,10
"2011","Enfield 025E","E01001492",680,418,187,231,4,104,44,60,141,134,7,13
"2011","Enfield 025F","E01033146",593,153,30,123,27,257,41,216,152,151,1,4
"2011","Enfield 025G","E01033151",541,148,70,78,3,288,247,41,88,84,4,14
"2011","Enfield 026A","E01001404",525,396,200,196,3,49,47,2,73,69,4,4
"2011","Enfield 026B","E01001493",735,359,163,196,1,230,148,82,129,128,1,16
"2011","Enfield 026C","E01001494",510,432,221,211,2,8,7,1,58,57,1,10
"2011","Enfield 026D","E01001496",602,494,253,241,1,12,7,5,88,84,4,7
"2011","Enfield 026E","E01001570",751,464,192,272,5,102,68,34,170,159,11,10
"2011","Enfield 027A","E01001423",643,307,112,195,3,181,136,45,141,134,7,11
"2011","Enfield 027B","E01001425",737,210,83,127,5,272,108,164,230,224,6,20
"2011","Enfield 027C","E01001428",611,257,87,170,2,231,176,55,114,108,6,7
"2011","Enfield 027D","E01001461",707,214,80,134,3,233,168,65,241,231,10,16
"2011","Enfield 027E","E01001464",422,214,75,139,1,149,134,15,53,52,1,5
"2011","Enfield 028A","E01001521",698,439,225,214,19,38,29,9,187,180,7,15
"2011","Enfield 028B","E01001531",544,446,218,228,0,1,0,1,97,93,4,0
"2011","Enfield 028C","E01001532",687,539,254,285,3,11,8,3,130,126,4,4
"2011","Enfield 028D","E01001533",530,484,268,216,1,6,3,3,37,33,4,2
"2011","Enfield 028E","E01001535",505,400,231,169,1,25,14,11,72,70,2,7
"2011","Enfield 029A","E01001495",731,437,181,256,3,17,9,8,256,248,8,18
"2011","Enfield 029B","E01001498",746,388,157,231,1,27,20,7,323,306,17,7
"2011","Enfield 029C","E01001563",669,429,182,247,2,16,9,7,212,207,5,10
"2011","Enfield 029D","E01001565",709,450,190,260,3,95,15,80,151,141,10,10
"2011","Enfield 029E","E01001566",626,453,189,264,2,11,8,3,154,141,13,6
"2011","Enfield 030A","E01001424",496,101,34,67,13,240,38,202,127,123,4,15
"2011","Enfield 030B","E01001426",628,246,85,161,3,219,194,25,149,143,6,11
"2011","Enfield 030C","E01001427",683,170,75,95,19,362,320,42,121,117,4,11
"2011","Enfield 030D","E01001429",1134,82,19,63,93,801,167,634,145,137,8,13
"2011","Enfield 030E","E01001430",653,153,35,118,2,357,317,40,125,120,5,16
"2011","Enfield 031A","E01001463",513,340,156,184,1,67,62,5,98,91,7,7
"2011","Enfield 031B","E01001465",506,373,173,200,2,32,29,3,96,94,2,3
"2011","Enfield 031C","E01001466",620,344,135,209,5,61,35,26,200,191,9,10
"2011","Enfield 031D","E01001467",634,366,139,227,3,62,37,25,195,190,5,8
"2011","Enfield 031E","E01001497",531,389,181,208,0,39,37,2,90,82,8,13
"2011","Enfield 031F","E01001499",564,429,226,203,3,30,8,22,87,86,1,15
"2011","Enfield 032A","E01001392",665,485,252,233,4,26,15,11,139,135,4,11
"2011","Enfield 032B","E01001528",553,180,79,101,2,273,247,26,94,87,7,4
"2011","Enfield 032C","E01001529",635,187,76,111,1,185,130,55,251,237,14,11
"2011","Enfield 032D","E01001530",467,311,168,143,0,43,15,28,110,100,10,3
"2011","Enfield 032E","E01001534",588,413,230,183,0,19,10,9,144,137,7,12
"2011","Enfield 033A","E01001431",614,202,70,132,7,176,89,87,219,209,10,10
"2011","Enfield 033B","E01001432",700,318,135,183,13,136,65,71,216,205,11,17
"2011","Enfield 033C","E01001555",624,345,137,208,4,83,64,19,187,180,7,5
"2011","Enfield 033D","E01001557",546,295,109,186,1,109,93,16,123,117,6,18
"2011","Enfield 033E","E01001558",558,205,78,127,1,201,185,16,137,132,5,14
"2011","Enfield 033F","E01001559",743,330,116,214,15,142,63,79,236,228,8,20
"2011","Enfield 035A","E01001394",640,341,174,167,13,81,40,41,200,184,16,5
"2011","Enfield 035B","E01001395",620,254,101,153,5,255,85,170,97,95,2,9
"2011","Enfield 035C","E01001397",783,453,170,283,13,73,14,59,238,229,9,6
"2011","Enfield 035D","E01001500",554,371,194,177,0,27,9,18,148,142,6,8
"2011","Enfield 035E","E01001556",543,420,208,212,1,43,34,9,73,71,2,6
"2011","Enfield 035F","E01001560",516,299,148,151,1,117,62,55,90,85,5,9
"2011","Enfield 036A","E01001390",762,441,198,243,2,21,15,6,287,275,12,11
"2011","Enfield 036B","E01001391",687,275,120,155,3,62,24,38,334,325,9,13
"2011","Enfield 036C","E01001393",839,449,191,258,1,53,28,25,332,317,15,4
"2011","Enfield 036D","E01001396",511,342,210,132,1,16,11,5,142,140,2,10
"2011","Enfield 036E","E01001501",818,347,148,199,24,131,36,95,292,276,16,24
"2011","Enfield 036F","E01001527",645,403,201,202,1,58,31,27,169,161,8,14
"2011","Enfield 037A","E01001458",664,185,56,129,3,306,254,52,145,141,4,25
"2011","Enfield 037B","E01001553",530,214,63,151,0,209,180,29,100,96,4,7
"2011","Enfield 037C","E01001554",756,163,61,102,1,469,419,50,109,99,10,14
"2011","Enfield 037D","E01001562",711,114,27,87,1,337,74,263,248,241,7,11
"2011","Enfield 037E","E01032574",695,347,164,183,3,145,79,66,188,171,17,12
"2011","Greenwich 001A","E01001690",845,154,48,106,35,587,37,550,63,57,6,6
"2011","Greenwich 001B","E01001692",522,101,25,76,1,369,26,343,48,42,6,3
"2011","Greenwich 001C","E01001693",610,73,22,51,2,490,38,452,43,36,7,2
"2011","Greenwich 001D","E01001694",598,256,73,183,1,175,10,165,160,153,7,6
"2011","Greenwich 002A","E01001687",511,196,62,134,10,193,21,172,106,97,9,6
"2011","Greenwich 002B","E01001688",937,354,51,303,32,255,26,229,293,283,10,3
"2011","Greenwich 002E","E01033739",571,148,21,127,47,106,10,96,270,261,9,0
"2011","Greenwich 002F","E01033740",550,230,43,187,34,80,4,76,204,194,10,2
"2011","Greenwich 002G","E01033741",559,274,35,239,2,90,3,87,184,178,6,9
"2011","Greenwich 002H","E01033743",663,226,18,208,26,187,13,174,218,209,9,6
"2011","Greenwich 002I","E01033745",591,261,41,220,37,114,7,107,172,167,5,7
"2011","Greenwich 003A","E01001575",599,219,94,125,3,307,281,26,64,61,3,6
"2011","Greenwich 003B","E01001576",658,193,75,118,0,391,353,38,62,55,7,12
"2011","Greenwich 003C","E01001577",737,281,119,162,0,362,325,37,84,81,3,10
"2011","Greenwich 003D","E01001578",809,344,112,232,17,234,147,87,207,197,10,7
"2011","Greenwich 003E","E01001579",637,254,94,160,0,310,279,31,70,69,1,3
"2011","Greenwich 004B","E01001709",494,88,26,62,2,312,278,34,89,82,7,3
"2011","Greenwich 004C","E01001711",612,181,38,143,2,157,101,56,268,258,10,4
"2011","Greenwich 004D","E01001712",935,118,38,80,7,647,541,106,151,147,4,12
"2011","Greenwich 004E","E01033731",559,98,22,76,135,177,10,167,141,131,10,8
"2011","Greenwich 004F","E01033734",579,135,15,120,136,124,14,110,178,169,9,6
"2011","Greenwich 004G","E01033735",555,38,12,26,11,202,167,35,300,294,6,4
"2011","Greenwich 004H","E01033736",608,171,23,148,38,37,4,33,356,342,14,6
"2011","Greenwich 004I","E01033737",602,84,28,56,3,357,247,110,147,142,5,11
"2011","Greenwich 005A","E01001705",760,106,33,73,23,485,372,113,131,125,6,15
"2011","Greenwich 005B","E01001706",479,95,30,65,6,314,183,131,61,59,2,3
"2011","Greenwich 005C","E01001708",640,325,125,200,2,199,165,34,108,106,2,6
"2011","Greenwich 005D","E01001710",685,57,14,43,1,537,464,73,77,69,8,13
"2011","Greenwich 005E","E01001713",636,51,18,33,1,528,514,14,47,40,7,9
"2011","Greenwich 006A","E01001672",630,243,70,173,5,131,93,38,244,232,12,7
"2011","Greenwich 006B","E01001673",685,178,71,107,4,290,198,92,205,196,9,8
"2011","Greenwich 006C","E01001674",671,371,134,237,3,141,66,75,150,143,7,6
"2011","Greenwich 006D","E01001675",629,265,98,167,2,173,54,119,182,171,11,7
"2011","Greenwich 006E","E01001677",668,373,120,253,7,108,33,75,170,162,8,10
"2011","Greenwich 007B","E01001631",793,107,38,69,6,555,376,179,118,112,6,7
"2011","Greenwich 007C","E01001632",635,285,126,159,5,107,33,74,227,214,13,11
"2011","Greenwich 007D","E01001635",618,366,124,242,1,113,25,88,133,126,7,5
"2011","Greenwich 007E","E01001636",593,252,99,153,3,142,59,83,193,183,10,3
"2011","Greenwich 007F","E01033742",581,146,21,125,76,56,17,39,296,287,9,7
"2011","Greenwich 007G","E01033744",646,214,45,169,15,237,31,206,175,162,13,5
"2011","Greenwich 008A","E01001571",615,413,138,275,2,81,58,23,115,108,7,4
"2011","Greenwich 008B","E01001572",628,406,153,253,3,79,41,38,133,125,8,7
"2011","Greenwich 008C","E01001573",513,360,146,214,3,68,54,14,80,73,7,2
"2011","Greenwich 008D","E01001574",768,177,60,117,5,489,477,12,91,90,1,6
"2011","Greenwich 009A","E01001629",852,136,41,95,29,484,416,68,194,187,7,9
"2011","Greenwich 009B","E01001633",652,167,56,111,2,365,334,31,101,97,4,17
"2011","Greenwich 009C","E01001634",667,86,21,65,12,508,478,30,52,46,6,9
"2011","Greenwich 009D","E01001637",706,290,116,174,2,224,167,57,175,167,8,15
"2011","Greenwich 011A","E01001695",654,116,49,67,2,419,398,21,111,103,8,6
"2011","Greenwich 011B","E01001696",506,28,14,14,10,356,235,121,107,99,8,5
"2011","Greenwich 011C","E01001697",770,197,80,117,30,247,124,123,289,276,13,7
"2011","Greenwich 011D","E01001700",703,205,75,130,59,228,165,63,206,196,10,5
"2011","Greenwich 011E","E01001703",753,93,21,72,4,555,519,36,87,82,5,14
"2011","Greenwich 011F","E01001704",615,322,101,221,3,171,67,104,112,103,9,7
"2011","Greenwich 012A","E01001588",659,231,85,146,3,329,305,24,85,79,6,11
"2011","Greenwich 012B","E01001589",616,236,67,169,2,263,183,80,110,104,6,5
"2011","Greenwich 012C","E01001591",839,191,63,128,1,518,262,256,117,113,4,12
"2011","Greenwich 012D","E01001595",693,251,105,146,2,373,72,301,62,54,8,5
"2011","Greenwich 014A","E01001590",701,356,140,216,0,189,48,141,150,140,10,6
"2011","Greenwich 014B","E01001592",740,459,146,313,3,110,58,52,164,151,13,4
"2011","Greenwich 014C","E01001593",728,488,209,279,3,107,84,23,127,120,7,3
"2011","Greenwich 014D","E01001594",763,180,52,128,7,472,91,381,97,87,10,7
"2011","Greenwich 015A","E01001698",682,140,28,112,2,388,321,67,145,143,2,7
"2011","Greenwich 015B","E01001699",602,72,11,61,6,298,263,35,220,121,99,6
"2011","Greenwich 015C","E01001701",598,121,39,82,27,197,133,64,246,98,148,7
"2011","Greenwich 015D","E01001702",475,100,23,77,0,323,304,19,48,41,7,4
"2011","Greenwich 016A","E01001581",838,312,107,205,8,321,211,110,192,189,3,5
"2011","Greenwich 016B","E01001585",628,390,157,233,2,112,75,37,118,113,5,6
"2011","Greenwich 016C","E01001586",683,275,139,136,4,271,178,93,131,122,9,2
"2011","Greenwich 016D","E01001587",921,460,207,253,54,185,137,48,215,212,3,7
"2011","Greenwich 017A","E01001678",628,467,184,283,5,71,54,17,77,73,4,8
"2011","Greenwich 017B","E01001683",565,299,111,188,1,151,76,75,108,101,7,6
"2011","Greenwich 017C","E01001684",561,302,108,194,2,199,96,103,51,49,2,7
"2011","Greenwich 017D","E01001685",610,375,135,240,11,124,81,43,94,85,9,6
"2011","Greenwich 019A","E01001646",1179,411,78,333,24,379,148,231,356,336,20,9
"2011","Greenwich 019B","E01001650",615,303,115,188,2,242,205,37,64,52,12,4
"2011","Greenwich 019C","E01001651",761,286,112,174,3,380,370,10,79,75,4,13
"2011","Greenwich 019D","E01001652",681,401,159,242,3,141,130,11,131,123,8,5
"2011","Greenwich 020A","E01001679",520,396,136,260,1,57,5,52,64,60,4,2
"2011","Greenwich 020B","E01001680",618,517,272,245,1,14,9,5,78,72,6,8
"2011","Greenwich 020C","E01001681",488,313,118,195,1,100,41,59,70,66,4,4
"2011","Greenwich 020D","E01001682",565,397,187,210,17,95,31,64,52,48,4,4
"2011","Greenwich 020E","E01001686",767,359,114,245,1,229,169,60,171,168,3,7
"2011","Greenwich 021A","E01001580",833,413,178,235,1,85,54,31,322,312,10,12
"2011","Greenwich 021B","E01001582",641,353,168,185,0,161,129,32,115,107,8,12
"2011","Greenwich 021C","E01001583",818,412,167,245,5,142,66,76,249,237,12,10
"2011","Greenwich 021D","E01001584",713,420,233,187,1,81,64,17,204,194,10,7
"2011","Greenwich 022A","E01001645",714,383,151,232,5,251,229,22,63,59,4,12
"2011","Greenwich 022B","E01001647",573,393,185,208,1,113,98,15,63,59,4,3
"2011","Greenwich 022C","E01001648",729,452,148,304,3,153,139,14,113,106,7,8
"2011","Greenwich 022D","E01001649",569,287,102,185,8,208,175,33,58,55,3,8
"2011","Greenwich 023A","E01001605",571,539,257,282,1,8,4,4,22,20,2,1
"2011","Greenwich 023B","E01001606",618,540,215,325,4,19,10,9,51,48,3,4
"2011","Greenwich 023C","E01001610",707,525,220,305,5,107,9,98,66,56,10,4
"2011","Greenwich 023D","E01001611",741,439,189,250,1,242,130,112,54,45,9,5
"2011","Greenwich 025A","E01001620",505,241,78,163,1,215,192,23,42,36,6,6
"2011","Greenwich 025B","E01001621",611,275,91,184,13,253,241,12,66,60,6,4
"2011","Greenwich 025C","E01001623",664,293,72,221,18,243,199,44,102,97,5,8
"2011","Greenwich 025D","E01001624",631,342,143,199,3,250,133,117,26,26,0,10
"2011","Greenwich 025E","E01001625",587,239,79,160,1,314,302,12,29,27,2,4
"2011","Greenwich 027A","E01001604",568,430,188,242,0,66,28,38,63,59,4,9
"2011","Greenwich 027B","E01001607",604,411,172,239,1,146,24,122,41,35,6,5
"2011","Greenwich 027C","E01001608",592,456,230,226,0,88,51,37,44,42,2,4
"2011","Greenwich 027D","E01001609",738,419,217,202,0,199,187,12,89,85,4,31
"2011","Greenwich 028A","E01001613",775,443,213,230,0,185,173,12,138,125,13,9
"2011","Greenwich 028B","E01001614",530,484,271,213,0,16,12,4,26,25,1,4
"2011","Greenwich 028C","E01001615",756,379,192,187,6,167,111,56,185,167,18,19
"2011","Greenwich 028D","E01001617",738,573,299,274,12,44,37,7,101,95,6,8
"2011","Greenwich 029A","E01001653",610,199,37,162,0,369,361,8,40,33,7,2
"2011","Greenwich 029B","E01001654",603,244,102,142,6,302,279,23,44,37,7,7
"2011","Greenwich 029C","E01001655",637,179,58,121,1,394,362,32,59,51,8,4
"2011","Greenwich 029D","E01001660",586,263,115,148,2,262,199,63,50,43,7,9
"2011","Greenwich 029E","E01001661",588,324,125,199,0,219,207,12,39,36,3,6
"2011","Greenwich 030C","E01001618",648,402,177,225,1,191,98,93,50,48,2,4
"2011","Greenwich 030D","E01001619",818,496,192,304,48,90,23,67,173,164,9,11
"2011","Greenwich 030E","E01033729",802,256,116,140,9,442,417,25,89,64,25,6
"2011","Greenwich 031A","E01001597",607,420,202,218,2,84,20,64,95,87,8,6
"2011","Greenwich 031B","E01001598",606,482,230,252,2,65,61,4,53,50,3,4
"2011","Greenwich 031C","E01001602",718,347,137,210,1,321,283,38,43,42,1,6
"2011","Greenwich 031D","E01001603",768,252,89,163,2,465,444,21,37,33,4,12
"2011","Greenwich 032A","E01001596",597,529,259,270,1,14,13,1,49,47,2,4
"2011","Greenwich 032B","E01001599",615,442,196,246,3,118,112,6,48,45,3,4
"2011","Greenwich 032C","E01001600",663,443,168,275,4,84,50,34,129,124,5,3
"2011","Greenwich 032D","E01001601",601,471,203,268,3,67,16,51,54,42,12,6
"2011","Greenwich 033A","E01001669",689,334,133,201,11,246,140,106,87,80,7,11
"2011","Greenwich 033B","E01001671",675,402,144,258,1,148,121,27,123,113,10,1
"2011","Greenwich 033C","E01001676",646,185,60,125,14,281,220,61,155,150,5,11
"2011","Greenwich 033D","E01032567",589,438,195,243,2,89,19,70,54,46,8,6
"2011","Greenwich 034A","E01001656",582,331,171,160,0,180,169,11,66,61,5,5
"2011","Greenwich 034B","E01001657",686,440,225,215,7,113,102,11,114,111,3,12
"2011","Greenwich 034C","E01001658",723,438,212,226,9,139,101,38,131,124,7,6
"2011","Greenwich 034D","E01001659",529,377,187,190,0,90,87,3,60,59,1,2
"2011","Greenwich 034E","E01033726",818,338,123,215,11,408,308,100,51,43,8,10
"2011","Greenwich 035A","E01001640",881,108,27,81,22,537,459,78,198,190,8,16
"2011","Greenwich 035B","E01033727",802,163,34,129,23,407,230,177,193,185,8,16
"2011","Greenwich 035C","E01033728",641,258,60,198,18,64,9,55,297,286,11,4
"2011","Greenwich 035D","E01033730",653,103,17,86,53,239,43,196,253,245,8,5
"2011","Greenwich 036A","E01001666",557,231,73,158,0,174,128,46,147,139,8,5
"2011","Greenwich 036B","E01001667",707,144,51,93,2,448,422,26,99,94,5,14
"2011","Greenwich 036C","E01001668",1049,274,92,182,13,549,125,424,208,191,17,5
"2011","Greenwich 036D","E01033732",472,134,25,109,39,114,9,105,180,172,8,5
"2011","Greenwich 036E","E01033733",548,216,48,168,6,24,7,17,296,287,9,6
"2011","Greenwich 037A","E01001662",715,350,116,234,3,134,68,66,217,211,6,11
"2011","Greenwich 037B","E01001664",854,305,126,179,1,266,178,88,273,265,8,9
"2011","Greenwich 037C","E01001665",788,378,123,255,21,127,73,54,255,243,12,7
"2011","Greenwich 037D","E01033738",519,253,94,159,3,65,20,45,190,178,12,8
"2011","Greenwich 038A","E01001638",806,132,30,102,22,473,353,120,166,143,23,13
"2011","Greenwich 038B","E01001641",779,308,120,188,3,250,132,118,207,196,11,11
"2011","Greenwich 038C","E01001642",791,477,232,245,1,124,48,76,179,170,9,10
"2011","Greenwich 038D","E01001644",1022,409,115,294,15,211,131,80,381,372,9,6
"2011","Greenwich 038E","E01033746",715,308,109,199,2,228,136,92,170,162,8,7
"2011","Harrow 001A","E01002112",697,543,305,238,0,32,26,6,105,102,3,17
"2011","Harrow 001B","E01002114",986,521,337,184,45,208,28,180,192,182,10,20
"2011","Harrow 001C","E01002225",623,528,339,189,4,15,12,3,67,65,2,9
"2011","Harrow 001D","E01002226",1003,631,374,257,4,109,43,66,239,217,22,20
"2011","Harrow 002A","E01002113",599,391,186,205,1,121,86,35,77,71,6,9
"2011","Harrow 002B","E01002115",509,392,198,194,0,37,34,3,77,67,10,3
"2011","Harrow 002C","E01002116",680,498,293,205,5,18,0,18,151,124,27,8
"2011","Harrow 002D","E01002117",675,484,227,257,0,55,7,48,128,121,7,8
"2011","Harrow 002E","E01002118",675,377,212,165,2,19,11,8,253,234,19,24
"2011","Harrow 003A","E01002227",611,247,102,145,3,293,250,43,52,45,7,16
"2011","Harrow 003B","E01002228",710,417,219,198,15,97,32,65,172,93,79,9
"2011","Harrow 003C","E01002229",770,486,280,206,0,124,112,12,142,125,17,18
"2011","Harrow 003D","E01002230",637,556,284,272,1,13,8,5,64,59,5,3
"2011","Harrow 004A","E01002144",580,462,230,232,3,58,54,4,49,43,6,8
"2011","Harrow 004B","E01002146",519,475,245,230,0,3,2,1,38,37,1,3
"2011","Harrow 004C","E01002147",502,432,263,169,0,4,2,2,56,52,4,10
"2011","Harrow 004D","E01002149",479,452,239,213,0,2,2,0,25,24,1,0
"2011","Harrow 005A","E01002140",607,406,181,225,5,86,71,15,103,97,6,7
"2011","Harrow 005B","E01002141",680,527,273,254,6,67,8,59,72,69,3,8
"2011","Harrow 005C","E01002142",635,512,246,266,1,10,3,7,108,98,10,4
"2011","Harrow 005D","E01002143",529,342,126,216,4,73,56,17,109,101,8,1
"2011","Harrow 005E","E01002145",631,448,242,206,17,80,10,70,83,75,8,3
"2011","Harrow 006A","E01002139",498,149,53,96,2,289,169,120,46,41,5,12
"2011","Harrow 006B","E01002148",491,403,196,207,3,31,26,5,42,39,3,12
"2011","Harrow 006C","E01002150",839,517,293,224,10,33,9,24,264,258,6,15
"2011","Harrow 006D","E01002151",524,202,81,121,2,255,215,40,54,51,3,11
"2011","Harrow 006E","E01002152",638,511,280,231,1,12,8,4,103,97,6,11
"2011","Harrow 007A","E01002119",568,341,149,192,3,71,61,10,146,137,9,7
"2011","Harrow 007B","E01002120",488,205,88,117,1,196,187,9,78,77,1,8
"2011","Harrow 007C","E01002121",546,410,192,218,1,16,10,6,111,105,6,8
"2011","Harrow 007D","E01002122",582,412,206,206,1,16,12,4,143,138,5,10
"2011","Harrow 007E","E01002123",527,325,174,151,4,19,11,8,169,152,17,10
"2011","Harrow 008A","E01002106",651,533,219,314,2,30,27,3,78,67,11,8
"2011","Harrow 008B","E01002108",559,486,210,276,3,6,5,1,56,55,1,8
"2011","Harrow 008C","E01002109",654,540,256,284,1,26,22,4,82,67,15,5
"2011","Harrow 008D","E01002110",542,441,209,232,4,6,5,1,84,79,5,7
"2011","Harrow 008E","E01002111",681,497,215,282,2,64,49,15,114,109,5,4
"2011","Harrow 009A","E01002185",585,218,80,138,3,295,223,72,62,61,1,7
"2011","Harrow 009B","E01002186",794,462,248,214,5,129,107,22,184,175,9,14
"2011","Harrow 009C","E01002187",761,531,281,250,13,103,87,16,104,100,4,10
"2011","Harrow 009D","E01002190",625,570,324,246,0,14,9,5,34,31,3,7
"2011","Harrow 010A","E01002124",492,355,157,198,2,26,12,14,101,94,7,8
"2011","Harrow 010B","E01002125",512,310,149,161,5,39,23,16,151,137,14,7
"2011","Harrow 010C","E01002198",499,344,165,179,0,7,2,5,137,127,10,11
"2011","Harrow 010D","E01002200",505,358,181,177,1,31,22,9,102,93,9,13
"2011","Harrow 010E","E01002203",524,376,163,213,0,18,6,12,125,116,9,5
"2011","Harrow 011A","E01002232",709,418,194,224,12,91,63,28,183,170,13,5
"2011","Harrow 011B","E01002233",754,368,153,215,8,101,38,63,269,255,14,8
"2011","Harrow 011C","E01002234",548,343,145,198,6,44,7,37,145,137,8,10
"2011","Harrow 011D","E01002235",610,275,122,153,1,210,169,41,114,112,2,10
"2011","Harrow 011E","E01002236",582,342,120,222,13,60,11,49,162,153,9,5
"2011","Harrow 012A","E01002107",575,491,198,293,0,5,3,2,71,65,6,8
"2011","Harrow 012B","E01002197",420,347,168,179,0,13,4,9,56,53,3,4
"2011","Harrow 012C","E01002199",467,375,175,200,0,12,6,6,73,67,6,7
"2011","Harrow 012D","E01002201",508,419,218,201,0,7,6,1,75,69,6,7
"2011","Harrow 012E","E01002202",712,282,118,164,3,52,36,16,362,348,14,13
"2011","Harrow 013A","E01002179",795,355,159,196,48,138,15,123,245,238,7,9
"2011","Harrow 013B","E01002180",783,318,130,188,17,189,82,107,251,242,9,8
"2011","Harrow 013C","E01002183",682,448,209,239,15,32,11,21,179,173,6,8
"2011","Harrow 013D","E01002184",677,394,155,239,8,94,56,38,176,167,9,5
"2011","Harrow 013E","E01002231",679,402,168,234,17,82,19,63,172,162,10,6
"2011","Harrow 015A","E01002154",728,481,221,260,4,87,24,63,145,138,7,11
"2011","Harrow 015B","E01002156",501,457,236,221,0,6,3,3,33,31,2,5
"2011","Harrow 015C","E01002162",687,416,177,239,4,96,79,17,166,157,9,5
"2011","Harrow 015D","E01002163",537,456,220,236,0,12,5,7,63,56,7,6
"2011","Harrow 016A","E01002188",638,570,350,220,1,5,2,3,55,51,4,7
"2011","Harrow 016B","E01002189",714,479,277,202,0,55,11,44,171,161,10,9
"2011","Harrow 016C","E01002192",638,508,306,202,0,44,8,36,74,70,4,12
"2011","Harrow 016D","E01002193",740,482,221,261,7,126,104,22,118,114,4,7
"2011","Harrow 017A","E01002165",528,316,161,155,9,24,18,6,173,167,6,6
"2011","Harrow 017B","E01002166",484,362,191,171,1,20,12,8,91,88,3,10
"2011","Harrow 017C","E01002167",477,270,134,136,0,87,70,17,113,111,2,7
"2011","Harrow 017D","E01002168",511,220,81,139,6,208,198,10,62,56,6,15
"2011","Harrow 017E","E01002169",531,297,167,130,3,113,31,82,112,105,7,6
"2011","Harrow 019A","E01002153",616,537,304,233,1,5,2,3,68,66,2,5
"2011","Harrow 019B","E01002155",641,551,266,285,2,23,17,6,58,53,5,7
"2011","Harrow 019C","E01002157",593,402,209,193,31,20,8,12,133,127,6,7
"2011","Harrow 019D","E01002158",491,447,213,234,3,1,1,0,38,32,6,2
"2011","Harrow 020A","E01002128",784,325,139,186,17,26,6,20,410,401,9,6
"2011","Harrow 020B","E01002130",884,310,116,194,8,82,11,71,478,459,19,6
"2011","Harrow 020C","E01002181",682,436,176,260,4,13,1,12,225,217,8,4
"2011","Harrow 020D","E01002182",689,415,199,216,5,12,3,9,253,248,5,4
"2011","Harrow 021A","E01002159",685,488,224,264,4,50,36,14,138,125,13,5
"2011","Harrow 021B","E01002160",704,395,150,245,6,22,4,18,272,259,13,9
"2011","Harrow 021C","E01002161",728,423,194,229,40,82,39,43,173,158,15,10
"2011","Harrow 021D","E01002164",683,450,204,246,4,26,14,12,198,192,6,5
"2011","Harrow 022A","E01002191",667,560,229,331,0,19,5,14,86,81,5,2
"2011","Harrow 022B","E01002194",657,566,316,250,0,36,33,3,48,43,5,7
"2011","Harrow 022C","E01002195",610,513,247,266,1,30,28,2,58,56,2,8
"2011","Harrow 022D","E01002196",616,575,265,310,0,8,8,0,30,26,4,3
"2011","Harrow 023A","E01002126",1203,451,235,216,33,123,44,79,577,552,25,19
"2011","Harrow 023B","E01002127",628,396,198,198,3,18,5,13,200,191,9,11
"2011","Harrow 023C","E01002129",889,395,177,218,11,136,40,96,328,306,22,19
"2011","Harrow 023D","E01002131",586,255,108,147,14,182,121,61,119,99,20,16
"2011","Harrow 024A","E01002237",648,301,100,201,3,83,62,21,254,247,7,7
"2011","Harrow 024B","E01002238",596,405,173,232,3,35,11,24,148,141,7,5
"2011","Harrow 024C","E01002240",655,379,150,229,28,113,87,26,119,111,8,16
"2011","Harrow 024D","E01002242",613,504,261,243,2,13,5,8,88,86,2,6
"2011","Harrow 025A","E01002208",483,438,241,197,0,4,2,2,40,37,3,1
"2011","Harrow 025B","E01002209",546,377,201,176,4,7,1,6,152,137,15,6
"2011","Harrow 025C","E01002239",635,493,250,243,1,8,0,8,127,123,4,6
"2011","Harrow 025D","E01002241",536,349,137,212,4,101,13,88,76,66,10,6
"2011","Harrow 027A","E01002133",896,239,111,128,13,456,360,96,166,155,11,22
"2011","Harrow 027B","E01002136",638,429,210,219,8,25,17,8,172,164,8,4
"2011","Harrow 027C","E01002138",509,329,125,204,3,24,10,14,147,142,5,6
"2011","Harrow 027D","E01002213",1116,536,220,316,46,117,8,109,406,382,24,11
"2011","Harrow 028A","E01002211",477,220,91,129,2,168,53,115,80,74,6,7
"2011","Harrow 028B","E01002212",647,322,136,186,15,95,72,23,207,195,12,8
"2011","Harrow 028C","E01002216",513,390,166,224,2,25,6,19,91,87,4,5
"2011","Harrow 028D","E01002217",552,111,29,82,3,378,46,332,49,39,10,11
"2011","Harrow 029A","E01002132",828,476,198,278,6,14,13,1,310,293,17,22
"2011","Harrow 029B","E01002134",603,368,181,187,2,13,6,7,199,184,15,21
"2011","Harrow 029C","E01002135",657,330,154,176,29,97,85,12,192,185,7,9
"2011","Harrow 029D","E01002137",468,250,109,141,0,4,4,0,139,106,33,75
"2011","Harrow 030A","E01002218",606,417,196,221,2,18,4,14,159,147,12,10
"2011","Harrow 030B","E01002219",605,324,134,190,5,54,7,47,211,203,8,11
"2011","Harrow 030C","E01002221",511,319,156,163,2,48,5,43,137,126,11,5
"2011","Harrow 030D","E01002222",488,363,141,222,2,19,11,8,102,89,13,2
"2011","Harrow 031A","E01002214",612,359,136,223,2,104,83,21,140,136,4,7
"2011","Harrow 031B","E01002215",595,227,74,153,1,261,216,45,96,90,6,10
"2011","Harrow 031C","E01002220",493,368,146,222,4,42,32,10,74,67,7,5
"2011","Harrow 031D","E01002223",591,442,166,276,4,30,12,18,111,100,11,4
"2011","Harrow 031E","E01002224",497,276,89,187,1,149,100,49,59,57,2,12
"2011","Harrow 032A","E01002204",634,322,143,179,2,34,22,12,267,257,10,9
"2011","Harrow 032B","E01002206",457,348,159,189,2,5,1,4,99,93,6,3
"2011","Harrow 032C","E01002207",524,415,182,233,0,15,5,10,92,88,4,2
"2011","Harrow 032D","E01002210",504,401,181,220,1,9,4,5,89,84,5,4
"2011","Harrow 032E","E01032576",520,437,179,258,3,6,2,4,68,64,4,6
"2011","Harrow 033A","E01002170",408,293,138,155,2,56,51,5,49,46,3,8
"2011","Harrow 033B","E01002171",534,372,181,191,9,7,5,2,134,126,8,12
"2011","Harrow 033C","E01002172",493,345,139,206,38,44,26,18,65,64,1,1
"2011","Harrow 033D","E01002173",529,439,218,221,1,6,1,5,76,73,3,7
"2011","Harrow 033E","E01002174",483,385,194,191,2,9,4,5,85,80,5,2
"2011","Harrow 033F","E01002175",406,332,187,145,1,12,2,10,54,51,3,7
"2011","Harrow 033G","E01002176",535,389,206,183,3,7,5,2,132,130,2,4
"2011","Harrow 033H","E01002177",452,344,141,203,1,9,6,3,91,87,4,7
"2011","Harrow 033I","E01002178",502,434,204,230,4,16,11,5,41,39,2,7
"2011","Havering 001A","E01002276",694,453,186,267,12,178,155,23,48,44,4,3
"2011","Havering 001B","E01002278",631,312,132,180,5,274,253,21,33,30,3,7
"2011","Havering 001C","E01002312",642,439,261,178,1,163,144,19,31,26,5,8
"2011","Havering 001D","E01002313",630,347,162,185,12,202,181,21,62,61,1,7
"2011","Havering 002A","E01002277",608,316,133,183,4,246,234,12,34,33,1,8
"2011","Havering 002B","E01002279",634,367,135,232,4,204,183,21,54,48,6,5
"2011","Havering 002C","E01002281",756,250,86,164,2,414,397,17,77,66,11,13
"2011","Havering 002D","E01002283",594,331,119,212,4,202,145,57,47,42,5,10
"2011","Havering 002E","E01002299",664,437,153,284,2,168,141,27,51,48,3,6
"2011","Havering 003A","E01002301",627,540,288,252,3,44,29,15,35,33,2,5
"2011","Havering 003B","E01002303",823,483,202,281,11,243,185,58,79,69,10,7
"2011","Havering 003C","E01002304",524,423,227,196,1,47,33,14,41,34,7,12
"2011","Havering 003D","E01002306",625,273,90,183,4,309,275,34,31,29,2,8
"2011","Havering 003E","E01002307",636,426,181,245,1,154,138,16,44,41,3,11
"2011","Havering 004A","E01002280",621,226,86,140,1,334,309,25,54,51,3,6
"2011","Havering 004B","E01002282",668,211,70,141,2,389,376,13,56,47,9,10
"2011","Havering 004C","E01002284",765,437,141,296,8,261,237,24,52,48,4,7
"2011","Havering 004D","E01002297",670,241,86,155,1,368,347,21,55,49,6,5
"2011","Havering 004E","E01002314",623,259,79,180,0,313,283,30,40,38,2,11
"2011","Havering 004F","E01002316",740,241,80,161,1,438,418,20,57,48,9,3
"2011","Havering 005A","E01002302",598,492,221,271,3,48,22,26,51,47,4,4
"2011","Havering 005B","E01002305",608,493,242,251,1,68,58,10,38,36,2,8
"2011","Havering 005C","E01002308",670,452,205,247,7,138,99,39,69,66,3,4
"2011","Havering 005D","E01002326",627,456,218,238,9,62,55,7,88,85,3,12
"2011","Havering 005E","E01002331",596,499,243,256,0,39,34,5,50,43,7,8
"2011","Havering 006A","E01002309",651,413,218,195,4,170,155,15,59,53,6,5
"2011","Havering 006B","E01002310",712,335,114,221,7,301,216,85,65,61,4,4
"2011","Havering 006C","E01002311",668,411,150,261,7,190,170,20,53,45,8,7
"2011","Havering 006D","E01002315",633,378,132,246,3,187,172,15,63,58,5,2
"2011","Havering 007A","E01002293",801,541,202,339,2,63,16,47,191,182,9,4
"2011","Havering 007B","E01002294",626,495,257,238,1,71,42,29,52,49,3,7
"2011","Havering 007C","E01002296",691,605,334,271,0,40,11,29,41,38,3,5
"2011","Havering 007D","E01002298",654,549,282,267,3,47,11,36,49,45,4,6
"2011","Havering 007E","E01002300",715,562,313,249,0,56,46,10,94,89,5,3
"2011","Havering 008A","E01002333",516,484,274,210,0,4,4,0,28,25,3,0
"2011","Havering 008B","E01002334",674,624,350,274,1,15,15,0,29,28,1,5
"2011","Havering 008C","E01002336",612,550,282,268,0,17,16,1,43,41,2,2
"2011","Havering 008D","E01002339",602,565,302,263,1,9,9,0,21,19,2,6
"2011","Havering 008E","E01002341",557,536,308,228,0,7,6,1,13,11,2,1
"2011","Havering 009A","E01002327",595,507,238,269,2,41,39,2,39,37,2,6
"2011","Havering 009B","E01002328",642,561,252,309,3,21,20,1,50,46,4,7
"2011","Havering 009C","E01002332",683,559,261,298,1,63,54,9,57,56,1,3
"2011","Havering 009D","E01002335",592,399,191,208,2,141,135,6,48,42,6,2
"2011","Havering 009E","E01002338",523,449,213,236,2,13,7,6,57,54,3,2
"2011","Havering 009F","E01002340",509,445,210,235,1,10,9,1,48,44,4,5
"2011","Havering 010A","E01002268",519,449,236,213,4,40,35,5,22,17,5,4
"2011","Havering 010B","E01002269",678,616,296,320,0,13,2,11,45,44,1,4
"2011","Havering 010C","E01002295",670,505,212,293,3,66,49,17,90,86,4,6
"2011","Havering 010D","E01002377",711,532,237,295,2,82,13,69,87,77,10,8
"2011","Havering 010E","E01002378",604,550,218,332,0,14,3,11,38,36,2,2
"2011","Havering 010F","E01002383",659,567,270,297,21,21,12,9,45,42,3,5
"2011","Havering 011A","E01002244",749,490,173,317,14,88,18,70,147,142,5,10
"2011","Havering 011B","E01002245",630,437,161,276,5,87,79,8,93,85,8,8
"2011","Havering 011C","E01002325",755,436,223,213,4,248,228,20,65,64,1,2
"2011","Havering 011D","E01002329",643,551,246,305,4,23,21,2,61,57,4,4
"2011","Havering 011E","E01002330",737,530,232,298,4,103,73,30,97,96,1,3
"2011","Havering 012A","E01002337",512,407,205,202,0,61,43,18,38,37,1,6
"2011","Havering 012B","E01002354",561,498,270,228,0,5,3,2,54,49,5,4
"2011","Havering 012C","E01002376",520,479,214,265,1,5,2,3,35,35,0,0
"2011","Havering 012D","E01002379",659,488,257,231,0,17,10,7,147,136,11,7
"2011","Havering 012E","E01002380",1036,537,211,326,22,212,203,9,258,247,11,7
"2011","Havering 012F","E01002381",645,471,242,229,11,101,7,94,55,55,0,7
"2011","Havering 013A","E01002243",847,300,102,198,25,318,145,173,196,189,7,8
"2011","Havering 013B","E01002353",832,508,249,259,36,130,56,74,151,144,7,7
"2011","Havering 013C","E01002356",1037,343,134,209,11,367,253,114,304,294,10,12
"2011","Havering 013E","E01032741",663,221,83,138,85,98,13,85,255,247,8,4
"2011","Havering 013F","E01032742",644,405,199,206,5,75,13,62,154,139,15,5
"2011","Havering 014A","E01002272",536,480,246,234,1,10,5,5,42,37,5,3
"2011","Havering 014B","E01002274",692,605,311,294,2,8,5,3,73,67,6,4
"2011","Havering 014C","E01002317",544,507,247,260,3,15,11,4,19,18,1,0
"2011","Havering 014D","E01002318",614,557,304,253,0,22,20,2,33,31,2,2
"2011","Havering 014E","E01002355",574,525,248,277,0,10,6,4,37,33,4,2
"2011","Havering 014F","E01002382",765,569,247,322,2,43,19,24,145,137,8,6
"2011","Havering 015A","E01002270",634,494,269,225,0,98,2,96,37,35,2,5
"2011","Havering 015B","E01002271",515,492,277,215,0,2,1,1,14,13,1,7
"2011","Havering 015C","E01002273",490,465,269,196,0,3,2,1,20,19,1,2
"2011","Havering 015D","E01002275",517,488,287,201,1,4,3,1,22,21,1,2
"2011","Havering 016A","E01002319",652,471,222,249,1,111,107,4,65,57,8,4
"2011","Havering 016B","E01002350",711,371,150,221,5,106,99,7,220,214,6,9
"2011","Havering 016C","E01002351",653,498,188,310,3,26,20,6,122,119,3,4
"2011","Havering 016D","E01002352",722,496,178,318,5,49,34,15,166,161,5,6
"2011","Havering 016E","E01002358",791,488,138,350,8,65,40,25,224,213,11,6
"2011","Havering 017A","E01002246",637,515,259,256,3,23,19,4,88,77,11,8
"2011","Havering 017B","E01002247",729,522,168,354,7,39,28,11,154,148,6,7
"2011","Havering 017C","E01002248",592,371,186,185,0,127,109,18,92,87,5,2
"2011","Havering 017D","E01002249",746,430,172,258,5,179,30,149,127,117,10,5
"2011","Havering 017E","E01002250",642,500,157,343,1,33,23,10,102,94,8,6
"2011","Havering 017F","E01002251",526,310,110,200,3,166,158,8,46,42,4,1
"2011","Havering 018A","E01002252",617,567,334,233,0,20,17,3,26,23,3,4
"2011","Havering 018B","E01002256",620,556,291,265,1,15,15,0,46,38,8,2
"2011","Havering 018C","E01002258",797,517,305,212,3,171,165,6,91,84,7,15
"2011","Havering 018D","E01002259",612,557,297,260,2,20,20,0,27,23,4,6
"2011","Havering 018E","E01002391",608,551,328,223,3,23,19,4,25,25,0,6
"2011","Havering 019A","E01002253",615,599,358,241,0,2,1,1,10,10,0,4
"2011","Havering 019B","E01002254",636,593,358,235,0,4,4,0,35,31,4,4
"2011","Havering 019C","E01002257",651,595,345,250,1,2,1,1,49,47,2,4
"2011","Havering 019D","E01002384",644,562,305,257,3,20,18,2,55,45,10,4
"2011","Havering 020A","E01002359",515,478,252,226,2,4,3,1,26,23,3,5
"2011","Havering 020B","E01002360",742,501,317,184,1,145,139,6,87,80,7,8
"2011","Havering 020C","E01002361",822,444,219,225,4,162,36,126,201,194,7,11
"2011","Havering 020D","E01002363",686,410,204,206,10,215,160,55,46,36,10,5
"2011","Havering 020E","E01002367",658,498,252,246,2,21,17,4,133,123,10,4
"2011","Havering 021A","E01002320",537,486,213,273,2,10,7,3,32,29,3,7
"2011","Havering 021B","E01002321",635,538,274,264,3,19,8,11,67,62,5,8
"2011","Havering 021C","E01002322",731,642,263,379,4,30,7,23,53,46,7,2
"2011","Havering 021D","E01002323",627,575,263,312,0,7,6,1,44,41,3,1
"2011","Havering 021E","E01002324",650,447,212,235,0,145,132,13,53,47,6,5
"2011","Havering 022A","E01002255",630,571,277,294,3,13,10,3,41,35,6,2
"2011","Havering 022B","E01002289",621,531,262,269,0,51,48,3,32,27,5,7
"2011","Havering 022C","E01002292",637,486,244,242,3,104,99,5,40,36,4,4
"2011","Havering 022D","E01002362",616,500,244,256,1,18,15,3,95,89,6,2
"2011","Havering 022E","E01002386",871,622,311,311,2,25,23,2,221,203,18,1
"2011","Havering 023A","E01002287",602,538,283,255,1,14,12,2,46,42,4,3
"2011","Havering 023B","E01002291",775,591,310,281,0,9,7,2,165,155,10,10
"2011","Havering 023C","E01002364",542,484,255,229,0,15,3,12,35,33,2,8
"2011","Havering 023D","E01002365",552,444,222,222,3,32,31,1,63,60,3,10
"2011","Havering 023E","E01002366",568,497,225,272,1,35,27,8,32,28,4,3
"2011","Havering 024A","E01002385",601,539,274,265,2,16,13,3,37,29,8,7
"2011","Havering 024B","E01002387",607,586,326,260,1,2,2,0,14,13,1,4
"2011","Havering 024C","E01002388",608,579,319,260,1,3,2,1,21,20,1,4
"2011","Havering 024D","E01002389",623,595,382,213,0,5,5,0,18,13,5,5
"2011","Havering 024E","E01002390",531,513,273,240,0,4,3,1,12,12,0,2
"2011","Havering 025A","E01002265",638,556,266,290,1,19,16,3,57,51,6,5
"2011","Havering 025B","E01002285",520,471,282,189,0,10,10,0,36,33,3,3
"2011","Havering 025C","E01002286",614,587,316,271,1,5,2,3,19,18,1,2
"2011","Havering 025D","E01002288",554,507,247,260,0,12,5,7,32,31,1,3
"2011","Havering 025E","E01002290",641,601,338,263,0,12,10,2,25,21,4,3
"2011","Havering 026A","E01002260",566,466,238,228,3,29,24,5,63,57,6,5
"2011","Havering 026B","E01002261",645,524,271,253,2,18,10,8,95,93,2,6
"2011","Havering 026C","E01002262",625,458,206,252,2,117,109,8,40,36,4,8
"2011","Havering 026D","E01002263",609,544,255,289,10,19,16,3,34,29,5,2
"2011","Havering 026E","E01002264",710,317,139,178,2,331,269,62,59,56,3,1
"2011","Havering 027A","E01002266",600,530,320,210,1,34,22,12,30,27,3,5
"2011","Havering 027B","E01002267",734,465,235,230,2,206,138,68,53,48,5,8
"2011","Havering 027C","E01002372",603,525,260,265,1,26,12,14,48,47,1,3
"2011","Havering 027D","E01002373",628,523,261,262,2,44,39,5,55,51,4,4
"2011","Havering 027E","E01002374",604,457,199,258,2,89,80,9,52,48,4,4
"2011","Havering 028A","E01002368",696,274,118,156,0,354,43,311,63,59,4,5
"2011","Havering 028B","E01002369",730,564,278,286,9,71,17,54,81,76,5,5
"2011","Havering 028C","E01002370",846,480,171,309,6,264,224,40,86,77,9,10
"2011","Havering 028D","E01002371",643,544,291,253,2,39,34,5,55,51,4,3
"2011","Havering 028E","E01002375",688,432,198,234,9,189,164,25,54,50,4,4
"2011","Havering 029A","E01002343",636,578,314,264,3,7,4,3,45,41,4,3
"2011","Havering 029B","E01002344",638,520,293,227,3,24,19,5,88,82,6,3
"2011","Havering 029C","E01002348",642,600,379,221,1,7,6,1,32,28,4,2
"2011","Havering 029D","E01002349",608,517,283,234,1,47,2,45,36,34,2,7
"2011","Havering 030A","E01002342",632,429,160,269,2,84,38,46,113,103,10,4
"2011","Havering 030B","E01002345",756,384,142,242,14,159,105,54,195,182,13,4
"2011","Havering 030C","E01002346",557,358,132,226,2,105,56,49,88,74,14,4
"2011","Havering 030D","E01002347",526,449,224,225,0,12,9,3,63,53,10,2
"2011","Hillingdon 001A","E01002473",636,433,253,180,1,154,5,149,40,33,7,8
"2011","Hillingdon 001B","E01002475",692,362,186,176,2,183,29,154,138,126,12,7
"2011","Hillingdon 001C","E01002476",611,488,294,194,6,23,17,6,87,77,10,7
"2011","Hillingdon 001D","E01002477",559,352,199,153,2,63,51,12,128,107,21,14
"2011","Hillingdon 001E","E01002482",617,552,307,245,0,10,5,5,51,47,4,4
"2011","Hillingdon 002A","E01002472",771,439,270,169,7,80,33,47,232,214,18,13
"2011","Hillingdon 002B","E01002474",643,440,232,208,1,90,52,38,109,106,3,3
"2011","Hillingdon 002C","E01002478",666,418,221,197,8,57,50,7,174,158,16,9
"2011","Hillingdon 002D","E01002483",714,469,231,238,0,32,22,10,200,187,13,13
"2011","Hillingdon 002E","E01002484",585,358,152,206,3,143,118,25,78,74,4,3
"2011","Hillingdon 002F","E01002485",762,410,214,196,0,128,66,62,212,206,6,12
"2011","Hillingdon 003A","E01002438",480,374,159,215,3,52,39,13,46,43,3,5
"2011","Hillingdon 003B","E01002439",608,369,175,194,1,139,126,13,90,74,16,9
"2011","Hillingdon 003C","E01002440",618,396,187,209,8,179,163,16,28,24,4,7
"2011","Hillingdon 003D","E01002441",667,392,154,238,0,181,130,51,88,78,10,6
"2011","Hillingdon 003E","E01002442",635,402,180,222,0,172,143,29,55,50,5,6
"2011","Hillingdon 004A","E01002433",782,553,272,281,9,148,96,52,66,62,4,6
"2011","Hillingdon 004B","E01002436",658,519,242,277,1,80,37,43,56,52,4,2
"2011","Hillingdon 004C","E01002479",628,381,151,230,7,193,140,53,40,34,6,7
"2011","Hillingdon 004D","E01002480",713,595,325,270,1,19,5,14,92,74,18,6
"2011","Hillingdon 004E","E01002481",659,370,141,229,3,202,178,24,80,71,9,4
"2011","Hillingdon 005A","E01002533",589,400,149,251,11,131,57,74,45,38,7,2
"2011","Hillingdon 005B","E01002534",607,445,205,240,1,105,87,18,52,50,2,4
"2011","Hillingdon 005C","E01002538",746,553,258,295,12,109,95,14,61,54,7,11
"2011","Hillingdon 005D","E01002539",619,498,268,230,3,76,28,48,38,36,2,4
"2011","Hillingdon 006A","E01002418",658,522,226,296,3,91,77,14,37,35,2,5
"2011","Hillingdon 006B","E01002419",611,508,232,276,2,12,9,3,87,79,8,2
"2011","Hillingdon 006C","E01002431",489,457,260,197,0,4,2,2,26,24,2,2
"2011","Hillingdon 006D","E01002432",635,483,291,192,1,12,9,3,131,117,14,8
"2011","Hillingdon 006E","E01002437",608,523,342,181,0,45,41,4,37,34,3,3
"2011","Hillingdon 007A","E01002430",524,488,274,214,0,15,1,14,20,18,2,1
"2011","Hillingdon 007B","E01002434",504,446,239,207,1,25,0,25,28,26,2,4
"2011","Hillingdon 007C","E01002435",535,496,267,229,1,10,7,3,26,23,3,2
"2011","Hillingdon 007D","E01002470",702,412,221,191,24,82,3,79,177,161,16,7
"2011","Hillingdon 007E","E01002535",828,482,270,212,6,57,3,54,266,255,11,17
"2011","Hillingdon 008A","E01002416",593,513,201,312,2,33,23,10,42,39,3,3
"2011","Hillingdon 008B","E01002417",638,544,294,250,2,9,7,2,79,74,5,4
"2011","Hillingdon 008C","E01002420",662,454,188,266,1,130,48,82,69,64,5,8
"2011","Hillingdon 008D","E01002421",636,527,256,271,0,40,33,7,63,61,2,6
"2011","Hillingdon 008E","E01002471",634,554,226,328,2,20,16,4,53,48,5,5
"2011","Hillingdon 009A","E01002465",633,449,171,278,4,33,23,10,143,133,10,4
"2011","Hillingdon 009B","E01002467",639,560,319,241,2,11,6,5,57,46,11,9
"2011","Hillingdon 009C","E01002494",637,474,159,315,4,67,62,5,89,81,8,3
"2011","Hillingdon 009D","E01002536",609,351,161,190,7,15,4,11,233,140,93,3
"2011","Hillingdon 009E","E01002537",579,402,191,211,1,11,7,4,161,112,49,4
"2011","Hillingdon 010A","E01002415",643,584,229,355,6,9,7,2,39,36,3,5
"2011","Hillingdon 010B","E01002466",633,574,238,336,1,11,5,6,45,40,5,2
"2011","Hillingdon 010C","E01002468",633,546,223,323,5,14,7,7,61,56,5,7
"2011","Hillingdon 010D","E01002469",631,551,252,299,1,14,6,8,61,52,9,4
"2011","Hillingdon 010E","E01002495",695,430,160,270,17,68,18,50,175,92,83,5
"2011","Hillingdon 011A","E01002458",543,494,276,218,1,8,5,3,37,31,6,3
"2011","Hillingdon 011B","E01002459",622,582,335,247,1,2,1,1,37,34,3,0
"2011","Hillingdon 011C","E01002460",597,452,258,194,2,51,39,12,82,76,6,10
"2011","Hillingdon 011D","E01002462",506,417,204,213,2,9,8,1,74,36,38,4
"2011","Hillingdon 011E","E01002464",623,522,232,290,1,55,51,4,40,36,4,5
"2011","Hillingdon 013A","E01002461",516,448,239,209,2,23,16,7,42,41,1,1
"2011","Hillingdon 013B","E01002463",528,468,245,223,1,24,2,22,33,29,4,2
"2011","Hillingdon 013C","E01002512",647,548,301,247,0,13,6,7,82,78,4,4
"2011","Hillingdon 013D","E01002513",544,425,245,180,0,68,6,62,45,40,5,6
"2011","Hillingdon 013E","E01002516",490,411,209,202,2,9,6,3,60,47,13,8
"2011","Hillingdon 014A","E01002450",503,426,152,274,6,9,4,5,59,57,2,3
"2011","Hillingdon 014B","E01002451",493,400,175,225,2,32,26,6,53,50,3,6
"2011","Hillingdon 014C","E01002452",500,405,160,245,2,31,11,20,56,56,0,6
"2011","Hillingdon 014D","E01002453",599,463,190,273,5,44,40,4,83,79,4,4
"2011","Hillingdon 014E","E01002454",661,421,166,255,2,162,138,24,73,67,6,3
"2011","Hillingdon 015A","E01002414",527,291,149,142,2,51,40,11,176,168,8,7
"2011","Hillingdon 015C","E01002514",885,518,271,247,15,101,74,27,245,230,15,6
"2011","Hillingdon 015D","E01002515",718,336,143,193,2,189,80,109,179,132,47,12
"2011","Hillingdon 015F","E01033725",945,424,205,219,3,219,170,49,287,166,121,12
"2011","Hillingdon 016B","E01002520",603,288,110,178,18,143,98,45,144,135,9,10
"2011","Hillingdon 016C","E01002521",909,246,89,157,28,372,293,79,247,238,9,16
"2011","Hillingdon 016D","E01002523",549,320,127,193,6,64,50,14,156,151,5,3
"2011","Hillingdon 016F","E01033724",1051,584,272,312,5,165,116,49,287,266,21,10
"2011","Hillingdon 017A","E01002410",638,458,211,247,4,43,20,23,128,117,11,5
"2011","Hillingdon 017B","E01002412",822,514,228,286,3,96,13,83,199,192,7,10
"2011","Hillingdon 017C","E01002456",621,374,155,219,9,105,56,49,126,119,7,7
"2011","Hillingdon 017D","E01002509",502,447,217,230,2,7,4,3,43,43,0,3
"2011","Hillingdon 017E","E01002511",613,365,139,226,6,161,82,79,69,67,2,12
"2011","Hillingdon 018A","E01002422",494,367,146,221,9,15,8,7,93,91,2,10
"2011","Hillingdon 018B","E01002423",568,447,213,234,13,46,5,41,54,47,7,8
"2011","Hillingdon 018C","E01002424",526,394,146,248,12,15,7,8,100,97,3,5
"2011","Hillingdon 018D","E01002425",613,338,119,219,11,135,107,28,124,117,7,5
"2011","Hillingdon 018E","E01002427",514,400,168,232,28,21,6,15,63,55,8,2
"2011","Hillingdon 018F","E01002428",496,403,184,219,8,29,19,10,56,55,1,0
"2011","Hillingdon 019A","E01002408",629,280,110,170,13,215,161,54,118,117,1,3
"2011","Hillingdon 019B","E01002409",672,326,143,183,5,205,157,48,130,124,6,6
"2011","Hillingdon 019C","E01002429",498,281,96,185,12,135,109,26,65,64,1,5
"2011","Hillingdon 019D","E01002455",652,396,167,229,22,108,90,18,119,112,7,7
"2011","Hillingdon 019E","E01002457",517,237,88,149,3,181,97,84,95,94,1,1
"2011","Hillingdon 020A","E01002392",618,217,78,139,15,314,272,42,66,62,4,6
"2011","Hillingdon 020B","E01002393",705,405,139,266,11,145,98,47,139,131,8,5
"2011","Hillingdon 020C","E01002540",621,349,102,247,15,137,92,45,117,111,6,3
"2011","Hillingdon 020D","E01002542",665,287,91,196,5,209,183,26,146,141,5,18
"2011","Hillingdon 020E","E01002543",625,320,111,209,13,183,117,66,95,90,5,14
"2011","Hillingdon 021A","E01002394",508,342,166,176,4,52,33,19,100,93,7,10
"2011","Hillingdon 021B","E01002395",424,286,116,170,20,29,10,19,82,78,4,7
"2011","Hillingdon 021C","E01002397",514,270,109,161,5,66,28,38,164,147,17,9
"2011","Hillingdon 021D","E01002398",493,332,140,192,5,27,20,7,126,113,13,3
"2011","Hillingdon 021E","E01002399",474,354,149,205,3,17,12,5,95,90,5,5
"2011","Hillingdon 021F","E01002426",631,457,170,287,4,24,10,14,136,129,7,10
"2011","Hillingdon 022A","E01002411",632,327,147,180,7,181,151,30,108,104,4,9
"2011","Hillingdon 022B","E01002413",594,303,123,180,2,203,180,23,84,82,2,2
"2011","Hillingdon 022C","E01002518",490,370,172,198,4,21,16,5,92,88,4,3
"2011","Hillingdon 022D","E01002519",719,348,144,204,27,164,134,30,177,170,7,3
"2011","Hillingdon 022E","E01002550",795,340,92,248,15,163,106,57,272,265,7,5
"2011","Hillingdon 022F","E01002554",1073,412,90,322,74,204,67,137,377,361,16,6
"2011","Hillingdon 023A","E01002541",785,545,175,370,41,58,7,51,137,130,7,4
"2011","Hillingdon 023B","E01002544",555,396,152,244,5,24,6,18,123,118,5,7
"2011","Hillingdon 023C","E01002545",483,96,46,50,4,319,15,304,58,56,2,6
"2011","Hillingdon 023D","E01002546",449,308,122,186,3,16,6,10,117,108,9,5
"2011","Hillingdon 023E","E01002547",492,261,105,156,15,73,15,58,113,107,6,30
"2011","Hillingdon 024A","E01002400",599,343,113,230,2,136,91,45,111,107,4,7
"2011","Hillingdon 024B","E01002401",609,310,113,197,12,122,89,33,151,146,5,14
"2011","Hillingdon 024C","E01002402",491,250,94,156,6,150,115,35,81,76,5,4
"2011","Hillingdon 024D","E01002403",543,282,90,192,20,155,84,71,81,80,1,5
"2011","Hillingdon 024E","E01002404",675,313,100,213,4,243,205,38,109,104,5,6
"2011","Hillingdon 025A","E01002548",657,283,107,176,9,286,234,52,69,64,5,10
"2011","Hillingdon 025B","E01002549",672,454,193,261,2,118,64,54,92,82,10,6
"2011","Hillingdon 025C","E01002551",641,355,140,215,11,172,143,29,97,95,2,6
"2011","Hillingdon 025D","E01002552",526,287,89,198,4,159,123,36,73,66,7,3
"2011","Hillingdon 025E","E01002553",603,231,87,144,14,253,172,81,101,98,3,4
"2011","Hillingdon 026A","E01002396",563,260,115,145,9,177,104,73,109,103,6,8
"2011","Hillingdon 026B","E01002501",506,287,133,154,9,112,72,40,88,85,3,10
"2011","Hillingdon 026C","E01002502",491,252,82,170,5,167,141,26,62,58,4,5
"2011","Hillingdon 026D","E01002505",682,208,55,153,38,291,151,140,139,135,4,6
"2011","Hillingdon 026E","E01002508",648,222,64,158,4,310,263,47,103,102,1,9
"2011","Hillingdon 027A","E01002405",634,343,133,210,8,149,98,51,129,118,11,5
"2011","Hillingdon 027B","E01002406",680,365,154,211,8,134,48,86,161,155,6,12
"2011","Hillingdon 027C","E01002503",497,235,84,151,3,133,84,49,119,110,9,7
"2011","Hillingdon 027D","E01002504",726,396,136,260,19,126,69,57,180,173,7,5
"2011","Hillingdon 027E","E01002506",643,184,59,125,6,233,189,44,208,195,13,12
"2011","Hillingdon 027F","E01002507",465,323,116,207,4,28,7,21,103,96,7,7
"2011","Hillingdon 028A","E01002486",699,392,141,251,13,187,110,77,101,93,8,6
"2011","Hillingdon 028B","E01002487",614,350,144,206,5,150,49,101,106,101,5,3
"2011","Hillingdon 028C","E01002526",635,258,94,164,44,248,103,145,81,77,4,4
"2011","Hillingdon 028D","E01002528",563,316,122,194,9,174,137,37,59,55,4,5
"2011","Hillingdon 028E","E01002532",886,326,119,207,47,294,104,190,213,205,8,6
"2011","Hillingdon 029A","E01002445",588,220,91,129,5,265,215,50,87,84,3,11
"2011","Hillingdon 029B","E01002525",647,459,221,238,20,58,33,25,102,98,4,8
"2011","Hillingdon 029C","E01002529",771,374,144,230,17,145,30,115,227,219,8,8
"2011","Hillingdon 029D","E01002530",619,232,95,137,7,292,230,62,81,75,6,7
"2011","Hillingdon 029E","E01002531",644,440,215,225,9,108,19,89,80,69,11,7
"2011","Hillingdon 030A","E01002407",725,312,137,175,83,158,30,128,165,158,7,7
"2011","Hillingdon 030B","E01002488",533,381,156,225,2,51,8,43,99,96,3,0
"2011","Hillingdon 030C","E01002489",537,318,137,181,6,49,25,24,159,150,9,5
"2011","Hillingdon 030D","E01002490",656,425,162,263,11,50,11,39,165,160,5,5
"2011","Hillingdon 030E","E01002492",488,324,126,198,4,48,7,41,106,99,7,6
"2011","Hillingdon 031A","E01002444",625,360,174,186,3,42,27,15,205,193,12,15
"2011","Hillingdon 031B","E01002446",592,338,184,154,3,73,25,48,174,161,13,4
"2011","Hillingdon 031C","E01002447",623,252,75,177,6,90,54,36,268,260,8,7
"2011","Hillingdon 031D","E01002527",622,358,198,160,2,101,21,80,154,150,4,7
"2011","Hillingdon 032A","E01002443",547,313,120,193,2,19,10,9,207,195,12,6
"2011","Hillingdon 032B","E01002448",765,390,172,218,2,111,46,65,249,243,6,13
"2011","Hillingdon 032C","E01002449",710,335,110,225,7,57,32,25,305,293,12,6
"2011","Hillingdon 032D","E01002491",519,262,105,157,2,159,131,28,88,82,6,8
"2011","Hillingdon 032E","E01002493",601,231,89,142,8,256,203,53,100,98,2,6
"2011","Hillingdon 033A","E01002496",767,487,163,324,7,91,84,7,176,167,9,6
"2011","Hillingdon 033B","E01002497",759,437,214,223,4,91,76,15,220,203,17,7
"2011","Hillingdon 033C","E01002498",516,430,213,217,0,32,18,14,50,48,2,4
"2011","Hillingdon 033D","E01002499",678,483,212,271,2,63,52,11,127,120,7,3
"2011","Hillingdon 033E","E01032577",601,486,194,292,5,59,50,9,47,42,5,4
"2011","Hounslow 001A","E01002569",792,468,208,260,1,102,59,43,214,204,10,7
"2011","Hounslow 001B","E01002570",732,326,139,187,0,130,60,70,266,255,11,10
"2011","Hounslow 001C","E01002573",679,413,234,179,2,72,12,60,180,175,5,12
"2011","Hounslow 001D","E01002574",645,380,193,187,1,47,17,30,210,205,5,7
"2011","Hounslow 001E","E01002575",688,408,211,197,3,47,40,7,220,209,11,10
"2011","Hounslow 003A","E01002562",518,229,107,122,1,215,206,9,66,61,5,7
"2011","Hounslow 003B","E01002564",736,317,95,222,6,300,263,37,101,97,4,12
"2011","Hounslow 003C","E01002566",1027,182,67,115,30,615,454,161,192,181,11,8
"2011","Hounslow 003D","E01002568",1181,237,76,161,135,643,484,159,154,146,8,12
"2011","Hounslow 003F","E01033081",649,187,61,126,27,182,99,83,248,240,8,5
"2011","Hounslow 003G","E01033082",659,308,165,143,3,167,149,18,174,169,5,7
"2011","Hounslow 004A","E01002620",676,256,120,136,22,196,55,141,191,186,5,11
"2011","Hounslow 004B","E01002625",492,363,147,216,1,25,18,7,99,94,5,4
"2011","Hounslow 004C","E01002626",490,329,149,180,2,50,36,14,105,99,6,4
"2011","Hounslow 004D","E01002627",609,210,80,130,4,277,266,11,107,95,12,11
"2011","Hounslow 004E","E01002631",509,313,109,204,6,45,38,7,138,132,6,7
"2011","Hounslow 005A","E01002633",623,183,80,103,2,349,295,54,81,78,3,8
"2011","Hounslow 005B","E01002634",546,145,44,101,0,322,300,22,63,57,6,16
"2011","Hounslow 005C","E01002637",563,206,99,107,2,227,210,17,109,106,3,19
"2011","Hounslow 005D","E01002638",582,248,104,144,3,236,167,69,87,78,9,8
"2011","Hounslow 006A","E01002563",635,402,213,189,8,45,21,24,171,159,12,9
"2011","Hounslow 006B","E01002565",1020,420,157,263,89,305,141,164,194,186,8,12
"2011","Hounslow 006C","E01002567",837,479,174,305,6,122,88,34,221,212,9,9
"2011","Hounslow 006D","E01002684",1096,428,169,259,51,270,209,61,323,308,15,24
"2011","Hounslow 006E","E01002686",681,223,73,150,8,365,339,26,70,63,7,15
"2011","Hounslow 007A","E01002571",611,397,192,205,6,27,8,19,173,165,8,8
"2011","Hounslow 007B","E01002572",710,227,75,152,6,370,276,94,94,87,7,13
"2011","Hounslow 007C","E01002577",660,422,188,234,1,74,51,23,155,152,3,8
"2011","Hounslow 007D","E01002578",612,400,200,200,1,94,66,28,107,99,8,10
"2011","Hounslow 007E","E01002689",796,403,217,186,2,248,209,39,130,127,3,13
"2011","Hounslow 007F","E01002690",612,375,186,189,1,93,74,19,132,126,6,11
"2011","Hounslow 008A","E01002576",756,351,153,198,2,252,160,92,145,142,3,6
"2011","Hounslow 008B","E01002579",823,540,272,268,2,116,104,12,147,142,5,18
"2011","Hounslow 008C","E01002580",675,211,85,126,2,204,101,103,252,242,10,6
"2011","Hounslow 008D","E01002581",862,466,168,298,1,92,67,25,296,286,10,7
"2011","Hounslow 008E","E01002582",719,464,203,261,2,114,100,14,133,122,11,6
"2011","Hounslow 009A","E01002675",877,542,232,310,63,100,12,88,164,159,5,8
"2011","Hounslow 009B","E01002678",669,425,199,226,3,10,3,7,218,208,10,13
"2011","Hounslow 009C","E01002679",643,427,210,217,2,31,13,18,177,172,5,6
"2011","Hounslow 009D","E01002680",728,423,197,226,9,54,19,35,230,218,12,12
"2011","Hounslow 010A","E01002619",624,395,192,203,2,88,68,20,125,115,10,14
"2011","Hounslow 010B","E01002622",526,301,124,177,5,87,15,72,128,121,7,5
"2011","Hounslow 010C","E01002632",569,366,160,206,15,100,66,34,81,78,3,7
"2011","Hounslow 010D","E01002635",524,320,158,162,5,44,39,5,147,141,6,8
"2011","Hounslow 010E","E01002636",609,398,171,227,5,74,63,11,126,115,11,6
"2011","Hounslow 011A","E01002618",512,406,180,226,3,17,12,5,81,79,2,5
"2011","Hounslow 011B","E01002621",594,310,112,198,9,145,61,84,126,119,7,4
"2011","Hounslow 011C","E01002623",484,233,102,131,1,132,29,103,114,106,8,4
"2011","Hounslow 011D","E01002628",620,390,187,203,3,36,17,19,182,172,10,9
"2011","Hounslow 011E","E01002629",715,349,151,198,13,162,27,135,185,181,4,6
"2011","Hounslow 012A","E01002630",569,311,157,154,3,34,13,21,214,205,9,7
"2011","Hounslow 012B","E01002639",497,309,183,126,1,6,6,0,173,167,6,8
"2011","Hounslow 012C","E01002640",548,299,167,132,2,15,11,4,231,219,12,1
"2011","Hounslow 012D","E01002674",668,416,221,195,1,11,8,3,234,220,14,6
"2011","Hounslow 012E","E01002676",559,409,210,199,2,4,0,4,141,138,3,3
"2011","Hounslow 013A","E01002583",512,313,161,152,3,41,17,24,148,140,8,7
"2011","Hounslow 013B","E01002584",493,265,121,144,5,42,30,12,172,164,8,9
"2011","Hounslow 013C","E01002585",509,257,112,145,2,119,111,8,119,114,5,12
"2011","Hounslow 013D","E01002586",457,307,157,150,1,12,7,5,135,127,8,2
"2011","Hounslow 013E","E01002589",677,236,99,137,3,250,229,21,176,132,44,12
"2011","Hounslow 014A","E01002668",883,444,129,315,10,154,101,53,259,246,13,16
"2011","Hounslow 014B","E01002669",711,285,79,206,16,300,223,77,100,95,5,10
"2011","Hounslow 014C","E01002681",741,290,106,184,7,256,30,226,184,174,10,4
"2011","Hounslow 014D","E01002682",927,489,154,335,73,234,148,86,124,109,15,7
"2011","Hounslow 014E","E01002683",1037,615,207,408,47,114,36,78,255,244,11,6
"2011","Hounslow 015A","E01002642",735,229,100,129,12,124,72,52,354,338,16,16
"2011","Hounslow 015B","E01002643",910,400,215,185,105,251,190,61,145,138,7,9
"2011","Hounslow 015C","E01002645",766,324,126,198,9,199,66,133,231,217,14,3
"2011","Hounslow 015D","E01002658",501,384,178,206,1,16,5,11,98,96,2,2
"2011","Hounslow 015E","E01002677",652,320,136,184,9,121,46,75,194,184,10,8
"2011","Hounslow 016A","E01002587",605,279,142,137,8,137,77,60,173,167,6,8
"2011","Hounslow 016B","E01002588",677,64,26,38,5,544,82,462,46,41,5,18
"2011","Hounslow 016C","E01002660",522,254,118,136,9,75,36,39,174,171,3,10
"2011","Hounslow 016D","E01002661",518,320,191,129,0,19,12,7,169,158,11,10
"2011","Hounslow 016E","E01002665",524,214,97,117,6,191,164,27,104,100,4,9
"2011","Hounslow 017A","E01002624",480,239,100,139,17,95,68,27,126,119,7,3
"2011","Hounslow 017B","E01002646",712,227,84,143,2,258,231,27,215,207,8,10
"2011","Hounslow 017C","E01002662",627,329,188,141,3,34,18,16,256,249,7,5
"2011","Hounslow 017D","E01002663",751,264,117,147,44,273,190,83,161,144,17,9
"2011","Hounslow 017E","E01002664",596,215,73,142,36,115,56,59,221,215,6,9
"2011","Hounslow 018A","E01002641",637,249,147,102,5,157,93,64,216,211,5,10
"2011","Hounslow 018C","E01002648",900,380,158,222,21,123,37,86,364,347,17,12
"2011","Hounslow 018D","E01002649",692,279,105,174,2,109,67,42,295,285,10,7
"2011","Hounslow 018E","E01002657",650,480,195,285,7,25,10,15,136,124,12,2
"2011","Hounslow 018F","E01033083",643,85,22,63,74,62,11,51,422,414,8,0
"2011","Hounslow 018G","E01033084",648,169,64,105,64,95,57,38,310,303,7,10
"2011","Hounslow 019A","E01002653",542,416,188,228,2,13,6,7,107,100,7,4
"2011","Hounslow 019B","E01002654",646,484,193,291,16,23,10,13,117,111,6,6
"2011","Hounslow 019C","E01002655",622,443,203,240,1,17,12,5,153,147,6,8
"2011","Hounslow 019D","E01002656",479,377,184,193,4,38,31,7,58,55,3,2
"2011","Hounslow 019E","E01002659",504,331,139,192,11,68,28,40,87,81,6,7
"2011","Hounslow 020A","E01002667",651,304,109,195,4,195,151,44,129,126,3,19
"2011","Hounslow 020B","E01002670",708,461,169,292,4,74,46,28,154,146,8,15
"2011","Hounslow 020C","E01002671",636,437,175,262,3,137,123,14,54,49,5,5
"2011","Hounslow 020D","E01002672",683,175,41,134,19,302,272,30,180,169,11,7
"2011","Hounslow 020E","E01002673",621,64,19,45,3,506,491,15,35,33,2,13
"2011","Hounslow 021A","E01002647",753,330,100,230,38,211,121,90,163,158,5,11
"2011","Hounslow 021B","E01002650",792,356,116,240,31,174,53,121,223,212,11,8
"2011","Hounslow 021C","E01002651",550,300,143,157,10,64,23,41,171,166,5,5
"2011","Hounslow 021D","E01002652",516,324,149,175,2,42,25,17,139,133,6,9
"2011","Hounslow 021E","E01002666",407,257,118,139,3,40,33,7,104,96,8,3
"2011","Hounslow 022A","E01002555",681,494,196,298,7,47,29,18,127,118,9,6
"2011","Hounslow 022B","E01002556",639,422,156,266,5,92,71,21,111,104,7,9
"2011","Hounslow 022C","E01002590",726,422,167,255,5,150,119,31,139,128,11,10
"2011","Hounslow 022D","E01002592",789,378,145,233,2,229,215,14,167,154,13,13
"2011","Hounslow 022E","E01002595",712,368,121,247,20,239,206,33,74,69,5,11
"2011","Hounslow 023A","E01002557",743,359,152,207,41,192,154,38,134,123,11,17
"2011","Hounslow 023B","E01002558",773,294,117,177,97,266,56,210,109,99,10,7
"2011","Hounslow 023C","E01002559",857,306,106,200,87,242,170,72,217,208,9,5
"2011","Hounslow 023D","E01002560",615,370,133,237,8,174,153,21,61,56,5,2
"2011","Hounslow 023E","E01002561",551,95,14,81,114,296,146,150,38,34,4,8
"2011","Hounslow 024A","E01002591",626,386,150,236,6,169,146,23,55,52,3,10
"2011","Hounslow 024B","E01002593",725,484,226,258,7,99,93,6,127,118,9,8
"2011","Hounslow 024C","E01002594",642,455,195,260,6,57,40,17,115,108,7,9
"2011","Hounslow 024D","E01002611",636,435,180,255,3,124,33,91,68,66,2,6
"2011","Hounslow 024E","E01002612",699,348,156,192,33,207,129,78,102,94,8,9
"2011","Hounslow 024F","E01002613",609,418,149,269,10,95,84,11,78,73,5,8
"2011","Hounslow 025B","E01002598",649,314,94,220,22,199,151,48,107,103,4,7
"2011","Hounslow 025C","E01002599",569,324,102,222,13,185,80,105,45,42,3,2
"2011","Hounslow 025D","E01002600",520,280,98,182,7,168,148,20,59,54,5,6
"2011","Hounslow 025E","E01002603",666,318,67,251,21,202,84,118,121,116,5,4
"2011","Hounslow 025F","E01033000",663,95,26,69,4,491,349,142,61,57,4,12
"2011","Hounslow 025G","E01033030",773,145,17,128,166,128,15,113,331,323,8,3
"2011","Hounslow 026A","E01002604",588,116,26,90,3,426,115,311,37,30,7,6
"2011","Hounslow 026B","E01002605",753,376,145,231,6,241,81,160,115,105,10,15
"2011","Hounslow 026C","E01002606",671,179,57,122,3,434,390,44,43,42,1,12
"2011","Hounslow 026D","E01002607",676,410,167,243,8,123,50,73,128,125,3,7
"2011","Hounslow 026E","E01002615",606,173,54,119,26,353,309,44,40,34,6,14
"2011","Hounslow 027A","E01002596",772,335,52,283,34,121,24,97,277,268,9,5
"2011","Hounslow 027B","E01002601",637,373,94,279,48,57,39,18,153,144,9,6
"2011","Hounslow 027C","E01002602",564,476,160,316,7,29,26,3,50,42,8,2
"2011","Hounslow 027D","E01002614",758,449,173,276,13,67,26,41,222,209,13,7
"2011","Hounslow 027E","E01002616",535,399,199,200,10,70,50,20,51,48,3,5
"2011","Hounslow 028A","E01002608",676,312,127,185,16,253,211,42,86,75,11,9
"2011","Hounslow 028B","E01002609",655,510,195,315,18,53,41,12,71,64,7,3
"2011","Hounslow 028C","E01002610",632,303,133,170,6,266,253,13,47,45,2,10
"2011","Hounslow 028D","E01002617",642,522,212,310,4,41,23,18,68,63,5,7
"2011","Hounslow 029A","E01002687",832,400,182,218,6,81,52,29,335,322,13,10
"2011","Hounslow 029B","E01002691",591,367,195,172,1,11,5,6,203,195,8,9
"2011","Hounslow 029C","E01002692",911,342,158,184,3,179,127,52,378,363,15,9
"2011","Hounslow 029D","E01002693",841,412,256,156,3,136,96,40,276,269,7,14
"2011","Hounslow 029E","E01032573",860,389,217,172,3,53,38,15,399,384,15,16
"2011","Kingston upon Thames 001A","E01003006",611,448,206,242,2,48,3,45,103,97,6,10
"2011","Kingston upon Thames 001B","E01003007",549,463,205,258,0,25,25,0,54,46,8,7
"2011","Kingston upon Thames 001C","E01003008",514,468,203,265,1,4,1,3,39,37,2,2
"2011","Kingston upon Thames 001D","E01003009",773,524,227,297,20,115,45,70,109,104,5,5
"2011","Kingston upon Thames 001E","E01003010",554,436,211,225,4,35,2,33,76,73,3,3
"2011","Kingston upon Thames 002A","E01002952",486,397,247,150,1,5,1,4,71,69,2,12
"2011","Kingston upon Thames 002B","E01002953",453,335,184,151,3,12,5,7,95,92,3,8
"2011","Kingston upon Thames 002C","E01002955",513,355,158,197,3,22,19,3,123,116,7,10
"2011","Kingston upon Thames 002D","E01002956",437,337,178,159,1,32,28,4,59,58,1,8
"2011","Kingston upon Thames 002E","E01002959",479,429,239,190,1,2,1,1,43,40,3,4
"2011","Kingston upon Thames 003A","E01002935",775,392,138,254,1,42,21,21,323,296,27,17
"2011","Kingston upon Thames 003B","E01002938",782,553,246,307,0,66,62,4,159,139,20,4
"2011","Kingston upon Thames 003C","E01002951",624,406,207,199,0,19,12,7,190,179,11,9
"2011","Kingston upon Thames 003D","E01002954",565,248,130,118,1,79,70,9,231,224,7,6
"2011","Kingston upon Thames 003E","E01002957",608,171,75,96,0,260,251,9,170,166,4,7
"2011","Kingston upon Thames 004A","E01002933",807,388,128,260,5,291,244,47,117,110,7,6
"2011","Kingston upon Thames 004B","E01002934",649,401,165,236,5,45,19,26,193,91,102,5
"2011","Kingston upon Thames 004D","E01002937",645,516,176,340,1,28,14,14,97,92,5,3
"2011","Kingston upon Thames 004E","E01003011",730,515,260,255,2,52,29,23,150,140,10,11
"2011","Kingston upon Thames 004F","E01033568",718,217,64,153,31,108,17,91,352,338,14,10
"2011","Kingston upon Thames 004G","E01033569",696,330,114,216,4,53,15,38,296,287,9,13
"2011","Kingston upon Thames 005A","E01002964",982,338,102,236,18,333,233,100,278,259,19,15
"2011","Kingston upon Thames 005B","E01002969",756,86,35,51,2,590,578,12,74,71,3,4
"2011","Kingston upon Thames 005C","E01002971",705,409,141,268,4,102,49,53,182,167,15,8
"2011","Kingston upon Thames 005D","E01002972",828,369,133,236,17,123,53,70,307,291,16,12
"2011","Kingston upon Thames 005E","E01002974",726,374,162,212,10,165,153,12,166,152,14,11
"2011","Kingston upon Thames 006A","E01002932",678,230,75,155,37,277,94,183,125,110,15,9
"2011","Kingston upon Thames 006B","E01002960",574,429,206,223,3,25,19,6,114,109,5,3
"2011","Kingston upon Thames 006C","E01002962",511,325,130,195,2,112,100,12,66,62,4,6
"2011","Kingston upon Thames 006D","E01002970",570,266,90,176,4,154,146,8,139,130,9,7
"2011","Kingston upon Thames 006E","E01002973",465,210,72,138,4,129,118,11,116,106,10,6
"2011","Kingston upon Thames 007A","E01002929",635,499,275,224,1,20,16,4,108,105,3,7
"2011","Kingston upon Thames 007B","E01002930",683,360,165,195,3,58,47,11,251,240,11,11
"2011","Kingston upon Thames 007C","E01002931",654,525,227,298,4,20,18,2,97,86,11,8
"2011","Kingston upon Thames 007D","E01002963",768,380,165,215,10,71,60,11,299,286,13,8
"2011","Kingston upon Thames 007E","E01002985",603,398,173,225,3,45,36,9,147,137,10,10
"2011","Kingston upon Thames 008A","E01002927",614,466,221,245,4,55,51,4,84,80,4,5
"2011","Kingston upon Thames 008B","E01002928",660,419,214,205,2,20,9,11,203,190,13,16
"2011","Kingston upon Thames 008C","E01002958",659,529,195,334,1,26,17,9,101,97,4,2
"2011","Kingston upon Thames 008D","E01002961",609,511,258,253,3,12,11,1,77,71,6,6
"2011","Kingston upon Thames 008E","E01002986",471,349,183,166,2,55,54,1,64,58,6,1
"2011","Kingston upon Thames 009A","E01002965",1071,469,223,246,2,144,83,61,450,429,21,6
"2011","Kingston upon Thames 009B","E01002967",958,552,254,298,6,29,9,20,366,353,13,5
"2011","Kingston upon Thames 009C","E01002968",1123,498,197,301,14,71,22,49,523,474,49,17
"2011","Kingston upon Thames 009D","E01002990",937,428,165,263,2,54,22,32,446,433,13,7
"2011","Kingston upon Thames 009E","E01002991",710,443,182,261,0,24,6,18,237,229,8,6
"2011","Kingston upon Thames 010A","E01002922",725,465,222,243,2,95,68,27,154,145,9,9
"2011","Kingston upon Thames 010B","E01002926",590,451,206,245,0,13,6,7,122,118,4,4
"2011","Kingston upon Thames 010C","E01002966",744,458,180,278,0,66,41,25,213,204,9,7
"2011","Kingston upon Thames 010D","E01002992",438,298,109,189,2,28,25,3,105,98,7,5
"2011","Kingston upon Thames 011A","E01002921",857,325,116,209,2,124,56,68,402,380,22,4
"2011","Kingston upon Thames 011B","E01002987",844,340,140,200,7,107,17,90,369,355,14,21
"2011","Kingston upon Thames 011C","E01002988",572,292,113,179,6,55,9,46,214,209,5,5
"2011","Kingston upon Thames 011D","E01002989",909,541,174,367,5,26,11,15,332,314,18,5
"2011","Kingston upon Thames 012A","E01002975",483,376,182,194,3,28,26,2,73,65,8,3
"2011","Kingston upon Thames 012B","E01002977",654,365,173,192,3,209,197,12,75,66,9,2
"2011","Kingston upon Thames 012C","E01002980",482,422,208,214,3,7,6,1,47,44,3,3
"2011","Kingston upon Thames 012D","E01002981",518,440,209,231,3,10,7,3,58,56,2,7
"2011","Kingston upon Thames 012E","E01002984",604,351,192,159,3,138,109,29,104,98,6,8
"2011","Kingston upon Thames 013A","E01002923",777,187,56,131,0,447,347,100,137,133,4,6
"2011","Kingston upon Thames 013B","E01002925",796,407,121,286,6,63,31,32,309,296,13,11
"2011","Kingston upon Thames 013C","E01002993",867,393,212,181,3,48,9,39,415,401,14,8
"2011","Kingston upon Thames 013D","E01002995",602,433,219,214,1,7,4,3,151,146,5,10
"2011","Kingston upon Thames 013E","E01002999",743,300,123,177,8,95,51,44,337,327,10,3
"2011","Kingston upon Thames 014A","E01002915",479,428,207,221,1,9,4,5,38,35,3,3
"2011","Kingston upon Thames 014B","E01002916",520,454,231,223,1,9,3,6,52,51,1,4
"2011","Kingston upon Thames 014C","E01002917",497,459,237,222,2,1,1,0,32,30,2,3
"2011","Kingston upon Thames 014D","E01002920",593,511,237,274,11,31,30,1,37,35,2,3
"2011","Kingston upon Thames 014E","E01002924",560,515,267,248,2,6,4,2,36,34,2,1
"2011","Kingston upon Thames 015A","E01002976",641,545,241,304,3,24,18,6,67,65,2,2
"2011","Kingston upon Thames 015B","E01002978",684,560,290,270,0,22,6,16,90,82,8,12
"2011","Kingston upon Thames 015C","E01002979",614,484,218,266,0,35,20,15,86,82,4,9
"2011","Kingston upon Thames 015D","E01002982",517,422,223,199,0,41,41,0,52,50,2,2
"2011","Kingston upon Thames 015E","E01002983",595,532,275,257,0,19,17,2,38,38,0,6
"2011","Kingston upon Thames 016A","E01002994",602,445,198,247,0,19,6,13,134,130,4,4
"2011","Kingston upon Thames 016B","E01002996",589,414,155,259,4,14,4,10,151,146,5,6
"2011","Kingston upon Thames 016C","E01002997",588,437,175,262,2,20,15,5,126,116,10,3
"2011","Kingston upon Thames 016D","E01002998",612,366,125,241,7,140,133,7,99,95,4,0
"2011","Kingston upon Thames 016E","E01003002",783,422,156,266,6,189,74,115,161,155,6,5
"2011","Kingston upon Thames 017A","E01002918",615,479,162,317,6,22,14,8,103,90,13,5
"2011","Kingston upon Thames 017B","E01002919",669,373,159,214,11,94,52,42,187,174,13,4
"2011","Kingston upon Thames 017C","E01003000",587,373,146,227,13,133,122,11,67,61,6,1
"2011","Kingston upon Thames 017D","E01003001",627,525,217,308,5,10,5,5,81,73,8,6
"2011","Kingston upon Thames 017E","E01003003",574,389,168,221,4,19,12,7,156,142,14,6
"2011","Kingston upon Thames 018A","E01002939",605,421,163,258,4,77,69,8,98,90,8,5
"2011","Kingston upon Thames 018B","E01002941",628,489,240,249,3,73,62,11,48,42,6,15
"2011","Kingston upon Thames 018C","E01002942",522,456,219,237,1,31,28,3,30,25,5,4
"2011","Kingston upon Thames 018D","E01003004",591,455,201,254,4,28,19,9,101,96,5,3
"2011","Kingston upon Thames 018E","E01003005",570,493,192,301,1,22,17,5,51,43,8,3
"2011","Kingston upon Thames 019A","E01002944",508,408,143,265,6,57,26,31,35,30,5,2
"2011","Kingston upon Thames 019B","E01002945",655,543,185,358,12,38,28,10,61,55,6,1
"2011","Kingston upon Thames 019C","E01002946",603,531,214,317,3,15,9,6,52,48,4,2
"2011","Kingston upon Thames 019D","E01002947",597,524,224,300,2,17,12,5,53,45,8,1
"2011","Kingston upon Thames 020A","E01002940",604,422,177,245,1,128,116,12,42,36,6,11
"2011","Kingston upon Thames 020B","E01002943",507,331,146,185,5,132,117,15,36,31,5,3
"2011","Kingston upon Thames 020C","E01002948",784,530,197,333,5,140,32,108,102,85,17,7
"2011","Kingston upon Thames 020D","E01002949",677,558,226,332,6,53,25,28,55,47,8,5
"2011","Kingston upon Thames 020E","E01002950",719,433,154,279,2,211,203,8,68,60,8,5
"2011","Merton 001A","E01003472",481,407,174,233,1,4,2,2,67,67,0,2
"2011","Merton 001B","E01003473",505,338,158,180,1,5,1,4,158,154,4,3
"2011","Merton 001C","E01003474",480,357,194,163,2,10,4,6,107,102,5,4
"2011","Merton 001D","E01003475",1162,453,177,276,98,195,47,148,408,390,18,8
"2011","Merton 001E","E01003478",602,439,165,274,1,11,3,8,145,141,4,6
"2011","Merton 002A","E01003460",679,408,253,155,0,90,21,69,159,141,18,22
"2011","Merton 002B","E01003462",599,430,258,172,1,59,8,51,96,90,6,13
"2011","Merton 002C","E01003464",550,405,279,126,1,27,8,19,102,98,4,15
"2011","Merton 002D","E01003465",472,382,257,125,1,6,0,6,73,71,2,10
"2011","Merton 003A","E01003400",659,309,130,179,2,40,7,33,303,297,6,5
"2011","Merton 003B","E01003454",587,338,151,187,16,51,2,49,175,165,10,7
"2011","Merton 003C","E01003456",667,303,142,161,14,40,8,32,303,294,9,7
"2011","Merton 003D","E01003476",482,244,103,141,3,104,38,66,128,117,11,3
"2011","Merton 003E","E01003477",573,363,140,223,0,27,7,20,177,173,4,6
"2011","Merton 004A","E01003401",647,288,143,145,0,91,6,85,254,237,17,14
"2011","Merton 004B","E01003402",705,373,239,134,1,35,3,32,286,267,19,10
"2011","Merton 004C","E01003403",710,408,247,161,1,45,0,45,248,238,10,8
"2011","Merton 004D","E01003404",912,418,204,214,7,142,11,131,329,313,16,16
"2011","Merton 004E","E01003461",712,384,238,146,0,9,1,8,299,292,7,20
"2011","Merton 005A","E01003367",961,472,141,331,10,72,24,48,398,374,24,9
"2011","Merton 005B","E01003369",768,387,122,265,4,57,7,50,315,299,16,5
"2011","Merton 005C","E01003370",869,346,102,244,22,84,23,61,407,391,16,10
"2011","Merton 005D","E01003371",626,379,167,212,3,39,8,31,200,194,6,5
"2011","Merton 005E","E01003455",749,377,90,287,5,82,4,78,278,268,10,7
"2011","Merton 006A","E01003359",816,359,135,224,3,181,34,147,266,254,12,7
"2011","Merton 006B","E01003360",740,457,162,295,2,23,6,17,247,238,9,11
"2011","Merton 006C","E01003457",623,437,188,249,0,36,5,31,146,144,2,4
"2011","Merton 006D","E01003458",693,437,155,282,2,23,2,21,226,219,7,5
"2011","Merton 006E","E01003459",956,368,112,256,6,276,66,210,303,292,11,3
"2011","Merton 007A","E01003394",636,397,192,205,4,14,1,13,212,201,11,9
"2011","Merton 007B","E01003395",503,396,191,205,3,6,2,4,94,86,8,4
"2011","Merton 007C","E01003396",534,339,157,182,1,15,3,12,170,162,8,9
"2011","Merton 007D","E01003397",557,357,175,182,2,27,1,26,166,154,12,5
"2011","Merton 007E","E01003398",583,391,180,211,1,32,6,26,157,140,17,2
"2011","Merton 008A","E01003368",578,363,157,206,2,61,28,33,151,149,2,1
"2011","Merton 008B","E01003372",627,212,65,147,8,243,79,164,158,150,8,6
"2011","Merton 008C","E01003393",646,260,68,192,5,42,10,32,335,319,16,4
"2011","Merton 008D","E01003406",566,250,59,191,2,197,28,169,107,103,4,10
"2011","Merton 008E","E01003407",768,342,80,262,5,51,6,45,364,352,12,6
"2011","Merton 009A","E01003355",765,353,137,216,3,23,3,20,382,370,12,4
"2011","Merton 009B","E01003356",696,440,199,241,3,45,13,32,203,184,19,5
"2011","Merton 009C","E01003358",801,393,174,219,0,29,5,24,373,356,17,6
"2011","Merton 009D","E01003383",692,360,137,223,4,16,5,11,301,293,8,11
"2011","Merton 009E","E01003384",623,342,158,184,3,36,1,35,235,228,7,7
"2011","Merton 010A","E01003442",701,461,235,226,2,44,7,37,179,171,8,15
"2011","Merton 010B","E01003443",633,493,255,238,1,17,4,13,117,108,9,5
"2011","Merton 010C","E01003444",695,462,236,226,2,37,8,29,189,176,13,5
"2011","Merton 010D","E01003445",658,503,238,265,2,60,24,36,88,84,4,5
"2011","Merton 010E","E01003463",459,375,219,156,1,4,0,4,71,69,2,8
"2011","Merton 011A","E01003380",680,472,200,272,5,25,9,16,174,166,8,4
"2011","Merton 011B","E01003382",676,437,174,263,1,26,10,16,207,198,9,5
"2011","Merton 011C","E01003385",626,421,183,238,1,27,7,20,170,166,4,7
"2011","Merton 011D","E01003399",618,334,157,177,1,67,4,63,211,206,5,5
"2011","Merton 011E","E01003423",605,400,144,256,0,14,4,10,184,172,12,7
"2011","Merton 012A","E01003357",750,214,74,140,22,344,144,200,162,153,9,8
"2011","Merton 012B","E01003376",588,230,91,139,3,254,33,221,92,85,7,9
"2011","Merton 012C","E01003377",526,141,41,100,2,294,97,197,85,83,2,4
"2011","Merton 012D","E01003408",873,446,146,300,9,103,32,71,310,297,13,5
"2011","Merton 012E","E01003410",630,280,85,195,4,140,17,123,202,187,15,4
"2011","Merton 013A","E01003386",722,349,140,209,23,85,8,77,256,247,9,9
"2011","Merton 013B","E01003388",590,309,128,181,9,153,25,128,112,99,13,7
"2011","Merton 013C","E01003389",631,357,139,218,4,61,14,47,202,191,11,7
"2011","Merton 013D","E01003392",501,318,111,207,13,34,3,31,130,121,9,6
"2011","Merton 013E","E01003409",562,285,108,177,15,151,59,92,105,96,9,6
"2011","Merton 014A","E01003387",614,306,116,190,10,196,82,114,98,95,3,4
"2011","Merton 014B","E01003391",544,210,81,129,2,260,106,154,66,63,3,6
"2011","Merton 014C","E01003411",719,409,129,280,6,124,41,83,177,163,14,3
"2011","Merton 014D","E01003412",597,321,91,230,20,158,25,133,92,85,7,6
"2011","Merton 014E","E01003435",490,399,181,218,4,22,5,17,57,53,4,8
"2011","Merton 015A","E01003361",621,422,195,227,0,41,8,33,151,143,8,7
"2011","Merton 015B","E01003424",574,518,311,207,1,3,0,3,48,47,1,4
"2011","Merton 015C","E01003425",508,457,243,214,0,4,1,3,45,43,2,2
"2011","Merton 015D","E01003426",609,485,250,235,3,5,1,4,112,104,8,4
"2011","Merton 015E","E01003428",649,391,205,186,9,78,15,63,164,153,11,7
"2011","Merton 016A","E01003366",595,348,137,211,4,93,25,68,139,129,10,11
"2011","Merton 016B","E01003381",720,435,211,224,1,20,5,15,261,250,11,3
"2011","Merton 016C","E01003446",799,380,168,212,0,59,7,52,351,331,20,9
"2011","Merton 016D","E01003447",691,284,69,215,0,229,104,125,170,155,15,8
"2011","Merton 016E","E01003471",604,394,191,203,0,79,8,71,125,119,6,6
"2011","Merton 017A","E01003413",709,471,162,309,18,64,5,59,150,146,4,6
"2011","Merton 017B","E01003414",539,434,191,243,3,9,3,6,91,84,7,2
"2011","Merton 017C","E01003415",548,447,183,264,1,11,3,8,82,77,5,7
"2011","Merton 017D","E01003416",534,435,184,251,2,21,2,19,70,66,4,6
"2011","Merton 017E","E01003434",506,404,166,238,4,25,9,16,71,64,7,2
"2011","Merton 018A","E01003373",536,155,45,110,6,296,110,186,72,67,5,7
"2011","Merton 018B","E01003378",728,393,128,265,15,171,19,152,141,130,11,8
"2011","Merton 018C","E01003379",742,243,85,158,8,323,104,219,154,142,12,14
"2011","Merton 018D","E01003390",623,127,33,94,17,365,160,205,109,98,11,5
"2011","Merton 018E","E01003405",630,315,120,195,4,181,43,138,123,115,8,7
"2011","Merton 019A","E01003429",507,394,157,237,5,37,3,34,68,63,5,3
"2011","Merton 019B","E01003430",545,218,48,170,6,235,11,224,84,79,5,2
"2011","Merton 019C","E01003431",545,252,88,164,3,223,11,212,64,61,3,3
"2011","Merton 019D","E01003432",508,192,56,136,2,273,13,260,33,33,0,8
"2011","Merton 019E","E01003433",578,394,157,237,3,72,12,60,104,93,11,5
"2011","Merton 020A","E01003466",599,510,258,252,0,4,0,4,81,76,5,4
"2011","Merton 020B","E01003467",601,474,219,255,17,24,2,22,83,78,5,3
"2011","Merton 020C","E01003468",630,543,240,303,2,10,3,7,70,64,6,5
"2011","Merton 020D","E01003469",574,384,135,249,6,47,20,27,131,125,6,6
"2011","Merton 020E","E01003470",607,454,191,263,3,23,10,13,118,111,7,9
"2011","Merton 021A","E01003362",499,432,236,196,1,20,9,11,43,40,3,3
"2011","Merton 021B","E01003363",590,534,267,267,1,4,1,3,48,43,5,3
"2011","Merton 021C","E01003364",648,574,287,287,3,28,9,19,41,39,2,2
"2011","Merton 021D","E01003365",497,448,239,209,1,5,1,4,41,36,5,2
"2011","Merton 021E","E01003421",640,449,193,256,3,70,28,42,112,101,11,6
"2011","Merton 022A","E01003374",546,252,122,130,31,141,31,110,119,112,7,3
"2011","Merton 022B","E01003375",654,388,167,221,3,117,12,105,135,126,9,11
"2011","Merton 022C","E01003437",764,525,272,253,4,97,26,71,133,123,10,5
"2011","Merton 022D","E01003440",627,361,150,211,3,157,51,106,103,96,7,3
"2011","Merton 022E","E01003441",617,312,107,205,5,178,68,110,117,115,2,5
"2011","Merton 023A","E01003427",706,384,178,206,1,38,20,18,275,260,15,8
"2011","Merton 023B","E01003436",588,343,122,221,2,170,67,103,71,67,4,2
"2011","Merton 023C","E01003439",548,233,83,150,0,121,55,66,186,177,9,8
"2011","Merton 023D","E01003448",648,334,116,218,7,211,84,127,90,81,9,6
"2011","Merton 023E","E01003453",650,341,150,191,0,157,60,97,145,136,9,7
"2011","Merton 024A","E01003438",650,336,131,205,1,228,89,139,79,73,6,6
"2011","Merton 024B","E01003449",677,389,153,236,6,145,40,105,127,113,14,10
"2011","Merton 024C","E01003450",597,312,114,198,14,195,71,124,69,63,6,7
"2011","Merton 024D","E01003451",598,473,225,248,3,78,11,67,38,34,4,6
"2011","Merton 024E","E01003452",806,270,83,187,9,446,96,350,76,70,6,5
"2011","Merton 025A","E01003417",608,546,251,295,0,11,4,7,47,44,3,4
"2011","Merton 025B","E01003418",531,489,232,257,2,7,5,2,29,22,7,4
"2011","Merton 025C","E01003419",642,546,209,337,7,21,8,13,64,62,2,4
"2011","Merton 025D","E01003420",506,439,183,256,1,11,5,6,52,51,1,3
"2011","Merton 025E","E01003422",513,433,207,226,5,20,4,16,51,47,4,4
"2011","Redbridge 001A","E01003744",592,506,287,219,2,13,12,1,65,60,5,6
"2011","Redbridge 001B","E01003745",483,461,236,225,0,1,0,1,18,18,0,3
"2011","Redbridge 001C","E01003746",661,561,326,235,3,9,6,3,78,75,3,10
"2011","Redbridge 001D","E01003747",490,440,238,202,1,31,3,28,14,14,0,4
"2011","Redbridge 001E","E01003748",572,474,277,197,0,6,1,5,86,78,8,6
"2011","Redbridge 001F","E01003749",681,515,294,221,4,10,7,3,139,130,9,13
"2011","Redbridge 001G","E01003750",798,528,277,251,2,120,49,71,136,130,6,12
"2011","Redbridge 002A","E01003720",821,421,212,209,1,289,185,104,95,88,7,15
"2011","Redbridge 002B","E01003722",690,421,175,246,12,173,155,18,72,66,6,12
"2011","Redbridge 002C","E01003723",704,415,161,254,1,227,190,37,53,50,3,8
"2011","Redbridge 002D","E01003726",649,304,118,186,6,249,215,34,78,71,7,12
"2011","Redbridge 003A","E01003721",604,415,199,216,8,93,82,11,82,75,7,6
"2011","Redbridge 003B","E01003724",511,367,153,214,21,61,52,9,60,52,8,2
"2011","Redbridge 003C","E01003725",650,357,121,236,11,137,80,57,138,133,5,7
"2011","Redbridge 003D","E01003727",655,359,132,227,1,212,186,26,70,63,7,13
"2011","Redbridge 004A","E01003654",603,434,175,259,6,76,72,4,83,77,6,4
"2011","Redbridge 004B","E01003655",642,486,222,264,1,33,16,17,117,114,3,5
"2011","Redbridge 004C","E01003658",699,306,109,197,5,273,175,98,97,94,3,18
"2011","Redbridge 004D","E01003660",663,559,232,327,1,13,8,5,82,74,8,8
"2011","Redbridge 005A","E01003656",643,363,165,198,1,186,140,46,85,80,5,8
"2011","Redbridge 005B","E01003657",870,631,290,341,4,61,54,7,163,149,14,11
"2011","Redbridge 005C","E01003659",638,540,191,349,2,13,9,4,79,73,6,4
"2011","Redbridge 006A","E01003698",519,430,186,244,3,18,14,4,64,62,2,4
"2011","Redbridge 006B","E01003699",594,478,228,250,2,22,19,3,84,78,6,8
"2011","Redbridge 006C","E01003700",849,571,234,337,13,113,72,41,144,137,7,8
"2011","Redbridge 006D","E01003701",626,418,205,213,2,37,34,3,161,155,6,8
"2011","Redbridge 006E","E01003702",744,492,226,266,7,39,16,23,194,186,8,12
"2011","Redbridge 006F","E01003703",968,679,265,414,8,99,87,12,165,160,5,17
"2011","Redbridge 006G","E01003704",666,393,151,242,6,153,90,63,104,93,11,10
"2011","Redbridge 007A","E01003668",755,482,264,218,9,28,23,5,225,218,7,11
"2011","Redbridge 007B","E01003669",606,469,210,259,3,16,5,11,114,110,4,4
"2011","Redbridge 007C","E01003670",577,392,187,205,1,89,43,46,89,76,13,6
"2011","Redbridge 007D","E01003671",552,518,223,295,2,5,0,5,25,24,1,2
"2011","Redbridge 007E","E01003672",690,301,136,165,48,150,38,112,185,170,15,6
"2011","Redbridge 007F","E01003673",789,455,165,290,58,34,14,20,234,226,8,8
"2011","Redbridge 007G","E01003674",1000,477,153,324,4,84,33,51,423,398,25,12
"2011","Redbridge 008A","E01003707",469,379,166,213,0,38,32,6,45,41,4,7
"2011","Redbridge 008B","E01003708",613,302,130,172,2,203,165,38,97,91,6,9
"2011","Redbridge 008C","E01003709",570,484,254,230,1,17,10,7,66,59,7,2
"2011","Redbridge 008D","E01003710",507,453,237,216,2,10,4,6,40,34,6,2
"2011","Redbridge 009A","E01003759",554,493,240,253,1,7,4,3,49,48,1,4
"2011","Redbridge 009B","E01003760",661,453,180,273,8,55,43,12,141,134,7,4
"2011","Redbridge 009C","E01003761",698,110,39,71,3,486,414,72,92,88,4,7
"2011","Redbridge 009D","E01003762",656,465,162,303,0,65,10,55,120,117,3,6
"2011","Redbridge 009E","E01003763",657,551,218,333,0,17,11,6,82,63,19,7
"2011","Redbridge 009F","E01003764",835,493,188,305,0,99,63,36,232,227,5,11
"2011","Redbridge 009G","E01003765",642,448,149,299,2,21,12,9,165,152,13,6
"2011","Redbridge 010A","E01003705",802,558,245,313,22,69,30,39,143,137,6,10
"2011","Redbridge 010B","E01003706",613,431,226,205,2,47,42,5,126,118,8,7
"2011","Redbridge 010C","E01003711",662,455,229,226,2,84,32,52,115,107,8,6
"2011","Redbridge 010D","E01003712",536,221,88,133,2,245,144,101,60,55,5,8
"2011","Redbridge 012A","E01003646",572,381,179,202,1,31,24,7,153,136,17,6
"2011","Redbridge 012B","E01003648",528,487,275,212,0,2,2,0,35,31,4,4
"2011","Redbridge 012C","E01003649",521,419,178,241,0,38,34,4,63,58,5,1
"2011","Redbridge 012D","E01003651",466,412,192,220,2,3,1,2,42,38,4,7
"2011","Redbridge 013A","E01003639",665,377,160,217,15,144,97,47,121,111,10,8
"2011","Redbridge 013B","E01003640",648,490,201,289,7,35,28,7,110,103,7,6
"2011","Redbridge 013C","E01003641",530,378,152,226,15,34,27,7,100,96,4,3
"2011","Redbridge 013D","E01003642",542,348,159,189,4,98,49,49,82,75,7,10
"2011","Redbridge 014A","E01003774",867,566,234,332,6,88,36,52,199,187,12,8
"2011","Redbridge 014B","E01003775",686,492,265,227,1,17,16,1,168,156,12,8
"2011","Redbridge 014C","E01003776",932,328,151,177,2,355,164,191,235,224,11,12
"2011","Redbridge 014D","E01003777",856,534,233,301,3,41,17,24,268,256,12,10
"2011","Redbridge 014E","E01003778",879,516,267,249,6,50,36,14,290,275,15,17
"2011","Redbridge 014F","E01003779",708,472,242,230,4,79,11,68,141,130,11,12
"2011","Redbridge 014G","E01003780",507,468,259,209,0,10,7,3,25,23,2,4
"2011","Redbridge 015A","E01003647",612,410,201,209,1,9,5,4,184,174,10,8
"2011","Redbridge 015B","E01003650",580,382,187,195,4,92,49,43,97,93,4,5
"2011","Redbridge 015C","E01003652",482,397,168,229,1,17,4,13,63,56,7,4
"2011","Redbridge 015D","E01003653",516,307,157,150,2,10,6,4,188,179,9,9
"2011","Redbridge 017A","E01003638",590,367,147,220,27,142,83,59,44,41,3,10
"2011","Redbridge 017B","E01003643",622,496,244,252,1,25,16,9,94,89,5,6
"2011","Redbridge 017C","E01003644",498,404,200,204,2,20,12,8,70,66,4,2
"2011","Redbridge 017D","E01003645",910,408,139,269,44,67,29,38,385,359,26,6
"2011","Redbridge 018A","E01003789",625,397,205,192,0,136,6,130,86,74,12,6
"2011","Redbridge 018B","E01003794",544,427,209,218,0,53,14,39,59,56,3,5
"2011","Redbridge 018C","E01003795",433,382,207,175,0,9,4,5,38,36,2,4
"2011","Redbridge 018D","E01003796",638,451,217,234,2,78,68,10,101,95,6,6
"2011","Redbridge 019A","E01003661",651,503,208,295,9,55,25,30,74,70,4,10
"2011","Redbridge 019B","E01003662",741,397,153,244,2,70,27,43,261,251,10,11
"2011","Redbridge 019C","E01003663",662,547,308,239,1,41,16,25,65,63,2,8
"2011","Redbridge 019D","E01003664",575,446,183,263,3,55,29,26,67,61,6,4
"2011","Redbridge 019E","E01003665",529,452,170,282,4,15,7,8,56,55,1,2
"2011","Redbridge 019F","E01003666",935,458,122,336,18,152,38,114,291,281,10,16
"2011","Redbridge 019H","E01033590",434,147,35,112,39,86,15,71,157,148,9,5
"2011","Redbridge 019I","E01033592",633,418,161,257,40,42,9,33,128,120,8,5
"2011","Redbridge 020A","E01003751",611,417,183,234,3,42,34,8,136,125,11,13
"2011","Redbridge 020B","E01003753",659,377,168,209,4,22,17,5,255,243,12,1
"2011","Redbridge 020C","E01003754",533,396,192,204,4,43,11,32,84,81,3,6
"2011","Redbridge 020D","E01003757",622,331,121,210,3,57,27,30,225,214,11,6
"2011","Redbridge 022A","E01003769",557,243,105,138,0,33,19,14,271,263,8,10
"2011","Redbridge 022B","E01003770",848,479,160,319,14,161,15,146,189,176,13,5
"2011","Redbridge 022C","E01003771",581,328,129,199,14,58,38,20,172,163,9,9
"2011","Redbridge 022D","E01003773",579,402,155,247,3,35,11,24,132,125,7,7
"2011","Redbridge 023A","E01003752",838,545,212,333,35,66,9,57,186,181,5,6
"2011","Redbridge 023B","E01003755",571,428,151,277,3,24,7,17,109,103,6,7
"2011","Redbridge 023C","E01003756",600,433,187,246,2,30,20,10,134,127,7,1
"2011","Redbridge 023D","E01003758",810,268,93,175,36,239,39,200,256,250,6,11
"2011","Redbridge 024A","E01003766",548,367,158,209,2,20,14,6,154,146,8,5
"2011","Redbridge 024B","E01003767",567,290,122,168,1,23,17,6,245,231,14,8
"2011","Redbridge 024C","E01003768",569,250,114,136,0,52,21,31,259,253,6,8
"2011","Redbridge 024D","E01003772",524,365,177,188,2,9,3,6,137,125,12,11
"2011","Redbridge 026A","E01003781",602,299,154,145,2,43,7,36,250,240,10,8
"2011","Redbridge 026B","E01003782",518,240,124,116,4,35,15,20,229,217,12,10
"2011","Redbridge 026C","E01003786",442,338,141,197,0,14,7,7,85,81,4,5
"2011","Redbridge 026D","E01003787",469,312,163,149,3,17,13,4,130,123,7,7
"2011","Redbridge 027A","E01003790",557,364,164,200,6,117,55,62,66,59,7,4
"2011","Redbridge 027B","E01003791",540,474,255,219,1,17,13,4,42,39,3,6
"2011","Redbridge 027C","E01003792",508,421,175,246,0,19,5,14,64,62,2,4
"2011","Redbridge 027D","E01003793",760,376,148,228,2,230,181,49,145,133,12,7
"2011","Redbridge 029A","E01003783",858,254,130,124,10,160,84,76,421,413,8,13
"2011","Redbridge 029B","E01003784",546,323,125,198,3,40,23,17,171,168,3,9
"2011","Redbridge 029C","E01003785",704,245,102,143,0,66,35,31,379,371,8,14
"2011","Redbridge 029D","E01003788",645,232,113,119,1,52,34,18,354,345,9,6
"2011","Redbridge 030A","E01003683",576,319,132,187,5,42,23,19,204,198,6,6
"2011","Redbridge 030B","E01003684",496,306,136,170,3,49,26,23,133,125,8,5
"2011","Redbridge 030C","E01003685",508,282,131,151,0,27,17,10,187,181,6,12
"2011","Redbridge 030D","E01003686",533,285,130,155,1,43,21,22,197,188,9,7
"2011","Redbridge 030F","E01003688",532,255,131,124,21,55,42,13,192,182,10,9
"2011","Redbridge 030G","E01003689",508,234,109,125,2,86,75,11,180,172,8,6
"2011","Redbridge 030H","E01033589",660,78,23,55,39,83,33,50,454,434,20,6
"2011","Redbridge 030I","E01033591",630,254,99,155,2,92,50,42,273,261,12,9
"2011","Redbridge 031A","E01003737",575,445,231,214,0,60,23,37,66,62,4,4
"2011","Redbridge 031B","E01003738",646,521,224,297,1,17,11,6,100,86,14,7
"2011","Redbridge 031C","E01003739",658,458,163,295,34,60,14,46,103,95,8,3
"2011","Redbridge 031D","E01003740",621,471,201,270,3,54,35,19,87,83,4,6
"2011","Redbridge 031E","E01003741",643,470,236,234,0,79,64,15,90,87,3,4
"2011","Redbridge 031F","E01003742",618,368,121,247,3,33,19,14,209,196,13,5
"2011","Redbridge 031G","E01003743",496,317,126,191,2,22,11,11,144,136,8,11
"2011","Redbridge 032A","E01003728",810,259,122,137,58,169,27,142,312,302,10,12
"2011","Redbridge 032B","E01003729",526,218,99,119,8,97,74,23,195,186,9,8
"2011","Redbridge 032C","E01003730",416,247,117,130,0,30,15,15,138,130,8,1
"2011","Redbridge 032D","E01003732",592,123,38,85,16,225,66,159,214,206,8,14
"2011","Redbridge 032E","E01003733",507,290,103,187,5,38,17,21,167,160,7,7
"2011","Redbridge 033A","E01003731",447,229,96,133,1,76,47,29,133,123,10,8
"2011","Redbridge 033B","E01003734",517,292,118,174,4,46,29,17,171,156,15,4
"2011","Redbridge 033C","E01003735",811,180,67,113,14,397,122,275,208,194,14,12
"2011","Redbridge 033D","E01003736",475,258,86,172,1,83,31,52,129,121,8,4
"2011","Redbridge 034A","E01003713",481,337,158,179,1,20,15,5,116,110,6,7
"2011","Redbridge 034B","E01003714",642,390,163,227,7,34,14,20,204,195,9,7
"2011","Redbridge 034C","E01003715",564,325,150,175,2,27,16,11,201,192,9,9
"2011","Redbridge 034D","E01003716",521,320,127,193,1,69,39,30,123,118,5,8
"2011","Redbridge 034E","E01003718",630,325,113,212,11,39,20,19,249,238,11,6
"2011","Redbridge 034F","E01003719",633,348,167,181,0,32,25,7,244,231,13,9
"2011","Redbridge 034G","E01032581",699,343,114,229,12,134,56,78,201,184,17,9
"2011","Redbridge 035A","E01003690",608,316,157,159,2,50,4,46,235,231,4,5
"2011","Redbridge 035B","E01003691",413,295,112,183,1,16,5,11,95,93,2,6
"2011","Redbridge 035C","E01003692",501,346,149,197,2,14,11,3,131,125,6,8
"2011","Redbridge 035D","E01003693",431,360,171,189,0,10,5,5,60,56,4,1
"2011","Redbridge 035E","E01003694",448,328,168,160,1,46,2,44,68,60,8,5
"2011","Redbridge 035F","E01003695",534,269,122,147,0,24,23,1,233,232,1,8
"2011","Redbridge 035G","E01003696",593,459,189,270,0,31,16,15,96,91,5,7
"2011","Redbridge 035H","E01003697",492,375,148,227,1,22,19,3,89,81,8,5
"2011","Redbridge 036A","E01003675",490,357,188,169,6,21,15,6,103,98,5,3
"2011","Redbridge 036B","E01003676",495,398,170,228,0,31,28,3,60,51,9,6
"2011","Redbridge 036C","E01003677",494,433,224,209,0,6,6,0,46,45,1,9
"2011","Redbridge 036D","E01003678",479,403,168,235,0,20,19,1,48,42,6,8
"2011","Redbridge 036E","E01003679",493,453,205,248,0,3,1,2,31,28,3,6
"2011","Redbridge 036F","E01003680",475,422,164,258,1,3,2,1,49,47,2,0
"2011","Redbridge 036G","E01003681",683,419,189,230,2,109,46,63,140,129,11,13
"2011","Redbridge 036H","E01003682",493,428,193,235,0,6,4,2,55,49,6,4
"2011","Richmond upon Thames 001A","E01003797",523,416,247,169,0,51,4,47,53,50,3,3
"2011","Richmond upon Thames 001B","E01003798",691,398,230,168,3,129,10,119,152,142,10,9
"2011","Richmond upon Thames 001C","E01003799",653,412,203,209,1,37,23,14,193,189,4,10
"2011","Richmond upon Thames 001D","E01003800",640,344,203,141,2,166,50,116,119,115,4,9
"2011","Richmond upon Thames 001E","E01003801",534,342,183,159,2,13,3,10,168,152,16,9
"2011","Richmond upon Thames 001F","E01003802",623,365,205,160,4,30,8,22,211,201,10,13
"2011","Richmond upon Thames 001G","E01003803",632,193,95,98,0,345,132,213,79,75,4,15
"2011","Richmond upon Thames 002A","E01003846",628,505,264,241,1,14,3,11,103,102,1,5
"2011","Richmond upon Thames 002B","E01003847",842,426,250,176,6,42,6,36,356,335,21,12
"2011","Richmond upon Thames 002C","E01003849",653,472,251,221,1,44,5,39,132,127,5,4
"2011","Richmond upon Thames 002D","E01003851",691,508,280,228,1,9,0,9,166,164,2,7
"2011","Richmond upon Thames 002E","E01003860",819,413,191,222,0,98,6,92,292,279,13,16
"2011","Richmond upon Thames 002F","E01003864",671,424,247,177,2,64,21,43,177,173,4,4
"2011","Richmond upon Thames 003A","E01003852",652,380,203,177,2,88,15,73,170,160,10,12
"2011","Richmond upon Thames 003B","E01003853",622,388,216,172,3,138,36,102,83,78,5,10
"2011","Richmond upon Thames 003C","E01003854",653,391,209,182,2,91,41,50,162,154,8,7
"2011","Richmond upon Thames 003D","E01003855",831,341,144,197,7,275,63,212,198,185,13,10
"2011","Richmond upon Thames 003E","E01003856",749,400,131,269,8,91,29,62,245,228,17,5
"2011","Richmond upon Thames 003F","E01003857",756,482,210,272,2,75,20,55,188,170,18,9
"2011","Richmond upon Thames 003G","E01003858",678,488,195,293,2,32,8,24,153,146,7,3
"2011","Richmond upon Thames 004A","E01003848",817,468,173,295,3,106,28,78,236,229,7,4
"2011","Richmond upon Thames 004C","E01003861",855,450,157,293,15,100,26,74,279,266,13,11
"2011","Richmond upon Thames 004D","E01003862",627,343,187,156,3,127,35,92,144,138,6,10
"2011","Richmond upon Thames 004E","E01003863",639,288,117,171,2,239,51,188,93,84,9,17
"2011","Richmond upon Thames 004F","E01003865",529,315,135,180,2,123,19,104,81,75,6,8
"2011","Richmond upon Thames 004G","E01033570",709,238,76,162,60,115,20,95,284,277,7,12
"2011","Richmond upon Thames 004H","E01033571",624,370,188,182,2,160,35,125,82,76,6,10
"2011","Richmond upon Thames 005A","E01003804",768,485,226,259,0,53,12,41,215,206,9,15
"2011","Richmond upon Thames 005B","E01003807",817,425,184,241,0,107,14,93,274,256,18,11
"2011","Richmond upon Thames 005C","E01003808",793,545,236,309,1,75,26,49,164,157,7,8
"2011","Richmond upon Thames 005D","E01003809",657,520,262,258,1,39,7,32,94,93,1,3
"2011","Richmond upon Thames 005E","E01003859",631,464,215,249,3,53,10,43,105,96,9,6
"2011","Richmond upon Thames 006A","E01003873",850,444,230,214,0,87,2,85,308,300,8,11
"2011","Richmond upon Thames 006B","E01003874",787,420,211,209,1,52,3,49,304,294,10,10
"2011","Richmond upon Thames 006C","E01003875",681,451,255,196,5,70,8,62,147,137,10,8
"2011","Richmond upon Thames 006D","E01003878",648,174,81,93,1,374,19,355,94,90,4,5
"2011","Richmond upon Thames 007A","E01003866",642,504,205,299,0,9,1,8,120,115,5,9
"2011","Richmond upon Thames 007B","E01003868",639,408,150,258,2,13,6,7,205,199,6,11
"2011","Richmond upon Thames 007C","E01003871",642,434,186,248,22,57,1,56,122,113,9,7
"2011","Richmond upon Thames 007D","E01003872",686,416,204,212,5,25,2,23,231,220,11,9
"2011","Richmond upon Thames 008A","E01003821",784,334,184,150,3,85,6,79,349,329,20,13
"2011","Richmond upon Thames 008B","E01003876",865,417,231,186,1,49,8,41,367,341,26,31
"2011","Richmond upon Thames 008C","E01003877",724,410,235,175,7,63,0,63,234,228,6,10
"2011","Richmond upon Thames 008D","E01003879",613,345,195,150,4,21,0,21,237,235,2,6
"2011","Richmond upon Thames 009A","E01003892",924,571,313,258,1,18,2,16,324,319,5,10
"2011","Richmond upon Thames 009B","E01003893",759,411,201,210,3,38,1,37,290,280,10,17
"2011","Richmond upon Thames 009C","E01003894",760,435,172,263,2,40,4,36,271,262,9,12
"2011","Richmond upon Thames 009D","E01003895",766,470,189,281,0,87,21,66,199,187,12,10
"2011","Richmond upon Thames 010A","E01003905",548,403,180,223,2,18,5,13,122,83,39,3
"2011","Richmond upon Thames 010B","E01003906",649,466,191,275,0,55,16,39,122,116,6,6
"2011","Richmond upon Thames 010C","E01003907",673,334,140,194,21,231,49,182,77,71,6,10
"2011","Richmond upon Thames 010D","E01003908",668,573,274,299,2,18,6,12,65,56,9,10
"2011","Richmond upon Thames 010E","E01003909",606,440,239,201,1,42,10,32,119,108,11,4
"2011","Richmond upon Thames 011A","E01003867",576,397,161,236,4,41,10,31,130,123,7,4
"2011","Richmond upon Thames 011B","E01003869",693,446,208,238,14,13,1,12,210,198,12,10
"2011","Richmond upon Thames 011C","E01003870",721,536,186,350,9,27,7,20,145,138,7,4
"2011","Richmond upon Thames 011D","E01003910",670,592,313,279,4,10,5,5,57,53,4,7
"2011","Richmond upon Thames 012A","E01003805",593,508,292,216,0,19,8,11,58,55,3,8
"2011","Richmond upon Thames 012B","E01003806",523,432,246,186,0,21,1,20,68,63,5,2
"2011","Richmond upon Thames 012C","E01003816",640,434,247,187,2,108,27,81,88,81,7,8
"2011","Richmond upon Thames 012D","E01003817",867,592,335,257,11,94,20,74,140,130,10,30
"2011","Richmond upon Thames 013A","E01003840",560,385,158,227,1,60,22,38,110,103,7,4
"2011","Richmond upon Thames 013B","E01003841",811,318,132,186,7,360,122,238,111,105,6,15
"2011","Richmond upon Thames 013C","E01003842",619,371,160,211,2,184,58,126,53,51,2,9
"2011","Richmond upon Thames 013D","E01003843",753,480,249,231,21,163,47,116,80,75,5,9
"2011","Richmond upon Thames 013E","E01003844",553,448,249,199,2,50,13,37,50,45,5,3
"2011","Richmond upon Thames 013F","E01003845",622,558,303,255,3,13,5,8,42,38,4,6
"2011","Richmond upon Thames 014A","E01003882",793,550,220,330,6,22,4,18,214,204,10,1
"2011","Richmond upon Thames 014B","E01003883",836,577,182,395,10,58,6,52,182,170,12,9
"2011","Richmond upon Thames 014C","E01003896",796,431,189,242,13,24,2,22,315,301,14,13
"2011","Richmond upon Thames 014D","E01003897",848,475,166,309,2,93,18,75,264,248,16,14
"2011","Richmond upon Thames 015A","E01003898",675,453,145,308,1,28,3,25,188,184,4,5
"2011","Richmond upon Thames 015B","E01003899",632,472,188,284,5,18,2,16,135,122,13,2
"2011","Richmond upon Thames 015C","E01003900",614,328,140,188,2,204,82,122,64,57,7,16
"2011","Richmond upon Thames 015D","E01003901",605,515,206,309,5,31,10,21,52,50,2,2
"2011","Richmond upon Thames 015E","E01003902",503,436,184,252,2,16,4,12,46,42,4,3
"2011","Richmond upon Thames 015F","E01003903",580,423,176,247,0,88,34,54,62,55,7,7
"2011","Richmond upon Thames 015G","E01003904",671,441,153,288,3,108,27,81,109,103,6,10
"2011","Richmond upon Thames 016A","E01003880",581,459,218,241,1,30,11,19,85,78,7,6
"2011","Richmond upon Thames 016B","E01003881",492,360,193,167,1,29,3,26,93,87,6,9
"2011","Richmond upon Thames 016C","E01003884",698,470,228,242,1,88,23,65,132,123,9,7
"2011","Richmond upon Thames 016D","E01003885",647,441,171,270,1,39,16,23,156,145,11,10
"2011","Richmond upon Thames 017A","E01003818",661,486,267,219,14,62,16,46,95,90,5,4
"2011","Richmond upon Thames 017B","E01003819",747,330,129,201,7,314,119,195,77,68,9,19
"2011","Richmond upon Thames 017C","E01003820",751,482,217,265,1,159,61,98,95,90,5,14
"2011","Richmond upon Thames 018A","E01003811",640,517,205,312,4,20,5,15,96,92,4,3
"2011","Richmond upon Thames 018B","E01003812",772,500,164,336,4,80,17,63,182,170,12,6
"2011","Richmond upon Thames 018C","E01003890",642,471,213,258,5,20,4,16,141,134,7,5
"2011","Richmond upon Thames 018D","E01003891",826,603,306,297,18,18,1,17,179,169,10,8
"2011","Richmond upon Thames 019A","E01003810",613,483,190,293,2,44,8,36,83,76,7,1
"2011","Richmond upon Thames 019B","E01003813",643,551,286,265,0,18,4,14,71,66,5,3
"2011","Richmond upon Thames 019C","E01003814",760,527,246,281,1,69,10,59,156,147,9,7
"2011","Richmond upon Thames 019D","E01003815",824,466,168,298,1,110,24,86,239,220,19,8
"2011","Richmond upon Thames 020A","E01003828",630,510,273,237,8,45,6,39,64,58,6,3
"2011","Richmond upon Thames 020B","E01003829",686,363,159,204,9,250,89,161,58,53,5,6
"2011","Richmond upon Thames 020C","E01003830",734,497,260,237,1,90,33,57,132,118,14,14
"2011","Richmond upon Thames 020D","E01003831",697,530,250,280,13,46,8,38,104,95,9,4
"2011","Richmond upon Thames 020E","E01003832",681,250,95,155,25,351,67,284,45,43,2,10
"2011","Richmond upon Thames 020F","E01003833",658,387,168,219,22,136,42,94,103,95,8,10
"2011","Richmond upon Thames 021A","E01003886",684,467,190,277,2,39,7,32,167,158,9,9
"2011","Richmond upon Thames 021B","E01003887",789,551,243,308,7,30,5,25,195,183,12,6
"2011","Richmond upon Thames 021C","E01003888",896,402,175,227,7,263,72,191,217,209,8,7
"2011","Richmond upon Thames 021D","E01003889",779,567,307,260,1,22,1,21,188,182,6,1
"2011","Richmond upon Thames 022A","E01003834",829,419,216,203,7,115,7,108,273,230,43,15
"2011","Richmond upon Thames 022B","E01003835",537,459,198,261,1,19,4,15,55,49,6,3
"2011","Richmond upon Thames 022C","E01003836",613,361,184,177,4,181,62,119,60,52,8,7
"2011","Richmond upon Thames 022D","E01003837",802,585,346,239,2,70,27,43,137,127,10,8
"2011","Richmond upon Thames 022E","E01003838",758,468,195,273,8,88,8,80,176,166,10,18
"2011","Richmond upon Thames 022F","E01003839",916,486,194,292,24,198,53,145,197,182,15,11
"2011","Richmond upon Thames 023A","E01003822",516,466,243,223,8,8,6,2,32,29,3,2
"2011","Richmond upon Thames 023B","E01003823",796,562,324,238,5,25,9,16,195,165,30,9
"2011","Richmond upon Thames 023C","E01003824",649,521,248,273,4,32,7,25,84,78,6,8
"2011","Richmond upon Thames 023D","E01003825",653,529,232,297,14,42,15,27,58,53,5,10
"2011","Richmond upon Thames 023E","E01003826",760,309,127,182,2,346,98,248,90,87,3,13
"2011","Richmond upon Thames 023F","E01003827",800,458,161,297,13,121,29,92,199,188,11,9
"2011","Sutton 001A","E01004125",630,265,80,185,5,297,267,30,58,52,6,5
"2011","Sutton 001B","E01004183",663,293,72,221,4,291,254,37,71,68,3,4
"2011","Sutton 001C","E01004184",598,264,61,203,4,275,227,48,49,39,10,6
"2011","Sutton 001D","E01004185",565,177,42,135,10,300,106,194,73,72,1,5
"2011","Sutton 001E","E01004189",750,354,98,256,2,334,290,44,51,50,1,9
"2011","Sutton 002A","E01004123",838,330,83,247,22,280,212,68,201,192,9,5
"2011","Sutton 002B","E01004124",655,361,102,259,14,214,194,20,62,57,5,4
"2011","Sutton 002C","E01004126",564,243,61,182,6,262,243,19,51,48,3,2
"2011","Sutton 002D","E01004128",528,243,78,165,5,233,215,18,45,43,2,2
"2011","Sutton 002E","E01004129",750,265,87,178,17,397,335,62,67,63,4,4
"2011","Sutton 003A","E01004130",644,530,248,282,3,47,15,32,59,57,2,5
"2011","Sutton 003B","E01004131",613,498,209,289,3,28,12,16,72,66,6,12
"2011","Sutton 003C","E01004134",555,437,213,224,1,31,6,25,85,79,6,1
"2011","Sutton 003D","E01004135",517,444,214,230,4,5,2,3,63,58,5,1
"2011","Sutton 003E","E01004136",550,481,213,268,2,27,18,9,36,33,3,4
"2011","Sutton 004A","E01004164",639,494,206,288,5,51,46,5,87,83,4,2
"2011","Sutton 004B","E01004166",658,471,185,286,2,84,77,7,95,94,1,6
"2011","Sutton 004C","E01004169",460,276,75,201,2,119,112,7,59,54,5,4
"2011","Sutton 004D","E01004186",790,454,97,357,20,94,55,39,216,199,17,6
"2011","Sutton 004E","E01004188",724,421,140,281,17,116,69,47,169,158,11,1
"2011","Sutton 005A","E01004127",630,388,121,267,4,179,157,22,57,49,8,2
"2011","Sutton 005B","E01004163",615,536,202,334,2,31,15,16,40,38,2,6
"2011","Sutton 005C","E01004165",705,454,155,299,5,109,51,58,133,123,10,4
"2011","Sutton 005D","E01004167",527,261,95,166,2,199,131,68,63,58,5,2
"2011","Sutton 005E","E01004187",640,407,125,282,2,178,122,56,46,42,4,7
"2011","Sutton 006A","E01004117",508,473,195,278,1,8,0,8,22,21,1,4
"2011","Sutton 006B","E01004121",627,465,226,239,2,24,2,22,133,124,9,3
"2011","Sutton 006C","E01004192",753,516,160,356,11,92,48,44,125,119,6,9
"2011","Sutton 006D","E01004193",923,666,175,491,4,97,8,89,154,148,6,2
"2011","Sutton 006E","E01004195",661,425,182,243,2,37,25,12,192,180,12,5
"2011","Sutton 007A","E01004144",633,532,250,282,0,12,7,5,85,74,11,4
"2011","Sutton 007B","E01004145",786,624,251,373,12,56,48,8,92,85,7,2
"2011","Sutton 007C","E01004146",686,475,161,314,2,78,22,56,120,101,19,11
"2011","Sutton 007D","E01004147",603,513,245,268,0,50,20,30,36,32,4,4
"2011","Sutton 008A","E01004116",640,560,316,244,0,43,3,40,34,32,2,3
"2011","Sutton 008B","E01004122",517,440,224,216,1,39,9,30,31,30,1,6
"2011","Sutton 008C","E01004190",499,452,232,220,2,3,1,2,39,36,3,3
"2011","Sutton 008D","E01004191",657,531,263,268,6,10,4,6,106,93,13,4
"2011","Sutton 008E","E01004194",609,487,198,289,5,52,2,50,61,52,9,4
"2011","Sutton 008F","E01004196",567,499,236,263,1,9,3,6,55,49,6,3
"2011","Sutton 009A","E01004115",664,592,241,351,0,3,1,2,65,58,7,4
"2011","Sutton 009B","E01004118",669,514,257,257,3,24,10,14,124,117,7,4
"2011","Sutton 009C","E01004119",506,471,191,280,1,2,1,1,30,28,2,2
"2011","Sutton 009D","E01004132",514,470,197,273,1,4,3,1,37,34,3,2
"2011","Sutton 009E","E01004133",533,497,203,294,0,4,1,3,29,25,4,3
"2011","Sutton 010A","E01004171",558,462,205,257,5,38,9,29,51,43,8,2
"2011","Sutton 010B","E01004172",748,384,148,236,2,190,117,73,167,160,7,5
"2011","Sutton 010C","E01004173",520,380,163,217,0,106,54,52,30,28,2,4
"2011","Sutton 010D","E01004175",690,510,189,321,7,84,56,28,84,80,4,5
"2011","Sutton 010E","E01004176",583,388,118,270,21,65,40,25,106,99,7,3
"2011","Sutton 011A","E01004076",616,419,144,275,4,112,95,17,76,72,4,5
"2011","Sutton 011B","E01004077",629,492,218,274,1,56,28,28,74,66,8,6
"2011","Sutton 011C","E01004078",686,448,116,332,1,126,67,59,106,94,12,5
"2011","Sutton 011D","E01004079",489,458,207,251,2,5,4,1,22,20,2,2
"2011","Sutton 011E","E01004080",506,472,234,238,1,2,1,1,28,27,1,3
"2011","Sutton 011F","E01004081",615,476,160,316,3,59,43,16,74,70,4,3
"2011","Sutton 011G","E01004082",496,459,188,271,1,5,3,2,29,26,3,2
"2011","Sutton 012A","E01004137",763,430,166,264,8,28,11,17,292,282,10,5
"2011","Sutton 012B","E01004140",746,250,68,182,8,316,224,92,166,157,9,6
"2011","Sutton 012C","E01004141",724,414,159,255,3,182,146,36,118,110,8,7
"2011","Sutton 012D","E01004142",1052,262,77,185,93,453,314,139,229,219,10,15
"2011","Sutton 012E","E01004149",813,588,307,281,0,68,30,38,151,149,2,6
"2011","Sutton 013A","E01004101",531,467,227,240,0,13,5,8,47,42,5,4
"2011","Sutton 013B","E01004103",734,515,178,337,4,35,6,29,177,160,17,3
"2011","Sutton 013C","E01004138",697,455,131,324,4,95,25,70,141,134,7,2
"2011","Sutton 013D","E01004139",595,407,141,266,3,33,17,16,149,141,8,3
"2011","Sutton 013E","E01004168",579,499,215,284,5,22,5,17,53,47,6,0
"2011","Sutton 014A","E01004143",626,436,141,295,4,75,10,65,109,103,6,2
"2011","Sutton 014B","E01004148",643,358,121,237,3,198,172,26,81,76,5,3
"2011","Sutton 014C","E01004159",629,508,220,288,6,28,23,5,81,75,6,6
"2011","Sutton 014D","E01004160",672,465,166,299,1,20,10,10,184,176,8,2
"2011","Sutton 014E","E01004161",594,502,164,338,1,12,9,3,78,70,8,1
"2011","Sutton 015A","E01004097",625,498,200,298,2,13,5,8,110,107,3,2
"2011","Sutton 015B","E01004098",504,399,187,212,0,18,10,8,84,79,5,3
"2011","Sutton 015C","E01004099",711,413,153,260,1,146,56,90,143,133,10,8
"2011","Sutton 015D","E01004100",536,451,229,222,0,23,10,13,61,56,5,1
"2011","Sutton 015E","E01004102",556,425,188,237,2,46,18,28,78,71,7,5
"2011","Sutton 016A","E01004110",790,482,229,253,1,47,22,25,249,232,17,11
"2011","Sutton 016B","E01004111",578,472,194,278,2,40,31,9,57,51,6,7
"2011","Sutton 016C","E01004112",668,578,317,261,1,2,1,1,80,76,4,7
"2011","Sutton 016D","E01004120",547,510,242,268,0,5,3,2,27,26,1,5
"2011","Sutton 016E","E01004157",452,425,202,223,0,4,2,2,23,21,2,0
"2011","Sutton 017A","E01004087",522,496,258,238,0,4,2,2,20,20,0,2
"2011","Sutton 017B","E01004170",751,510,202,308,10,41,30,11,184,176,8,6
"2011","Sutton 017C","E01004174",664,431,163,268,4,59,22,37,164,157,7,6
"2011","Sutton 017D","E01004178",950,539,196,343,8,103,6,97,293,277,16,7
"2011","Sutton 017E","E01004179",599,491,197,294,1,15,6,9,90,86,4,2
"2011","Sutton 018A","E01004152",849,405,202,203,1,153,64,89,286,269,17,4
"2011","Sutton 018B","E01004155",822,533,221,312,3,17,11,6,266,255,11,3
"2011","Sutton 018C","E01004156",892,421,210,211,5,41,5,36,419,407,12,6
"2011","Sutton 018D","E01004158",696,454,222,232,3,22,5,17,210,194,16,7
"2011","Sutton 018E","E01004162",745,422,169,253,1,54,22,32,261,255,6,7
"2011","Sutton 019A","E01004083",612,144,63,81,18,413,81,332,31,29,2,6
"2011","Sutton 019B","E01004086",592,405,181,224,31,81,25,56,71,65,6,4
"2011","Sutton 019C","E01004088",733,53,9,44,6,640,111,529,19,16,3,15
"2011","Sutton 019D","E01004089",549,137,48,89,59,321,60,261,31,28,3,1
"2011","Sutton 019E","E01004182",653,296,88,208,2,266,63,203,85,80,5,4
"2011","Sutton 020A","E01004104",551,511,272,239,2,8,2,6,28,26,2,2
"2011","Sutton 020B","E01004107",619,438,157,281,0,117,105,12,60,59,1,4
"2011","Sutton 020C","E01004177",911,453,247,206,0,244,26,218,200,192,8,14
"2011","Sutton 020D","E01004180",616,568,317,251,1,8,4,4,33,31,2,6
"2011","Sutton 020E","E01004181",756,509,249,260,2,101,34,67,135,126,9,9
"2011","Sutton 021A","E01004090",540,170,51,119,0,302,245,57,65,60,5,3
"2011","Sutton 021B","E01004096",756,367,128,239,2,77,13,64,305,289,16,5
"2011","Sutton 021C","E01004150",936,353,192,161,2,251,55,196,317,303,14,13
"2011","Sutton 021D","E01004151",790,415,168,247,0,48,3,45,323,311,12,4
"2011","Sutton 021E","E01004153",903,459,238,221,1,95,11,84,337,324,13,11
"2011","Sutton 022A","E01004091",474,460,240,220,0,4,2,2,8,8,0,2
"2011","Sutton 022B","E01004092",585,490,266,224,1,9,8,1,79,76,3,6
"2011","Sutton 022C","E01004105",647,523,223,300,2,55,49,6,59,55,4,8
"2011","Sutton 022D","E01004106",522,502,267,235,0,1,0,1,17,17,0,2
"2011","Sutton 022E","E01004154",561,477,260,217,0,16,12,4,66,66,0,2
"2011","Sutton 024A","E01004084",504,475,254,221,2,3,2,1,22,19,3,2
"2011","Sutton 024B","E01004085",582,528,258,270,0,8,4,4,45,39,6,1
"2011","Sutton 024C","E01004108",595,507,207,300,2,34,32,2,47,37,10,5
"2011","Sutton 024D","E01004109",638,420,166,254,5,163,157,6,47,39,8,3
"2011","Sutton 025A","E01004093",598,488,225,263,1,14,2,12,88,85,3,7
"2011","Sutton 025B","E01004094",748,541,230,311,10,25,7,18,162,153,9,10
"2011","Sutton 025C","E01004095",635,514,265,249,7,4,2,2,106,98,8,4
"2011","Sutton 025D","E01004114",595,558,321,237,1,4,1,3,27,25,2,5
"2011","Sutton 025E","E01032623",619,583,350,233,1,3,1,2,30,28,2,2
"2011","Waltham Forest 001A","E01004349",547,322,154,168,5,178,145,33,36,33,3,6
"2011","Waltham Forest 001B","E01004350",915,455,247,208,19,323,35,288,110,98,12,8
"2011","Waltham Forest 001C","E01004351",645,548,288,260,1,49,13,36,41,36,5,6
"2011","Waltham Forest 001D","E01004356",590,405,180,225,2,116,75,41,60,56,4,7
"2011","Waltham Forest 001E","E01004357",574,451,242,209,0,72,60,12,43,40,3,8
"2011","Waltham Forest 002A","E01004352",813,612,331,281,0,37,4,33,151,139,12,13
"2011","Waltham Forest 002B","E01004353",798,616,356,260,5,69,28,41,104,96,8,4
"2011","Waltham Forest 002C","E01004354",749,532,244,288,1,34,21,13,180,173,7,2
"2011","Waltham Forest 002D","E01004358",788,504,234,270,3,162,79,83,107,102,5,12
"2011","Waltham Forest 002E","E01004359",610,472,219,253,3,83,29,54,46,43,3,6
"2011","Waltham Forest 003A","E01004384",695,357,141,216,4,243,201,42,87,83,4,4
"2011","Waltham Forest 003B","E01004385",650,315,154,161,6,254,228,26,65,59,6,10
"2011","Waltham Forest 003C","E01004386",642,583,306,277,2,16,13,3,35,30,5,6
"2011","Waltham Forest 003D","E01004389",706,402,175,227,3,216,187,29,81,79,2,4
"2011","Waltham Forest 003E","E01004390",652,329,143,186,2,268,213,55,46,41,5,7
"2011","Waltham Forest 004A","E01004355",673,421,164,257,7,157,55,102,86,78,8,2
"2011","Waltham Forest 004B","E01004360",492,445,239,206,1,16,8,8,24,23,1,6
"2011","Waltham Forest 004C","E01004413",685,340,154,186,21,277,115,162,40,38,2,7
"2011","Waltham Forest 004D","E01004415",583,397,160,237,2,137,32,105,45,41,4,2
"2011","Waltham Forest 004E","E01004416",632,461,191,270,1,102,86,16,61,56,5,7
"2011","Waltham Forest 005A","E01004361",492,435,198,237,1,14,7,7,39,35,4,3
"2011","Waltham Forest 005B","E01004414",615,487,243,244,4,37,8,29,82,77,5,5
"2011","Waltham Forest 005C","E01004417",650,433,193,240,3,107,51,56,102,93,9,5
"2011","Waltham Forest 005D","E01004451",641,506,224,282,2,80,63,17,52,45,7,1
"2011","Waltham Forest 005E","E01004452",692,448,217,231,1,110,52,58,128,122,6,5
"2011","Waltham Forest 006A","E01004450",605,548,262,286,2,11,4,7,41,38,3,3
"2011","Waltham Forest 006B","E01004453",658,472,180,292,3,34,19,15,142,132,10,7
"2011","Waltham Forest 006C","E01004454",640,474,233,241,4,66,49,17,88,77,11,8
"2011","Waltham Forest 006D","E01004455",544,328,130,198,0,108,51,57,99,96,3,9
"2011","Waltham Forest 006E","E01004456",539,142,40,102,1,362,72,290,23,20,3,11
"2011","Waltham Forest 007A","E01004379",523,452,179,273,1,13,5,8,53,51,2,4
"2011","Waltham Forest 007B","E01004380",607,362,153,209,17,159,143,16,65,57,8,4
"2011","Waltham Forest 007C","E01004381",674,501,177,324,2,54,44,10,110,107,3,7
"2011","Waltham Forest 007D","E01004383",575,456,198,258,5,63,47,16,48,46,2,3
"2011","Waltham Forest 007E","E01004387",525,470,206,264,1,11,6,5,41,36,5,2
"2011","Waltham Forest 007F","E01004388",649,372,175,197,8,108,85,23,154,145,9,7
"2011","Waltham Forest 008A","E01004343",647,509,194,315,1,37,13,24,96,87,9,4
"2011","Waltham Forest 008B","E01004344",667,332,103,229,4,182,93,89,137,133,4,12
"2011","Waltham Forest 008C","E01004382",501,158,52,106,2,287,222,65,47,45,2,7
"2011","Waltham Forest 008D","E01004418",649,447,205,242,11,87,48,39,99,95,4,5
"2011","Waltham Forest 008E","E01004419",637,461,203,258,4,28,14,14,131,127,4,13
"2011","Waltham Forest 009A","E01004398",679,233,82,151,7,344,206,138,82,74,8,13
"2011","Waltham Forest 009B","E01004399",594,175,40,135,10,342,240,102,61,60,1,6
"2011","Waltham Forest 009C","E01004400",641,332,110,222,1,114,65,49,183,172,11,11
"2011","Waltham Forest 009D","E01004402",663,332,111,221,6,185,131,54,128,122,6,12
"2011","Waltham Forest 009E","E01004403",602,296,83,213,4,198,127,71,97,90,7,7
"2011","Waltham Forest 010A","E01004345",624,406,134,272,2,69,20,49,145,141,4,2
"2011","Waltham Forest 010B","E01004348",973,502,151,351,22,123,55,68,321,307,14,5
"2011","Waltham Forest 010C","E01004377",626,481,203,278,4,52,15,37,86,75,11,3
"2011","Waltham Forest 010D","E01004378",677,387,158,229,18,158,47,111,109,99,10,5
"2011","Waltham Forest 011A","E01004342",789,359,132,227,6,184,113,71,232,222,10,8
"2011","Waltham Forest 011B","E01004346",557,372,122,250,4,88,16,72,85,80,5,8
"2011","Waltham Forest 011C","E01004347",809,488,138,350,2,113,25,88,202,185,17,4
"2011","Waltham Forest 011D","E01004460",671,334,118,216,6,144,50,94,177,166,11,10
"2011","Waltham Forest 011E","E01004462",639,286,109,177,30,93,28,65,220,212,8,10
"2011","Waltham Forest 012A","E01004396",647,382,160,222,1,45,14,31,214,207,7,5
"2011","Waltham Forest 012B","E01004457",738,353,100,253,10,149,40,109,220,205,15,6
"2011","Waltham Forest 012C","E01004458",681,377,160,217,6,81,53,28,208,201,7,9
"2011","Waltham Forest 012D","E01004459",535,87,31,56,3,396,198,198,37,33,4,12
"2011","Waltham Forest 012E","E01004463",906,466,101,365,7,154,47,107,273,261,12,6
"2011","Waltham Forest 013A","E01004407",493,83,25,58,1,315,278,37,87,86,1,7
"2011","Waltham Forest 013B","E01004410",852,224,70,154,11,423,298,125,172,160,12,22
"2011","Waltham Forest 013C","E01004464",643,154,47,107,5,373,300,73,104,99,5,7
"2011","Waltham Forest 013D","E01004469",627,190,70,120,3,328,268,60,97,90,7,9
"2011","Waltham Forest 013E","E01004470",602,262,104,158,3,166,105,61,168,160,8,3
"2011","Waltham Forest 013F","E01004471",668,268,94,174,4,222,168,54,166,156,10,8
"2011","Waltham Forest 014A","E01004391",846,395,133,262,7,161,65,96,275,261,14,8
"2011","Waltham Forest 014B","E01004393",1023,463,74,389,7,303,125,178,239,230,9,11
"2011","Waltham Forest 014C","E01004401",803,383,123,260,15,175,55,120,221,211,10,9
"2011","Waltham Forest 014D","E01004404",882,234,60,174,68,274,118,156,294,285,9,12
"2011","Waltham Forest 014E","E01004461",794,424,168,256,5,47,22,25,312,298,14,6
"2011","Waltham Forest 015A","E01004412",740,357,130,227,21,124,69,55,229,224,5,9
"2011","Waltham Forest 015B","E01004465",543,350,125,225,3,77,57,20,107,103,4,6
"2011","Waltham Forest 015C","E01004466",638,417,129,288,1,76,30,46,139,128,11,5
"2011","Waltham Forest 015D","E01004467",881,214,81,133,7,343,209,134,306,297,9,11
"2011","Waltham Forest 015E","E01004468",657,454,193,261,2,42,31,11,151,128,23,8
"2011","Waltham Forest 016A","E01004406",731,273,103,170,2,87,52,35,360,348,12,9
"2011","Waltham Forest 016B","E01004408",676,355,128,227,6,136,63,73,178,166,12,1
"2011","Waltham Forest 016C","E01004409",711,290,107,183,12,161,73,88,231,217,14,17
"2011","Waltham Forest 016D","E01004411",648,273,102,171,2,88,32,56,277,270,7,8
"2011","Waltham Forest 016E","E01004443",586,272,127,145,11,87,27,60,208,197,11,8
"2011","Waltham Forest 016F","E01004447",653,393,146,247,6,52,24,28,194,186,8,8
"2011","Waltham Forest 017A","E01004392",879,401,136,265,6,120,40,80,344,329,15,8
"2011","Waltham Forest 017B","E01004394",744,264,108,156,8,267,183,84,198,191,7,7
"2011","Waltham Forest 017C","E01004397",849,356,128,228,41,102,43,59,339,324,15,11
"2011","Waltham Forest 017D","E01004444",966,286,75,211,16,321,190,131,334,328,6,9
"2011","Waltham Forest 017E","E01004446",677,364,132,232,8,92,65,27,209,203,6,4
"2011","Waltham Forest 018A","E01004395",565,354,124,230,0,58,37,21,149,140,9,4
"2011","Waltham Forest 018B","E01004421",604,352,173,179,6,85,43,42,152,146,6,9
"2011","Waltham Forest 018C","E01004445",624,312,136,176,8,116,92,24,184,179,5,4
"2011","Waltham Forest 018D","E01004448",759,309,107,202,34,149,35,114,261,247,14,6
"2011","Waltham Forest 018E","E01004449",599,147,38,109,8,372,164,208,65,60,5,7
"2011","Waltham Forest 019A","E01004363",506,363,153,210,5,22,3,19,110,106,4,6
"2011","Waltham Forest 019B","E01004364",563,257,116,141,0,158,34,124,139,130,9,9
"2011","Waltham Forest 019C","E01004366",642,404,220,184,10,45,9,36,177,163,14,6
"2011","Waltham Forest 019D","E01004367",537,297,141,156,8,61,17,44,164,162,2,7
"2011","Waltham Forest 019E","E01004368",720,323,147,176,13,76,19,57,303,292,11,5
"2011","Waltham Forest 020A","E01004365",700,232,102,130,19,117,23,94,322,313,9,10
"2011","Waltham Forest 020B","E01004405",566,268,109,159,13,130,76,54,148,141,7,7
"2011","Waltham Forest 020C","E01004420",790,281,115,166,6,239,90,149,262,243,19,2
"2011","Waltham Forest 020D","E01004423",697,215,105,110,4,240,97,143,231,216,15,7
"2011","Waltham Forest 020G","E01033153",936,157,53,104,9,600,107,493,155,144,11,15
"2011","Waltham Forest 021A","E01004362",676,308,119,189,9,111,10,101,242,232,10,6
"2011","Waltham Forest 021B","E01004436",580,260,105,155,2,117,28,89,196,191,5,5
"2011","Waltham Forest 021C","E01004437",762,255,121,134,3,185,16,169,309,296,13,10
"2011","Waltham Forest 021D","E01004439",619,275,128,147,3,124,19,105,214,205,9,3
"2011","Waltham Forest 021E","E01004442",668,370,135,235,2,63,18,45,229,222,7,4
"2011","Waltham Forest 022A","E01004422",589,364,166,198,14,43,16,27,158,144,14,10
"2011","Waltham Forest 022B","E01004424",627,212,64,148,9,159,49,110,237,226,11,10
"2011","Waltham Forest 022C","E01004425",848,359,59,300,28,161,69,92,298,287,11,2
"2011","Waltham Forest 022D","E01004426",590,371,157,214,4,59,26,33,150,143,7,6
"2011","Waltham Forest 022E","E01004427",852,338,92,246,9,42,22,20,454,439,15,9
"2011","Waltham Forest 023A","E01004369",615,230,69,161,3,62,21,41,318,308,10,2
"2011","Waltham Forest 023B","E01004370",636,340,131,209,1,44,7,37,249,244,5,2
"2011","Waltham Forest 023C","E01004372",744,340,102,238,1,37,8,29,362,353,9,4
"2011","Waltham Forest 023D","E01004432",652,338,127,211,3,61,16,45,242,235,7,8
"2011","Waltham Forest 023E","E01004435",749,276,101,175,7,158,23,135,302,290,12,6
"2011","Waltham Forest 024A","E01004333",611,201,69,132,3,249,167,82,153,146,7,5
"2011","Waltham Forest 024B","E01004334",637,118,41,77,2,439,379,60,65,64,1,13
"2011","Waltham Forest 024C","E01004438",772,339,139,200,12,76,18,58,332,310,22,13
"2011","Waltham Forest 024D","E01004440",794,280,106,174,52,110,14,96,345,335,10,7
"2011","Waltham Forest 024E","E01004441",635,374,147,227,5,70,15,55,181,174,7,5
"2011","Waltham Forest 025A","E01004371",615,304,133,171,4,64,12,52,237,225,12,6
"2011","Waltham Forest 025B","E01004373",621,265,112,153,4,82,12,70,263,259,4,7
"2011","Waltham Forest 025C","E01004374",688,362,155,207,4,57,15,42,259,243,16,6
"2011","Waltham Forest 025D","E01004375",647,270,96,174,1,60,6,54,306,295,11,10
"2011","Waltham Forest 025E","E01004376",654,273,144,129,1,69,9,60,306,299,7,5
"2011","Waltham Forest 026A","E01004336",564,204,118,86,1,98,27,71,257,249,8,4
"2011","Waltham Forest 026B","E01004428",653,104,38,66,0,474,81,393,71,67,4,4
"2011","Waltham Forest 026C","E01004429",653,223,104,119,34,212,26,186,178,170,8,6
"2011","Waltham Forest 026D","E01004430",827,304,132,172,14,79,17,62,423,408,15,7
"2011","Waltham Forest 026E","E01004434",737,309,136,173,9,211,51,160,197,189,8,11
"2011","Waltham Forest 027A","E01004335",645,65,18,47,3,474,276,198,98,93,5,5
"2011","Waltham Forest 027B","E01004337",717,213,85,128,4,324,243,81,170,160,10,6
"2011","Waltham Forest 027C","E01004338",580,251,120,131,2,49,23,26,274,268,6,4
"2011","Waltham Forest 027D","E01004339",661,261,93,168,7,122,43,79,267,258,9,4
"2011","Waltham Forest 027E","E01004340",698,149,46,103,3,348,139,209,191,181,10,7
"2011","Waltham Forest 027F","E01004341",665,142,43,99,0,330,70,260,190,187,3,3
"2011","Waltham Forest 028A","E01004327",465,168,55,113,1,184,128,56,106,101,5,6
"2011","Waltham Forest 028B","E01004328",671,305,88,217,3,100,49,51,258,245,13,5
"2011","Waltham Forest 028C","E01004329",671,315,92,223,3,101,42,59,243,229,14,9
"2011","Waltham Forest 028D","E01004330",625,334,123,211,4,65,26,39,219,214,5,3
"2011","Waltham Forest 028E","E01004331",675,286,109,177,5,142,42,100,234,219,15,8
"2011","Waltham Forest 028F","E01004332",633,228,91,137,1,132,74,58,253,239,14,19
"2011","Bracknell Forest 001C","E01016252",658,532,338,194,7,19,9,10,88,76,12,12
"2011","Bracknell Forest 001D","E01016253",521,453,163,290,0,12,9,3,54,48,6,2
"2011","Bracknell Forest 001E","E01032727",1308,1111,688,423,16,42,5,37,121,105,16,18
"2011","Bracknell Forest 002A","E01016184",868,655,223,432,17,51,7,44,143,121,22,2
"2011","Bracknell Forest 002B","E01016185",607,411,138,273,3,6,1,5,177,147,30,10
"2011","Bracknell Forest 002C","E01016186",731,524,243,281,12,83,27,56,88,75,13,24
"2011","Bracknell Forest 002D","E01016187",667,562,252,310,4,35,11,24,61,54,7,5
"2011","Bracknell Forest 002E","E01016188",661,520,118,402,1,54,6,48,84,81,3,2
"2011","Bracknell Forest 003A","E01016190",609,438,207,231,0,126,48,78,43,38,5,2
"2011","Bracknell Forest 003B","E01016238",483,346,173,173,1,84,37,47,48,45,3,4
"2011","Bracknell Forest 003C","E01016243",592,430,126,304,3,67,3,64,86,82,4,6
"2011","Bracknell Forest 003D","E01016245",889,749,207,542,6,34,3,31,93,86,7,7
"2011","Bracknell Forest 003E","E01016246",607,522,114,408,0,6,3,3,76,70,6,3
"2011","Bracknell Forest 003F","E01016247",692,540,121,419,28,40,2,38,80,73,7,4
"2011","Bracknell Forest 004A","E01016239",610,385,144,241,2,176,70,106,40,35,5,7
"2011","Bracknell Forest 004B","E01016240",646,353,117,236,2,237,112,125,50,44,6,4
"2011","Bracknell Forest 004C","E01016241",647,321,113,208,11,256,98,158,54,45,9,5
"2011","Bracknell Forest 004D","E01016242",805,306,109,197,56,333,73,260,102,88,14,8
"2011","Bracknell Forest 005A","E01016180",558,383,172,211,0,84,38,46,66,60,6,25
"2011","Bracknell Forest 005B","E01016181",540,400,216,184,3,5,3,2,109,96,13,23
"2011","Bracknell Forest 005C","E01016182",614,487,194,293,0,40,12,28,80,73,7,7
"2011","Bracknell Forest 005D","E01016183",516,455,191,264,2,6,3,3,52,49,3,1
"2011","Bracknell Forest 005E","E01016222",503,429,157,272,0,3,1,2,70,66,4,1
"2011","Bracknell Forest 006B","E01016191",651,438,186,252,10,150,55,95,42,39,3,11
"2011","Bracknell Forest 006C","E01016223",648,332,108,224,1,195,60,135,113,103,10,7
"2011","Bracknell Forest 006D","E01016224",756,391,136,255,11,261,128,133,84,73,11,9
"2011","Bracknell Forest 006E","E01016226",625,352,122,230,3,185,78,107,75,64,11,10
"2011","Bracknell Forest 006F","E01032724",630,185,47,138,33,279,85,194,123,113,10,10
"2011","Bracknell Forest 006G","E01032728",641,333,101,232,4,170,36,134,123,118,5,11
"2011","Bracknell Forest 007A","E01016225",888,526,186,340,28,238,37,201,89,87,2,7
"2011","Bracknell Forest 007B","E01016233",1027,463,121,342,4,405,119,286,146,131,15,9
"2011","Bracknell Forest 007C","E01016248",568,355,135,220,2,156,69,87,51,44,7,4
"2011","Bracknell Forest 007D","E01016249",797,234,103,131,30,389,47,342,133,112,21,11
"2011","Bracknell Forest 007E","E01016250",708,439,205,234,23,126,48,78,103,95,8,17
"2011","Bracknell Forest 008A","E01016200",562,396,77,319,17,46,21,25,103,99,4,0
"2011","Bracknell Forest 008B","E01016201",565,389,81,308,10,47,21,26,116,108,8,3
"2011","Bracknell Forest 008C","E01016202",635,424,84,340,8,13,5,8,189,180,9,1
"2011","Bracknell Forest 008D","E01016203",591,267,54,213,1,243,106,137,69,62,7,11
"2011","Bracknell Forest 008E","E01016204",482,289,59,230,6,125,52,73,60,56,4,2
"2011","Bracknell Forest 009A","E01016209",553,410,148,262,2,100,43,57,39,34,5,2
"2011","Bracknell Forest 009B","E01016210",483,258,67,191,1,176,91,85,45,40,5,3
"2011","Bracknell Forest 009D","E01016213",428,351,115,236,2,49,19,30,25,24,1,1
"2011","Bracknell Forest 009E","E01016214",509,472,215,257,1,18,10,8,16,11,5,2
"2011","Bracknell Forest 009F","E01016215",480,261,67,194,4,163,69,94,50,44,6,2
"2011","Bracknell Forest 009G","E01032725",604,401,54,347,39,104,19,85,57,47,10,3
"2011","Bracknell Forest 009H","E01032726",548,320,82,238,11,168,60,108,43,39,4,6
"2011","Bracknell Forest 010A","E01016205",546,334,59,275,3,143,55,88,60,53,7,6
"2011","Bracknell Forest 010B","E01016217",578,396,104,292,1,106,33,73,73,64,9,2
"2011","Bracknell Forest 010C","E01016218",634,367,109,258,2,200,88,112,58,54,4,7
"2011","Bracknell Forest 010D","E01016231",764,474,146,328,9,186,67,119,92,81,11,3
"2011","Bracknell Forest 010E","E01016232",611,418,151,267,2,103,39,64,84,79,5,4
"2011","Bracknell Forest 011A","E01016212",493,327,92,235,3,115,44,71,45,43,2,3
"2011","Bracknell Forest 011B","E01016216",561,375,117,258,2,118,53,65,65,51,14,1
"2011","Bracknell Forest 011C","E01016219",545,400,175,225,3,94,20,74,43,39,4,5
"2011","Bracknell Forest 011D","E01016220",578,358,74,284,2,138,69,69,75,68,7,5
"2011","Bracknell Forest 011E","E01016221",580,428,142,286,0,71,27,44,77,65,12,4
"2011","Bracknell Forest 012A","E01016206",747,599,315,284,3,33,20,13,103,85,18,9
"2011","Bracknell Forest 012B","E01016208",836,556,272,284,37,82,24,58,152,88,64,9
"2011","Bracknell Forest 012C","E01016229",491,443,217,226,1,4,1,3,34,30,4,9
"2011","Bracknell Forest 012D","E01016230",459,276,149,127,1,6,3,3,94,64,30,82
"2011","Bracknell Forest 013A","E01016207",512,370,118,252,0,92,9,83,49,38,11,1
"2011","Bracknell Forest 013B","E01016234",459,402,135,267,3,6,2,4,46,40,6,2
"2011","Bracknell Forest 013C","E01016235",487,446,161,285,1,13,1,12,27,25,2,0
"2011","Bracknell Forest 013D","E01016236",578,387,95,292,1,146,58,88,38,29,9,6
"2011","Bracknell Forest 013E","E01016237",473,408,124,284,1,14,2,12,50,43,7,0
"2011","Bracknell Forest 014A","E01016192",612,379,150,229,0,111,53,58,113,101,12,9
"2011","Bracknell Forest 014B","E01016194",511,476,248,228,1,6,2,4,27,26,1,1
"2011","Bracknell Forest 014C","E01016195",473,362,82,280,5,56,12,44,49,45,4,1
"2011","Bracknell Forest 014D","E01016227",482,410,161,249,2,36,6,30,27,19,8,7
"2011","Bracknell Forest 014E","E01016228",574,503,233,270,6,21,0,21,42,37,5,2
"2011","Bracknell Forest 015A","E01016193",528,386,95,291,1,51,23,28,87,67,20,3
"2011","Bracknell Forest 015B","E01016196",557,300,108,192,5,28,2,26,219,38,181,5
"2011","Bracknell Forest 015C","E01016197",511,389,141,248,3,81,25,56,34,22,12,4
"2011","Bracknell Forest 015D","E01016198",517,453,201,252,0,5,3,2,55,47,8,4
"2011","Bracknell Forest 015E","E01016199",470,399,169,230,4,8,0,8,57,53,4,2
"2011","Brighton and Hove 001A","E01016924",582,519,257,262,0,12,10,2,44,39,5,7
"2011","Brighton and Hove 001B","E01016926",606,339,156,183,2,228,195,33,31,30,1,6
"2011","Brighton and Hove 001C","E01016927",626,495,191,304,5,56,52,4,61,57,4,9
"2011","Brighton and Hove 001D","E01016929",639,491,221,270,2,76,69,7,65,52,13,5
"2011","Brighton and Hove 001E","E01016931",635,569,301,268,1,11,10,1,48,39,9,6
"2011","Brighton and Hove 002A","E01016898",757,448,230,218,3,202,135,67,98,88,10,6
"2011","Brighton and Hove 002B","E01016899",404,233,106,127,1,98,81,17,67,61,6,5
"2011","Brighton and Hove 002C","E01016914",506,143,66,77,1,280,258,22,79,72,7,3
"2011","Brighton and Hove 002D","E01016915",499,76,32,44,1,334,316,18,77,73,4,11
"2011","Brighton and Hove 003A","E01016923",675,464,214,250,2,101,78,23,105,99,6,3
"2011","Brighton and Hove 003B","E01016928",662,534,301,233,0,14,11,3,100,95,5,14
"2011","Brighton and Hove 003C","E01016998",591,549,268,281,1,4,2,2,32,30,2,5
"2011","Brighton and Hove 003D","E01016999",569,520,283,237,1,7,3,4,37,34,3,4
"2011","Brighton and Hove 003E","E01017000",851,594,316,278,9,73,6,67,165,153,12,10
"2011","Brighton and Hove 004A","E01016925",612,427,181,246,5,119,101,18,53,47,6,8
"2011","Brighton and Hove 004B","E01016930",760,657,342,315,0,24,22,2,70,60,10,9
"2011","Brighton and Hove 004C","E01017001",598,521,285,236,0,30,8,22,43,40,3,4
"2011","Brighton and Hove 004D","E01017003",671,495,216,279,3,33,32,1,133,126,7,7
"2011","Brighton and Hove 005A","E01016916",611,505,247,258,9,24,19,5,63,54,9,10
"2011","Brighton and Hove 005B","E01016917",578,507,225,282,3,19,6,13,48,41,7,1
"2011","Brighton and Hove 005C","E01016918",592,282,115,167,4,255,117,138,38,37,1,13
"2011","Brighton and Hove 005D","E01016919",551,313,115,198,3,173,37,136,56,49,7,6
"2011","Brighton and Hove 005E","E01016920",638,533,193,340,7,19,6,13,76,71,5,3
"2011","Brighton and Hove 006A","E01016882",627,366,185,181,1,194,182,12,59,52,7,7
"2011","Brighton and Hove 006B","E01016883",661,568,385,183,1,48,44,4,39,34,5,5
"2011","Brighton and Hove 006C","E01016884",616,404,183,221,2,137,132,5,62,59,3,11
"2011","Brighton and Hove 006D","E01016885",619,186,70,116,1,331,301,30,86,78,8,15
"2011","Brighton and Hove 006E","E01016886",623,459,219,240,2,95,88,7,48,45,3,19
"2011","Brighton and Hove 007A","E01016980",570,446,207,239,0,26,6,20,91,80,11,7
"2011","Brighton and Hove 007B","E01016982",498,450,222,228,1,4,3,1,40,38,2,3
"2011","Brighton and Hove 007C","E01016983",535,475,263,212,2,2,2,0,52,49,3,4
"2011","Brighton and Hove 007D","E01016984",575,532,289,243,0,4,2,2,38,38,0,1
"2011","Brighton and Hove 007E","E01016985",626,455,177,278,0,9,6,3,155,149,6,7
"2011","Brighton and Hove 008A","E01016900",764,153,88,65,5,498,381,117,82,71,11,26
"2011","Brighton and Hove 008B","E01016902",577,351,168,183,4,159,103,56,57,49,8,6
"2011","Brighton and Hove 008C","E01016904",684,151,62,89,4,400,231,169,120,111,9,9
"2011","Brighton and Hove 008D","E01016905",803,257,104,153,13,369,352,17,146,140,6,18
"2011","Brighton and Hove 008E","E01016909",647,276,148,128,6,171,142,29,186,172,14,8
"2011","Brighton and Hove 009A","E01016906",603,231,100,131,7,316,238,78,44,39,5,5
"2011","Brighton and Hove 009B","E01016907",579,241,130,111,9,164,129,35,159,152,7,6
"2011","Brighton and Hove 009C","E01016908",577,167,71,96,2,348,286,62,54,48,6,6
"2011","Brighton and Hove 009D","E01016910",541,124,50,74,16,306,37,269,85,78,7,10
"2011","Brighton and Hove 009E","E01016911",543,303,145,158,10,135,82,53,85,76,9,10
"2011","Brighton and Hove 010A","E01016901",611,480,177,303,1,13,2,11,113,106,7,4
"2011","Brighton and Hove 010B","E01016903",690,447,141,306,4,31,8,23,204,200,4,4
"2011","Brighton and Hove 010C","E01016934",528,426,177,249,1,18,4,14,82,79,3,1
"2011","Brighton and Hove 010D","E01016939",604,498,195,303,2,5,3,2,95,92,3,4
"2011","Brighton and Hove 010E","E01016940",616,459,144,315,0,9,2,7,144,137,7,4
"2011","Brighton and Hove 011A","E01016981",657,547,323,224,2,4,3,1,91,85,6,13
"2011","Brighton and Hove 011B","E01017002",774,542,288,254,2,13,1,12,202,190,12,15
"2011","Brighton and Hove 011C","E01017004",776,443,168,275,1,53,14,39,265,245,20,14
"2011","Brighton and Hove 011D","E01017005",715,484,166,318,1,7,4,3,220,213,7,3
"2011","Brighton and Hove 011E","E01017006",763,483,176,307,11,15,7,8,248,238,10,6
"2011","Brighton and Hove 012A","E01016921",640,398,153,245,20,158,128,30,59,53,6,5
"2011","Brighton and Hove 012B","E01016922",523,363,153,210,1,103,91,12,50,40,10,6
"2011","Brighton and Hove 012C","E01016973",648,473,200,273,8,73,40,33,92,84,8,2
"2011","Brighton and Hove 012D","E01016977",618,420,181,239,2,131,104,27,50,41,9,15
"2011","Brighton and Hove 012E","E01016978",716,399,137,262,5,154,79,75,149,133,16,9
"2011","Brighton and Hove 013A","E01016879",558,308,117,191,1,191,34,157,55,52,3,3
"2011","Brighton and Hove 013B","E01016880",495,146,40,106,5,298,258,40,40,37,3,6
"2011","Brighton and Hove 013C","E01016881",605,321,136,185,4,181,125,56,91,89,2,8
"2011","Brighton and Hove 013D","E01016887",619,512,254,258,3,31,27,4,64,59,5,9
"2011","Brighton and Hove 013E","E01016888",587,516,276,240,3,13,5,8,46,42,4,9
"2011","Brighton and Hove 013F","E01016976",623,533,254,279,1,24,13,11,63,57,6,2
"2011","Brighton and Hove 014A","E01016932",687,467,176,291,5,49,13,36,159,150,9,7
"2011","Brighton and Hove 014B","E01016933",635,397,165,232,3,51,27,24,182,173,9,2
"2011","Brighton and Hove 014C","E01016935",813,420,189,231,26,114,26,88,243,224,19,10
"2011","Brighton and Hove 014D","E01016936",684,433,137,296,2,20,12,8,226,215,11,3
"2011","Brighton and Hove 014E","E01016937",1019,350,88,262,84,75,28,47,502,481,21,8
"2011","Brighton and Hove 015A","E01016890",777,288,67,221,6,51,15,36,423,405,18,9
"2011","Brighton and Hove 015B","E01016966",753,265,96,169,3,129,92,37,341,320,21,15
"2011","Brighton and Hove 015C","E01016970",696,381,140,241,4,66,35,31,235,219,16,10
"2011","Brighton and Hove 015D","E01016971",756,265,97,168,5,56,9,47,427,407,20,3
"2011","Brighton and Hove 015E","E01016972",804,435,144,291,3,17,5,12,341,323,18,8
"2011","Brighton and Hove 016A","E01016979",625,473,172,301,2,11,8,3,133,124,9,6
"2011","Brighton and Hove 016B","E01016990",749,419,123,296,6,117,65,52,192,185,7,15
"2011","Brighton and Hove 016C","E01016991",794,458,137,321,10,54,22,32,268,254,14,4
"2011","Brighton and Hove 016D","E01016996",703,466,162,304,2,27,10,17,202,190,12,6
"2011","Brighton and Hove 017A","E01017007",652,339,157,182,6,210,133,77,85,78,7,12
"2011","Brighton and Hove 017B","E01017008",694,606,323,283,1,16,9,7,60,54,6,11
"2011","Brighton and Hove 017C","E01017009",631,485,240,245,5,90,54,36,44,38,6,7
"2011","Brighton and Hove 017D","E01017010",695,590,335,255,7,35,12,23,61,56,5,2
"2011","Brighton and Hove 017E","E01017011",531,264,132,132,3,236,212,24,25,17,8,3
"2011","Brighton and Hove 017F","E01017012",721,561,268,293,8,77,54,23,68,57,11,7
"2011","Brighton and Hove 018A","E01016892",628,382,153,229,2,31,22,9,211,204,7,2
"2011","Brighton and Hove 018B","E01016893",773,523,189,334,3,9,7,2,232,216,16,6
"2011","Brighton and Hove 018C","E01016912",785,338,106,232,25,76,35,41,339,319,20,7
"2011","Brighton and Hove 018D","E01016913",612,334,147,187,6,26,14,12,241,230,11,5
"2011","Brighton and Hove 018E","E01016946",620,462,205,257,4,4,1,3,145,139,6,5
"2011","Brighton and Hove 019A","E01016860",795,286,101,185,8,66,34,32,429,407,22,6
"2011","Brighton and Hove 019B","E01016871",1059,351,163,188,1,95,78,17,594,578,16,18
"2011","Brighton and Hove 019C","E01016872",963,423,100,323,7,46,24,22,481,466,15,6
"2011","Brighton and Hove 019D","E01016873",1002,335,119,216,8,231,221,10,404,392,12,24
"2011","Brighton and Hove 019E","E01016878",876,509,225,284,18,54,20,34,290,281,9,5
"2011","Brighton and Hove 020A","E01016870",688,430,137,293,3,11,2,9,241,233,8,3
"2011","Brighton and Hove 020B","E01016874",1032,569,320,249,4,28,4,24,406,395,11,25
"2011","Brighton and Hove 020C","E01016875",600,402,143,259,1,14,3,11,182,173,9,1
"2011","Brighton and Hove 020D","E01016876",816,424,191,233,4,43,2,41,335,315,20,10
"2011","Brighton and Hove 020E","E01016877",919,467,230,237,29,55,4,51,347,331,16,21
"2011","Brighton and Hove 021A","E01016974",706,451,164,287,21,47,17,30,174,159,15,13
"2011","Brighton and Hove 021B","E01016975",592,319,96,223,10,171,127,44,84,79,5,8
"2011","Brighton and Hove 021C","E01016992",659,537,260,277,2,12,8,4,98,94,4,10
"2011","Brighton and Hove 021D","E01016994",730,433,149,284,2,49,31,18,242,226,16,4
"2011","Brighton and Hove 021E","E01016997",631,477,212,265,1,20,8,12,127,123,4,6
"2011","Brighton and Hove 022A","E01016889",761,348,120,228,2,69,12,57,333,321,12,9
"2011","Brighton and Hove 022B","E01016891",805,346,106,240,4,134,100,34,312,300,12,9
"2011","Brighton and Hove 022C","E01016894",709,322,118,204,6,140,22,118,237,220,17,4
"2011","Brighton and Hove 022D","E01016896",700,407,136,271,3,29,2,27,255,234,21,6
"2011","Brighton and Hove 022E","E01016897",761,462,151,311,4,67,41,26,219,210,9,9
"2011","Brighton and Hove 023A","E01016987",761,467,194,273,18,43,13,30,224,217,7,9
"2011","Brighton and Hove 023B","E01016989",744,440,210,230,2,68,31,37,217,208,9,17
"2011","Brighton and Hove 023C","E01016993",754,267,126,141,3,352,269,83,119,106,13,13
"2011","Brighton and Hove 023D","E01016995",648,506,235,271,0,10,6,4,120,108,12,12
"2011","Brighton and Hove 024A","E01016938",911,428,151,277,1,17,12,5,459,436,23,6
"2011","Brighton and Hove 024B","E01016950",1029,455,191,264,3,10,4,6,553,536,17,8
"2011","Brighton and Hove 024C","E01016951",883,287,102,185,3,147,20,127,430,412,18,16
"2011","Brighton and Hove 024D","E01016967",1109,408,125,283,6,50,17,33,638,617,21,7
"2011","Brighton and Hove 024E","E01016968",924,293,83,210,9,38,2,36,579,558,21,5
"2011","Brighton and Hove 025A","E01016864",584,241,157,84,1,287,251,36,39,34,5,16
"2011","Brighton and Hove 025B","E01016865",578,56,15,41,10,481,439,42,19,19,0,12
"2011","Brighton and Hove 025C","E01016866",542,125,53,72,3,379,355,24,28,25,3,7
"2011","Brighton and Hove 025D","E01016867",661,199,87,112,1,396,312,84,49,45,4,16
"2011","Brighton and Hove 025E","E01016868",707,94,35,59,1,565,316,249,33,30,3,14
"2011","Brighton and Hove 025F","E01016895",587,208,79,129,9,298,264,34,62,56,6,10
"2011","Brighton and Hove 026A","E01016849",893,365,136,229,3,28,1,27,484,471,13,13
"2011","Brighton and Hove 026B","E01016852",964,277,76,201,2,30,2,28,651,634,17,4
"2011","Brighton and Hove 026C","E01016853",1113,429,156,273,2,44,9,35,626,611,15,12
"2011","Brighton and Hove 026D","E01016855",1021,387,109,278,4,30,13,17,592,573,19,8
"2011","Brighton and Hove 026E","E01016856",981,413,224,189,3,37,14,23,522,508,14,6
"2011","Brighton and Hove 027A","E01016952",805,189,93,96,15,34,12,22,548,520,28,19
"2011","Brighton and Hove 027B","E01016953",866,407,190,217,1,23,8,15,426,400,26,9
"2011","Brighton and Hove 027C","E01016964",1015,219,76,143,4,283,174,109,486,460,26,23
"2011","Brighton and Hove 027E","E01016969",1037,341,168,173,6,180,57,123,491,463,28,19
"2011","Brighton and Hove 027F","E01033328",717,293,128,165,12,109,18,91,298,284,14,5
"2011","Brighton and Hove 027G","E01033329",798,263,74,189,108,131,36,95,283,264,19,13
"2011","Brighton and Hove 028A","E01016857",811,345,140,205,4,34,4,30,407,390,17,21
"2011","Brighton and Hove 028B","E01016858",878,322,119,203,1,7,3,4,541,516,25,7
"2011","Brighton and Hove 028C","E01016859",891,528,320,208,4,35,1,34,301,287,14,23
"2011","Brighton and Hove 028D","E01016986",841,439,247,192,21,64,10,54,305,289,16,12
"2011","Brighton and Hove 028E","E01016988",737,385,158,227,3,59,5,54,285,267,18,5
"2011","Brighton and Hove 029A","E01016850",912,339,117,222,3,47,2,45,504,477,27,19
"2011","Brighton and Hove 029B","E01016851",992,389,138,251,3,19,1,18,579,553,26,2
"2011","Brighton and Hove 029C","E01016854",1001,290,70,220,3,166,14,152,538,515,23,4
"2011","Brighton and Hove 029D","E01016954",1110,313,130,183,6,59,1,58,719,695,24,13
"2011","Brighton and Hove 029E","E01016955",1037,316,161,155,5,57,9,48,645,627,18,14
"2011","Brighton and Hove 030A","E01016941",1118,292,160,132,8,232,150,82,562,539,23,24
"2011","Brighton and Hove 030B","E01016945",981,260,82,178,1,49,11,38,657,627,30,14
"2011","Brighton and Hove 030C","E01016947",900,104,44,60,25,505,431,74,244,235,9,22
"2011","Brighton and Hove 030D","E01016948",780,376,139,237,1,172,121,51,224,213,11,7
"2011","Brighton and Hove 030E","E01016949",911,252,107,145,12,396,334,62,235,219,16,16
"2011","Brighton and Hove 031A","E01016861",907,434,176,258,2,47,17,30,414,395,19,10
"2011","Brighton and Hove 031B","E01016862",845,418,184,234,1,65,9,56,338,306,32,23
"2011","Brighton and Hove 031C","E01016942",1114,200,128,72,18,777,590,187,67,62,5,52
"2011","Brighton and Hove 031D","E01016943",696,378,141,237,4,42,28,14,268,249,19,4
"2011","Brighton and Hove 031E","E01016944",862,323,119,204,5,55,34,21,469,452,17,10
"2011","Brighton and Hove 032A","E01016863",928,286,111,175,4,377,299,78,234,217,17,27
"2011","Brighton and Hove 032B","E01016869",809,406,175,231,4,181,164,17,208,194,14,10
"2011","Brighton and Hove 032C","E01016957",889,458,264,194,6,13,9,4,398,376,22,14
"2011","Brighton and Hove 032D","E01016963",958,496,224,272,0,65,23,42,385,366,19,12
"2011","Brighton and Hove 033A","E01016956",717,623,344,279,3,14,9,5,73,67,6,4
"2011","Brighton and Hove 033B","E01016958",821,700,424,276,2,14,1,13,99,91,8,6
"2011","Brighton and Hove 033C","E01016959",619,552,314,238,3,9,3,6,51,47,4,4
"2011","Brighton and Hove 033D","E01016960",829,599,375,224,5,25,18,7,187,171,16,13
"2011","Brighton and Hove 033E","E01016961",792,570,272,298,56,52,6,46,103,94,9,11
"2011","Brighton and Hove 033F","E01016962",734,634,369,265,6,19,13,6,68,58,10,7
"2011","Isle of Wight 001A","E01017300",1200,746,486,260,2,67,5,62,350,333,17,35
"2011","Isle of Wight 001B","E01017303",550,385,162,223,1,14,1,13,145,137,8,5
"2011","Isle of Wight 001C","E01017305",652,360,157,203,2,70,3,67,216,201,15,4
"2011","Isle of Wight 001D","E01017306",553,358,118,240,2,92,8,84,95,84,11,6
"2011","Isle of Wight 001E","E01017309",714,464,174,290,6,50,3,47,185,166,19,9
"2011","Isle of Wight 002A","E01017301",488,439,286,153,0,3,0,3,42,36,6,4
"2011","Isle of Wight 002B","E01017302",671,558,269,289,8,30,1,29,68,59,9,7
"2011","Isle of Wight 002C","E01017304",560,416,179,237,0,67,5,62,71,66,5,6
"2011","Isle of Wight 002D","E01017316",819,662,438,224,1,27,3,24,116,102,14,13
"2011","Isle of Wight 002E","E01017329",978,837,509,328,2,54,2,52,72,56,16,13
"2011","Isle of Wight 003A","E01017307",902,719,446,273,10,29,0,29,136,122,14,8
"2011","Isle of Wight 003B","E01017308",739,466,223,243,3,138,14,124,128,120,8,4
"2011","Isle of Wight 003D","E01033229",647,536,349,187,5,29,3,26,77,70,7,0
"2011","Isle of Wight 003E","E01033237",559,210,99,111,18,281,28,253,44,39,5,6
"2011","Isle of Wight 004A","E01017335",765,415,207,208,1,70,5,65,271,263,8,8
"2011","Isle of Wight 004B","E01017336",847,320,160,160,1,48,5,43,460,443,17,18
"2011","Isle of Wight 004C","E01017337",797,405,209,196,0,30,3,27,347,330,17,15
"2011","Isle of Wight 004D","E01017346",740,410,202,208,1,54,5,49,269,262,7,6
"2011","Isle of Wight 005A","E01017286",694,580,403,177,1,27,1,26,80,71,9,6
"2011","Isle of Wight 005B","E01017287",746,663,361,302,3,6,2,4,67,58,9,7
"2011","Isle of Wight 005C","E01017367",861,750,515,235,4,4,1,3,93,82,11,10
"2011","Isle of Wight 005D","E01017368",717,462,271,191,49,95,4,91,103,84,19,8
"2011","Isle of Wight 006A","E01017282",590,430,199,231,1,73,8,65,83,78,5,3
"2011","Isle of Wight 006B","E01017283",667,536,293,243,1,30,4,26,92,83,9,8
"2011","Isle of Wight 006C","E01017338",625,488,315,173,3,35,4,31,92,80,12,7
"2011","Isle of Wight 006D","E01017341",660,404,220,184,9,169,17,152,70,59,11,8
"2011","Isle of Wight 006E","E01017342",726,499,261,238,4,84,8,76,135,126,9,4
"2011","Isle of Wight 007A","E01017339",671,495,231,264,2,46,11,35,125,115,10,3
"2011","Isle of Wight 007B","E01017340",799,455,189,266,1,97,13,84,235,211,24,11
"2011","Isle of Wight 007C","E01017343",575,331,185,146,1,141,23,118,95,87,8,7
"2011","Isle of Wight 007D","E01017344",729,596,388,208,5,22,1,21,103,98,5,3
"2011","Isle of Wight 007E","E01017345",836,313,145,168,10,333,28,305,168,156,12,12
"2011","Isle of Wight 008A","E01017310",520,459,277,182,4,11,2,9,43,36,7,3
"2011","Isle of Wight 008B","E01017311",713,477,251,226,3,81,11,70,148,135,13,4
"2011","Isle of Wight 008C","E01017331",671,377,209,168,2,205,22,183,76,70,6,11
"2011","Isle of Wight 008D","E01017332",535,250,114,136,1,232,30,202,43,36,7,9
"2011","Isle of Wight 008E","E01017334",478,359,156,203,1,63,5,58,50,38,12,5
"2011","Isle of Wight 009A","E01017295",539,340,151,189,2,93,13,80,103,92,11,1
"2011","Isle of Wight 009B","E01017325",612,339,155,184,3,147,19,128,118,108,10,5
"2011","Isle of Wight 009C","E01017326",843,327,171,156,2,169,30,139,338,309,29,7
"2011","Isle of Wight 009D","E01017328",667,317,145,172,2,86,6,80,257,243,14,5
"2011","Isle of Wight 009E","E01017333",659,506,186,320,4,37,5,32,111,94,17,1
"2011","Isle of Wight 010A","E01017284",783,657,458,199,2,10,0,10,101,84,17,13
"2011","Isle of Wight 010B","E01017285",920,722,548,174,2,87,4,83,88,78,10,21
"2011","Isle of Wight 010C","E01017288",590,455,284,171,3,27,0,27,91,80,11,14
"2011","Isle of Wight 010D","E01017351",679,531,375,156,6,23,3,20,99,91,8,20
"2011","Isle of Wight 010E","E01017352",577,534,389,145,0,4,0,4,34,30,4,5
"2011","Isle of Wight 011A","E01017292",665,492,255,237,10,47,5,42,108,99,9,8
"2011","Isle of Wight 011B","E01017293",771,654,292,362,4,26,8,18,83,77,6,4
"2011","Isle of Wight 011C","E01017296",527,439,257,182,1,21,3,18,54,49,5,12
"2011","Isle of Wight 011D","E01017321",494,414,246,168,2,32,4,28,44,42,2,2
"2011","Isle of Wight 011E","E01017322",609,271,119,152,3,227,26,201,99,85,14,9
"2011","Isle of Wight 011F","E01017327",684,492,259,233,7,69,10,59,108,98,10,8
"2011","Isle of Wight 012A","E01017312",767,487,328,159,4,111,13,98,154,142,12,11
"2011","Isle of Wight 012D","E01017315",685,431,295,136,3,186,10,176,55,49,6,10
"2011","Isle of Wight 012E","E01017354",590,409,290,119,2,65,3,62,110,100,10,4
"2011","Isle of Wight 012F","E01017361",637,523,377,146,2,32,2,30,70,58,12,10
"2011","Isle of Wight 012G","E01017362",661,449,280,169,2,64,3,61,139,126,13,7
"2011","Isle of Wight 012H","E01033239",1135,990,740,250,6,24,1,23,97,85,12,18
"2011","Isle of Wight 013A","E01017290",588,476,320,156,4,27,0,27,68,47,21,13
"2011","Isle of Wight 013B","E01017291",563,486,362,124,1,33,0,33,36,30,6,7
"2011","Isle of Wight 013C","E01017294",657,539,288,251,0,18,0,18,90,79,11,10
"2011","Isle of Wight 013D","E01017353",542,461,280,181,2,46,1,45,25,19,6,8
"2011","Isle of Wight 014A","E01017289",910,674,381,293,6,121,10,111,92,77,15,17
"2011","Isle of Wight 014B","E01017347",724,515,308,207,7,88,7,81,111,95,16,3
"2011","Isle of Wight 014C","E01017348",538,322,165,157,7,39,1,38,160,144,16,10
"2011","Isle of Wight 014D","E01017349",936,558,277,281,26,15,2,13,321,301,20,16
"2011","Isle of Wight 014E","E01017350",802,483,257,226,34,162,18,144,119,106,13,4
"2011","Isle of Wight 015A","E01017317",672,512,277,235,1,67,0,67,87,76,11,5
"2011","Isle of Wight 015B","E01017320",557,492,360,132,2,19,1,18,41,32,9,3
"2011","Isle of Wight 015C","E01017323",510,457,285,172,1,17,0,17,29,25,4,6
"2011","Isle of Wight 015D","E01017324",622,512,282,230,0,37,3,34,66,55,11,7
"2011","Isle of Wight 015E","E01017355",663,541,323,218,2,39,3,36,80,68,12,1
"2011","Isle of Wight 015F","E01017358",589,488,329,159,0,59,1,58,33,30,3,9
"2011","Isle of Wight 016A","E01017318",522,304,163,141,3,134,10,124,75,67,8,6
"2011","Isle of Wight 016B","E01017319",670,453,296,157,2,111,8,103,96,86,10,8
"2011","Isle of Wight 016C","E01017356",686,375,209,166,3,71,9,62,226,217,9,11
"2011","Isle of Wight 016D","E01017357",645,403,256,147,3,147,11,136,83,76,7,9
"2011","Isle of Wight 016E","E01017359",685,522,334,188,0,21,2,19,138,124,14,4
"2011","Isle of Wight 016F","E01017360",812,447,284,163,2,34,6,28,316,291,25,13
"2011","Isle of Wight 017A","E01017297",606,473,281,192,0,63,2,61,65,56,9,5
"2011","Isle of Wight 017B","E01017298",681,575,380,195,0,27,1,26,65,59,6,14
"2011","Isle of Wight 017C","E01017299",546,380,254,126,2,89,10,79,64,57,7,11
"2011","Isle of Wight 017D","E01017369",631,477,284,193,3,69,5,64,73,61,12,9
"2011","Isle of Wight 018A","E01017363",813,402,240,162,5,141,8,133,257,241,16,8
"2011","Isle of Wight 018B","E01017364",699,520,317,203,1,27,1,26,131,123,8,20
"2011","Isle of Wight 018C","E01017365",711,568,442,126,1,38,2,36,95,87,8,9
"2011","Isle of Wight 018D","E01017366",623,385,223,162,3,142,11,131,90,79,11,3
"2011","Isle of Wight 018E","E01017370",794,608,378,230,1,128,8,120,53,44,9,4
"2011","Medway 001A","E01016070",731,602,331,271,12,43,4,39,60,45,15,14
"2011","Medway 001B","E01016071",630,474,180,294,8,68,9,59,74,67,7,6
"2011","Medway 001C","E01016072",525,359,151,208,3,102,12,90,52,46,6,9
"2011","Medway 001D","E01016074",838,696,519,177,16,55,9,46,62,56,6,9
"2011","Medway 002A","E01016142",491,420,163,257,2,10,2,8,53,47,6,6
"2011","Medway 002B","E01016144",575,476,232,244,2,39,4,35,50,42,8,8
"2011","Medway 002C","E01016145",485,433,146,287,1,23,0,23,24,24,0,4
"2011","Medway 002D","E01016149",586,386,153,233,7,118,11,107,69,67,2,6
"2011","Medway 003A","E01016073",794,711,335,376,2,44,8,36,31,27,4,6
"2011","Medway 003B","E01016075",576,469,224,245,6,76,4,72,22,16,6,3
"2011","Medway 003C","E01016076",920,698,274,424,26,102,11,91,85,75,10,9
"2011","Medway 003D","E01016077",634,427,222,205,14,124,17,107,61,54,7,8
"2011","Medway 003E","E01016143",949,626,221,405,47,154,7,147,116,94,22,6
"2011","Medway 004A","E01016146",852,511,207,304,18,244,23,221,69,60,9,10
"2011","Medway 004B","E01016147",738,642,314,328,2,11,0,11,78,71,7,5
"2011","Medway 004C","E01016148",731,645,261,384,6,17,5,12,57,51,6,6
"2011","Medway 005A","E01016133",539,506,286,220,2,3,0,3,24,21,3,4
"2011","Medway 005B","E01016134",526,417,180,237,12,61,1,60,35,30,5,1
"2011","Medway 005C","E01016138",592,545,304,241,1,2,1,1,42,38,4,2
"2011","Medway 005D","E01016139",616,524,229,295,5,24,2,22,58,53,5,5
"2011","Medway 006A","E01016135",624,479,193,286,9,34,3,31,98,89,9,4
"2011","Medway 006B","E01016136",624,336,142,194,8,151,15,136,118,108,10,11
"2011","Medway 006C","E01016137",614,373,144,229,8,38,5,33,189,183,6,6
"2011","Medway 006D","E01016140",596,322,132,190,4,80,12,68,182,171,11,8
"2011","Medway 006E","E01016141",723,446,175,271,12,22,8,14,231,222,9,12
"2011","Medway 007A","E01016035",737,305,121,184,2,162,20,142,258,241,17,10
"2011","Medway 007D","E01016112",1162,783,200,583,31,65,4,61,279,267,12,4
"2011","Medway 007E","E01032798",1228,333,137,196,30,391,184,207,463,264,199,11
"2011","Medway 008A","E01016151",623,464,188,276,7,63,9,54,83,73,10,6
"2011","Medway 008B","E01016152",632,338,164,174,4,233,29,204,50,46,4,7
"2011","Medway 008C","E01016153",607,279,120,159,2,252,41,211,64,57,7,10
"2011","Medway 008D","E01016155",619,399,195,204,19,151,22,129,41,36,5,9
"2011","Medway 009A","E01016033",474,171,53,118,2,213,194,19,80,77,3,8
"2011","Medway 009B","E01016036",715,382,142,240,1,59,11,48,270,251,19,3
"2011","Medway 009C","E01016037",665,365,121,244,12,48,18,30,238,226,12,2
"2011","Medway 009D","E01016039",692,378,133,245,1,25,5,20,286,274,12,2
"2011","Medway 010A","E01016030",696,366,120,246,22,248,158,90,58,54,4,2
"2011","Medway 010B","E01016032",466,142,46,96,3,263,94,169,56,55,1,2
"2011","Medway 010C","E01016034",1035,669,224,445,70,49,11,38,240,223,17,7
"2011","Medway 010D","E01016038",586,378,140,238,0,59,28,31,145,135,10,4
"2011","Medway 011A","E01016150",607,356,110,246,9,166,27,139,71,64,7,5
"2011","Medway 011B","E01016154",648,454,183,271,7,45,5,40,134,130,4,8
"2011","Medway 011C","E01016156",659,495,131,364,16,61,4,57,85,80,5,2
"2011","Medway 011D","E01016157",778,534,196,338,40,98,15,83,96,91,5,10
"2011","Medway 011E","E01016158",880,644,231,413,15,150,13,137,64,56,8,7
"2011","Medway 012A","E01016031",859,251,75,176,15,255,203,52,324,314,10,14
"2011","Medway 012B","E01016041",714,368,138,230,17,54,9,45,267,250,17,8
"2011","Medway 012C","E01016045",630,375,142,233,1,19,3,16,226,215,11,9
"2011","Medway 012D","E01016049",876,348,145,203,3,182,114,68,329,310,19,14
"2011","Medway 013A","E01016040",681,411,178,233,14,51,6,45,197,185,12,8
"2011","Medway 013B","E01016042",570,345,112,233,2,28,20,8,188,183,5,7
"2011","Medway 013C","E01016043",561,428,177,251,2,66,60,6,61,56,5,4
"2011","Medway 013D","E01016177",625,437,166,271,3,53,41,12,129,122,7,3
"2011","Medway 013E","E01016178",555,429,182,247,1,10,1,9,108,90,18,7
"2011","Medway 014A","E01016117",867,259,84,175,1,319,30,289,274,264,10,14
"2011","Medway 014B","E01016129",948,404,141,263,9,247,29,218,270,255,15,18
"2011","Medway 014C","E01016130",920,437,203,234,2,122,10,112,327,304,23,32
"2011","Medway 014D","E01016131",783,458,168,290,4,134,1,133,154,134,20,33
"2011","Medway 015A","E01016016",650,310,118,192,9,175,27,148,149,135,14,7
"2011","Medway 015B","E01016017",750,248,105,143,7,214,32,182,267,253,14,14
"2011","Medway 015C","E01016019",657,317,103,214,5,59,11,48,270,254,16,6
"2011","Medway 015D","E01016110",955,267,123,144,6,195,18,177,471,444,27,16
"2011","Medway 015E","E01016111",568,137,90,47,2,220,27,193,198,113,85,11
"2011","Medway 016A","E01016044",673,403,141,262,1,11,9,2,252,235,17,6
"2011","Medway 016B","E01016046",632,370,146,224,1,17,2,15,239,231,8,5
"2011","Medway 016C","E01016047",649,385,134,251,3,16,6,10,242,231,11,3
"2011","Medway 016D","E01016048",683,413,164,249,1,3,1,2,259,244,15,7
"2011","Medway 017A","E01016113",598,476,222,254,4,35,4,31,80,72,8,3
"2011","Medway 017B","E01016114",656,374,129,245,4,116,18,98,157,147,10,5
"2011","Medway 017C","E01016115",765,431,197,234,60,198,15,183,71,69,2,5
"2011","Medway 017D","E01016118",752,505,196,309,1,21,4,17,210,196,14,15
"2011","Medway 018A","E01016160",612,331,150,181,1,217,176,41,45,43,2,18
"2011","Medway 018B","E01016161",743,298,125,173,3,370,303,67,57,45,12,15
"2011","Medway 018C","E01016162",648,538,247,291,1,28,21,7,76,66,10,5
"2011","Medway 018D","E01016163",505,368,146,222,1,103,82,21,28,23,5,5
"2011","Medway 018E","E01016164",646,386,170,216,5,185,160,25,51,49,2,19
"2011","Medway 018F","E01016165",520,425,196,229,1,44,42,2,43,40,3,7
"2011","Medway 019A","E01016159",512,236,74,162,2,226,198,28,40,37,3,8
"2011","Medway 019B","E01016174",514,374,158,216,1,12,5,7,125,122,3,2
"2011","Medway 019C","E01016175",707,612,294,318,2,26,6,20,65,60,5,2
"2011","Medway 019D","E01016179",505,456,204,252,0,18,9,9,27,24,3,4
"2011","Medway 020A","E01016061",694,371,119,252,5,31,5,26,280,263,17,7
"2011","Medway 020B","E01016063",741,277,107,170,5,205,25,180,235,226,9,19
"2011","Medway 020C","E01016064",701,341,136,205,17,168,20,148,167,161,6,8
"2011","Medway 020D","E01016069",764,312,107,205,7,70,11,59,373,356,17,2
"2011","Medway 021A","E01016020",506,285,134,151,4,90,11,79,125,120,5,2
"2011","Medway 021B","E01016021",595,365,168,197,3,23,5,18,199,192,7,5
"2011","Medway 021C","E01016022",507,280,116,164,3,54,9,45,160,148,12,10
"2011","Medway 021D","E01016125",646,474,184,290,5,11,5,6,151,141,10,5
"2011","Medway 022A","E01016018",754,404,133,271,13,47,9,38,287,278,9,3
"2011","Medway 022B","E01016023",603,208,76,132,3,301,61,240,82,78,4,9
"2011","Medway 022C","E01016024",768,419,145,274,1,34,6,28,309,296,13,5
"2011","Medway 022D","E01016062",594,352,134,218,13,119,17,102,105,99,6,5
"2011","Medway 023A","E01016093",665,619,366,253,0,4,1,3,31,26,5,11
"2011","Medway 023B","E01016096",633,563,343,220,2,11,10,1,52,48,4,5
"2011","Medway 023C","E01016166",580,499,243,256,3,38,36,2,35,34,1,5
"2011","Medway 023D","E01016167",576,457,228,229,3,73,69,4,39,36,3,4
"2011","Medway 024A","E01016116",757,442,189,253,6,237,26,211,61,48,13,11
"2011","Medway 024B","E01016127",705,480,224,256,4,91,7,84,125,112,13,5
"2011","Medway 024C","E01016128",545,388,196,192,11,91,14,77,45,42,3,10
"2011","Medway 024D","E01016132",640,551,248,303,7,13,0,13,64,58,6,5
"2011","Medway 025A","E01016094",616,507,240,267,3,24,3,21,77,71,6,5
"2011","Medway 025B","E01016095",523,435,156,279,2,30,21,9,53,49,4,3
"2011","Medway 025C","E01016097",637,420,189,231,3,96,88,8,111,108,3,7
"2011","Medway 025D","E01016098",682,328,172,156,0,115,73,42,228,213,15,11
"2011","Medway 025E","E01016102",620,314,169,145,0,205,91,114,96,91,5,5
"2011","Medway 026A","E01016119",532,458,252,206,5,30,4,26,33,29,4,6
"2011","Medway 026B","E01016120",596,357,180,177,5,165,26,139,58,46,12,11
"2011","Medway 026C","E01016124",673,530,263,267,4,34,3,31,98,90,8,7
"2011","Medway 026D","E01016126",613,535,224,311,2,27,5,22,46,43,3,3
"2011","Medway 027A","E01016025",629,353,161,192,1,219,47,172,49,46,3,7
"2011","Medway 027B","E01016065",635,486,222,264,1,85,5,80,57,51,6,6
"2011","Medway 027C","E01016066",608,363,162,201,14,162,21,141,65,62,3,4
"2011","Medway 027D","E01016067",651,424,162,262,5,144,24,120,68,60,8,10
"2011","Medway 027E","E01016068",667,295,99,196,5,287,30,257,67,63,4,13
"2011","Medway 028A","E01016026",506,421,116,305,18,22,5,17,41,35,6,4
"2011","Medway 028B","E01016027",572,530,261,269,1,6,1,5,30,27,3,5
"2011","Medway 028C","E01016028",598,497,273,224,2,48,6,42,46,41,5,5
"2011","Medway 028D","E01016029",535,363,140,223,12,77,6,71,82,77,5,1
"2011","Medway 029A","E01016087",694,575,292,283,2,5,3,2,108,96,12,4
"2011","Medway 029B","E01016088",597,461,232,229,0,89,81,8,40,37,3,7
"2011","Medway 029C","E01016089",667,520,250,270,1,74,70,4,66,59,7,6
"2011","Medway 029D","E01016090",609,552,290,262,2,4,3,1,43,40,3,8
"2011","Medway 030A","E01016085",646,601,362,239,0,1,0,1,34,32,2,10
"2011","Medway 030B","E01016086",499,472,246,226,7,5,3,2,13,11,2,2
"2011","Medway 030C","E01016091",614,551,323,228,0,40,37,3,19,16,3,4
"2011","Medway 030D","E01016176",575,527,222,305,1,4,2,2,42,37,5,1
"2011","Medway 031A","E01016058",622,513,213,300,2,24,1,23,76,72,4,7
"2011","Medway 031B","E01016059",532,289,72,217,7,165,15,150,65,54,11,6
"2011","Medway 031C","E01016079",488,396,116,280,8,44,15,29,38,34,4,2
"2011","Medway 031D","E01016083",570,254,92,162,3,256,36,220,46,44,2,11
"2011","Medway 031E","E01016084",513,296,82,214,9,162,27,135,41,38,3,5
"2011","Medway 032A","E01016101",565,474,164,310,2,7,1,6,77,73,4,5
"2011","Medway 032B","E01016103",575,505,197,308,5,3,1,2,56,54,2,6
"2011","Medway 032C","E01016104",566,502,164,338,1,2,0,2,61,55,6,0
"2011","Medway 032D","E01016107",602,523,186,337,0,4,1,3,74,64,10,1
"2011","Medway 033A","E01016121",640,563,320,243,2,16,0,16,53,49,4,6
"2011","Medway 033B","E01016122",617,557,303,254,2,7,0,7,48,44,4,3
"2011","Medway 033C","E01016123",635,498,249,249,4,55,5,50,78,66,12,0
"2011","Medway 033D","E01016173",648,414,179,235,3,165,31,134,57,51,6,9
"2011","Medway 034A","E01016078",658,479,63,416,10,9,0,9,157,144,13,3
"2011","Medway 034B","E01016080",620,462,126,336,19,62,9,53,75,68,7,2
"2011","Medway 034C","E01016081",567,478,101,377,10,10,3,7,68,59,9,1
"2011","Medway 034D","E01016082",580,508,169,339,2,4,1,3,64,56,8,2
"2011","Medway 035A","E01016050",666,610,288,322,2,5,1,4,48,41,7,1
"2011","Medway 035B","E01016051",592,539,219,320,0,1,0,1,51,48,3,1
"2011","Medway 035C","E01016052",648,611,324,287,0,5,3,2,25,24,1,7
"2011","Medway 035D","E01016053",637,577,366,211,2,8,1,7,47,44,3,3
"2011","Medway 035E","E01016054",596,539,260,279,1,2,0,2,50,44,6,4
"2011","Medway 036A","E01016092",630,567,272,295,3,3,1,2,52,47,5,5
"2011","Medway 036B","E01016099",621,507,178,329,3,11,4,7,95,86,9,5
"2011","Medway 036C","E01016100",657,457,199,258,1,110,108,2,75,66,9,14
"2011","Medway 036D","E01016105",592,515,279,236,1,7,2,5,64,57,7,5
"2011","Medway 036E","E01016106",591,483,225,258,5,30,2,28,70,62,8,3
"2011","Medway 037A","E01016168",658,445,220,225,2,159,46,113,44,37,7,8
"2011","Medway 037B","E01016169",638,564,234,330,3,14,2,12,53,49,4,4
"2011","Medway 037C","E01016171",638,372,151,221,3,211,35,176,47,42,5,5
"2011","Medway 037D","E01016172",587,524,257,267,16,5,1,4,37,35,2,5
"2011","Medway 038A","E01016055",651,465,190,275,9,110,12,98,60,55,5,7
"2011","Medway 038B","E01016056",630,435,148,287,21,54,7,47,117,109,8,3
"2011","Medway 038C","E01016057",642,514,159,355,14,38,9,29,73,66,7,3
"2011","Medway 038D","E01016060",628,589,288,301,3,5,1,4,31,26,5,0
"2011","Medway 038E","E01016170",634,499,174,325,4,19,1,18,108,100,8,4
"2011","Milton Keynes 001A","E01016796",657,485,268,217,1,18,17,1,146,136,10,7
"2011","Milton Keynes 001B","E01016797",810,553,284,269,3,58,35,23,188,178,10,8
"2011","Milton Keynes 001C","E01016798",731,614,241,373,0,10,7,3,106,101,5,1
"2011","Milton Keynes 001D","E01016799",778,532,230,302,10,117,101,16,107,99,8,12
"2011","Milton Keynes 001E","E01016800",694,528,242,286,0,50,32,18,103,97,6,13
"2011","Milton Keynes 002A","E01016759",582,369,165,204,30,128,88,40,54,45,9,1
"2011","Milton Keynes 002B","E01016760",975,729,259,470,24,137,28,109,75,67,8,10
"2011","Milton Keynes 002C","E01016761",568,494,245,249,1,2,0,2,65,60,5,6
"2011","Milton Keynes 002D","E01016801",565,401,211,190,5,91,66,25,55,46,9,13
"2011","Milton Keynes 002E","E01016802",569,447,230,217,0,46,41,5,62,56,6,14
"2011","Milton Keynes 002F","E01016803",547,396,186,210,3,49,36,13,89,79,10,10
"2011","Milton Keynes 003A","E01016786",625,536,288,248,2,14,7,7,66,52,14,7
"2011","Milton Keynes 003B","E01016787",660,406,173,233,2,169,165,4,76,65,11,7
"2011","Milton Keynes 003C","E01016788",611,533,227,306,2,6,3,3,69,63,6,1
"2011","Milton Keynes 003D","E01016789",502,361,96,265,17,31,1,30,91,87,4,2
"2011","Milton Keynes 003E","E01016790",527,483,263,220,2,11,7,4,30,26,4,1
"2011","Milton Keynes 004A","E01016791",595,506,255,251,3,20,17,3,62,55,7,4
"2011","Milton Keynes 004B","E01016792",525,440,142,298,5,6,5,1,71,66,5,3
"2011","Milton Keynes 004C","E01016793",792,551,215,336,44,77,62,15,116,107,9,4
"2011","Milton Keynes 004D","E01016794",691,486,220,266,2,17,5,12,175,161,14,11
"2011","Milton Keynes 004E","E01016795",686,475,151,324,6,50,37,13,152,136,16,3
"2011","Milton Keynes 005A","E01016762",517,340,139,201,10,105,94,11,58,52,6,4
"2011","Milton Keynes 005B","E01016764",604,400,188,212,78,51,21,30,69,63,6,6
"2011","Milton Keynes 005C","E01016766",536,322,111,211,27,128,107,21,54,53,1,5
"2011","Milton Keynes 005D","E01016767",521,435,179,256,33,10,6,4,40,39,1,3
"2011","Milton Keynes 005E","E01016771",491,294,114,180,7,101,87,14,86,81,5,3
"2011","Milton Keynes 006A","E01016806",697,233,72,161,82,281,213,68,92,90,2,9
"2011","Milton Keynes 006B","E01016807",678,464,197,267,11,106,90,16,88,80,8,9
"2011","Milton Keynes 006C","E01016809",517,370,149,221,0,54,50,4,90,86,4,3
"2011","Milton Keynes 006D","E01016835",677,273,104,169,6,291,211,80,96,90,6,11
"2011","Milton Keynes 007A","E01016763",632,375,168,207,115,66,60,6,71,63,8,5
"2011","Milton Keynes 007B","E01016769",581,419,156,263,62,23,21,2,73,67,6,4
"2011","Milton Keynes 007C","E01016770",675,381,124,257,114,69,46,23,104,96,8,7
"2011","Milton Keynes 007D","E01016773",797,528,227,301,98,95,19,76,70,66,4,6
"2011","Milton Keynes 008A","E01016836",619,449,171,278,5,29,23,6,132,122,10,4
"2011","Milton Keynes 008B","E01016837",698,453,141,312,2,51,39,12,185,173,12,7
"2011","Milton Keynes 008C","E01016838",604,412,167,245,3,115,113,2,66,51,15,8
"2011","Milton Keynes 008D","E01016841",984,468,135,333,46,180,124,56,275,253,22,15
"2011","Milton Keynes 009A","E01016721",619,290,113,177,9,137,77,60,178,165,13,5
"2011","Milton Keynes 009B","E01016765",651,359,156,203,5,217,137,80,64,56,8,6
"2011","Milton Keynes 009C","E01016772",501,258,87,171,4,149,98,51,83,73,10,7
"2011","Milton Keynes 009D","E01016804",719,284,78,206,1,261,142,119,168,158,10,5
"2011","Milton Keynes 010A","E01016812",642,510,257,253,1,43,38,5,85,70,15,3
"2011","Milton Keynes 010B","E01016817",657,440,207,233,13,107,98,9,90,83,7,7
"2011","Milton Keynes 010C","E01016818",840,532,282,250,7,93,84,9,193,182,11,15
"2011","Milton Keynes 010D","E01016840",1052,719,281,438,71,68,13,55,187,147,40,7
"2011","Milton Keynes 011A","E01016719",646,427,168,259,44,79,74,5,86,74,12,10
"2011","Milton Keynes 011B","E01016722",621,439,150,289,49,58,47,11,71,68,3,4
"2011","Milton Keynes 011C","E01016805",606,473,216,257,15,7,4,3,107,100,7,4
"2011","Milton Keynes 011D","E01016808",533,412,168,244,32,15,15,0,72,68,4,2
"2011","Milton Keynes 012A","E01016810",580,195,66,129,16,276,147,129,78,65,13,15
"2011","Milton Keynes 012B","E01016811",490,145,44,101,3,271,260,11,65,64,1,6
"2011","Milton Keynes 012C","E01016819",451,173,50,123,4,216,203,13,54,50,4,4
"2011","Milton Keynes 012D","E01016839",613,234,54,180,25,264,217,47,80,72,8,10
"2011","Milton Keynes 013A","E01016717",632,357,119,238,41,116,80,36,111,92,19,7
"2011","Milton Keynes 013B","E01016720",650,195,61,134,15,341,195,146,94,84,10,5
"2011","Milton Keynes 013C","E01016723",618,431,169,262,55,37,9,28,92,83,9,3
"2011","Milton Keynes 013D","E01016724",643,243,82,161,50,170,119,51,176,166,10,4
"2011","Milton Keynes 014A","E01016718",610,138,30,108,7,260,187,73,201,191,10,4
"2011","Milton Keynes 014B","E01016729",784,208,55,153,49,256,181,75,254,248,6,17
"2011","Milton Keynes 014D","E01016768",869,323,109,214,71,176,116,60,292,276,16,7
"2011","Milton Keynes 014E","E01033499",757,144,57,87,18,228,146,82,352,335,17,15
"2011","Milton Keynes 014F","E01033500",795,115,35,80,149,66,7,59,461,445,16,4
"2011","Milton Keynes 015A","E01016776",539,396,149,247,67,5,5,0,70,64,6,1
"2011","Milton Keynes 015B","E01016813",664,268,71,197,72,6,3,3,316,297,19,2
"2011","Milton Keynes 015C","E01016815",531,245,78,167,154,43,33,10,86,76,10,3
"2011","Milton Keynes 015D","E01016816",601,484,229,255,43,12,9,3,59,53,6,3
"2011","Milton Keynes 016A","E01016731",644,402,165,237,17,121,103,18,97,91,6,7
"2011","Milton Keynes 016B","E01016732",522,385,151,234,8,52,34,18,72,68,4,5
"2011","Milton Keynes 016D","E01016784",665,316,168,148,36,157,46,111,152,143,9,4
"2011","Milton Keynes 016E","E01033501",704,309,39,270,84,134,11,123,173,167,6,4
"2011","Milton Keynes 016F","E01033506",703,464,110,354,27,97,5,92,114,111,3,1
"2011","Milton Keynes 017A","E01016783",744,328,69,259,146,96,7,89,173,161,12,1
"2011","Milton Keynes 017C","E01016820",629,368,136,232,10,134,5,129,112,106,6,5
"2011","Milton Keynes 017D","E01016821",489,281,68,213,71,42,0,42,94,88,6,1
"2011","Milton Keynes 017E","E01016823",788,270,62,208,131,19,0,19,367,354,13,1
"2011","Milton Keynes 017F","E01033503",588,413,123,290,41,41,9,32,90,86,4,3
"2011","Milton Keynes 017G","E01033508",627,378,45,333,92,81,1,80,73,69,4,3
"2011","Milton Keynes 017H","E01033509",602,272,18,254,62,129,7,122,135,129,6,4
"2011","Milton Keynes 017I","E01033511",595,190,19,171,107,88,4,84,208,202,6,2
"2011","Milton Keynes 017J","E01033512",606,430,132,298,49,51,2,49,75,73,2,1
"2011","Milton Keynes 018A","E01016726",581,149,41,108,13,254,154,100,162,159,3,3
"2011","Milton Keynes 018B","E01016733",589,166,46,120,35,219,161,58,166,161,5,3
"2011","Milton Keynes 018C","E01016845",709,124,35,89,15,425,346,79,127,118,9,18
"2011","Milton Keynes 018D","E01016846",626,339,128,211,2,123,100,23,159,148,11,3
"2011","Milton Keynes 018E","E01016848",575,270,80,190,19,170,112,58,109,95,14,7
"2011","Milton Keynes 019B","E01016780",651,395,102,293,93,29,18,11,128,119,9,6
"2011","Milton Keynes 019C","E01016781",553,438,155,283,20,56,7,49,36,36,0,3
"2011","Milton Keynes 019D","E01016814",738,605,366,239,5,55,45,10,64,53,11,9
"2011","Milton Keynes 019E","E01033505",514,359,39,320,45,27,4,23,81,75,6,2
"2011","Milton Keynes 019F","E01033522",548,242,33,209,148,75,3,72,80,76,4,3
"2011","Milton Keynes 019G","E01033523",528,238,20,218,112,68,4,64,108,103,5,2
"2011","Milton Keynes 019H","E01033525",582,329,45,284,16,138,12,126,94,92,2,5
"2011","Milton Keynes 020A","E01016774",675,474,180,294,22,86,18,68,91,88,3,2
"2011","Milton Keynes 020B","E01016775",685,376,147,229,63,99,20,79,145,143,2,2
"2011","Milton Keynes 020C","E01016777",641,333,100,233,134,67,44,23,104,94,10,3
"2011","Milton Keynes 020D","E01016778",683,328,77,251,129,87,32,55,133,127,6,6
"2011","Milton Keynes 021A","E01016725",574,150,39,111,42,192,76,116,185,179,6,5
"2011","Milton Keynes 021B","E01016727",653,287,96,191,42,182,50,132,138,133,5,4
"2011","Milton Keynes 021C","E01016728",707,287,62,225,38,62,10,52,314,304,10,6
"2011","Milton Keynes 021D","E01016847",844,190,54,136,129,432,220,212,79,69,10,14
"2011","Milton Keynes 022A","E01016822",662,236,61,175,41,231,4,227,152,150,2,2
"2011","Milton Keynes 022B","E01016824",658,307,92,215,115,154,3,151,78,77,1,4
"2011","Milton Keynes 022C","E01016825",635,250,64,186,148,85,2,83,150,143,7,2
"2011","Milton Keynes 022D","E01016827",715,381,68,313,53,109,3,106,166,157,9,6
"2011","Milton Keynes 022E","E01016828",732,476,169,307,120,28,1,27,105,102,3,3
"2011","Milton Keynes 023B","E01016842",601,97,33,64,4,432,364,68,63,57,6,5
"2011","Milton Keynes 023C","E01016843",528,138,54,84,3,286,247,39,97,90,7,4
"2011","Milton Keynes 023D","E01016844",636,178,67,111,30,365,297,68,51,46,5,12
"2011","Milton Keynes 023E","E01033497",592,316,160,156,9,142,76,66,119,111,8,6
"2011","Milton Keynes 023F","E01033498",643,245,87,158,33,279,208,71,80,78,2,6
"2011","Milton Keynes 024A","E01016734",517,390,217,173,1,60,44,16,60,50,10,6
"2011","Milton Keynes 024B","E01016735",869,590,262,328,45,59,45,14,172,162,10,3
"2011","Milton Keynes 024C","E01016736",591,459,257,202,2,50,48,2,70,65,5,10
"2011","Milton Keynes 024D","E01016826",531,446,105,341,23,11,6,5,50,46,4,1
"2011","Milton Keynes 025B","E01016752",609,361,89,272,26,132,3,129,85,79,6,5
"2011","Milton Keynes 025C","E01016753",881,418,81,337,61,205,7,198,195,191,4,2
"2011","Milton Keynes 025D","E01016755",719,392,96,296,86,94,11,83,143,131,12,4
"2011","Milton Keynes 025E","E01033514",511,318,32,286,52,68,33,35,72,65,7,1
"2011","Milton Keynes 025F","E01033515",620,445,82,363,20,87,8,79,61,60,1,7
"2011","Milton Keynes 025G","E01033517",548,410,47,363,35,14,6,8,88,81,7,1
"2011","Milton Keynes 026A","E01016754",728,328,137,191,160,110,40,70,125,117,8,5
"2011","Milton Keynes 026B","E01016756",933,334,71,263,142,330,43,287,117,109,8,10
"2011","Milton Keynes 026C","E01016757",593,438,147,291,26,40,30,10,86,79,7,3
"2011","Milton Keynes 026D","E01016758",660,412,129,283,46,74,4,70,127,119,8,1
"2011","Milton Keynes 027A","E01016737",615,457,190,267,17,88,81,7,48,46,2,5
"2011","Milton Keynes 027B","E01016738",763,346,141,205,19,319,254,65,66,60,6,13
"2011","Milton Keynes 027C","E01016739",594,453,189,264,8,33,32,1,98,93,5,2
"2011","Milton Keynes 027D","E01016740",559,471,243,228,5,16,13,3,59,53,6,8
"2011","Milton Keynes 027E","E01016741",712,340,145,195,0,293,289,4,73,65,8,6
"2011","Milton Keynes 028A","E01016748",815,490,128,362,80,81,4,77,164,152,12,0
"2011","Milton Keynes 028C","E01016750",634,436,127,309,57,49,39,10,90,89,1,2
"2011","Milton Keynes 028D","E01016751",629,385,102,283,84,70,0,70,85,78,7,5
"2011","Milton Keynes 028E","E01033519",701,376,64,312,149,69,7,62,107,98,9,0
"2011","Milton Keynes 028F","E01033520",631,462,93,369,47,38,2,36,81,79,2,3
"2011","Milton Keynes 029A","E01016829",664,368,181,187,12,202,192,10,70,63,7,12
"2011","Milton Keynes 029B","E01016831",611,478,213,265,3,46,35,11,80,75,5,4
"2011","Milton Keynes 029C","E01016832",498,373,171,202,4,73,70,3,44,39,5,4
"2011","Milton Keynes 029D","E01016833",506,438,235,203,13,29,27,2,23,20,3,3
"2011","Milton Keynes 029E","E01016834",651,354,158,196,3,221,217,4,66,62,4,7
"2011","Milton Keynes 030A","E01016710",743,455,231,224,2,215,214,1,52,48,4,19
"2011","Milton Keynes 030B","E01016714",750,445,244,201,32,65,27,38,201,193,8,7
"2011","Milton Keynes 030C","E01016716",772,513,253,260,17,113,91,22,124,114,10,5
"2011","Milton Keynes 030D","E01016745",616,523,248,275,3,21,19,2,66,61,5,3
"2011","Milton Keynes 031A","E01016711",955,721,348,373,43,61,12,49,124,114,10,6
"2011","Milton Keynes 031B","E01016713",714,575,295,280,5,24,14,10,100,95,5,10
"2011","Milton Keynes 031C","E01016715",640,402,173,229,6,167,161,6,57,53,4,8
"2011","Milton Keynes 031D","E01016830",515,330,92,238,92,8,4,4,80,74,6,5
"2011","Milton Keynes 032A","E01016742",577,154,42,112,1,366,359,7,53,51,2,3
"2011","Milton Keynes 032B","E01016743",787,305,73,232,40,309,226,83,125,118,7,8
"2011","Milton Keynes 032C","E01016744",545,222,75,147,6,240,230,10,69,66,3,8
"2011","Milton Keynes 032D","E01016746",681,413,192,221,2,175,151,24,79,74,5,12
"2011","Portsmouth 001A","E01017112",664,299,104,195,10,304,277,27,41,38,3,10
"2011","Portsmouth 001B","E01017115",485,274,99,175,17,156,139,17,32,25,7,6
"2011","Portsmouth 001C","E01017117",600,321,118,203,3,202,147,55,65,58,7,9
"2011","Portsmouth 001D","E01017119",648,363,133,230,1,231,197,34,49,43,6,4
"2011","Portsmouth 001E","E01017120",679,257,100,157,5,366,321,45,40,38,2,11
"2011","Portsmouth 002A","E01017051",789,302,141,161,2,287,194,93,187,161,26,11
"2011","Portsmouth 002B","E01017052",572,327,139,188,1,189,153,36,49,40,9,6
"2011","Portsmouth 002C","E01017053",535,204,88,116,0,279,250,29,37,35,2,15
"2011","Portsmouth 002D","E01017118",563,230,89,141,0,270,179,91,56,49,7,7
"2011","Portsmouth 003A","E01017050",690,533,326,207,17,72,19,53,60,39,21,8
"2011","Portsmouth 003B","E01017061",664,599,369,230,3,4,2,2,50,46,4,8
"2011","Portsmouth 003C","E01017063",626,596,339,257,0,4,0,4,22,20,2,4
"2011","Portsmouth 003D","E01017064",707,598,371,227,2,22,8,14,81,73,8,4
"2011","Portsmouth 004A","E01017054",624,407,169,238,2,127,110,17,77,67,10,11
"2011","Portsmouth 004B","E01017113",621,477,221,256,4,56,21,35,81,69,12,3
"2011","Portsmouth 004C","E01017114",702,500,258,242,0,20,9,11,173,156,17,9
"2011","Portsmouth 004D","E01017116",624,255,113,142,0,240,149,91,118,52,66,11
"2011","Portsmouth 006A","E01017055",676,528,280,248,0,61,8,53,82,75,7,5
"2011","Portsmouth 006B","E01017056",497,434,186,248,0,8,5,3,49,44,5,6
"2011","Portsmouth 006C","E01017057",570,509,224,285,3,7,4,3,48,42,6,3
"2011","Portsmouth 006D","E01017058",651,417,163,254,2,176,152,24,47,40,7,9
"2011","Portsmouth 006E","E01017060",633,560,272,288,2,10,8,2,58,52,6,3
"2011","Portsmouth 007A","E01017086",500,455,203,252,0,8,2,6,33,26,7,4
"2011","Portsmouth 007B","E01017089",629,306,109,197,11,200,92,108,106,56,50,6
"2011","Portsmouth 007C","E01017090",607,383,172,211,2,107,28,79,108,93,15,7
"2011","Portsmouth 007D","E01017091",723,231,98,133,0,326,139,187,157,62,95,9
"2011","Portsmouth 007E","E01017092",642,468,242,226,11,31,22,9,126,112,14,6
"2011","Portsmouth 008A","E01017014",634,521,203,318,2,9,2,7,96,84,12,6
"2011","Portsmouth 008B","E01017046",780,625,267,358,4,8,4,4,137,127,10,6
"2011","Portsmouth 008C","E01017047",636,534,225,309,2,6,1,5,90,78,12,4
"2011","Portsmouth 008D","E01017048",593,509,216,293,1,7,1,6,70,61,9,6
"2011","Portsmouth 008E","E01017085",671,510,276,234,2,67,2,65,87,83,4,5
"2011","Portsmouth 009A","E01017084",565,411,167,244,3,11,2,9,133,124,9,7
"2011","Portsmouth 009B","E01017087",596,405,126,279,0,19,14,5,168,152,16,4
"2011","Portsmouth 009C","E01017088",687,477,201,276,1,48,3,45,155,143,12,6
"2011","Portsmouth 009D","E01017105",639,391,133,258,1,97,13,84,145,132,13,5
"2011","Portsmouth 009E","E01017107",662,410,139,271,4,23,5,18,218,207,11,7
"2011","Portsmouth 010A","E01017104",473,327,125,202,2,44,35,9,90,79,11,10
"2011","Portsmouth 010B","E01017106",627,378,125,253,3,122,68,54,117,103,14,7
"2011","Portsmouth 010C","E01017108",709,397,149,248,5,128,99,29,172,161,11,7
"2011","Portsmouth 010D","E01017109",599,332,130,202,6,103,73,30,151,141,10,7
"2011","Portsmouth 011A","E01017041",517,425,167,258,3,6,1,5,78,67,11,5
"2011","Portsmouth 011B","E01017043",524,400,146,254,1,9,3,6,109,98,11,5
"2011","Portsmouth 011C","E01017044",617,432,148,284,3,18,9,9,159,150,9,5
"2011","Portsmouth 011D","E01017049",594,522,255,267,3,8,6,2,57,51,6,4
"2011","Portsmouth 011E","E01017110",605,404,139,265,3,21,5,16,174,164,10,3
"2011","Portsmouth 011F","E01017111",612,348,114,234,7,45,28,17,198,182,16,14
"2011","Portsmouth 012A","E01017013",649,462,171,291,1,26,6,20,155,140,15,5
"2011","Portsmouth 012B","E01017042",528,376,134,242,8,54,3,51,88,82,6,2
"2011","Portsmouth 012C","E01017045",510,376,118,258,6,19,2,17,103,91,12,6
"2011","Portsmouth 012D","E01017075",672,364,130,234,13,48,8,40,241,222,19,6
"2011","Portsmouth 012E","E01017082",728,394,110,284,3,39,5,34,288,271,17,4
"2011","Portsmouth 012F","E01017083",723,491,135,356,2,26,13,13,200,186,14,4
"2011","Portsmouth 013A","E01017036",593,184,72,112,20,306,263,43,70,68,2,13
"2011","Portsmouth 013B","E01017037",649,62,26,36,3,543,511,32,28,24,4,13
"2011","Portsmouth 013C","E01017038",820,93,25,68,5,628,534,94,73,68,5,21
"2011","Portsmouth 013D","E01017102",713,229,83,146,12,340,238,102,121,111,10,11
"2011","Portsmouth 013E","E01017103",502,89,35,54,0,362,345,17,39,37,2,12
"2011","Portsmouth 014A","E01017015",627,455,215,240,2,88,81,7,79,69,10,3
"2011","Portsmouth 014B","E01017016",634,480,202,278,1,15,1,14,133,113,20,5
"2011","Portsmouth 014C","E01017017",602,528,244,284,2,17,2,15,53,46,7,2
"2011","Portsmouth 014D","E01017018",620,540,264,276,2,26,11,15,49,45,4,3
"2011","Portsmouth 014E","E01017019",746,451,154,297,55,122,25,97,108,93,15,10
"2011","Portsmouth 014F","E01017020",953,585,248,337,14,225,125,100,116,103,13,13
"2011","Portsmouth 015A","E01017076",742,469,149,320,2,48,32,16,219,190,29,4
"2011","Portsmouth 015B","E01017077",886,276,88,188,21,309,172,137,252,240,12,28
"2011","Portsmouth 015C","E01017078",638,402,137,265,5,26,6,20,197,178,19,8
"2011","Portsmouth 015D","E01017079",627,361,120,241,6,62,22,40,195,183,12,3
"2011","Portsmouth 015E","E01017080",827,345,132,213,7,136,40,96,332,303,29,7
"2011","Portsmouth 015F","E01017081",666,415,126,289,7,36,13,23,203,189,14,5
"2011","Portsmouth 016A","E01017031",970,127,49,78,40,673,312,361,111,102,9,19
"2011","Portsmouth 016B","E01017032",612,54,24,30,2,416,254,162,132,120,12,8
"2011","Portsmouth 016D","E01017034",582,40,20,20,9,422,335,87,95,88,7,16
"2011","Portsmouth 016E","E01017039",746,182,80,102,24,411,291,120,116,102,14,13
"2011","Portsmouth 016F","E01017040",644,43,17,26,4,542,401,141,39,34,5,16
"2011","Portsmouth 016G","E01033381",724,177,58,119,65,220,127,93,247,232,15,15
"2011","Portsmouth 016H","E01033383",594,129,51,78,3,369,304,65,81,74,7,12
"2011","Portsmouth 017A","E01017021",637,495,298,197,16,74,15,59,43,37,6,9
"2011","Portsmouth 017B","E01017093",495,323,159,164,1,102,94,8,57,50,7,12
"2011","Portsmouth 017C","E01017096",670,498,240,258,8,38,4,34,118,102,16,8
"2011","Portsmouth 017D","E01017099",706,416,164,252,7,127,45,82,144,132,12,12
"2011","Portsmouth 017E","E01017100",521,439,179,260,3,11,9,2,67,55,12,1
"2011","Portsmouth 017F","E01017101",656,467,192,275,0,32,6,26,154,141,13,3
"2011","Portsmouth 018A","E01017035",765,50,31,19,18,631,568,63,32,27,5,34
"2011","Portsmouth 018B","E01017128",653,202,91,111,4,45,13,32,396,381,15,6
"2011","Portsmouth 018C","E01017129",664,199,76,123,7,79,19,60,371,361,10,8
"2011","Portsmouth 018D","E01017130",777,74,39,35,4,593,546,47,88,83,5,18
"2011","Portsmouth 018E","E01017132",925,130,53,77,3,620,482,138,159,145,14,13
"2011","Portsmouth 018F","E01017133",847,301,203,98,3,257,192,65,272,259,13,14
"2011","Portsmouth 019A","E01017023",669,420,192,228,1,13,5,8,228,208,20,7
"2011","Portsmouth 019B","E01017025",818,405,171,234,3,23,15,8,381,357,24,6
"2011","Portsmouth 019C","E01017026",771,399,183,216,9,107,7,100,249,241,8,7
"2011","Portsmouth 019D","E01017029",706,424,177,247,3,35,4,31,239,220,19,5
"2011","Portsmouth 019E","E01017030",705,347,162,185,3,18,7,11,330,305,25,7
"2011","Portsmouth 020A","E01017022",661,274,129,145,5,79,12,67,299,267,32,4
"2011","Portsmouth 020B","E01017024",725,348,137,211,6,24,11,13,345,327,18,2
"2011","Portsmouth 020C","E01017027",626,294,130,164,5,29,15,14,293,275,18,5
"2011","Portsmouth 020D","E01017028",690,263,125,138,2,27,5,22,393,368,25,5
"2011","Portsmouth 020E","E01017124",801,386,160,226,2,60,29,31,338,321,17,15
"2011","Portsmouth 021A","E01017094",611,461,188,273,4,19,10,9,123,112,11,4
"2011","Portsmouth 021B","E01017095",869,544,220,324,6,63,12,51,250,232,18,6
"2011","Portsmouth 021C","E01017097",725,448,175,273,9,26,5,21,239,217,22,3
"2011","Portsmouth 021D","E01017098",646,312,121,191,3,103,35,68,221,207,14,7
"2011","Portsmouth 022A","E01017122",854,325,138,187,7,70,20,50,449,429,20,3
"2011","Portsmouth 022B","E01017125",866,390,208,182,1,227,12,215,229,214,15,19
"2011","Portsmouth 022C","E01017127",999,315,127,188,11,73,3,70,588,568,20,12
"2011","Portsmouth 022D","E01017135",836,310,154,156,6,158,66,92,346,318,28,16
"2011","Portsmouth 023A","E01017067",653,443,241,202,10,78,27,51,118,92,26,4
"2011","Portsmouth 023B","E01017068",908,605,284,321,4,21,9,12,271,255,16,7
"2011","Portsmouth 023C","E01017069",745,508,223,285,0,16,11,5,208,201,7,13
"2011","Portsmouth 023D","E01017070",726,406,206,200,1,66,7,59,240,231,9,13
"2011","Portsmouth 023E","E01017074",793,295,148,147,11,15,3,12,466,343,123,6
"2011","Portsmouth 024A","E01017073",953,357,188,169,10,116,37,79,457,431,26,13
"2011","Portsmouth 024B","E01017123",1129,501,242,259,4,31,1,30,579,548,31,14
"2011","Portsmouth 024C","E01017131",735,317,224,93,6,95,41,54,304,218,86,13
"2011","Portsmouth 024E","E01033380",850,331,187,144,62,25,4,21,413,395,18,19
"2011","Portsmouth 024F","E01033384",803,502,308,194,1,57,3,54,228,203,25,15
"2011","Portsmouth 025A","E01017071",656,303,118,185,3,29,2,27,309,300,9,12
"2011","Portsmouth 025B","E01017072",627,416,218,198,2,17,13,4,189,182,7,3
"2011","Portsmouth 025C","E01017121",763,383,197,186,3,21,3,18,344,327,17,12
"2011","Portsmouth 025D","E01017126",820,394,161,233,39,22,2,20,362,324,38,3
"2011","Portsmouth 026A","E01017059",648,553,315,238,1,29,27,2,60,47,13,5
"2011","Portsmouth 026B","E01017062",619,462,225,237,0,11,3,8,143,32,111,3
"2011","Portsmouth 026C","E01017066",758,578,280,298,10,65,41,24,100,90,10,5
"2011","Portsmouth 026D","E01032604",605,514,235,279,0,18,10,8,67,64,3,6
"2011","Reading 001A","E01016407",653,542,293,249,4,30,7,23,67,56,11,10
"2011","Reading 001B","E01016408",577,474,212,262,7,10,7,3,84,76,8,2
"2011","Reading 001C","E01016410",659,555,245,310,9,21,4,17,74,69,5,0
"2011","Reading 001D","E01016411",641,566,339,227,1,39,2,37,30,27,3,5
"2011","Reading 001E","E01016412",585,487,186,301,21,9,4,5,65,56,9,3
"2011","Reading 002A","E01016386",594,543,340,203,1,7,3,4,40,35,5,3
"2011","Reading 002B","E01016387",585,558,272,286,0,1,1,0,23,20,3,3
"2011","Reading 002C","E01016425",658,586,272,314,6,15,0,15,48,45,3,3
"2011","Reading 002D","E01016426",502,472,233,239,0,3,2,1,25,23,2,2
"2011","Reading 002E","E01016430",507,475,186,289,0,6,2,4,26,25,1,0
"2011","Reading 003A","E01016364",578,475,214,261,4,7,3,4,86,79,7,6
"2011","Reading 003B","E01016409",728,562,281,281,2,102,93,9,52,45,7,10
"2011","Reading 003C","E01016427",642,464,241,223,2,55,7,48,113,108,5,8
"2011","Reading 003D","E01016428",723,560,261,299,11,78,61,17,70,62,8,4
"2011","Reading 003E","E01016429",615,558,247,311,1,8,5,3,44,41,3,4
"2011","Reading 004A","E01016362",819,464,213,251,7,64,57,7,274,260,14,10
"2011","Reading 004B","E01016363",709,210,63,147,60,320,95,225,114,105,9,5
"2011","Reading 004C","E01016365",765,488,199,289,6,20,5,15,246,237,9,5
"2011","Reading 004D","E01016366",667,446,182,264,12,97,28,69,104,96,8,8
"2011","Reading 004E","E01016367",687,413,154,259,19,117,65,52,124,122,2,14
"2011","Reading 005A","E01016380",674,566,248,318,1,15,11,4,89,76,13,3
"2011","Reading 005B","E01016383",649,513,184,329,1,44,18,26,87,77,10,4
"2011","Reading 005C","E01016384",604,543,264,279,1,5,4,1,53,48,5,2
"2011","Reading 005D","E01016431",625,528,231,297,2,17,17,0,70,64,6,8
"2011","Reading 005E","E01016432",634,556,289,267,2,9,1,8,64,57,7,3
"2011","Reading 006A","E01016381",520,330,104,226,5,118,100,18,60,59,1,7
"2011","Reading 006B","E01016382",697,332,104,228,3,197,155,42,152,145,7,13
"2011","Reading 006C","E01016385",602,473,138,335,9,33,24,9,84,73,11,3
"2011","Reading 006D","E01016396",543,199,75,124,52,258,247,11,25,23,2,9
"2011","Reading 006E","E01016397",565,239,76,163,3,266,233,33,43,38,5,14
"2011","Reading 007A","E01016355",790,403,141,262,7,37,4,33,336,319,17,7
"2011","Reading 007B","E01016358",740,255,79,176,9,72,13,59,396,376,20,8
"2011","Reading 007C","E01016359",820,461,139,322,13,69,20,49,276,251,25,1
"2011","Reading 007D","E01016360",772,317,101,216,5,83,6,77,364,347,17,3
"2011","Reading 007E","E01016361",739,415,123,292,2,31,12,19,290,280,10,1
"2011","Reading 008A","E01016356",673,294,81,213,3,130,9,121,244,235,9,2
"2011","Reading 008B","E01016357",736,384,120,264,21,25,2,23,304,290,14,2
"2011","Reading 008C","E01016395",639,407,208,199,9,133,31,102,81,76,5,9
"2011","Reading 008D","E01016398",743,368,93,275,34,60,22,38,281,270,11,0
"2011","Reading 008E","E01016399",562,412,152,260,5,33,7,26,108,101,7,4
"2011","Reading 008F","E01016400",642,359,144,215,26,43,21,22,212,203,9,2
"2011","Reading 009A","E01016394",566,236,125,111,4,280,258,22,32,31,1,14
"2011","Reading 009B","E01016433",601,420,180,240,4,90,53,37,79,74,5,8
"2011","Reading 009C","E01016434",680,543,256,287,5,35,27,8,96,88,8,1
"2011","Reading 009D","E01016435",567,355,167,188,0,169,151,18,36,30,6,7
"2011","Reading 009E","E01016436",608,418,164,254,3,131,115,16,52,47,5,4
"2011","Reading 010B","E01016402",643,231,90,141,13,22,10,12,371,349,22,6
"2011","Reading 010C","E01016404",801,365,100,265,23,141,42,99,265,251,14,7
"2011","Reading 010D","E01016405",650,348,100,248,4,30,10,20,266,245,21,2
"2011","Reading 010E","E01016406",480,229,92,137,5,8,6,2,234,228,6,4
"2011","Reading 010F","E01033417",598,219,62,157,3,83,47,36,287,272,15,6
"2011","Reading 010G","E01033421",868,159,37,122,27,376,236,140,301,289,12,5
"2011","Reading 011B","E01016353",817,214,71,143,11,141,55,86,440,433,7,11
"2011","Reading 011D","E01016378",966,247,68,179,65,144,58,86,502,491,11,8
"2011","Reading 011E","E01016391",850,282,90,192,29,237,51,186,297,287,10,5
"2011","Reading 011F","E01033415",766,136,40,96,51,81,39,42,485,467,18,13
"2011","Reading 011G","E01033418",625,157,37,120,36,80,4,76,345,339,6,7
"2011","Reading 011H","E01033420",645,139,53,86,19,87,7,80,396,391,5,4
"2011","Reading 011I","E01033422",613,133,49,84,45,105,35,70,328,316,12,2
"2011","Reading 011J","E01033423",609,214,56,158,4,44,9,35,337,329,8,10
"2011","Reading 012A","E01016401",590,338,169,169,4,14,2,12,232,224,8,2
"2011","Reading 012B","E01016403",678,454,182,272,11,14,4,10,187,169,18,12
"2011","Reading 012C","E01016416",625,190,60,130,3,21,4,17,406,400,6,5
"2011","Reading 012D","E01016417",568,217,115,102,2,19,2,17,328,319,9,2
"2011","Reading 012E","E01016418",591,244,103,141,1,14,5,9,326,302,24,6
"2011","Reading 013A","E01016388",602,421,192,229,4,99,31,68,76,68,8,2
"2011","Reading 013B","E01016389",702,196,75,121,0,412,326,86,83,80,3,11
"2011","Reading 013C","E01016390",758,380,167,213,18,17,11,6,332,322,10,11
"2011","Reading 013D","E01016392",968,482,197,285,2,52,11,41,422,398,24,10
"2011","Reading 013E","E01016393",652,434,193,241,11,78,75,3,123,115,8,6
"2011","Reading 014A","E01016374",693,325,92,233,20,46,22,24,299,286,13,3
"2011","Reading 014B","E01016375",507,158,47,111,2,132,82,50,207,195,12,8
"2011","Reading 014C","E01016376",665,243,92,151,22,54,38,16,342,332,10,4
"2011","Reading 014D","E01016379",764,303,75,228,5,49,30,19,403,386,17,4
"2011","Reading 014E","E01016413",453,254,137,117,4,25,15,10,161,152,9,9
"2011","Reading 014F","E01016414",643,253,120,133,2,80,8,72,304,285,19,4
"2011","Reading 015A","E01016419",762,425,182,243,24,149,115,34,155,148,7,9
"2011","Reading 015B","E01016420",567,151,55,96,15,350,341,9,39,37,2,12
"2011","Reading 015C","E01016421",521,425,231,194,1,57,56,1,33,29,4,5
"2011","Reading 015D","E01016422",650,327,173,154,0,264,92,172,49,45,4,10
"2011","Reading 015E","E01016423",602,340,180,160,4,204,188,16,45,38,7,9
"2011","Reading 015F","E01016424",480,419,190,229,3,20,20,0,34,32,2,4
"2011","Reading 016A","E01016370",498,265,147,118,0,83,73,10,139,91,48,11
"2011","Reading 016B","E01016371",606,394,205,189,2,91,48,43,113,102,11,6
"2011","Reading 016C","E01016373",535,203,70,133,16,214,116,98,95,84,11,7
"2011","Reading 016D","E01016415",687,245,114,131,4,333,318,15,89,85,4,16
"2011","Reading 017A","E01016368",531,188,52,136,2,289,177,112,43,37,6,9
"2011","Reading 017B","E01016372",478,184,66,118,4,229,170,59,50,46,4,11
"2011","Reading 017C","E01016377",635,261,109,152,13,200,97,103,156,151,5,5
"2011","Reading 017D","E01016438",521,193,73,120,1,249,205,44,66,61,5,12
"2011","Reading 017E","E01016442",1106,389,82,307,132,324,183,141,248,234,14,13
"2011","Reading 017F","E01016443",545,208,54,154,5,277,199,78,46,43,3,9
"2011","Reading 018A","E01016369",639,477,243,234,2,89,78,11,61,58,3,10
"2011","Reading 018B","E01016437",518,335,101,234,7,109,90,19,63,60,3,4
"2011","Reading 018C","E01016439",584,349,117,232,14,147,123,24,66,61,5,8
"2011","Reading 018D","E01016440",555,325,131,194,6,154,135,19,58,55,3,12
"2011","Reading 018E","E01016441",574,187,67,120,27,313,211,102,38,35,3,9
"2011","Slough 001A","E01016450",593,221,58,163,5,322,173,149,40,38,2,5
"2011","Slough 001B","E01016451",607,120,28,92,17,407,347,60,58,52,6,5
"2011","Slough 001C","E01016452",643,362,125,237,2,211,193,18,62,57,5,6
"2011","Slough 001D","E01016453",660,407,159,248,2,202,182,20,47,40,7,2
"2011","Slough 001E","E01016454",611,331,118,213,5,215,187,28,54,41,13,6
"2011","Slough 001F","E01016455",534,294,72,222,22,144,128,16,71,68,3,3
"2011","Slough 002A","E01016483",561,318,147,171,10,18,8,10,205,184,21,10
"2011","Slough 002B","E01016484",547,310,144,166,4,62,32,30,163,161,2,8
"2011","Slough 002C","E01016485",539,350,158,192,1,44,15,29,141,129,12,3
"2011","Slough 002D","E01016486",640,253,69,184,6,257,163,94,117,114,3,7
"2011","Slough 002E","E01016487",470,311,149,162,1,43,31,12,108,99,9,7
"2011","Slough 002F","E01016488",705,449,157,292,1,37,29,8,214,206,8,4
"2011","Slough 003A","E01016493",484,366,135,231,3,34,31,3,78,78,0,3
"2011","Slough 003B","E01016494",825,426,123,303,24,90,23,67,284,270,14,1
"2011","Slough 003C","E01016495",682,389,118,271,4,74,57,17,206,199,7,9
"2011","Slough 003D","E01016496",574,275,89,186,5,217,206,11,73,65,8,4
"2011","Slough 003E","E01016497",484,418,182,236,0,24,22,2,41,41,0,1
"2011","Slough 003F","E01016498",647,347,79,268,5,169,148,21,122,118,4,4
"2011","Slough 003G","E01016499",502,143,23,120,0,290,202,88,63,59,4,6
"2011","Slough 004A","E01016444",473,261,75,186,1,122,110,12,86,82,4,3
"2011","Slough 004B","E01016445",524,238,73,165,2,199,138,61,77,72,5,8
"2011","Slough 004C","E01016446",453,281,103,178,3,69,59,10,97,92,5,3
"2011","Slough 004D","E01016447",506,297,128,169,1,18,8,10,183,169,14,7
"2011","Slough 004E","E01016448",753,368,174,194,5,95,36,59,266,247,19,19
"2011","Slough 004F","E01016449",625,304,87,217,0,200,182,18,114,101,13,7
"2011","Slough 005A","E01016516",456,274,96,178,1,84,38,46,92,85,7,5
"2011","Slough 005B","E01016517",458,251,88,163,5,105,84,21,93,88,5,4
"2011","Slough 005C","E01016518",600,357,130,227,0,29,16,13,206,197,9,8
"2011","Slough 005D","E01016519",1038,404,155,249,11,400,159,241,212,186,26,11
"2011","Slough 005E","E01016520",573,212,98,114,1,283,132,151,72,68,4,5
"2011","Slough 005F","E01016521",634,318,120,198,1,209,199,10,97,87,10,9
"2011","Slough 006A","E01016467",576,354,123,231,2,98,23,75,113,107,6,9
"2011","Slough 006B","E01016468",627,463,144,319,8,39,16,23,110,105,5,7
"2011","Slough 006C","E01016469",674,408,150,258,11,100,79,21,150,144,6,5
"2011","Slough 006D","E01016470",678,461,153,308,5,20,14,6,188,183,5,4
"2011","Slough 006E","E01016471",494,353,131,222,0,69,63,6,66,63,3,6
"2011","Slough 006F","E01016472",592,364,141,223,3,161,149,12,58,53,5,6
"2011","Slough 007A","E01016456",639,266,108,158,9,164,79,85,186,176,10,14
"2011","Slough 007B","E01016457",511,325,130,195,0,19,2,17,164,153,11,3
"2011","Slough 007C","E01016458",557,191,71,120,20,239,59,180,97,89,8,10
"2011","Slough 007D","E01016459",695,322,103,219,24,117,71,46,224,216,8,8
"2011","Slough 007E","E01016460",545,352,208,144,1,29,24,5,157,153,4,6
"2011","Slough 007F","E01016461",933,395,150,245,24,85,15,70,428,408,20,1
"2011","Slough 008A","E01016473",746,464,96,368,33,85,11,74,160,152,8,4
"2011","Slough 008B","E01016474",831,401,122,279,6,262,197,65,151,145,6,11
"2011","Slough 008C","E01016475",622,351,148,203,2,110,85,25,153,144,9,6
"2011","Slough 008D","E01016476",673,383,53,330,3,158,21,137,128,121,7,1
"2011","Slough 008E","E01016477",1023,567,123,444,33,107,14,93,309,301,8,7
"2011","Slough 008F","E01016478",694,413,109,304,16,65,45,20,197,189,8,3
"2011","Slough 009A","E01016462",830,306,98,208,19,79,11,68,414,404,10,12
"2011","Slough 009B","E01016463",613,245,85,160,3,175,157,18,158,144,14,32
"2011","Slough 009C","E01016464",608,280,111,169,3,69,55,14,249,240,9,7
"2011","Slough 009D","E01016465",967,374,138,236,37,150,49,101,400,387,13,6
"2011","Slough 009F","E01032729",603,193,60,133,11,197,139,58,199,193,6,3
"2011","Slough 009G","E01032730",620,152,42,110,40,120,14,106,297,287,10,11
"2011","Slough 010A","E01016506",811,404,76,328,10,82,58,24,310,304,6,5
"2011","Slough 010B","E01016507",614,394,147,247,2,138,116,22,68,64,4,12
"2011","Slough 010C","E01016508",605,432,198,234,0,53,29,24,116,112,4,4
"2011","Slough 010D","E01016509",619,420,161,259,1,54,49,5,135,130,5,9
"2011","Slough 010E","E01016510",457,401,187,214,1,5,3,2,46,42,4,4
"2011","Slough 011A","E01016511",775,306,131,175,22,175,57,118,262,252,10,10
"2011","Slough 011B","E01016512",842,264,87,177,2,111,74,37,457,430,27,8
"2011","Slough 011C","E01016513",592,485,237,248,2,8,6,2,93,90,3,4
"2011","Slough 011D","E01016514",821,305,102,203,24,120,98,22,363,350,13,9
"2011","Slough 011E","E01016515",624,467,227,240,1,6,4,2,139,129,10,11
"2011","Slough 012A","E01016500",606,407,161,246,12,85,65,20,96,93,3,6
"2011","Slough 012B","E01016501",603,237,62,175,4,309,303,6,51,44,7,2
"2011","Slough 012C","E01016502",502,318,110,208,5,115,87,28,60,58,2,4
"2011","Slough 012D","E01016503",601,329,101,228,6,198,190,8,65,63,2,3
"2011","Slough 012E","E01016504",473,356,174,182,2,31,31,0,81,73,8,3
"2011","Slough 012F","E01016505",660,302,93,209,23,249,240,9,82,77,5,4
"2011","Slough 013B","E01016490",843,206,54,152,18,514,192,322,97,91,6,8
"2011","Slough 013C","E01016491",665,483,235,248,3,79,63,16,93,90,3,7
"2011","Slough 013D","E01016492",601,392,138,254,6,115,61,54,81,78,3,7
"2011","Slough 013E","E01032731",507,270,71,199,19,101,22,79,116,112,4,1
"2011","Slough 013F","E01032732",660,335,106,229,5,174,145,29,145,133,12,1
"2011","Slough 014A","E01016479",579,312,82,230,4,38,4,34,222,208,14,3
"2011","Slough 014B","E01016480",519,249,91,158,6,161,13,148,96,92,4,7
"2011","Slough 014C","E01016481",715,245,76,169,42,144,14,130,281,275,6,3
"2011","Slough 014D","E01016482",720,398,138,260,5,21,2,19,295,273,22,1
"2011","Southampton 001A","E01017144",427,267,141,126,4,45,36,9,107,92,15,4
"2011","Southampton 001B","E01017145",651,472,255,217,2,45,44,1,126,119,7,6
"2011","Southampton 001C","E01017146",707,512,259,253,7,36,7,29,145,138,7,7
"2011","Southampton 001D","E01017148",604,364,193,171,4,63,21,42,169,58,111,4
"2011","Southampton 001E","E01017149",460,153,72,81,2,131,126,5,167,162,5,7
"2011","Southampton 002A","E01017180",581,501,215,286,2,23,22,1,54,46,8,1
"2011","Southampton 002B","E01017181",559,289,84,205,16,217,195,22,36,33,3,1
"2011","Southampton 002C","E01017183",664,527,223,304,8,67,20,47,56,48,8,6
"2011","Southampton 002D","E01017185",730,404,181,223,2,230,226,4,87,81,6,7
"2011","Southampton 002E","E01017187",682,404,163,241,10,140,64,76,122,113,9,6
"2011","Southampton 003A","E01017264",483,93,38,55,20,268,27,241,99,85,14,3
"2011","Southampton 003B","E01017265",751,295,130,165,17,359,39,320,72,54,18,8
"2011","Southampton 003C","E01017270",556,255,94,161,0,220,204,16,73,63,10,8
"2011","Southampton 003D","E01017271",466,326,183,143,1,32,20,12,101,98,3,6
"2011","Southampton 004A","E01017182",725,255,81,174,1,424,408,16,27,22,5,18
"2011","Southampton 004B","E01017184",603,355,134,221,3,194,173,21,46,37,9,5
"2011","Southampton 004C","E01017186",695,253,62,191,13,327,188,139,96,91,5,6
"2011","Southampton 004D","E01017188",623,221,62,159,0,311,287,24,76,67,9,15
"2011","Southampton 005A","E01017266",483,158,74,84,5,175,160,15,135,131,4,10
"2011","Southampton 005B","E01017267",442,153,69,84,6,88,74,14,187,175,12,8
"2011","Southampton 005E","E01017272",506,223,82,141,3,187,183,4,84,78,6,9
"2011","Southampton 005F","E01032756",963,232,136,96,6,159,111,48,558,533,25,8
"2011","Southampton 006A","E01017147",637,445,254,191,2,20,17,3,162,153,9,8
"2011","Southampton 006B","E01017150",615,441,249,192,1,59,40,19,107,96,11,7
"2011","Southampton 006C","E01017151",733,424,199,225,7,204,179,25,92,84,8,6
"2011","Southampton 006D","E01017152",661,357,166,191,1,102,73,29,196,187,9,5
"2011","Southampton 007A","E01017238",582,279,139,140,2,228,203,25,64,62,2,9
"2011","Southampton 007B","E01017241",657,276,110,166,4,328,307,21,41,36,5,8
"2011","Southampton 007C","E01017242",730,398,148,250,3,178,119,59,146,138,8,5
"2011","Southampton 007D","E01017243",660,499,247,252,5,87,59,28,63,57,6,6
"2011","Southampton 007E","E01017244",511,311,116,195,4,151,143,8,36,32,4,9
"2011","Southampton 008A","E01017174",553,469,258,211,1,27,20,7,50,42,8,6
"2011","Southampton 008B","E01017175",623,496,197,299,2,22,5,17,99,91,8,4
"2011","Southampton 008C","E01017176",677,466,211,255,3,54,14,40,152,147,5,2
"2011","Southampton 008D","E01017179",618,309,145,164,3,206,193,13,98,91,7,2
"2011","Southampton 009A","E01017226",830,430,282,148,1,115,14,101,272,259,13,12
"2011","Southampton 009D","E01017231",640,253,130,123,1,44,25,19,335,318,17,7
"2011","Southampton 009E","E01017232",495,286,152,134,2,34,6,28,172,160,12,1
"2011","Southampton 009F","E01032753",788,476,275,201,4,10,5,5,294,270,24,4
"2011","Southampton 010A","E01017246",879,391,167,224,17,116,30,86,348,331,17,7
"2011","Southampton 010B","E01017250",728,204,89,115,5,428,395,33,81,76,5,10
"2011","Southampton 010C","E01017251",661,212,87,125,2,236,162,74,202,184,18,9
"2011","Southampton 010D","E01017253",656,357,152,205,4,165,131,34,124,117,7,6
"2011","Southampton 011A","E01017247",622,502,253,249,0,12,10,2,102,97,5,6
"2011","Southampton 011B","E01017248",600,493,226,267,4,23,1,22,76,73,3,4
"2011","Southampton 011C","E01017249",508,449,232,217,0,6,5,1,46,42,4,7
"2011","Southampton 011D","E01017252",663,521,280,241,3,24,16,8,108,101,7,7
"2011","Southampton 011E","E01017254",672,386,166,220,29,118,44,74,132,126,6,7
"2011","Southampton 012A","E01017236",599,249,104,145,4,302,291,11,35,31,4,9
"2011","Southampton 012B","E01017237",590,207,78,129,0,331,285,46,47,40,7,5
"2011","Southampton 012C","E01017239",641,307,118,189,1,210,198,12,115,107,8,8
"2011","Southampton 012D","E01017240",599,199,98,101,2,342,315,27,48,47,1,8
"2011","Southampton 012E","E01017245",611,136,59,77,2,442,430,12,21,21,0,10
"2011","Southampton 013A","E01017227",410,84,39,45,1,40,17,23,281,276,5,4
"2011","Southampton 013B","E01017228",712,296,124,172,5,181,110,71,229,221,8,1
"2011","Southampton 013C","E01017233",723,326,132,194,10,183,83,100,194,181,13,10
"2011","Southampton 013D","E01017234",735,234,125,109,5,158,73,85,333,313,20,5
"2011","Southampton 013E","E01017235",601,141,61,80,3,64,19,45,386,379,7,7
"2011","Southampton 014A","E01017171",872,408,130,278,28,137,18,119,293,278,15,6
"2011","Southampton 014B","E01017172",809,414,161,253,20,65,4,61,303,289,14,7
"2011","Southampton 014C","E01017173",617,436,167,269,0,82,65,17,94,90,4,5
"2011","Southampton 014D","E01017177",749,444,228,216,5,40,2,38,252,237,15,8
"2011","Southampton 014E","E01017178",589,450,146,304,3,8,5,3,121,113,8,7
"2011","Southampton 015A","E01017207",697,177,65,112,0,459,419,40,45,38,7,16
"2011","Southampton 015B","E01017209",584,369,141,228,2,30,22,8,181,170,11,2
"2011","Southampton 015C","E01017211",934,437,228,209,32,191,86,105,264,253,11,10
"2011","Southampton 015D","E01017212",555,393,191,202,7,45,6,39,106,98,8,4
"2011","Southampton 015E","E01017213",713,428,168,260,2,34,22,12,246,235,11,3
"2011","Southampton 016A","E01017200",840,652,354,298,4,59,18,41,111,99,12,14
"2011","Southampton 016B","E01017201",630,281,138,143,6,249,220,29,89,88,1,5
"2011","Southampton 016C","E01017202",747,289,125,164,17,346,318,28,89,83,6,6
"2011","Southampton 016D","E01017203",632,461,203,258,1,86,79,7,81,72,9,3
"2011","Southampton 016E","E01017204",625,519,239,280,8,43,9,34,50,44,6,5
"2011","Southampton 017A","E01017157",571,112,67,45,4,37,3,34,410,398,12,8
"2011","Southampton 017B","E01017158",796,235,89,146,18,147,10,137,389,370,19,7
"2011","Southampton 017C","E01017159",527,123,50,73,1,52,31,21,347,337,10,4
"2011","Southampton 017D","E01017160",669,272,102,170,7,62,35,27,321,306,15,7
"2011","Southampton 018A","E01017198",673,415,212,203,18,175,171,4,45,41,4,20
"2011","Southampton 018B","E01017199",771,488,281,207,8,184,76,108,86,80,6,5
"2011","Southampton 018C","E01017205",515,188,59,129,3,295,223,72,27,23,4,2
"2011","Southampton 018D","E01017206",648,458,195,263,3,124,117,7,60,54,6,3
"2011","Southampton 019A","E01017208",561,223,85,138,1,278,267,11,56,48,8,3
"2011","Southampton 019B","E01017210",603,185,68,117,3,354,327,27,48,41,7,13
"2011","Southampton 019C","E01017214",552,388,170,218,0,30,16,14,131,127,4,3
"2011","Southampton 019D","E01017215",696,581,255,326,19,15,13,2,77,67,10,4
"2011","Southampton 019E","E01017216",579,322,110,212,0,139,93,46,110,103,7,8
"2011","Southampton 020A","E01017189",734,194,72,122,3,28,3,25,502,493,9,7
"2011","Southampton 020B","E01017190",730,355,141,214,14,31,0,31,326,313,13,4
"2011","Southampton 020C","E01017191",791,247,81,166,0,45,7,38,490,484,6,9
"2011","Southampton 020D","E01017196",1012,436,162,274,11,47,9,38,508,479,29,10
"2011","Southampton 020E","E01017197",553,408,145,263,1,22,3,19,119,111,8,3
"2011","Southampton 021A","E01017192",911,432,160,272,19,147,55,92,308,294,14,5
"2011","Southampton 021B","E01017193",848,410,165,245,14,133,42,91,282,266,16,9
"2011","Southampton 021C","E01017194",827,288,115,173,0,163,47,116,366,352,14,10
"2011","Southampton 021D","E01017195",941,433,173,260,15,86,21,65,394,368,26,13
"2011","Southampton 022A","E01017153",466,146,64,82,0,96,48,48,218,204,14,6
"2011","Southampton 022B","E01017154",888,144,60,84,6,545,440,105,183,178,5,10
"2011","Southampton 022C","E01017155",538,177,90,87,7,81,31,50,261,252,9,12
"2011","Southampton 022D","E01017156",492,183,87,96,1,97,40,57,204,196,8,7
"2011","Southampton 022F","E01032738",630,100,25,75,2,74,12,62,449,434,15,5
"2011","Southampton 022G","E01032750",621,71,31,40,4,191,50,141,346,339,7,9
"2011","Southampton 023A","E01017136",622,177,98,79,2,58,9,49,375,369,6,10
"2011","Southampton 023B","E01017137",647,68,29,39,1,32,12,20,540,533,7,6
"2011","Southampton 023C","E01017138",940,249,103,146,2,138,14,124,541,513,28,10
"2011","Southampton 023D","E01017140",831,159,75,84,0,387,221,166,276,261,15,9
"2011","Southampton 024A","E01017217",663,485,224,261,2,71,37,34,101,89,12,4
"2011","Southampton 024B","E01017223",662,537,224,313,3,8,4,4,110,107,3,4
"2011","Southampton 024C","E01017224",550,442,192,250,3,12,11,1,90,81,9,3
"2011","Southampton 024D","E01017225",609,406,162,244,5,111,106,5,83,74,9,4
"2011","Southampton 025A","E01017162",625,442,275,167,18,115,108,7,49,41,8,1
"2011","Southampton 025B","E01017163",651,129,55,74,2,469,445,24,32,27,5,19
"2011","Southampton 025C","E01017164",670,505,259,246,6,98,84,14,51,44,7,10
"2011","Southampton 025D","E01017165",622,318,150,168,4,259,244,15,31,29,2,10
"2011","Southampton 025E","E01017166",668,154,57,97,1,468,410,58,35,28,7,10
"2011","Southampton 026A","E01017256",863,706,336,370,23,31,11,20,93,84,9,10
"2011","Southampton 026B","E01017257",767,465,194,271,24,80,56,24,192,180,12,6
"2011","Southampton 026C","E01017259",601,498,214,284,4,30,28,2,66,57,9,3
"2011","Southampton 026D","E01017260",653,444,236,208,5,131,125,6,67,62,5,6
"2011","Southampton 026E","E01017262",528,334,121,213,9,130,79,51,48,42,6,7
"2011","Southampton 027A","E01017167",673,129,58,71,3,492,448,44,35,30,5,14
"2011","Southampton 027B","E01017168",824,314,108,206,7,428,381,47,68,59,9,7
"2011","Southampton 027C","E01017169",641,231,82,149,29,324,309,15,46,42,4,11
"2011","Southampton 027D","E01017170",670,383,155,228,4,192,178,14,82,76,6,9
"2011","Southampton 028A","E01017218",495,258,76,182,3,174,126,48,53,52,1,7
"2011","Southampton 028B","E01017219",857,306,111,195,19,328,265,63,190,176,14,14
"2011","Southampton 028C","E01017220",800,428,161,267,12,206,99,107,144,137,7,10
"2011","Southampton 028D","E01017221",662,496,172,324,2,27,11,16,135,130,5,2
"2011","Southampton 028E","E01017222",620,449,148,301,4,49,27,22,116,107,9,2
"2011","Southampton 029A","E01017139",904,128,54,74,21,448,369,79,293,282,11,14
"2011","Southampton 029C","E01017142",1021,340,142,198,21,53,17,36,594,580,14,13
"2011","Southampton 029E","E01032745",577,88,20,68,63,240,99,141,182,165,17,4
"2011","Southampton 029F","E01032746",713,207,41,166,20,47,12,35,435,424,11,4
"2011","Southampton 029G","E01032748",635,245,82,163,31,80,29,51,262,248,14,17
"2011","Southampton 029H","E01032751",565,169,56,113,4,143,119,24,242,236,6,7
"2011","Southampton 029I","E01032755",493,34,14,20,0,344,314,30,107,105,2,8
"2011","Southampton 030A","E01017255",686,530,226,304,2,14,5,9,134,122,12,6
"2011","Southampton 030B","E01017258",640,428,137,291,2,117,100,17,87,74,13,6
"2011","Southampton 030C","E01017261",717,554,233,321,14,25,12,13,123,115,8,1
"2011","Southampton 030D","E01017263",598,393,162,231,1,125,70,55,70,63,7,9
"2011","Southampton 031A","E01017273",594,456,226,230,1,30,21,9,105,100,5,2
"2011","Southampton 031B","E01017275",691,477,202,275,3,78,67,11,129,120,9,4
"2011","Southampton 031C","E01017276",742,318,117,201,2,172,28,144,235,225,10,15
"2011","Southampton 031D","E01017278",600,391,140,251,12,21,12,9,173,161,12,3
"2011","Southampton 031E","E01017279",730,476,201,275,5,87,34,53,157,145,12,5
"2011","Southampton 032A","E01017274",613,215,85,130,2,348,253,95,35,33,2,13
"2011","Southampton 032B","E01017277",582,425,149,276,4,103,93,10,49,39,10,1
"2011","Southampton 032C","E01017280",604,222,93,129,6,307,303,4,56,52,4,13
"2011","Southampton 032D","E01017281",818,72,34,38,10,694,673,21,34,33,1,8
"2011","West Berkshire 001A","E01016277",527,405,222,183,8,42,4,38,57,51,6,15
"2011","West Berkshire 001B","E01016286",602,386,147,239,4,134,8,126,68,50,18,10
"2011","West Berkshire 001C","E01016287",573,323,142,181,0,83,4,79,125,104,21,42
"2011","West Berkshire 001D","E01016288",666,433,219,214,4,125,5,120,82,72,10,22
"2011","West Berkshire 002A","E01016303",633,436,212,224,1,76,4,72,105,90,15,15
"2011","West Berkshire 002B","E01016304",672,385,183,202,2,139,10,129,107,95,12,39
"2011","West Berkshire 002C","E01016305",581,332,157,175,2,95,6,89,117,84,33,35
"2011","West Berkshire 002D","E01016306",530,319,150,169,6,156,9,147,37,31,6,12
"2011","West Berkshire 003A","E01016256",666,537,251,286,0,50,6,44,62,50,12,17
"2011","West Berkshire 003B","E01016257",534,420,221,199,4,25,0,25,71,65,6,14
"2011","West Berkshire 003C","E01016313",706,514,242,272,0,92,6,86,85,80,5,15
"2011","West Berkshire 003D","E01016314",521,382,236,146,2,9,0,9,102,77,25,26
"2011","West Berkshire 004A","E01016315",713,602,307,295,9,6,1,5,89,81,8,7
"2011","West Berkshire 004B","E01016316",793,682,297,385,12,31,1,30,58,52,6,10
"2011","West Berkshire 004C","E01016317",510,410,216,194,3,60,4,56,35,34,1,2
"2011","West Berkshire 004D","E01016318",626,560,246,314,3,10,2,8,48,45,3,5
"2011","West Berkshire 005A","E01016258",669,628,368,260,5,4,2,2,30,25,5,2
"2011","West Berkshire 005B","E01016261",550,516,156,360,0,3,1,2,31,27,4,0
"2011","West Berkshire 005C","E01016349",472,452,240,212,0,2,0,2,15,11,4,3
"2011","West Berkshire 005D","E01016350",596,553,275,278,1,4,0,4,31,24,7,7
"2011","West Berkshire 006A","E01016259",584,525,216,309,2,15,0,15,40,35,5,2
"2011","West Berkshire 006B","E01016260",617,561,251,310,2,13,1,12,38,34,4,3
"2011","West Berkshire 006C","E01016262",531,501,286,215,0,7,0,7,21,19,2,2
"2011","West Berkshire 006D","E01016272",590,516,235,281,1,22,1,21,45,42,3,6
"2011","West Berkshire 006E","E01016273",627,327,139,188,0,251,16,235,43,38,5,6
"2011","West Berkshire 007A","E01016263",849,580,228,352,32,80,4,76,132,111,21,25
"2011","West Berkshire 007B","E01016278",411,262,119,143,0,11,0,11,132,29,103,6
"2011","West Berkshire 007C","E01016283",575,478,254,224,3,22,0,22,53,47,6,19
"2011","West Berkshire 007D","E01016284",515,430,186,244,5,39,1,38,36,32,4,5
"2011","West Berkshire 007E","E01016285",622,323,155,168,7,94,6,88,158,145,13,40
"2011","West Berkshire 008A","E01016271",597,355,134,221,0,211,4,207,29,23,6,2
"2011","West Berkshire 008B","E01016274",512,410,183,227,0,57,1,56,44,35,9,1
"2011","West Berkshire 008C","E01016275",647,490,146,344,3,41,0,41,109,96,13,4
"2011","West Berkshire 008D","E01016276",578,481,133,348,6,14,0,14,75,70,5,2
"2011","West Berkshire 009A","E01016327",471,345,149,196,9,58,3,55,52,49,3,7
"2011","West Berkshire 009B","E01016328",717,366,148,218,18,153,12,141,138,126,12,42
"2011","West Berkshire 009C","E01016344",714,356,143,213,14,234,7,227,105,95,10,5
"2011","West Berkshire 009D","E01016345",538,408,146,262,3,36,2,34,87,82,5,4
"2011","West Berkshire 010A","E01016296",766,491,225,266,8,127,14,113,130,124,6,10
"2011","West Berkshire 010B","E01016297",628,390,191,199,2,178,9,169,50,43,7,8
"2011","West Berkshire 010C","E01016298",564,350,193,157,4,34,2,32,161,141,20,15
"2011","West Berkshire 010D","E01016299",642,461,225,236,2,28,3,25,141,133,8,10
"2011","West Berkshire 011A","E01016254",611,496,299,197,8,37,2,35,57,49,8,13
"2011","West Berkshire 011B","E01016255",581,385,207,178,5,59,4,55,99,85,14,33
"2011","West Berkshire 011C","E01016264",430,257,151,106,2,22,0,22,111,49,62,38
"2011","West Berkshire 011D","E01016265",578,455,250,205,4,71,6,65,40,35,5,8
"2011","West Berkshire 011E","E01016266",530,407,204,203,6,78,5,73,36,28,8,3
"2011","West Berkshire 011F","E01016339",1124,817,276,541,38,97,5,92,160,147,13,12
"2011","West Berkshire 012A","E01016310",826,428,215,213,21,258,19,239,107,94,13,12
"2011","West Berkshire 012B","E01016311",819,508,260,248,3,78,2,76,221,210,11,9
"2011","West Berkshire 012C","E01016323",595,428,259,169,4,86,5,81,67,54,13,10
"2011","West Berkshire 012D","E01016324",577,399,198,201,1,104,9,95,66,58,8,7
"2011","West Berkshire 012E","E01016325",649,325,154,171,1,246,21,225,66,57,9,11
"2011","West Berkshire 013A","E01016279",914,467,143,324,30,210,20,190,195,181,14,12
"2011","West Berkshire 013B","E01016280",700,351,132,219,27,199,21,178,115,103,12,8
"2011","West Berkshire 013C","E01016281",556,422,188,234,6,62,3,59,60,52,8,6
"2011","West Berkshire 013D","E01016282",615,438,171,267,14,47,5,42,115,111,4,1
"2011","West Berkshire 014A","E01016329",606,509,132,377,8,15,1,14,73,66,7,1
"2011","West Berkshire 014B","E01016340",631,451,210,241,6,119,5,114,51,46,5,4
"2011","West Berkshire 014C","E01016341",512,379,133,246,8,84,7,77,41,38,3,0
"2011","West Berkshire 014D","E01016342",783,596,180,416,19,42,1,41,121,113,8,5
"2011","West Berkshire 014E","E01016343",578,520,259,261,2,25,1,24,30,24,6,1
"2011","West Berkshire 015A","E01016267",550,474,205,269,4,22,1,21,46,44,2,4
"2011","West Berkshire 015B","E01016268",624,384,181,203,4,179,6,173,52,44,8,5
"2011","West Berkshire 015C","E01016269",565,446,183,263,0,24,2,22,82,70,12,13
"2011","West Berkshire 015D","E01016270",533,331,110,221,3,31,0,31,165,45,120,3
"2011","West Berkshire 016A","E01016330",665,447,145,302,9,108,10,98,94,82,12,7
"2011","West Berkshire 016B","E01016331",593,359,121,238,5,159,10,149,66,60,6,4
"2011","West Berkshire 016C","E01016332",755,446,256,190,14,196,11,185,91,80,11,8
"2011","West Berkshire 016D","E01016334",637,402,99,303,3,130,15,115,99,94,5,3
"2011","West Berkshire 016E","E01016336",479,217,94,123,1,233,20,213,27,24,3,1
"2011","West Berkshire 017A","E01016333",492,415,108,307,1,8,3,5,63,62,1,5
"2011","West Berkshire 017B","E01016335",586,486,191,295,3,27,3,24,69,64,5,1
"2011","West Berkshire 017C","E01016337",887,601,216,385,18,163,19,144,95,85,10,10
"2011","West Berkshire 017D","E01016338",743,624,220,404,3,33,2,31,80,75,5,3
"2011","West Berkshire 018A","E01016300",642,437,207,230,6,104,5,99,86,85,1,9
"2011","West Berkshire 018B","E01016301",771,489,270,219,1,69,2,67,162,141,21,50
"2011","West Berkshire 018C","E01016302",633,440,203,237,6,105,6,99,67,61,6,15
"2011","West Berkshire 018D","E01016326",541,348,174,174,0,48,0,48,117,102,15,28
"2011","West Berkshire 019A","E01016293",1005,651,263,388,67,171,8,163,106,98,8,10
"2011","West Berkshire 019B","E01016346",729,263,104,159,12,214,16,198,221,213,8,19
"2011","West Berkshire 019C","E01016347",880,316,165,151,37,202,14,188,317,299,18,8
"2011","West Berkshire 019D","E01016348",978,533,174,359,34,114,4,110,294,275,19,3
"2011","West Berkshire 020A","E01016294",650,530,245,285,5,16,0,16,92,82,10,7
"2011","West Berkshire 020B","E01016295",616,197,62,135,3,353,23,330,57,47,10,6
"2011","West Berkshire 020C","E01016312",825,503,187,316,1,172,19,153,142,132,10,7
"2011","West Berkshire 020D","E01016319",737,414,192,222,12,199,14,185,108,97,11,4
"2011","West Berkshire 020E","E01016320",637,418,187,231,0,98,8,90,117,113,4,4
"2011","West Berkshire 021A","E01016289",579,512,304,208,0,44,4,40,20,18,2,3
"2011","West Berkshire 021B","E01016290",629,530,264,266,1,14,2,12,79,71,8,5
"2011","West Berkshire 021C","E01016291",688,582,284,298,4,28,0,28,71,70,1,3
"2011","West Berkshire 021D","E01016292",615,453,206,247,5,104,10,94,49,47,2,4
"2011","West Berkshire 021E","E01016321",609,408,210,198,7,85,9,76,99,90,9,10
"2011","West Berkshire 021F","E01016322",491,453,251,202,0,10,1,9,26,23,3,2
"2011","West Berkshire 022A","E01016307",679,403,205,198,6,192,10,182,69,65,4,9
"2011","West Berkshire 022B","E01016308",759,583,293,290,11,55,5,50,98,90,8,12
"2011","West Berkshire 022C","E01016309",888,621,283,338,9,108,12,96,124,112,12,26
"2011","Windsor and Maidenhead 001A","E01016570",640,555,285,270,1,10,0,10,65,57,8,9
"2011","Windsor and Maidenhead 001B","E01016572",559,459,277,182,3,50,5,45,40,35,5,7
"2011","Windsor and Maidenhead 001C","E01016582",501,383,189,194,2,17,0,17,90,81,9,9
"2011","Windsor and Maidenhead 001D","E01016600",448,395,209,186,0,2,0,2,42,38,4,9
"2011","Windsor and Maidenhead 002A","E01016530",647,412,228,184,15,177,10,167,39,33,6,4
"2011","Windsor and Maidenhead 002B","E01016531",607,492,280,212,0,8,1,7,93,89,4,14
"2011","Windsor and Maidenhead 002C","E01016532",840,684,386,298,2,18,0,18,115,102,13,21
"2011","Windsor and Maidenhead 002D","E01016533",770,665,340,325,0,26,2,24,67,55,12,12
"2011","Windsor and Maidenhead 002E","E01016578",589,425,231,194,0,22,3,19,112,75,37,30
"2011","Windsor and Maidenhead 002F","E01016579",693,463,266,197,4,100,6,94,105,77,28,21
"2011","Windsor and Maidenhead 002G","E01016581",572,456,254,202,0,38,2,36,60,49,11,18
"2011","Windsor and Maidenhead 003A","E01016571",562,452,225,227,0,60,6,54,47,44,3,3
"2011","Windsor and Maidenhead 003B","E01016573",523,216,76,140,1,264,17,247,34,31,3,8
"2011","Windsor and Maidenhead 003C","E01016574",604,408,224,184,0,112,7,105,81,72,9,3
"2011","Windsor and Maidenhead 003D","E01016599",600,274,88,186,6,272,19,253,40,35,5,8
"2011","Windsor and Maidenhead 004A","E01016583",680,559,283,276,7,2,0,2,105,101,4,7
"2011","Windsor and Maidenhead 004B","E01016585",781,511,249,262,0,30,0,30,232,225,7,8
"2011","Windsor and Maidenhead 004C","E01016586",542,480,260,220,2,2,0,2,54,50,4,4
"2011","Windsor and Maidenhead 004D","E01016591",629,558,270,288,0,4,1,3,65,58,7,2
"2011","Windsor and Maidenhead 004E","E01016592",798,535,299,236,2,58,7,51,197,188,9,6
"2011","Windsor and Maidenhead 005A","E01016525",635,513,217,296,1,13,0,13,102,95,7,6
"2011","Windsor and Maidenhead 005B","E01016528",631,474,223,251,1,19,1,18,132,122,10,5
"2011","Windsor and Maidenhead 005C","E01016529",654,233,96,137,0,268,17,251,137,130,7,16
"2011","Windsor and Maidenhead 005D","E01016536",848,424,159,265,11,131,7,124,272,259,13,10
"2011","Windsor and Maidenhead 005E","E01016584",669,355,118,237,3,145,14,131,142,127,15,24
"2011","Windsor and Maidenhead 005G","E01032733",617,146,52,94,73,267,16,251,115,109,6,16
"2011","Windsor and Maidenhead 005H","E01032734",650,253,112,141,14,185,8,177,184,173,11,14
"2011","Windsor and Maidenhead 006A","E01016526",713,531,186,345,1,21,2,19,153,145,8,7
"2011","Windsor and Maidenhead 006B","E01016527",656,436,155,281,22,58,5,53,137,129,8,3
"2011","Windsor and Maidenhead 006C","E01016534",587,513,289,224,0,6,2,4,64,39,25,4
"2011","Windsor and Maidenhead 006D","E01016598",513,472,238,234,3,5,0,5,31,27,4,2
"2011","Windsor and Maidenhead 006E","E01016601",616,438,192,246,0,93,6,87,77,70,7,8
"2011","Windsor and Maidenhead 006F","E01016602",636,574,339,235,0,9,0,9,49,43,6,4
"2011","Windsor and Maidenhead 007A","E01016535",491,383,183,200,0,9,1,8,94,90,4,5
"2011","Windsor and Maidenhead 007B","E01016537",470,320,145,175,1,55,2,53,89,84,5,5
"2011","Windsor and Maidenhead 007C","E01016538",625,479,189,290,1,21,1,20,117,105,12,7
"2011","Windsor and Maidenhead 007D","E01016593",665,341,147,194,10,255,18,237,55,51,4,4
"2011","Windsor and Maidenhead 007E","E01016594",582,272,94,178,5,233,11,222,63,59,4,9
"2011","Windsor and Maidenhead 008A","E01016559",562,504,257,247,8,6,0,6,37,35,2,7
"2011","Windsor and Maidenhead 008B","E01016560",646,300,118,182,0,291,40,251,37,34,3,18
"2011","Windsor and Maidenhead 008C","E01016561",674,563,239,324,1,49,3,46,57,54,3,4
"2011","Windsor and Maidenhead 008D","E01016562",513,469,232,237,2,6,1,5,34,29,5,2
"2011","Windsor and Maidenhead 008E","E01016563",507,461,203,258,3,10,0,10,31,28,3,2
"2011","Windsor and Maidenhead 008F","E01016580",643,311,133,178,9,287,19,268,33,31,2,3
"2011","Windsor and Maidenhead 009A","E01016539",641,524,258,266,0,43,0,43,65,59,6,9
"2011","Windsor and Maidenhead 009B","E01016540",652,525,254,271,0,40,2,38,77,64,13,10
"2011","Windsor and Maidenhead 009C","E01016541",512,449,209,240,0,7,1,6,51,48,3,5
"2011","Windsor and Maidenhead 009D","E01016542",491,352,157,195,5,90,2,88,37,33,4,7
"2011","Windsor and Maidenhead 009E","E01016543",670,539,271,268,2,14,0,14,98,86,12,17
"2011","Windsor and Maidenhead 010A","E01016544",800,378,164,214,5,93,9,84,308,271,37,16
"2011","Windsor and Maidenhead 010B","E01016567",817,232,108,124,8,91,7,84,257,175,82,229
"2011","Windsor and Maidenhead 010C","E01016568",499,348,185,163,2,91,15,76,41,30,11,17
"2011","Windsor and Maidenhead 010D","E01016569",493,319,133,186,0,91,13,78,75,68,7,8
"2011","Windsor and Maidenhead 011A","E01016564",644,450,196,254,5,102,11,91,78,70,8,9
"2011","Windsor and Maidenhead 011B","E01016565",624,507,249,258,2,9,1,8,99,85,14,7
"2011","Windsor and Maidenhead 011C","E01016566",764,430,153,277,3,177,36,141,148,139,9,6
"2011","Windsor and Maidenhead 011D","E01016577",698,463,182,281,2,116,13,103,106,99,7,11
"2011","Windsor and Maidenhead 012A","E01016545",1069,469,209,260,2,217,19,198,374,355,19,7
"2011","Windsor and Maidenhead 012B","E01016547",756,507,185,322,4,34,5,29,208,194,14,3
"2011","Windsor and Maidenhead 012C","E01016550",510,302,108,194,0,99,13,86,105,73,32,4
"2011","Windsor and Maidenhead 012D","E01016552",686,486,221,265,6,65,6,59,122,114,8,7
"2011","Windsor and Maidenhead 013A","E01016551",623,544,323,221,1,18,3,15,54,43,11,6
"2011","Windsor and Maidenhead 013B","E01016553",676,574,399,175,5,35,5,30,56,46,10,6
"2011","Windsor and Maidenhead 013C","E01016557",832,593,297,296,5,136,14,122,93,85,8,5
"2011","Windsor and Maidenhead 013D","E01016558",613,169,70,99,5,148,17,131,285,42,243,6
"2011","Windsor and Maidenhead 014A","E01016548",830,559,247,312,18,63,4,59,184,169,15,6
"2011","Windsor and Maidenhead 014B","E01016549",858,474,233,241,15,224,26,198,135,127,8,10
"2011","Windsor and Maidenhead 014C","E01016554",650,314,150,164,1,270,36,234,57,50,7,8
"2011","Windsor and Maidenhead 014D","E01016555",588,238,77,161,0,291,40,251,50,46,4,9
"2011","Windsor and Maidenhead 014E","E01016556",762,435,205,230,8,245,25,220,64,54,10,10
"2011","Windsor and Maidenhead 015A","E01016546",750,478,205,273,6,4,0,4,253,246,7,9
"2011","Windsor and Maidenhead 015B","E01016595",680,448,164,284,1,86,11,75,131,85,46,14
"2011","Windsor and Maidenhead 015C","E01016596",797,493,240,253,1,61,12,49,236,190,46,6
"2011","Windsor and Maidenhead 015D","E01016597",617,525,256,269,1,12,0,12,76,54,22,3
"2011","Windsor and Maidenhead 016A","E01016575",637,575,322,253,3,6,2,4,45,41,4,8
"2011","Windsor and Maidenhead 016B","E01016576",661,535,249,286,0,26,7,19,90,77,13,10
"2011","Windsor and Maidenhead 016C","E01016587",638,533,262,271,0,51,3,48,43,36,7,11
"2011","Windsor and Maidenhead 016D","E01016588",777,349,151,198,1,144,2,142,254,124,130,29
"2011","Windsor and Maidenhead 016E","E01016589",642,557,292,265,0,10,0,10,62,51,11,13
"2011","Windsor and Maidenhead 017A","E01016522",698,579,283,296,18,20,2,18,79,78,1,2
"2011","Windsor and Maidenhead 017B","E01016523",584,393,202,191,1,29,3,26,118,105,13,43
"2011","Windsor and Maidenhead 017C","E01016524",864,554,258,296,2,162,7,155,114,103,11,32
"2011","Windsor and Maidenhead 017D","E01016609",740,415,153,262,1,230,19,211,89,76,13,5
"2011","Windsor and Maidenhead 018A","E01016603",744,538,318,220,1,21,1,20,165,154,11,19
"2011","Windsor and Maidenhead 018B","E01016604",778,562,318,244,0,33,6,27,146,141,5,37
"2011","Windsor and Maidenhead 018C","E01016605",613,403,177,226,3,107,15,92,92,82,10,8
"2011","Windsor and Maidenhead 018D","E01016606",646,532,244,288,0,18,4,14,91,86,5,5
"2011","Windsor and Maidenhead 018E","E01016607",529,440,249,191,0,5,0,5,42,38,4,42
"2011","Windsor and Maidenhead 018F","E01016608",808,440,192,248,1,200,34,166,154,144,10,13
"2011","Wokingham 001A","E01016675",469,347,213,134,1,23,16,7,82,71,11,16
"2011","Wokingham 001B","E01016676",621,559,315,244,0,10,7,3,46,41,5,6
"2011","Wokingham 001C","E01016677",619,410,194,216,2,137,86,51,60,54,6,10
"2011","Wokingham 001D","E01016678",563,403,223,180,0,87,84,3,56,48,8,17
"2011","Wokingham 002A","E01016619",571,498,224,274,9,30,29,1,30,27,3,4
"2011","Wokingham 002B","E01016620",526,419,158,261,0,66,39,27,39,34,5,2
"2011","Wokingham 002C","E01016692",653,484,241,243,0,92,76,16,74,66,8,3
"2011","Wokingham 002D","E01016693",604,457,177,280,5,5,5,0,134,126,8,3
"2011","Wokingham 002E","E01016694",683,475,264,211,12,46,32,14,144,139,5,6
"2011","Wokingham 002F","E01016695",597,551,277,274,0,7,2,5,36,33,3,3
"2011","Wokingham 003A","E01016621",582,477,218,259,0,25,18,7,75,66,9,5
"2011","Wokingham 003B","E01016623",605,527,281,246,1,17,15,2,50,45,5,10
"2011","Wokingham 003C","E01016624",527,505,267,238,1,2,1,1,18,17,1,1
"2011","Wokingham 003D","E01016684",619,543,266,277,1,18,1,17,55,50,5,2
"2011","Wokingham 003E","E01016685",621,447,223,224,0,81,74,7,68,59,9,25
"2011","Wokingham 004A","E01016622",462,417,210,207,9,3,3,0,29,28,1,4
"2011","Wokingham 004B","E01016657",547,479,186,293,4,12,7,5,51,51,0,1
"2011","Wokingham 004C","E01016658",484,416,122,294,1,13,0,13,52,48,4,2
"2011","Wokingham 004D","E01016659",643,492,162,330,4,5,2,3,137,131,6,5
"2011","Wokingham 004E","E01016660",624,554,202,352,3,5,0,5,61,58,3,1
"2011","Wokingham 005A","E01016615",605,373,191,182,5,176,146,30,44,40,4,7
"2011","Wokingham 005B","E01016616",622,472,272,200,1,88,35,53,51,47,4,10
"2011","Wokingham 005C","E01016617",502,439,244,195,0,34,12,22,23,21,2,6
"2011","Wokingham 005D","E01016662",700,327,116,211,12,277,267,10,74,68,6,10
"2011","Wokingham 006A","E01016613",479,357,159,198,6,44,17,27,64,62,2,8
"2011","Wokingham 006B","E01016614",477,410,220,190,0,9,4,5,57,54,3,1
"2011","Wokingham 006C","E01016618",486,369,179,190,2,55,1,54,55,52,3,5
"2011","Wokingham 006D","E01016664",476,440,240,200,0,2,2,0,29,22,7,5
"2011","Wokingham 006E","E01016668",602,480,226,254,4,36,23,13,79,76,3,3
"2011","Wokingham 006F","E01016669",703,593,291,302,12,10,2,8,81,74,7,7
"2011","Wokingham 007A","E01016661",493,462,182,280,3,2,2,0,26,23,3,0
"2011","Wokingham 007B","E01016663",598,533,233,300,1,8,1,7,56,52,4,0
"2011","Wokingham 007C","E01016686",486,413,149,264,2,8,0,8,62,52,10,1
"2011","Wokingham 007D","E01016687",500,462,241,221,0,5,3,2,32,30,2,1
"2011","Wokingham 007E","E01016688",454,401,165,236,0,5,0,5,44,42,2,4
"2011","Wokingham 007F","E01016689",579,545,304,241,0,4,1,3,28,24,4,2
"2011","Wokingham 008B","E01016652",470,422,185,237,4,0,0,0,41,40,1,3
"2011","Wokingham 008C","E01016653",450,368,175,193,1,42,16,26,37,32,5,2
"2011","Wokingham 008D","E01016665",642,551,231,320,1,5,1,4,84,78,6,1
"2011","Wokingham 008E","E01016666",503,448,159,289,0,6,4,2,47,45,2,2
"2011","Wokingham 008G","E01032761",970,896,529,367,1,11,7,4,52,40,12,10
"2011","Wokingham 009A","E01016647",626,440,112,328,38,67,6,61,79,74,5,2
"2011","Wokingham 009B","E01016701",643,571,248,323,17,9,7,2,43,38,5,3
"2011","Wokingham 009C","E01016702",697,544,211,333,27,54,22,32,70,65,5,2
"2011","Wokingham 009D","E01016703",691,513,159,354,22,64,32,32,84,77,7,8
"2011","Wokingham 009E","E01016704",796,404,154,250,67,213,83,130,106,99,7,6
"2011","Wokingham 010A","E01016627",716,603,256,347,2,33,29,4,76,72,4,2
"2011","Wokingham 010B","E01016628",619,576,298,278,1,8,8,0,29,24,5,5
"2011","Wokingham 010C","E01016656",560,410,197,213,0,39,27,12,90,76,14,21
"2011","Wokingham 010D","E01016700",722,625,245,380,1,12,4,8,79,75,4,5
"2011","Wokingham 011A","E01016644",529,447,137,310,4,5,4,1,72,68,4,1
"2011","Wokingham 011B","E01016645",745,533,159,374,3,4,0,4,203,193,10,2
"2011","Wokingham 011C","E01016646",610,534,150,384,1,2,0,2,70,65,5,3
"2011","Wokingham 011D","E01016648",638,469,118,351,4,27,0,27,133,124,9,5
"2011","Wokingham 011E","E01016649",622,505,162,343,3,7,1,6,104,99,5,3
"2011","Wokingham 012A","E01016651",587,449,223,226,0,26,3,23,110,104,6,2
"2011","Wokingham 012B","E01016654",590,510,229,281,3,12,8,4,63,59,4,2
"2011","Wokingham 012C","E01016655",503,444,147,297,0,5,3,2,53,51,2,1
"2011","Wokingham 012D","E01016679",842,496,180,316,44,135,79,56,154,150,4,13
"2011","Wokingham 012E","E01016680",496,290,110,180,5,105,101,4,94,84,10,2
"2011","Wokingham 012G","E01032758",608,394,101,293,46,87,48,39,75,60,15,6
"2011","Wokingham 012H","E01032759",580,447,165,282,27,35,18,17,67,62,5,4
"2011","Wokingham 013A","E01016626",800,504,244,260,5,119,59,60,156,143,13,16
"2011","Wokingham 013B","E01016671",869,637,410,227,0,92,66,26,127,122,5,13
"2011","Wokingham 013C","E01016673",740,303,125,178,4,343,301,42,83,72,11,7
"2011","Wokingham 013D","E01016674",580,393,184,209,0,128,104,24,55,47,8,4
"2011","Wokingham 013E","E01016696",736,390,150,240,3,114,63,51,218,208,10,11
"2011","Wokingham 014A","E01016670",821,662,216,446,35,27,18,9,92,87,5,5
"2011","Wokingham 014B","E01016672",702,649,309,340,1,5,2,3,45,40,5,2
"2011","Wokingham 014E","E01032763",905,773,425,348,0,55,51,4,64,57,7,13
"2011","Wokingham 015A","E01016612",788,739,321,418,0,10,10,0,37,34,3,2
"2011","Wokingham 015B","E01016629",523,498,299,199,0,1,1,0,22,17,5,2
"2011","Wokingham 015C","E01016630",569,519,202,317,0,3,2,1,45,44,1,2
"2011","Wokingham 015D","E01016635",507,455,161,294,0,3,3,0,47,42,5,2
"2011","Wokingham 016A","E01016625",658,578,289,289,0,9,4,5,67,61,6,4
"2011","Wokingham 016B","E01016631",558,421,167,254,10,73,27,46,51,46,5,3
"2011","Wokingham 016C","E01016632",588,529,232,297,1,8,0,8,47,46,1,3
"2011","Wokingham 016D","E01016634",606,532,251,281,0,20,4,16,51,45,6,3
"2011","Wokingham 016E","E01016699",635,478,219,259,0,50,24,26,101,95,6,6
"2011","Wokingham 017A","E01016682",748,553,215,338,31,29,18,11,124,117,7,11
"2011","Wokingham 017B","E01016683",728,543,224,319,82,36,34,2,61,54,7,6
"2011","Wokingham 017C","E01016690",747,505,237,268,29,113,105,8,89,79,10,11
"2011","Wokingham 017D","E01016691",446,344,168,176,3,25,18,7,55,48,7,19
"2011","Wokingham 018A","E01016610",1094,720,241,479,36,105,52,53,205,107,98,28
"2011","Wokingham 018B","E01016611",438,220,76,144,2,41,28,13,169,41,128,6
"2011","Wokingham 018C","E01016641",548,498,280,218,1,8,4,4,36,28,8,5
"2011","Wokingham 018D","E01016642",455,225,88,137,1,189,181,8,36,26,10,4
"2011","Wokingham 019A","E01016633",497,454,195,259,1,7,6,1,32,29,3,3
"2011","Wokingham 019B","E01016636",562,539,276,263,0,2,1,1,19,19,0,2
"2011","Wokingham 019C","E01016637",408,385,204,181,2,2,1,1,17,16,1,2
"2011","Wokingham 019D","E01016638",493,459,157,302,3,3,2,1,28,26,2,0
"2011","Wokingham 019E","E01016639",609,497,195,302,1,66,62,4,43,39,4,2
"2011","Wokingham 019F","E01016640",611,540,308,232,0,24,11,13,42,37,5,5
"2011","Wokingham 019G","E01016643",499,461,185,276,0,4,3,1,30,25,5,4
"2011","Wokingham 020A","E01016705",501,340,142,198,2,38,38,0,101,89,12,20
"2011","Wokingham 020B","E01016706",636,592,256,336,1,2,1,1,38,34,4,3
"2011","Wokingham 020C","E01016707",629,563,284,279,2,17,14,3,38,34,4,9
"2011","Wokingham 020D","E01016708",653,601,319,282,0,1,1,0,48,45,3,3
"2011","Wokingham 020E","E01016709",608,579,332,247,0,4,2,2,19,17,2,6
"2011","Aylesbury Vale 001A","E01017648",683,579,252,327,6,16,4,12,76,74,2,6
"2011","Aylesbury Vale 001B","E01017649",833,574,288,286,11,118,25,93,124,112,12,6
"2011","Aylesbury Vale 001C","E01017650",609,524,197,327,3,2,0,2,78,74,4,2
"2011","Aylesbury Vale 001F","E01032960",954,709,357,352,5,89,21,68,122,107,15,29
"2011","Aylesbury Vale 002A","E01017644",633,474,194,280,7,27,4,23,122,117,5,3
"2011","Aylesbury Vale 002B","E01017645",574,241,96,145,0,110,22,88,213,194,19,10
"2011","Aylesbury Vale 002C","E01017646",790,467,232,235,5,239,82,157,67,61,6,12
"2011","Aylesbury Vale 002D","E01017647",619,576,306,270,2,9,4,5,31,29,2,1
"2011","Aylesbury Vale 003A","E01017671",609,493,232,261,12,48,15,33,49,43,6,7
"2011","Aylesbury Vale 003B","E01017672",578,461,202,259,3,39,9,30,63,51,12,12
"2011","Aylesbury Vale 003C","E01017695",511,418,219,199,1,61,23,38,18,14,4,13
"2011","Aylesbury Vale 003D","E01017696",510,419,203,216,2,42,18,24,38,37,1,9
"2011","Aylesbury Vale 004A","E01017693",438,312,133,179,1,58,15,43,56,52,4,11
"2011","Aylesbury Vale 004B","E01017694",826,668,233,435,13,70,14,56,66,58,8,9
"2011","Aylesbury Vale 004C","E01017713",589,412,142,270,2,101,34,67,65,58,7,9
"2011","Aylesbury Vale 004D","E01017714",521,417,167,250,2,20,3,17,72,63,9,10
"2011","Aylesbury Vale 004E","E01017717",692,496,258,238,5,82,22,60,86,79,7,23
"2011","Aylesbury Vale 004F","E01017718",640,485,218,267,9,45,8,37,90,72,18,11
"2011","Aylesbury Vale 005A","E01017735",545,402,184,218,1,57,13,44,65,57,8,20
"2011","Aylesbury Vale 005B","E01017736",662,401,202,199,2,182,41,141,68,60,8,9
"2011","Aylesbury Vale 005C","E01017737",593,538,305,233,2,4,2,2,45,42,3,4
"2011","Aylesbury Vale 005D","E01017738",685,488,236,252,3,42,12,30,141,132,9,11
"2011","Aylesbury Vale 006A","E01017669",605,472,253,219,3,77,26,51,40,37,3,13
"2011","Aylesbury Vale 006B","E01017670",633,473,224,249,5,71,21,50,73,64,9,11
"2011","Aylesbury Vale 006C","E01017715",460,314,160,154,0,35,11,24,99,81,18,12
"2011","Aylesbury Vale 006D","E01017716",713,552,252,300,10,88,24,64,52,48,4,11
"2011","Aylesbury Vale 007A","E01017641",708,597,303,294,1,45,13,32,55,47,8,10
"2011","Aylesbury Vale 007B","E01017731",550,331,143,188,18,139,27,112,43,34,9,19
"2011","Aylesbury Vale 007C","E01017732",549,456,210,246,3,18,5,13,62,53,9,10
"2011","Aylesbury Vale 007D","E01017733",509,363,191,172,3,91,22,69,46,40,6,6
"2011","Aylesbury Vale 007E","E01017734",553,478,208,270,0,12,2,10,55,52,3,8
"2011","Aylesbury Vale 008A","E01017703",523,376,203,173,4,63,9,54,72,66,6,8
"2011","Aylesbury Vale 008B","E01017704",486,410,199,211,4,36,6,30,29,27,2,7
"2011","Aylesbury Vale 008C","E01017719",501,316,112,204,3,114,28,86,54,52,2,14
"2011","Aylesbury Vale 008D","E01017720",512,319,130,189,2,31,6,25,128,102,26,32
"2011","Aylesbury Vale 008F","E01032958",622,467,234,233,2,66,15,51,75,69,6,12
"2011","Aylesbury Vale 008G","E01032959",628,314,57,257,34,236,18,218,38,35,3,6
"2011","Aylesbury Vale 009A","E01017651",602,529,244,285,2,35,11,24,31,28,3,5
"2011","Aylesbury Vale 009B","E01017652",625,470,186,284,5,76,23,53,66,57,9,8
"2011","Aylesbury Vale 009C","E01017657",584,514,311,203,1,31,9,22,30,27,3,8
"2011","Aylesbury Vale 009D","E01017658",594,487,198,289,1,30,10,20,65,59,6,11
"2011","Aylesbury Vale 009E","E01017701",810,662,230,432,4,74,15,59,66,60,6,4
"2011","Aylesbury Vale 009F","E01017702",608,422,177,245,2,126,45,81,48,44,4,10
"2011","Aylesbury Vale 010A","E01017642",539,409,206,203,1,49,12,37,70,62,8,10
"2011","Aylesbury Vale 010B","E01017643",529,371,177,194,5,53,11,42,93,82,11,7
"2011","Aylesbury Vale 010C","E01017673",486,392,196,196,1,38,11,27,46,41,5,9
"2011","Aylesbury Vale 010D","E01017674",512,430,150,280,2,22,5,17,52,42,10,6
"2011","Aylesbury Vale 011A","E01017659",607,348,148,200,3,170,53,117,79,71,8,7
"2011","Aylesbury Vale 011B","E01017660",740,469,119,350,2,56,14,42,209,199,10,4
"2011","Aylesbury Vale 011C","E01017661",618,331,126,205,9,182,39,143,90,84,6,6
"2011","Aylesbury Vale 011D","E01017664",627,472,140,332,3,7,5,2,140,131,9,5
"2011","Aylesbury Vale 012A","E01017705",483,414,128,286,1,22,4,18,46,46,0,0
"2011","Aylesbury Vale 012B","E01017706",498,298,73,225,2,159,49,110,34,30,4,5
"2011","Aylesbury Vale 012C","E01017707",468,167,36,131,0,255,95,160,38,36,2,8
"2011","Aylesbury Vale 012D","E01017708",595,316,105,211,2,177,67,110,92,77,15,8
"2011","Aylesbury Vale 013A","E01017665",584,331,130,201,6,180,43,137,52,40,12,15
"2011","Aylesbury Vale 013B","E01017666",733,502,247,255,4,63,8,55,156,150,6,8
"2011","Aylesbury Vale 013C","E01017667",506,296,97,199,5,160,48,112,38,33,5,7
"2011","Aylesbury Vale 013D","E01017668",617,476,172,304,1,70,17,53,63,58,5,7
"2011","Aylesbury Vale 014A","E01017697",621,475,150,325,4,25,0,25,116,110,6,1
"2011","Aylesbury Vale 014B","E01017698",534,347,117,230,12,105,29,76,66,60,6,4
"2011","Aylesbury Vale 014C","E01017699",435,293,89,204,1,32,8,24,109,100,9,0
"2011","Aylesbury Vale 014D","E01017700",619,543,307,236,0,4,0,4,71,66,5,1
"2011","Aylesbury Vale 015B","E01017634",634,356,137,219,17,40,5,35,215,201,14,6
"2011","Aylesbury Vale 015C","E01017662",515,305,153,152,1,89,3,86,120,112,8,0
"2011","Aylesbury Vale 015D","E01017663",600,295,139,156,4,140,43,97,150,138,12,11
"2011","Aylesbury Vale 015E","E01032955",722,289,147,142,97,151,15,136,176,169,7,9
"2011","Aylesbury Vale 015F","E01032961",503,189,65,124,4,100,16,84,204,189,15,6
"2011","Aylesbury Vale 016A","E01017653",608,465,163,302,3,47,12,35,90,87,3,3
"2011","Aylesbury Vale 016B","E01017654",542,229,72,157,17,220,68,152,73,66,7,3
"2011","Aylesbury Vale 016C","E01017655",813,609,144,465,9,44,5,39,149,134,15,2
"2011","Aylesbury Vale 016E","E01032956",670,522,78,444,1,3,0,3,142,131,11,2
"2011","Aylesbury Vale 016F","E01032957",598,384,71,313,3,11,2,9,197,188,9,3
"2011","Aylesbury Vale 016G","E01032962",656,485,96,389,3,7,1,6,158,149,9,3
"2011","Aylesbury Vale 017A","E01017635",609,495,266,229,1,2,0,2,101,91,10,10
"2011","Aylesbury Vale 017B","E01017636",637,578,314,264,3,9,2,7,45,40,5,2
"2011","Aylesbury Vale 017C","E01017637",492,383,145,238,9,34,12,22,60,58,2,6
"2011","Aylesbury Vale 017D","E01017638",499,438,261,177,1,5,3,2,53,19,34,2
"2011","Aylesbury Vale 017E","E01017639",611,563,297,266,0,2,0,2,42,38,4,4
"2011","Aylesbury Vale 017F","E01017640",624,556,294,262,0,44,1,43,22,19,3,2
"2011","Aylesbury Vale 018A","E01017709",569,237,76,161,2,261,91,170,58,54,4,11
"2011","Aylesbury Vale 018B","E01017710",517,333,121,212,12,131,44,87,32,25,7,9
"2011","Aylesbury Vale 018C","E01017711",622,255,91,164,1,295,119,176,56,50,6,15
"2011","Aylesbury Vale 018D","E01017712",798,312,80,232,21,280,95,185,175,165,10,10
"2011","Aylesbury Vale 019A","E01017687",886,390,109,281,23,322,33,289,144,114,30,7
"2011","Aylesbury Vale 019B","E01017688",513,377,115,262,3,36,8,28,95,88,7,2
"2011","Aylesbury Vale 019C","E01017689",568,463,184,279,3,27,2,25,73,60,13,2
"2011","Aylesbury Vale 019D","E01017690",483,381,169,212,0,31,8,23,64,59,5,7
"2011","Aylesbury Vale 019E","E01017691",517,471,183,288,2,9,0,9,35,28,7,0
"2011","Aylesbury Vale 019F","E01017692",683,474,215,259,13,17,3,14,176,163,13,3
"2011","Aylesbury Vale 020A","E01017721",773,523,147,376,13,71,22,49,159,153,6,7
"2011","Aylesbury Vale 020B","E01017722",624,496,149,347,8,38,5,33,81,72,9,1
"2011","Aylesbury Vale 020C","E01017723",500,236,64,172,4,207,84,123,46,41,5,7
"2011","Aylesbury Vale 020D","E01017724",498,258,72,186,2,177,60,117,56,52,4,5
"2011","Aylesbury Vale 021A","E01017627",676,484,184,300,2,97,32,65,82,54,28,11
"2011","Aylesbury Vale 021B","E01017628",633,558,266,292,2,25,4,21,45,36,9,3
"2011","Aylesbury Vale 021C","E01017629",649,571,288,283,0,16,0,16,58,48,10,4
"2011","Aylesbury Vale 021D","E01017630",617,514,279,235,1,62,18,44,31,28,3,9
"2011","Aylesbury Vale 021E","E01017631",644,498,234,264,0,70,22,48,63,57,6,13
"2011","Aylesbury Vale 021F","E01017632",618,556,274,282,1,5,2,3,53,50,3,3
"2011","Aylesbury Vale 022A","E01017675",605,514,286,228,6,16,5,11,67,60,7,2
"2011","Aylesbury Vale 022B","E01017676",568,506,307,199,1,11,3,8,43,38,5,7
"2011","Aylesbury Vale 022C","E01017677",602,527,331,196,1,19,2,17,49,46,3,6
"2011","Aylesbury Vale 022D","E01017678",547,417,221,196,0,21,7,14,96,91,5,13
"2011","Aylesbury Vale 022E","E01017679",616,466,187,279,8,96,21,75,39,33,6,7
"2011","Aylesbury Vale 022F","E01017680",449,261,130,131,0,148,42,106,31,24,7,9
"2011","Aylesbury Vale 023A","E01017681",523,325,140,185,2,154,32,122,33,28,5,9
"2011","Aylesbury Vale 023B","E01017682",481,429,235,194,1,7,3,4,36,32,4,8
"2011","Aylesbury Vale 023C","E01017683",671,520,265,255,4,80,25,55,59,49,10,8
"2011","Aylesbury Vale 023D","E01017684",462,393,228,165,0,39,8,31,26,23,3,4
"2011","Aylesbury Vale 024A","E01017726",527,352,239,113,1,73,12,61,87,70,17,14
"2011","Aylesbury Vale 024B","E01017727",661,594,329,265,0,8,3,5,49,43,6,10
"2011","Aylesbury Vale 024C","E01017728",740,316,87,229,14,117,9,108,290,58,232,3
"2011","Aylesbury Vale 024D","E01017729",679,579,280,299,7,51,10,41,38,33,5,4
"2011","Aylesbury Vale 024E","E01017730",734,419,206,213,1,233,56,177,70,56,14,11
"2011","Chiltern 001A","E01017750",883,727,405,322,2,65,9,56,76,66,10,13
"2011","Chiltern 001B","E01017752",887,773,457,316,2,46,7,39,59,55,4,7
"2011","Chiltern 001C","E01017766",904,788,502,286,0,38,0,38,66,59,7,12
"2011","Chiltern 001D","E01017778",516,407,241,166,1,60,10,50,33,29,4,15
"2011","Chiltern 002A","E01017747",533,379,188,191,5,91,11,80,52,47,5,6
"2011","Chiltern 002B","E01017748",727,344,138,206,2,345,55,290,31,28,3,5
"2011","Chiltern 002C","E01017749",659,603,330,273,10,19,3,16,26,26,0,1
"2011","Chiltern 002D","E01017789",508,336,164,172,1,143,27,116,27,26,1,1
"2011","Chiltern 002E","E01017790",495,223,104,119,5,241,49,192,24,23,1,2
"2011","Chiltern 002F","E01017795",829,552,282,270,31,162,31,131,75,68,7,9
"2011","Chiltern 003A","E01017769",627,534,228,306,3,15,1,14,70,68,2,5
"2011","Chiltern 003B","E01017771",623,577,330,247,2,6,0,6,32,27,5,6
"2011","Chiltern 003C","E01017780",490,418,186,232,3,11,0,11,53,47,6,5
"2011","Chiltern 003D","E01017781",455,263,91,172,0,120,27,93,68,63,5,4
"2011","Chiltern 004A","E01017770",642,362,135,227,6,123,24,99,148,138,10,3
"2011","Chiltern 004B","E01017791",621,395,165,230,6,163,18,145,54,53,1,3
"2011","Chiltern 004C","E01017792",923,505,262,243,4,212,32,180,187,174,13,15
"2011","Chiltern 004D","E01017793",610,411,205,206,4,146,11,135,42,38,4,7
"2011","Chiltern 005A","E01017768",960,735,446,289,2,103,10,93,106,95,11,14
"2011","Chiltern 005B","E01017779",425,373,220,153,0,28,4,24,18,15,3,6
"2011","Chiltern 005C","E01017785",666,602,342,260,0,7,1,6,49,45,4,8
"2011","Chiltern 005D","E01017786",603,522,258,264,4,31,6,25,38,35,3,8
"2011","Chiltern 005E","E01017787",615,552,314,238,1,14,1,13,40,35,5,8
"2011","Chiltern 005F","E01017788",763,482,233,249,2,209,27,182,65,57,8,5
"2011","Chiltern 006A","E01017741",665,450,238,212,0,168,18,150,43,37,6,4
"2011","Chiltern 006B","E01017742",701,526,304,222,2,30,3,27,138,130,8,5
"2011","Chiltern 006C","E01017743",638,303,124,179,2,253,46,207,79,73,6,1
"2011","Chiltern 006D","E01017763",750,596,387,209,1,19,2,17,126,122,4,8
"2011","Chiltern 006E","E01017764",609,562,305,257,2,12,2,10,24,19,5,9
"2011","Chiltern 006F","E01017765",619,574,348,226,1,10,1,9,31,27,4,3
"2011","Chiltern 007A","E01017739",493,429,209,220,0,12,0,12,47,43,4,5
"2011","Chiltern 007B","E01017740",532,369,158,211,12,56,11,45,91,84,7,4
"2011","Chiltern 007C","E01017744",569,421,203,218,21,64,9,55,57,54,3,6
"2011","Chiltern 007D","E01017745",813,537,305,232,3,122,9,113,137,129,8,14
"2011","Chiltern 007E","E01017746",593,471,222,249,1,54,6,48,63,63,0,4
"2011","Chiltern 008A","E01017762",527,476,276,200,0,8,1,7,33,32,1,10
"2011","Chiltern 008B","E01017775",677,387,220,167,41,186,24,162,57,56,1,6
"2011","Chiltern 008C","E01017776",661,377,198,179,9,204,34,170,65,60,5,6
"2011","Chiltern 008D","E01017777",644,591,355,236,2,15,1,14,32,32,0,4
"2011","Chiltern 010A","E01017759",776,516,308,208,18,136,22,114,93,84,9,13
"2011","Chiltern 010B","E01017760",658,579,351,228,2,36,4,32,38,37,1,3
"2011","Chiltern 010C","E01017761",862,744,383,361,2,46,8,38,60,55,5,10
"2011","Chiltern 010D","E01017794",889,753,382,371,4,58,3,55,66,65,1,8
"2011","Chiltern 011A","E01017754",551,503,269,234,0,16,1,15,29,24,5,3
"2011","Chiltern 011B","E01017755",662,487,248,239,13,32,7,25,124,118,6,6
"2011","Chiltern 011C","E01017756",584,550,334,216,0,4,1,3,28,26,2,2
"2011","Chiltern 011D","E01017757",479,392,204,188,1,64,9,55,17,15,2,5
"2011","Chiltern 011E","E01017758",426,378,195,183,0,12,0,12,34,12,22,2
"2011","Chiltern 012A","E01017751",787,710,388,322,4,11,1,10,47,40,7,15
"2011","Chiltern 012B","E01017753",516,320,129,191,1,158,24,134,34,30,4,3
"2011","Chiltern 012C","E01017767",879,664,327,337,2,146,14,132,60,53,7,7
"2011","Chiltern 013A","E01017773",609,534,294,240,1,33,8,25,31,27,4,10
"2011","Chiltern 013B","E01017774",505,471,277,194,1,12,3,9,15,12,3,6
"2011","Chiltern 013C","E01017782",544,511,300,211,0,5,1,4,25,23,2,3
"2011","Chiltern 013D","E01017783",601,470,251,219,12,49,4,45,57,52,5,13
"2011","Chiltern 013E","E01017784",645,540,295,245,2,40,1,39,54,50,4,9
"2011","Chiltern 013F","E01032609",518,364,178,186,1,104,15,89,40,38,2,9
"2011","South Bucks 001A","E01017796",776,409,254,155,15,158,10,148,180,155,25,14
"2011","South Bucks 001B","E01017797",533,487,301,186,1,9,1,8,31,30,1,5
"2011","South Bucks 001C","E01017798",714,588,378,210,2,33,1,32,77,75,2,14
"2011","South Bucks 001D","E01017799",791,553,280,273,4,72,7,65,148,141,7,14
"2011","South Bucks 001E","E01017800",684,319,140,179,14,169,11,158,167,104,63,15
"2011","South Bucks 001F","E01017801",580,497,256,241,1,20,2,18,54,52,2,8
"2011","South Bucks 001G","E01017802",655,408,233,175,4,194,13,181,43,39,4,6
"2011","South Bucks 002A","E01017818",715,537,243,294,3,66,7,59,87,78,9,22
"2011","South Bucks 002B","E01017819",552,479,267,212,0,4,3,1,60,56,4,9
"2011","South Bucks 002C","E01017820",703,485,339,146,0,46,1,45,163,151,12,9
"2011","South Bucks 002D","E01017821",561,457,257,200,8,7,0,7,69,63,6,20
"2011","South Bucks 002E","E01017822",629,573,290,283,0,4,0,4,47,42,5,5
"2011","South Bucks 003A","E01017810",902,476,265,211,2,294,14,280,119,108,11,11
"2011","South Bucks 003B","E01017811",498,400,251,149,6,42,3,39,40,33,7,10
"2011","South Bucks 003C","E01017812",651,443,203,240,6,111,21,90,88,72,16,3
"2011","South Bucks 003D","E01017813",755,639,321,318,30,12,1,11,68,60,8,6
"2011","South Bucks 004A","E01017815",679,572,304,268,7,30,1,29,61,55,6,9
"2011","South Bucks 004B","E01017816",723,512,279,233,21,90,6,84,94,78,16,6
"2011","South Bucks 004C","E01017817",724,522,242,280,32,103,8,95,50,46,4,17
"2011","South Bucks 004D","E01017823",572,409,203,206,1,77,5,72,71,63,8,14
"2011","South Bucks 005A","E01017830",779,553,260,293,13,128,10,118,71,66,5,14
"2011","South Bucks 005B","E01017831",648,564,311,253,5,14,2,12,60,50,10,5
"2011","South Bucks 005C","E01017832",601,452,226,226,1,81,5,76,56,45,11,11
"2011","South Bucks 005D","E01017834",552,431,230,201,4,69,13,56,42,34,8,6
"2011","South Bucks 005E","E01017835",774,640,406,234,40,31,2,29,55,49,6,8
"2011","South Bucks 006A","E01017803",486,406,233,173,4,13,6,7,49,38,11,14
"2011","South Bucks 006B","E01017806",648,570,302,268,7,24,1,23,42,37,5,5
"2011","South Bucks 006C","E01017814",595,478,245,233,2,40,4,36,65,54,11,10
"2011","South Bucks 006D","E01017833",791,597,353,244,8,28,1,27,139,126,13,19
"2011","South Bucks 007A","E01017804",683,455,253,202,3,116,14,102,100,87,13,9
"2011","South Bucks 007B","E01017805",774,392,146,246,5,311,20,291,57,56,1,9
"2011","South Bucks 007C","E01017807",608,493,226,267,4,32,1,31,72,66,6,7
"2011","South Bucks 007D","E01017808",642,411,191,220,20,118,5,113,86,83,3,7
"2011","South Bucks 007E","E01017809",587,375,132,243,5,157,7,150,47,42,5,3
"2011","South Bucks 008A","E01017824",685,529,243,286,12,84,10,74,55,51,4,5
"2011","South Bucks 008B","E01017825",651,552,235,317,16,21,0,21,56,53,3,6
"2011","South Bucks 008C","E01017826",623,336,152,184,78,173,19,154,32,27,5,4
"2011","South Bucks 008D","E01017827",664,465,227,238,10,94,7,87,86,74,12,9
"2011","South Bucks 008E","E01017828",659,417,180,237,5,181,16,165,49,46,3,7
"2011","South Bucks 008F","E01017829",667,572,242,330,3,10,3,7,75,68,7,7
"2011","Wycombe 001A","E01017929",785,367,198,169,6,267,199,68,128,115,13,17
"2011","Wycombe 001B","E01017930",731,631,354,277,3,13,9,4,76,68,8,8
"2011","Wycombe 001C","E01017931",600,432,216,216,6,114,92,22,41,35,6,7
"2011","Wycombe 001D","E01017932",680,567,336,231,3,57,32,25,45,38,7,8
"2011","Wycombe 001E","E01017933",704,540,318,222,1,118,100,18,39,33,6,6
"2011","Wycombe 002A","E01017885",672,534,282,252,2,48,33,15,75,64,11,13
"2011","Wycombe 002B","E01017886",614,497,280,217,3,31,20,11,67,52,15,16
"2011","Wycombe 002C","E01017887",468,401,229,172,1,25,22,3,36,29,7,5
"2011","Wycombe 002D","E01017888",630,376,205,171,1,37,19,18,204,74,130,12
"2011","Wycombe 003A","E01017869",511,476,260,216,0,4,2,2,23,15,8,8
"2011","Wycombe 003B","E01017870",478,435,234,201,2,3,2,1,29,22,7,9
"2011","Wycombe 003C","E01017871",609,558,312,246,2,8,6,2,33,25,8,8
"2011","Wycombe 003D","E01017872",673,610,372,238,6,9,7,2,40,34,6,8
"2011","Wycombe 003E","E01017873",517,472,199,273,2,12,11,1,29,23,6,2
"2011","Wycombe 003F","E01017874",459,246,137,109,6,35,14,21,163,26,137,9
"2011","Wycombe 004A","E01017915",530,402,176,226,9,52,45,7,52,39,13,15
"2011","Wycombe 004B","E01017916",480,405,212,193,1,20,15,5,49,38,11,5
"2011","Wycombe 004C","E01017917",578,454,186,268,4,19,10,9,91,84,7,10
"2011","Wycombe 004D","E01017918",702,431,192,239,5,166,72,94,88,80,8,12
"2011","Wycombe 006A","E01017857",598,239,68,171,4,285,250,35,61,53,8,9
"2011","Wycombe 006B","E01017858",601,317,63,254,4,132,35,97,142,130,12,6
"2011","Wycombe 006C","E01017859",503,417,208,209,3,18,11,7,58,54,4,7
"2011","Wycombe 006D","E01017860",493,311,120,191,5,100,64,36,67,63,4,10
"2011","Wycombe 006E","E01017861",607,527,243,284,4,22,5,17,54,50,4,0
"2011","Wycombe 006F","E01017862",706,571,250,321,9,57,36,21,65,64,1,4
"2011","Wycombe 006G","E01017863",641,589,271,318,0,10,5,5,36,30,6,6
"2011","Wycombe 007A","E01017842",1053,783,424,359,2,56,20,36,189,94,95,23
"2011","Wycombe 007B","E01017853",575,411,152,259,5,45,2,43,107,98,9,7
"2011","Wycombe 007C","E01017854",505,410,209,201,3,28,23,5,56,49,7,8
"2011","Wycombe 007D","E01017878",1074,749,428,321,5,42,28,14,211,183,28,67
"2011","Wycombe 008A","E01017920",476,398,164,234,7,33,31,2,34,34,0,4
"2011","Wycombe 008B","E01017921",674,430,161,269,13,22,2,20,205,188,17,4
"2011","Wycombe 008C","E01017922",676,443,166,277,2,72,59,13,148,141,7,11
"2011","Wycombe 008D","E01017923",666,258,114,144,2,91,12,79,305,285,20,10
"2011","Wycombe 008E","E01017924",557,451,218,233,1,11,8,3,85,81,4,9
"2011","Wycombe 009A","E01017937",567,510,247,263,1,16,7,9,35,28,7,5
"2011","Wycombe 009B","E01017938",503,449,208,241,8,4,2,2,36,32,4,6
"2011","Wycombe 009C","E01017940",673,556,208,348,6,15,11,4,93,83,10,3
"2011","Wycombe 009D","E01017942",587,506,243,263,2,62,57,5,15,13,2,2
"2011","Wycombe 010A","E01017850",474,237,57,180,2,146,104,42,84,75,9,5
"2011","Wycombe 010B","E01017851",678,385,117,268,1,129,91,38,155,150,5,8
"2011","Wycombe 010C","E01017852",709,535,215,320,7,27,11,16,135,121,14,5
"2011","Wycombe 010D","E01017919",630,279,107,172,10,115,90,25,216,202,14,10
"2011","Wycombe 011A","E01017925",785,425,138,287,60,140,73,67,154,148,6,6
"2011","Wycombe 011B","E01017926",669,180,55,125,90,327,179,148,60,54,6,12
"2011","Wycombe 011C","E01017927",589,462,213,249,5,73,69,4,39,36,3,10
"2011","Wycombe 011D","E01017928",614,380,166,214,2,165,156,9,52,43,9,15
"2011","Wycombe 012A","E01017911",670,373,128,245,6,203,180,23,78,65,13,10
"2011","Wycombe 012B","E01017912",523,388,165,223,2,14,8,6,113,100,13,6
"2011","Wycombe 012C","E01017913",745,363,102,261,8,96,14,82,273,267,6,5
"2011","Wycombe 012D","E01017914",507,426,148,278,14,28,18,10,36,30,6,3
"2011","Wycombe 013A","E01017903",508,284,94,190,3,83,54,29,136,124,12,2
"2011","Wycombe 013B","E01017904",607,295,92,203,37,88,21,67,182,175,7,5
"2011","Wycombe 013C","E01017905",838,347,120,227,5,126,79,47,352,330,22,8
"2011","Wycombe 013D","E01017906",501,278,74,204,1,143,131,12,73,69,4,6
"2011","Wycombe 013E","E01017907",621,331,137,194,0,183,169,14,99,95,4,8
"2011","Wycombe 014A","E01017899",688,346,113,233,11,252,175,77,59,50,9,20
"2011","Wycombe 014B","E01017900",528,284,111,173,2,164,44,120,76,73,3,2
"2011","Wycombe 014C","E01017901",462,231,80,151,3,192,156,36,29,22,7,7
"2011","Wycombe 014D","E01017902",637,303,89,214,5,236,186,50,83,78,5,10
"2011","Wycombe 015A","E01017836",551,416,158,258,9,23,20,3,98,91,7,5
"2011","Wycombe 015B","E01017837",779,198,74,124,29,196,82,114,339,319,20,17
"2011","Wycombe 015C","E01017838",510,367,154,213,4,11,1,10,125,103,22,3
"2011","Wycombe 015D","E01017839",496,266,154,112,0,35,2,33,172,154,18,23
"2011","Wycombe 015E","E01017840",666,514,242,272,5,36,27,9,103,85,18,8
"2011","Wycombe 015F","E01017841",518,403,183,220,0,12,3,9,99,37,62,4
"2011","Wycombe 016A","E01017908",1167,555,146,409,26,350,190,160,223,207,16,13
"2011","Wycombe 016B","E01017909",938,535,167,368,50,106,18,88,242,229,13,5
"2011","Wycombe 016C","E01017910",1072,594,221,373,7,139,88,51,320,306,14,12
"2011","Wycombe 016D","E01017941",671,419,164,255,8,113,63,50,121,114,7,10
"2011","Wycombe 017A","E01017843",654,558,312,246,4,55,50,5,34,32,2,3
"2011","Wycombe 017B","E01017844",731,407,163,244,28,218,141,77,62,60,2,16
"2011","Wycombe 017C","E01017845",706,454,176,278,8,145,121,24,85,81,4,14
"2011","Wycombe 017D","E01017855",617,453,228,225,5,78,65,13,69,65,4,12
"2011","Wycombe 017E","E01017856",538,311,131,180,5,178,155,23,35,30,5,9
"2011","Wycombe 018A","E01017864",520,488,258,230,0,5,4,1,25,22,3,2
"2011","Wycombe 018B","E01017865",611,580,314,266,1,4,3,1,22,21,1,4
"2011","Wycombe 018C","E01017867",610,394,161,233,0,167,161,6,39,35,4,10
"2011","Wycombe 018D","E01017868",649,558,300,258,0,12,8,4,68,57,11,11
"2011","Wycombe 019A","E01017934",750,430,152,278,6,217,179,38,90,79,11,7
"2011","Wycombe 019B","E01017935",872,608,229,379,21,78,50,28,158,142,16,7
"2011","Wycombe 019C","E01017936",649,532,289,243,2,32,27,5,78,72,6,5
"2011","Wycombe 019D","E01017939",558,410,169,241,6,50,22,28,83,77,6,9
"2011","Wycombe 020A","E01017866",603,514,323,191,4,5,3,2,73,63,10,7
"2011","Wycombe 020B","E01017875",544,306,170,136,1,11,3,8,215,49,166,11
"2011","Wycombe 020C","E01017876",775,728,371,357,1,8,4,4,34,30,4,4
"2011","Wycombe 020D","E01017877",641,505,265,240,0,93,44,49,37,29,8,6
"2011","Wycombe 021A","E01017846",639,343,190,153,2,183,163,20,84,80,4,27
"2011","Wycombe 021B","E01017847",682,522,280,242,1,46,10,36,108,97,11,5
"2011","Wycombe 021C","E01017848",474,441,249,192,0,1,0,1,27,26,1,5
"2011","Wycombe 021D","E01017849",665,526,255,271,1,9,7,2,122,113,9,7
"2011","Wycombe 022A","E01017889",530,336,136,200,0,128,119,9,63,58,5,3
"2011","Wycombe 022B","E01017890",500,467,248,219,0,11,9,2,18,17,1,4
"2011","Wycombe 022C","E01017891",635,522,283,239,2,19,12,7,82,80,2,10
"2011","Wycombe 022D","E01017892",607,552,319,233,0,9,7,2,44,43,1,2
"2011","Wycombe 022E","E01017893",799,370,195,175,4,233,204,29,161,145,16,31
"2011","Wycombe 022F","E01017894",658,541,312,229,1,21,17,4,93,85,8,2
"2011","Wycombe 023A","E01017895",606,365,179,186,1,125,117,8,105,98,7,10
"2011","Wycombe 023B","E01017896",629,486,263,223,3,11,7,4,117,107,10,12
"2011","Wycombe 023C","E01017897",643,471,186,285,4,51,51,0,112,107,5,5
"2011","Wycombe 023D","E01017898",499,303,95,208,2,110,75,35,81,76,5,3
"2011","Wycombe 024A","E01017880",519,498,246,252,0,2,0,2,18,16,2,1
"2011","Wycombe 024B","E01017881",701,622,341,281,3,30,22,8,37,31,6,9
"2011","Wycombe 024C","E01017882",635,545,266,279,1,29,23,6,56,50,6,4
"2011","Wycombe 024D","E01017883",626,543,276,267,3,31,3,28,47,41,6,2
"2011","Wycombe 024E","E01017884",627,463,206,257,3,105,22,83,49,43,6,7
"2011","Wycombe 024F","E01032610",652,569,304,265,3,30,4,26,49,44,5,1
"2011","Eastbourne 001A","E01020924",551,395,164,231,5,97,66,31,53,51,2,1
"2011","Eastbourne 001B","E01020925",605,271,93,178,3,248,199,49,77,68,9,6
"2011","Eastbourne 001C","E01020927",567,350,129,221,13,114,97,17,83,78,5,7
"2011","Eastbourne 001D","E01020928",791,577,341,236,4,83,64,19,111,105,6,16
"2011","Eastbourne 001E","E01020930",495,198,46,152,35,214,124,90,46,40,6,2
"2011","Eastbourne 002A","E01020917",587,228,71,157,4,281,136,145,68,66,2,6
"2011","Eastbourne 002B","E01020918",625,424,173,251,4,79,35,44,112,110,2,6
"2011","Eastbourne 002C","E01020919",584,361,158,203,4,105,89,16,110,104,6,4
"2011","Eastbourne 002D","E01020923",569,171,47,124,3,303,109,194,87,85,2,5
"2011","Eastbourne 002E","E01020949",685,564,324,240,4,48,34,14,66,61,5,3
"2011","Eastbourne 003A","E01020926",613,476,219,257,1,103,25,78,32,32,0,1
"2011","Eastbourne 003B","E01020929",739,343,170,173,5,293,260,33,90,77,13,8
"2011","Eastbourne 003C","E01020955",700,387,193,194,2,213,189,24,84,71,13,14
"2011","Eastbourne 003D","E01020956",822,733,504,229,6,23,6,17,52,51,1,8
"2011","Eastbourne 003E","E01020957",663,454,235,219,5,118,84,34,72,67,5,14
"2011","Eastbourne 004A","E01020920",741,259,119,140,2,331,248,83,133,127,6,16
"2011","Eastbourne 004B","E01020921",604,388,192,196,3,155,145,10,54,43,11,4
"2011","Eastbourne 004C","E01020922",599,268,111,157,2,194,51,143,131,122,9,4
"2011","Eastbourne 004D","E01020945",802,718,440,278,2,22,8,14,52,49,3,8
"2011","Eastbourne 004E","E01020950",738,599,398,201,2,87,62,25,45,39,6,5
"2011","Eastbourne 006A","E01020940",602,508,316,192,0,29,5,24,55,49,6,10
"2011","Eastbourne 006B","E01020941",646,338,147,191,0,253,236,17,50,49,1,5
"2011","Eastbourne 006C","E01020942",626,552,270,282,3,21,17,4,49,48,1,1
"2011","Eastbourne 006D","E01020946",734,650,411,239,1,16,12,4,62,58,4,5
"2011","Eastbourne 006E","E01020947",722,481,245,236,1,170,134,36,62,58,4,8
"2011","Eastbourne 007A","E01020914",814,494,188,306,5,37,10,27,273,257,16,5
"2011","Eastbourne 007B","E01020915",839,491,273,218,10,87,10,77,244,222,22,7
"2011","Eastbourne 007C","E01020952",741,444,190,254,5,147,84,63,130,123,7,15
"2011","Eastbourne 007D","E01020953",572,511,204,307,1,7,5,2,50,46,4,3
"2011","Eastbourne 007E","E01020954",619,517,228,289,0,37,1,36,60,51,9,5
"2011","Eastbourne 008A","E01020948",758,506,364,142,5,90,1,89,155,71,84,2
"2011","Eastbourne 008B","E01020963",639,466,191,275,0,18,0,18,147,136,11,8
"2011","Eastbourne 008C","E01020965",1027,428,195,233,3,42,12,30,540,495,45,14
"2011","Eastbourne 008D","E01020966",856,493,289,204,3,86,21,65,270,250,20,4
"2011","Eastbourne 009A","E01020938",627,439,196,243,3,103,93,10,76,71,5,6
"2011","Eastbourne 009B","E01020939",649,509,244,265,5,17,4,13,112,107,5,6
"2011","Eastbourne 009C","E01020943",751,492,237,255,4,73,34,39,176,156,20,6
"2011","Eastbourne 009D","E01020964",887,577,362,215,2,63,47,16,240,218,22,5
"2011","Eastbourne 009E","E01020967",994,603,397,206,3,196,24,172,179,164,15,13
"2011","Eastbourne 010A","E01020910",829,283,135,148,26,159,106,53,354,329,25,7
"2011","Eastbourne 010B","E01020911",958,265,108,157,5,58,26,32,619,594,25,11
"2011","Eastbourne 010C","E01020912",1034,213,83,130,7,144,65,79,655,639,16,15
"2011","Eastbourne 010D","E01020916",769,409,182,227,4,28,10,18,324,302,22,4
"2011","Eastbourne 011A","E01020935",1075,428,247,181,3,53,13,40,579,546,33,12
"2011","Eastbourne 011B","E01020936",1025,621,516,105,19,14,7,7,338,313,25,33
"2011","Eastbourne 011C","E01020937",747,311,189,122,2,34,15,19,375,336,39,25
"2011","Eastbourne 011D","E01020968",911,421,261,160,4,34,15,19,438,420,18,14
"2011","Eastbourne 012A","E01020931",829,604,443,161,2,44,9,35,166,156,10,13
"2011","Eastbourne 012B","E01020932",843,654,544,110,3,57,1,56,116,111,5,13
"2011","Eastbourne 012C","E01020933",434,358,244,114,1,12,5,7,57,51,6,6
"2011","Eastbourne 012D","E01020934",685,459,355,104,2,7,0,7,208,202,6,9
"2011","Eastbourne 012E","E01020944",610,527,312,215,0,31,28,3,47,43,4,5
"2011","Eastbourne 013A","E01020913",972,536,279,257,5,228,149,79,189,167,22,14
"2011","Eastbourne 013B","E01020951",647,418,162,256,5,97,88,9,121,109,12,6
"2011","Eastbourne 013C","E01020959",609,451,207,244,3,71,10,61,80,70,10,4
"2011","Eastbourne 013D","E01020961",652,597,407,190,3,5,3,2,44,36,8,3
"2011","Eastbourne 013E","E01020962",976,682,400,282,3,48,6,42,234,219,15,9
"2011","Eastbourne 014A","E01020960",1172,727,339,388,5,18,3,15,418,404,14,4
"2011","Eastbourne 014B","E01032831",701,523,256,267,1,9,0,9,168,164,4,0
"2011","Eastbourne 014C","E01032832",672,281,162,119,26,189,7,182,169,163,6,7
"2011","Eastbourne 014D","E01032833",679,357,166,191,3,10,1,9,307,298,9,2
"2011","Hastings 001A","E01020969",656,535,295,240,0,78,13,65,36,32,4,7
"2011","Hastings 001B","E01020970",1003,887,374,513,8,11,1,10,87,75,12,10
"2011","Hastings 001C","E01020971",841,542,216,326,7,184,32,152,104,86,18,4
"2011","Hastings 001D","E01020987",753,530,178,352,4,22,2,20,187,161,26,10
"2011","Hastings 002A","E01020974",605,528,317,211,0,29,4,25,45,40,5,3
"2011","Hastings 002B","E01020986",590,513,299,214,0,4,2,2,65,61,4,8
"2011","Hastings 002C","E01020988",744,691,433,258,4,7,0,7,35,33,2,7
"2011","Hastings 002D","E01021007",667,629,410,219,2,6,1,5,25,21,4,5
"2011","Hastings 002E","E01021008",792,494,287,207,3,186,12,174,104,95,9,5
"2011","Hastings 002F","E01021009",808,751,448,303,1,5,2,3,48,40,8,3
"2011","Hastings 003A","E01020993",593,201,80,121,0,322,63,259,61,55,6,9
"2011","Hastings 003B","E01020994",581,244,91,153,1,248,41,207,84,80,4,4
"2011","Hastings 003C","E01020995",585,232,90,142,2,281,39,242,64,61,3,6
"2011","Hastings 003D","E01020996",637,369,132,237,6,199,16,183,59,56,3,4
"2011","Hastings 003E","E01021019",827,264,101,163,3,478,65,413,72,61,11,10
"2011","Hastings 004A","E01021004",773,601,321,280,0,41,7,34,127,120,7,4
"2011","Hastings 004B","E01021005",661,243,104,139,7,338,70,268,64,60,4,9
"2011","Hastings 004C","E01021006",847,504,234,270,5,44,5,39,288,273,15,6
"2011","Hastings 004D","E01021013",726,514,211,303,4,39,5,34,162,155,7,7
"2011","Hastings 005A","E01020972",661,135,53,82,1,461,74,387,57,56,1,7
"2011","Hastings 005B","E01020973",716,485,227,258,3,140,26,114,84,73,11,4
"2011","Hastings 005C","E01020977",742,334,138,196,3,39,6,33,363,344,19,3
"2011","Hastings 005D","E01021015",682,147,57,90,2,426,66,360,100,91,9,7
"2011","Hastings 006A","E01021010",636,552,271,281,2,7,1,6,68,63,5,7
"2011","Hastings 006B","E01021011",650,427,174,253,4,42,2,40,168,153,15,9
"2011","Hastings 006C","E01021012",774,413,185,228,2,165,9,156,177,165,12,17
"2011","Hastings 006D","E01021020",734,406,185,221,12,248,32,216,60,46,14,8
"2011","Hastings 006E","E01021021",844,568,270,298,14,52,5,47,203,187,16,7
"2011","Hastings 007A","E01021000",645,466,198,268,3,31,3,28,139,134,5,6
"2011","Hastings 007B","E01021001",497,387,178,209,5,11,3,8,87,82,5,7
"2011","Hastings 007C","E01021002",639,436,235,201,3,58,7,51,132,120,12,10
"2011","Hastings 007D","E01021003",941,451,281,170,2,131,13,118,334,318,16,23
"2011","Hastings 007E","E01021014",808,397,175,222,1,88,17,71,314,293,21,8
"2011","Hastings 008A","E01020975",838,443,192,251,2,124,5,119,264,249,15,5
"2011","Hastings 008B","E01020976",876,568,302,266,2,15,4,11,283,268,15,8
"2011","Hastings 008C","E01020990",697,321,141,180,2,33,2,31,334,316,18,7
"2011","Hastings 008D","E01020991",660,357,179,178,2,9,2,7,281,263,18,11
"2011","Hastings 008E","E01020992",902,327,150,177,1,105,8,97,463,448,15,6
"2011","Hastings 009A","E01020978",1113,333,192,141,12,56,1,55,701,669,32,11
"2011","Hastings 009B","E01020979",1171,292,159,133,1,142,8,134,722,707,15,14
"2011","Hastings 009C","E01020980",811,279,108,171,3,98,8,90,422,403,19,9
"2011","Hastings 009D","E01020981",698,423,190,233,3,24,4,20,241,222,19,7
"2011","Hastings 010A","E01020997",642,439,187,252,2,107,6,101,88,76,12,6
"2011","Hastings 010B","E01020998",939,451,219,232,1,35,0,35,450,428,22,2
"2011","Hastings 010C","E01020999",736,604,330,274,1,13,2,11,114,106,8,4
"2011","Hastings 010D","E01021016",754,428,228,200,9,79,8,71,233,217,16,5
"2011","Hastings 010E","E01021017",667,513,202,311,12,28,4,24,111,101,10,3
"2011","Hastings 010F","E01021018",742,607,254,353,5,46,6,40,77,69,8,7
"2011","Hastings 011A","E01020982",1034,188,85,103,4,128,10,118,707,683,24,7
"2011","Hastings 011B","E01020983",1034,180,112,68,1,356,28,328,484,462,22,13
"2011","Hastings 011C","E01020984",1173,368,216,152,7,48,1,47,738,699,39,12
"2011","Hastings 011D","E01020985",1088,419,243,176,5,40,6,34,604,590,14,20
"2011","Hastings 011E","E01020989",926,290,134,156,4,81,6,75,543,525,18,8
"2011","Lewes 001A","E01021022",840,567,297,270,9,133,106,27,111,96,15,20
"2011","Lewes 001B","E01021024",487,315,136,179,7,121,65,56,37,36,1,7
"2011","Lewes 001C","E01021025",681,554,274,280,13,33,17,16,69,54,15,12
"2011","Lewes 001D","E01021052",516,473,246,227,2,6,4,2,33,26,7,2
"2011","Lewes 001E","E01021053",484,319,168,151,4,98,88,10,55,41,14,8
"2011","Lewes 002A","E01021023",758,626,302,324,5,55,43,12,61,51,10,11
"2011","Lewes 002B","E01021026",994,798,523,275,2,73,59,14,108,100,8,13
"2011","Lewes 002C","E01021032",847,639,407,232,2,50,39,11,123,105,18,33
"2011","Lewes 002D","E01021067",453,359,194,165,1,47,42,5,43,36,7,3
"2011","Lewes 002E","E01021068",439,326,181,145,2,20,19,1,65,54,11,26
"2011","Lewes 003A","E01021033",807,520,269,251,10,146,131,15,122,110,12,9
"2011","Lewes 003B","E01021034",559,348,143,205,7,115,110,5,77,73,4,12
"2011","Lewes 003C","E01021035",922,520,299,221,5,101,23,78,284,260,24,12
"2011","Lewes 003D","E01021036",631,451,241,210,3,100,91,9,68,63,5,9
"2011","Lewes 003E","E01021037",625,267,102,165,5,300,292,8,44,38,6,9
"2011","Lewes 003F","E01021038",819,516,302,214,2,97,92,5,183,169,14,21
"2011","Lewes 004A","E01021054",598,357,196,161,1,68,50,18,149,133,16,23
"2011","Lewes 004B","E01021055",766,551,346,205,7,125,90,35,74,67,7,9
"2011","Lewes 004C","E01021056",723,606,389,217,13,17,7,10,73,67,6,14
"2011","Lewes 004D","E01021057",682,270,127,143,1,193,34,159,187,172,15,31
"2011","Lewes 005A","E01021039",654,469,281,188,0,49,39,10,128,114,14,8
"2011","Lewes 005B","E01021040",675,474,284,190,1,74,69,5,119,109,10,7
"2011","Lewes 005C","E01021041",646,481,272,209,4,121,52,69,35,33,2,5
"2011","Lewes 005D","E01021042",499,423,212,211,0,37,37,0,37,33,4,2
"2011","Lewes 005E","E01021043",620,408,193,215,5,151,148,3,54,49,5,2
"2011","Lewes 006A","E01021027",655,591,305,286,2,3,1,2,57,46,11,2
"2011","Lewes 006B","E01021028",615,505,184,321,2,30,26,4,76,67,9,2
"2011","Lewes 006C","E01021029",610,533,250,283,5,7,2,5,60,53,7,5
"2011","Lewes 006D","E01021030",570,487,282,205,2,7,2,5,71,68,3,3
"2011","Lewes 006E","E01021031",711,444,204,240,4,108,33,75,152,144,8,3
"2011","Lewes 007A","E01021061",593,492,193,299,5,10,4,6,82,73,9,4
"2011","Lewes 007B","E01021063",698,599,290,309,5,30,5,25,57,51,6,7
"2011","Lewes 007C","E01021064",821,615,374,241,5,14,6,8,177,162,15,10
"2011","Lewes 007D","E01021065",657,356,166,190,1,108,65,43,180,163,17,12
"2011","Lewes 007E","E01021066",652,526,293,233,4,39,35,4,80,69,11,3
"2011","Lewes 008A","E01021045",849,644,405,239,11,82,79,3,105,94,11,7
"2011","Lewes 008B","E01021046",595,513,245,268,4,7,5,2,67,63,4,4
"2011","Lewes 008C","E01021047",610,461,234,227,0,52,7,45,93,83,10,4
"2011","Lewes 008D","E01021048",730,444,220,224,0,33,25,8,242,225,17,11
"2011","Lewes 009A","E01021044",716,397,129,268,3,213,198,15,94,86,8,9
"2011","Lewes 009B","E01021049",686,332,116,216,3,76,53,23,270,263,7,5
"2011","Lewes 009C","E01021050",542,327,111,216,9,151,78,73,53,46,7,2
"2011","Lewes 009D","E01021051",524,385,160,225,9,54,50,4,68,67,1,8
"2011","Lewes 010A","E01021058",795,598,303,295,20,22,5,17,149,135,14,6
"2011","Lewes 010B","E01021059",711,539,310,229,13,58,28,30,96,89,7,5
"2011","Lewes 010C","E01021060",712,492,270,222,13,143,126,17,58,53,5,6
"2011","Lewes 010D","E01021062",610,342,157,185,4,197,54,143,61,52,9,6
"2011","Lewes 011A","E01021069",669,572,362,210,1,6,3,3,80,79,1,10
"2011","Lewes 011B","E01021075",748,646,373,273,16,35,17,18,49,42,7,2
"2011","Lewes 011C","E01021077",656,550,345,205,1,61,28,33,39,32,7,5
"2011","Lewes 011D","E01021081",747,610,398,212,4,23,21,2,106,96,10,4
"2011","Lewes 011E","E01021082",788,702,464,238,3,8,4,4,68,63,5,7
"2011","Lewes 011F","E01021083",572,537,340,197,2,4,3,1,24,22,2,5
"2011","Lewes 012A","E01021072",725,686,517,169,0,12,5,7,23,19,4,4
"2011","Lewes 012B","E01021073",634,569,354,215,3,19,18,1,39,35,4,4
"2011","Lewes 012C","E01021074",772,565,324,241,3,161,146,15,36,32,4,7
"2011","Lewes 012D","E01021076",790,502,231,271,3,212,155,57,67,57,10,6
"2011","Lewes 012E","E01021078",552,488,342,146,7,12,4,8,36,34,2,9
"2011","Lewes 013A","E01021070",795,512,296,216,2,51,10,41,222,210,12,8
"2011","Lewes 013B","E01021071",982,498,315,183,1,47,17,30,426,404,22,10
"2011","Lewes 013C","E01021079",759,479,299,180,3,127,86,41,141,130,11,9
"2011","Lewes 013D","E01021080",605,473,252,221,1,57,45,12,65,61,4,9
"2011","Rother 001A","E01021132",495,426,235,191,2,31,5,26,30,28,2,6
"2011","Rother 001B","E01021133",707,467,238,229,6,125,17,108,88,70,18,21
"2011","Rother 001C","E01021134",599,462,204,258,2,65,13,52,66,57,9,4
"2011","Rother 001D","E01021139",561,348,178,170,12,151,21,130,42,41,1,8
"2011","Rother 001E","E01021140",693,590,287,303,7,15,2,13,70,62,8,11
"2011","Rother 001F","E01021141",584,485,238,247,1,30,6,24,56,48,8,12
"2011","Rother 002A","E01021103",673,476,307,169,0,75,11,64,105,90,15,17
"2011","Rother 002B","E01021114",692,468,290,178,4,151,25,126,54,45,9,15
"2011","Rother 002C","E01021115",728,620,395,225,3,22,7,15,64,54,10,19
"2011","Rother 002D","E01021116",670,443,258,185,6,147,9,138,62,52,10,12
"2011","Rother 003A","E01021098",722,540,299,241,0,95,14,81,71,63,8,16
"2011","Rother 003B","E01021099",679,560,330,230,3,18,1,17,85,81,4,13
"2011","Rother 003C","E01021100",658,509,237,272,4,55,9,46,74,63,11,16
"2011","Rother 003D","E01021104",588,477,276,201,0,49,12,37,49,37,12,13
"2011","Rother 003E","E01021105",548,382,250,132,1,99,18,81,54,46,8,12
"2011","Rother 004A","E01021101",833,608,380,228,4,131,14,117,73,63,10,17
"2011","Rother 004B","E01021102",761,533,332,201,5,72,20,52,134,90,44,17
"2011","Rother 004C","E01021117",783,546,367,179,7,66,7,59,151,134,17,13
"2011","Rother 004D","E01021118",753,545,342,203,3,48,7,41,138,123,15,19
"2011","Rother 004E","E01021119",512,189,100,89,3,285,68,217,20,16,4,15
"2011","Rother 005A","E01021087",695,608,382,226,1,14,2,12,62,58,4,10
"2011","Rother 005B","E01021088",673,566,381,185,3,45,11,34,49,44,5,10
"2011","Rother 005C","E01021089",646,471,263,208,9,112,14,98,44,36,8,10
"2011","Rother 005D","E01021109",697,590,378,212,7,41,10,31,47,40,7,12
"2011","Rother 005E","E01021110",1104,999,715,284,0,28,2,26,66,57,9,11
"2011","Rother 006A","E01021084",929,512,317,195,5,214,46,168,182,158,24,16
"2011","Rother 006B","E01021085",698,562,305,257,1,25,3,22,107,102,5,3
"2011","Rother 006C","E01021086",714,578,344,234,2,78,16,62,52,47,5,4
"2011","Rother 006D","E01021096",492,333,191,142,3,33,6,27,104,84,20,19
"2011","Rother 006E","E01021097",529,442,231,211,2,40,11,29,33,30,3,12
"2011","Rother 007A","E01021111",520,330,215,115,6,110,5,105,66,59,7,8
"2011","Rother 007B","E01021113",603,409,186,223,4,87,11,76,97,90,7,6
"2011","Rother 007C","E01021131",633,357,147,210,6,158,28,130,105,97,8,7
"2011","Rother 007D","E01021135",735,311,129,182,7,230,49,181,182,165,17,5
"2011","Rother 007E","E01021136",575,183,97,86,11,334,66,268,38,33,5,9
"2011","Rother 007F","E01021137",613,353,163,190,1,196,53,143,52,47,5,11
"2011","Rother 008A","E01021112",642,548,343,205,2,14,3,11,73,69,4,5
"2011","Rother 008B","E01021120",749,610,485,125,4,20,1,19,98,91,7,17
"2011","Rother 008C","E01021126",649,472,262,210,1,36,6,30,134,127,7,6
"2011","Rother 008D","E01021127",686,468,276,192,4,130,14,116,73,67,6,11
"2011","Rother 008E","E01021128",846,697,424,273,7,27,4,23,110,100,10,5
"2011","Rother 009A","E01021093",687,633,441,192,12,9,6,3,29,26,3,4
"2011","Rother 009B","E01021095",631,601,446,155,2,4,2,2,21,19,2,3
"2011","Rother 009C","E01021123",714,664,476,188,0,6,0,6,43,40,3,1
"2011","Rother 009D","E01021124",828,747,539,208,1,5,1,4,66,61,5,9
"2011","Rother 009E","E01021125",555,503,351,152,4,7,0,7,37,35,2,4
"2011","Rother 009F","E01021129",806,731,462,269,1,16,4,12,55,53,2,3
"2011","Rother 009G","E01021138",476,393,247,146,0,45,15,30,29,24,5,9
"2011","Rother 010A","E01021094",842,668,493,175,5,62,2,60,93,79,14,14
"2011","Rother 010B","E01021106",893,733,582,151,5,66,10,56,78,71,7,11
"2011","Rother 010C","E01021107",744,677,509,168,3,19,0,19,38,30,8,7
"2011","Rother 010D","E01021108",638,497,270,227,0,52,4,48,82,69,13,7
"2011","Rother 010E","E01021130",684,564,338,226,4,18,1,17,88,86,2,10
"2011","Rother 011A","E01021090",802,379,174,205,5,14,0,14,399,388,11,5
"2011","Rother 011B","E01021091",1086,559,343,216,3,12,4,8,496,464,32,16
"2011","Rother 011C","E01021092",1146,545,387,158,5,161,10,151,425,411,14,10
"2011","Rother 011D","E01021121",818,580,371,209,2,20,0,20,204,186,18,12
"2011","Rother 011E","E01021122",860,513,348,165,8,24,6,18,299,284,15,16
"2011","Wealden 001A","E01021167",945,622,313,309,4,140,110,30,157,145,12,22
"2011","Wealden 001B","E01021168",675,507,283,224,0,15,9,6,111,100,11,42
"2011","Wealden 001C","E01021169",495,379,197,182,2,12,4,8,86,83,3,16
"2011","Wealden 001D","E01021186",508,387,201,186,1,49,40,9,58,49,9,13
"2011","Wealden 002A","E01021171",812,623,328,295,12,67,44,23,86,79,7,24
"2011","Wealden 002B","E01021172",732,563,298,265,1,70,39,31,86,77,9,12
"2011","Wealden 002C","E01021173",548,413,206,207,2,10,8,2,89,77,12,34
"2011","Wealden 002D","E01021218",478,433,229,204,0,7,5,2,29,25,4,9
"2011","Wealden 003A","E01021156",758,559,316,243,33,61,15,46,98,86,12,7
"2011","Wealden 003B","E01021157",742,649,370,279,2,21,6,15,58,57,1,12
"2011","Wealden 003C","E01021158",842,706,344,362,25,58,24,34,49,45,4,4
"2011","Wealden 004A","E01021159",942,846,506,340,2,30,2,28,61,57,4,3
"2011","Wealden 004B","E01021160",739,518,313,205,17,67,2,65,128,111,17,9
"2011","Wealden 004C","E01021161",667,572,263,309,2,6,1,5,80,70,10,7
"2011","Wealden 004D","E01021162",640,574,323,251,2,6,1,5,53,37,16,5
"2011","Wealden 005A","E01021202",521,358,224,134,1,43,4,39,95,84,11,24
"2011","Wealden 005B","E01021203",618,534,302,232,2,25,24,1,38,35,3,19
"2011","Wealden 005C","E01021229",695,571,312,259,1,14,5,9,91,84,7,18
"2011","Wealden 005D","E01021230",688,585,313,272,2,12,7,5,75,65,10,14
"2011","Wealden 005E","E01021231",773,498,276,222,1,179,126,53,80,72,8,15
"2011","Wealden 006A","E01021151",679,578,244,334,11,30,2,28,55,47,8,5
"2011","Wealden 006B","E01021152",501,266,116,150,3,180,125,55,41,37,4,11
"2011","Wealden 006C","E01021153",861,605,251,354,12,76,61,15,162,146,16,6
"2011","Wealden 006D","E01021154",606,401,176,225,7,145,137,8,43,41,2,10
"2011","Wealden 006E","E01021155",479,370,140,230,11,21,10,11,73,66,7,4
"2011","Wealden 007A","E01021163",837,734,430,304,1,5,2,3,77,63,14,20
"2011","Wealden 007B","E01021164",770,569,291,278,3,69,58,11,100,88,12,29
"2011","Wealden 007C","E01021187",582,475,281,194,2,19,15,4,68,59,9,18
"2011","Wealden 008A","E01021144",689,620,323,297,3,11,4,7,45,39,6,10
"2011","Wealden 008B","E01021145",817,617,344,273,16,90,74,16,76,68,8,18
"2011","Wealden 008C","E01021170",1103,917,487,430,5,46,18,28,103,91,12,32
"2011","Wealden 008D","E01021217",544,436,228,208,1,59,55,4,38,35,3,10
"2011","Wealden 009A","E01021219",545,514,264,250,2,1,1,0,22,20,2,6
"2011","Wealden 009B","E01021220",793,537,342,195,4,106,68,38,133,128,5,13
"2011","Wealden 009C","E01021223",494,376,157,219,4,44,40,4,67,61,6,3
"2011","Wealden 009D","E01021224",641,339,146,193,7,240,188,52,35,32,3,20
"2011","Wealden 009E","E01021225",673,556,269,287,5,13,5,8,94,83,11,5
"2011","Wealden 009F","E01021226",522,406,135,271,7,27,4,23,81,79,2,1
"2011","Wealden 010A","E01021150",441,397,208,189,0,8,2,6,25,23,2,11
"2011","Wealden 010B","E01021191",841,591,369,222,4,19,15,4,222,205,17,5
"2011","Wealden 010C","E01021192",659,563,273,290,9,9,6,3,73,69,4,5
"2011","Wealden 010D","E01021193",756,444,185,259,19,185,160,25,100,87,13,8
"2011","Wealden 010E","E01021194",633,532,234,298,6,7,4,3,80,71,9,8
"2011","Wealden 011A","E01021149",529,401,207,194,3,58,25,33,58,57,1,9
"2011","Wealden 011B","E01021189",523,453,224,229,1,15,10,5,44,41,3,10
"2011","Wealden 011C","E01021190",640,555,296,259,2,11,8,3,63,58,5,9
"2011","Wealden 011D","E01021200",510,323,176,147,18,93,70,23,71,65,6,5
"2011","Wealden 011E","E01021201",604,535,300,235,1,7,3,4,50,40,10,11
"2011","Wealden 012A","E01021221",540,371,144,227,2,59,18,41,97,92,5,11
"2011","Wealden 012B","E01021222",685,464,192,272,10,87,51,36,114,105,9,10
"2011","Wealden 012C","E01021227",607,512,186,326,4,31,6,25,55,51,4,5
"2011","Wealden 012D","E01021228",577,526,188,338,2,9,1,8,36,33,3,4
"2011","Wealden 013A","E01021146",701,528,307,221,14,102,45,57,52,47,5,5
"2011","Wealden 013B","E01021147",642,519,262,257,1,23,6,17,84,69,15,15
"2011","Wealden 013C","E01021148",600,459,225,234,8,52,21,31,66,62,4,15
"2011","Wealden 013D","E01021165",455,358,193,165,1,28,16,12,57,53,4,11
"2011","Wealden 014A","E01021188",477,390,234,156,0,14,1,13,57,48,9,16
"2011","Wealden 014B","E01021198",644,470,234,236,8,78,46,32,81,69,12,7
"2011","Wealden 014C","E01021199",581,496,328,168,5,11,8,3,60,47,13,9
"2011","Wealden 014D","E01021204",499,392,205,187,2,55,47,8,41,35,6,9
"2011","Wealden 014E","E01021205",494,417,245,172,1,20,12,8,47,32,15,9
"2011","Wealden 015A","E01021174",659,564,253,311,6,12,3,9,71,65,6,6
"2011","Wealden 015B","E01021175",628,553,299,254,5,5,4,1,59,53,6,6
"2011","Wealden 015C","E01021176",652,566,344,222,5,3,2,1,73,62,11,5
"2011","Wealden 015D","E01021177",581,342,182,160,9,82,53,29,138,131,7,10
"2011","Wealden 016A","E01021180",537,470,230,240,8,14,7,7,38,31,7,7
"2011","Wealden 016B","E01021181",529,468,237,231,3,8,1,7,48,45,3,2
"2011","Wealden 016C","E01021182",677,520,293,227,11,82,48,34,55,49,6,9
"2011","Wealden 016D","E01021183",541,210,77,133,7,267,37,230,52,42,10,5
"2011","Wealden 017A","E01021178",546,302,199,103,8,182,163,19,43,37,6,11
"2011","Wealden 017B","E01021179",637,282,127,155,2,290,234,56,49,46,3,14
"2011","Wealden 017C","E01021184",648,556,321,235,5,21,14,7,61,53,8,5
"2011","Wealden 017D","E01021185",642,372,182,190,11,181,96,85,71,66,5,7
"2011","Wealden 018A","E01021142",609,545,467,78,4,4,3,1,47,36,11,9
"2011","Wealden 018B","E01021143",560,407,270,137,2,50,36,14,82,72,10,19
"2011","Wealden 018C","E01021166",1050,877,594,283,1,30,23,7,117,111,6,25
"2011","Wealden 018D","E01021195",780,669,362,307,8,18,3,15,76,66,10,9
"2011","Wealden 018E","E01021196",805,702,369,333,5,17,14,3,77,62,15,4
"2011","Wealden 018F","E01021197",723,610,280,330,10,27,2,25,55,46,9,21
"2011","Wealden 019A","E01021212",918,801,470,331,6,22,13,9,82,78,4,7
"2011","Wealden 019B","E01021213",805,559,251,308,5,54,5,49,183,166,17,4
"2011","Wealden 019C","E01021214",774,642,435,207,4,21,7,14,101,88,13,6
"2011","Wealden 019D","E01021215",642,499,319,180,4,74,62,12,58,51,7,7
"2011","Wealden 019E","E01021216",510,405,235,170,3,61,59,2,35,26,9,6
"2011","Wealden 020A","E01021206",667,494,276,218,14,68,57,11,75,63,12,16
"2011","Wealden 020B","E01021207",660,572,335,237,4,6,3,3,72,64,8,6
"2011","Wealden 020C","E01021208",743,591,262,329,1,33,15,18,103,96,7,15
"2011","Wealden 020D","E01021209",668,581,346,235,2,34,9,25,48,44,4,3
"2011","Wealden 020E","E01021210",581,537,177,360,2,5,3,2,35,34,1,2
"2011","Wealden 020F","E01021211",806,637,430,207,1,3,2,1,151,134,17,14
"2011","Wealden 021A","E01021232",816,685,443,242,2,7,2,5,112,93,19,10
"2011","Wealden 021B","E01021233",640,593,336,257,3,3,1,2,38,28,10,3
"2011","Wealden 021C","E01021234",675,619,375,244,3,7,3,4,41,33,8,5
"2011","Wealden 021D","E01021235",647,601,381,220,2,3,2,1,31,24,7,10
"2011","Wealden 021E","E01021236",728,615,370,245,0,59,46,13,42,39,3,12
"2011","Basingstoke and Deane 001A","E01022553",606,521,253,268,3,30,2,28,45,37,8,7
"2011","Basingstoke and Deane 001B","E01022554",678,564,259,305,3,53,3,50,52,49,3,6
"2011","Basingstoke and Deane 001C","E01022555",629,484,225,259,12,70,2,68,57,51,6,6
"2011","Basingstoke and Deane 001D","E01022556",666,362,161,201,4,256,10,246,39,33,6,5
"2011","Basingstoke and Deane 001E","E01022560",481,396,150,246,4,38,0,38,40,34,6,3
"2011","Basingstoke and Deane 002A","E01022493",521,395,194,201,3,56,1,55,52,45,7,15
"2011","Basingstoke and Deane 002B","E01022536",551,470,270,200,0,45,1,44,26,20,6,10
"2011","Basingstoke and Deane 002C","E01022537",550,509,274,235,0,6,0,6,31,27,4,4
"2011","Basingstoke and Deane 002D","E01022557",627,486,217,269,7,49,0,49,80,74,6,5
"2011","Basingstoke and Deane 002E","E01022558",588,431,123,308,4,39,3,36,112,108,4,2
"2011","Basingstoke and Deane 002F","E01022559",524,444,203,241,1,28,1,27,45,39,6,6
"2011","Basingstoke and Deane 003A","E01022488",451,220,119,101,12,135,4,131,58,47,11,26
"2011","Basingstoke and Deane 003B","E01022489",548,396,221,175,1,62,2,60,70,58,12,19
"2011","Basingstoke and Deane 003C","E01022499",557,485,237,248,4,29,5,24,31,26,5,8
"2011","Basingstoke and Deane 003D","E01022500",535,375,170,205,4,60,7,53,75,72,3,21
"2011","Basingstoke and Deane 003E","E01022513",616,452,234,218,3,82,7,75,57,51,6,22
"2011","Basingstoke and Deane 004A","E01022472",500,406,229,177,3,22,3,19,56,50,6,13
"2011","Basingstoke and Deane 004B","E01022473",504,443,201,242,1,18,0,18,40,34,6,2
"2011","Basingstoke and Deane 004C","E01022520",759,395,185,210,5,228,23,205,87,78,9,44
"2011","Basingstoke and Deane 004D","E01022521",741,617,322,295,4,42,2,40,70,67,3,8
"2011","Basingstoke and Deane 004E","E01022522",623,464,225,239,5,67,5,62,64,51,13,23
"2011","Basingstoke and Deane 005A","E01022490",742,585,202,383,1,114,1,113,40,37,3,2
"2011","Basingstoke and Deane 005B","E01022491",746,462,142,320,23,200,11,189,53,49,4,8
"2011","Basingstoke and Deane 005C","E01022492",661,446,225,221,0,46,0,46,134,121,13,35
"2011","Basingstoke and Deane 005D","E01022546",557,428,190,238,3,47,2,45,66,54,12,13
"2011","Basingstoke and Deane 005E","E01022547",724,559,280,279,3,75,2,73,77,72,5,10
"2011","Basingstoke and Deane 006A","E01022495",652,479,127,352,2,19,1,18,152,148,4,0
"2011","Basingstoke and Deane 006B","E01022496",937,728,163,565,34,97,4,93,78,74,4,0
"2011","Basingstoke and Deane 006C","E01022497",610,455,159,296,3,10,0,10,133,124,9,9
"2011","Basingstoke and Deane 006D","E01022498",650,493,177,316,3,34,0,34,119,117,2,1
"2011","Basingstoke and Deane 007B","E01022539",488,304,100,204,7,126,3,123,47,40,7,4
"2011","Basingstoke and Deane 007C","E01022540",749,340,91,249,40,295,23,272,70,64,6,4
"2011","Basingstoke and Deane 007E","E01022542",456,241,89,152,4,148,9,139,61,56,5,2
"2011","Basingstoke and Deane 007F","E01022543",653,313,107,206,43,203,13,190,89,80,9,5
"2011","Basingstoke and Deane 007H","E01032843",695,418,37,381,53,144,6,138,75,66,9,5
"2011","Basingstoke and Deane 007I","E01032844",685,341,88,253,12,245,8,237,76,61,15,11
"2011","Basingstoke and Deane 007J","E01032851",825,407,151,256,23,301,22,279,86,79,7,8
"2011","Basingstoke and Deane 008A","E01022470",791,671,236,435,0,9,0,9,106,102,4,5
"2011","Basingstoke and Deane 008B","E01022471",619,536,211,325,2,11,2,9,69,67,2,1
"2011","Basingstoke and Deane 008C","E01022494",1024,688,205,483,22,139,7,132,170,168,2,5
"2011","Basingstoke and Deane 008D","E01022523",804,347,119,228,7,345,18,327,103,95,8,2
"2011","Basingstoke and Deane 009A","E01022524",745,290,81,209,35,351,18,333,57,53,4,12
"2011","Basingstoke and Deane 009B","E01022525",651,502,235,267,3,61,4,57,78,73,5,7
"2011","Basingstoke and Deane 009C","E01022526",657,375,144,231,1,171,4,167,103,91,12,7
"2011","Basingstoke and Deane 009D","E01022527",749,311,145,166,19,300,9,291,109,100,9,10
"2011","Basingstoke and Deane 010B","E01022566",473,381,166,215,4,66,3,63,22,20,2,0
"2011","Basingstoke and Deane 010C","E01022567",511,256,93,163,5,216,12,204,29,26,3,5
"2011","Basingstoke and Deane 010D","E01022568",614,344,134,210,6,208,11,197,46,34,12,10
"2011","Basingstoke and Deane 010E","E01022570",637,548,278,270,8,44,0,44,34,31,3,3
"2011","Basingstoke and Deane 010F","E01032840",708,349,34,315,45,218,15,203,94,86,8,2
"2011","Basingstoke and Deane 010G","E01032841",702,477,74,403,6,123,4,119,94,91,3,2
"2011","Basingstoke and Deane 011B","E01022502",690,462,217,245,44,49,2,47,128,122,6,7
"2011","Basingstoke and Deane 011C","E01022506",592,418,160,258,2,74,3,71,96,87,9,2
"2011","Basingstoke and Deane 011D","E01022507",680,384,156,228,5,208,4,204,78,73,5,5
"2011","Basingstoke and Deane 011E","E01032842",679,135,41,94,69,114,2,112,355,345,10,6
"2011","Basingstoke and Deane 011F","E01032847",651,221,110,111,33,226,4,222,161,153,8,10
"2011","Basingstoke and Deane 012A","E01022481",753,528,259,269,4,106,1,105,108,97,11,7
"2011","Basingstoke and Deane 012B","E01022482",712,397,211,186,7,188,8,180,109,102,7,11
"2011","Basingstoke and Deane 012D","E01022503",617,398,150,248,1,47,0,47,166,154,12,5
"2011","Basingstoke and Deane 012E","E01032845",720,466,145,321,20,85,3,82,146,133,13,3
"2011","Basingstoke and Deane 012F","E01032846",742,238,51,187,37,170,5,165,285,274,11,12
"2011","Basingstoke and Deane 013A","E01022484",504,193,60,133,4,267,9,258,30,25,5,10
"2011","Basingstoke and Deane 013B","E01022485",465,236,79,157,4,189,11,178,34,33,1,2
"2011","Basingstoke and Deane 013C","E01022486",801,470,114,356,30,226,9,217,70,60,10,5
"2011","Basingstoke and Deane 013D","E01022487",484,245,78,167,4,197,6,191,33,30,3,5
"2011","Basingstoke and Deane 013E","E01022569",507,397,199,198,2,62,3,59,44,42,2,2
"2011","Basingstoke and Deane 014A","E01022548",631,399,226,173,3,167,3,164,52,47,5,10
"2011","Basingstoke and Deane 014B","E01022549",791,320,116,204,1,410,21,389,50,43,7,10
"2011","Basingstoke and Deane 014C","E01022550",793,331,164,167,1,402,17,385,52,47,5,7
"2011","Basingstoke and Deane 014D","E01022551",650,400,180,220,7,175,11,164,60,59,1,8
"2011","Basingstoke and Deane 014E","E01022552",607,276,92,184,1,287,15,272,38,27,11,5
"2011","Basingstoke and Deane 015A","E01022528",497,456,235,221,0,12,0,12,25,24,1,4
"2011","Basingstoke and Deane 015B","E01022529",660,414,211,203,1,165,3,162,62,54,8,18
"2011","Basingstoke and Deane 015C","E01022530",523,491,304,187,0,8,0,8,21,18,3,3
"2011","Basingstoke and Deane 015D","E01022531",597,493,282,211,0,12,0,12,84,77,7,8
"2011","Basingstoke and Deane 016A","E01022475",719,555,168,387,4,38,0,38,119,114,5,3
"2011","Basingstoke and Deane 016B","E01022476",696,612,194,418,0,18,0,18,61,56,5,5
"2011","Basingstoke and Deane 016C","E01022480",494,280,69,211,7,165,10,155,37,32,5,5
"2011","Basingstoke and Deane 016D","E01022504",643,510,280,230,18,67,0,67,43,41,2,5
"2011","Basingstoke and Deane 016E","E01022505",627,546,253,293,2,12,1,11,64,59,5,3
"2011","Basingstoke and Deane 017A","E01022467",668,595,326,269,2,23,1,22,39,34,5,9
"2011","Basingstoke and Deane 017B","E01022468",749,569,329,240,34,52,1,51,83,75,8,11
"2011","Basingstoke and Deane 017C","E01022469",662,497,250,247,2,119,5,114,43,40,3,1
"2011","Basingstoke and Deane 017D","E01022561",608,318,171,147,2,61,0,61,156,139,17,71
"2011","Basingstoke and Deane 017E","E01022562",545,397,233,164,3,56,1,55,68,60,8,21
"2011","Basingstoke and Deane 018A","E01022515",656,623,449,174,0,9,1,8,23,20,3,1
"2011","Basingstoke and Deane 018B","E01022516",610,556,312,244,1,37,0,37,13,10,3,3
"2011","Basingstoke and Deane 018C","E01022517",489,468,246,222,0,2,0,2,16,15,1,3
"2011","Basingstoke and Deane 018D","E01022518",744,655,257,398,1,57,2,55,31,29,2,0
"2011","Basingstoke and Deane 018E","E01022519",497,473,255,218,0,15,1,14,7,6,1,2
"2011","Basingstoke and Deane 019A","E01022474",614,312,116,196,6,209,7,202,80,75,5,7
"2011","Basingstoke and Deane 019B","E01022477",633,408,113,295,2,132,3,129,86,80,6,5
"2011","Basingstoke and Deane 019C","E01022478",621,274,61,213,2,288,8,280,55,49,6,2
"2011","Basingstoke and Deane 019D","E01022479",599,260,76,184,2,277,9,268,54,47,7,6
"2011","Basingstoke and Deane 019E","E01022509",574,468,133,335,10,24,2,22,70,64,6,2
"2011","Basingstoke and Deane 020A","E01022514",631,433,234,199,6,85,11,74,89,80,9,18
"2011","Basingstoke and Deane 020B","E01022563",731,599,283,316,3,31,1,30,84,75,9,14
"2011","Basingstoke and Deane 020C","E01022564",783,510,239,271,6,142,5,137,102,89,13,23
"2011","Basingstoke and Deane 020D","E01022565",727,434,195,239,8,192,12,180,86,73,13,7
"2011","Basingstoke and Deane 021B","E01022510",577,498,106,392,2,29,1,28,47,43,4,1
"2011","Basingstoke and Deane 021C","E01022511",446,392,122,270,1,6,0,6,46,42,4,1
"2011","Basingstoke and Deane 021D","E01022512",468,425,94,331,0,6,2,4,35,33,2,2
"2011","Basingstoke and Deane 021E","E01032848",573,386,47,339,15,69,2,67,103,99,4,0
"2011","Basingstoke and Deane 021F","E01032849",564,404,45,359,0,90,0,90,68,64,4,2
"2011","Basingstoke and Deane 021G","E01032850",607,466,107,359,6,19,0,19,115,115,0,1
"2011","Basingstoke and Deane 022A","E01022532",537,411,203,208,0,43,1,42,75,67,8,8
"2011","Basingstoke and Deane 022B","E01022533",694,458,236,222,17,105,2,103,80,53,27,34
"2011","Basingstoke and Deane 022C","E01022534",724,520,272,248,14,120,5,115,60,56,4,10
"2011","Basingstoke and Deane 022D","E01022535",689,467,248,219,2,121,13,108,90,83,7,9
"2011","East Hampshire 001A","E01022581",573,412,202,210,1,42,5,37,109,93,16,9
"2011","East Hampshire 001B","E01022582",558,474,249,225,1,11,2,9,60,52,8,12
"2011","East Hampshire 001C","E01022604",485,347,207,140,6,48,7,41,66,46,20,18
"2011","East Hampshire 001D","E01022605",607,496,241,255,2,21,2,19,72,61,11,16
"2011","East Hampshire 002A","E01022574",621,365,177,188,7,136,17,119,102,95,7,11
"2011","East Hampshire 002B","E01022575",573,195,70,125,2,327,67,260,42,38,4,7
"2011","East Hampshire 002C","E01022576",803,288,157,131,10,323,44,279,164,150,14,18
"2011","East Hampshire 002D","E01022579",506,232,113,119,2,230,42,188,35,30,5,7
"2011","East Hampshire 003A","E01022571",475,382,177,205,1,15,1,14,75,33,42,2
"2011","East Hampshire 003B","E01022572",507,428,216,212,1,30,1,29,46,40,6,2
"2011","East Hampshire 003C","E01022573",1066,818,396,422,19,51,7,44,169,155,14,9
"2011","East Hampshire 003D","E01022577",736,575,332,243,7,25,0,25,116,101,15,13
"2011","East Hampshire 003E","E01022578",1174,908,474,434,21,164,23,141,71,61,10,10
"2011","East Hampshire 003F","E01022580",484,420,198,222,2,4,1,3,54,44,10,4
"2011","East Hampshire 004A","E01022603",534,294,104,190,0,167,30,137,59,51,8,14
"2011","East Hampshire 004B","E01022634",498,307,103,204,3,109,12,97,74,62,12,5
"2011","East Hampshire 004C","E01022639",567,227,52,175,3,96,17,79,238,58,180,3
"2011","East Hampshire 004D","E01022640",571,257,60,197,43,171,25,146,94,62,32,6
"2011","East Hampshire 006A","E01022615",1101,828,345,483,31,141,14,127,94,85,9,7
"2011","East Hampshire 006B","E01022633",608,499,175,324,1,20,1,19,80,72,8,8
"2011","East Hampshire 006C","E01022635",514,280,108,172,0,215,32,183,17,16,1,2
"2011","East Hampshire 006D","E01022636",499,394,129,265,1,61,13,48,40,35,5,3
"2011","East Hampshire 006E","E01022641",519,390,125,265,2,40,5,35,81,74,7,6
"2011","East Hampshire 007A","E01022591",961,762,425,337,10,71,9,62,94,88,6,24
"2011","East Hampshire 007B","E01022593",482,452,245,207,1,4,0,4,19,13,6,6
"2011","East Hampshire 007C","E01022594",587,459,226,233,3,65,6,59,53,45,8,7
"2011","East Hampshire 007D","E01022595",728,602,266,336,31,61,8,53,27,22,5,7
"2011","East Hampshire 007E","E01022596",537,488,272,216,0,4,0,4,37,32,5,8
"2011","East Hampshire 007F","E01022627",880,630,353,277,6,82,4,78,116,95,21,46
"2011","East Hampshire 008A","E01022630",939,679,360,319,16,89,9,80,134,122,12,21
"2011","East Hampshire 008D","E01022642",420,355,174,181,2,16,1,15,42,26,16,5
"2011","East Hampshire 008E","E01032663",966,680,273,407,13,149,29,120,108,66,42,16
"2011","East Hampshire 009A","E01022583",699,519,279,240,3,100,16,84,67,61,6,10
"2011","East Hampshire 009B","E01022584",785,451,220,231,4,216,24,192,104,97,7,10
"2011","East Hampshire 009C","E01022585",653,569,305,264,1,25,3,22,46,34,12,12
"2011","East Hampshire 009D","E01022586",634,548,261,287,8,10,1,9,60,53,7,8
"2011","East Hampshire 009E","E01022587",761,560,270,290,20,69,9,60,103,97,6,9
"2011","East Hampshire 010A","E01022616",735,398,197,201,4,213,29,184,109,101,8,11
"2011","East Hampshire 010B","E01022617",657,519,296,223,3,42,1,41,83,78,5,10
"2011","East Hampshire 010C","E01022618",671,588,354,234,2,14,0,14,63,55,8,4
"2011","East Hampshire 010D","E01022631",514,404,209,195,3,42,7,35,52,48,4,13
"2011","East Hampshire 010E","E01022632",453,373,188,185,0,33,3,30,41,36,5,6
"2011","East Hampshire 011A","E01022592",929,590,309,281,11,177,18,159,114,99,15,37
"2011","East Hampshire 011B","E01022597",993,628,341,287,3,96,16,80,196,158,38,70
"2011","East Hampshire 011C","E01022619",517,411,203,208,4,9,1,8,91,69,22,2
"2011","East Hampshire 011D","E01022624",1000,876,511,365,2,13,2,11,104,90,14,5
"2011","East Hampshire 011E","E01022625",1090,828,435,393,24,122,12,110,104,89,15,12
"2011","East Hampshire 012A","E01022620",489,319,134,185,2,91,11,80,72,64,8,5
"2011","East Hampshire 012B","E01022621",607,260,139,121,31,273,25,248,40,40,0,3
"2011","East Hampshire 012C","E01022622",568,448,274,174,1,60,5,55,57,52,5,2
"2011","East Hampshire 012D","E01022623",940,643,329,314,12,149,21,128,124,113,11,12
"2011","East Hampshire 012F","E01032664",656,381,253,128,0,87,3,84,178,162,16,10
"2011","East Hampshire 012G","E01032665",658,322,192,130,3,95,9,86,225,217,8,13
"2011","East Hampshire 013A","E01022588",647,593,283,310,2,12,0,12,35,32,3,5
"2011","East Hampshire 013B","E01022589",741,563,245,318,4,72,4,68,86,81,5,16
"2011","East Hampshire 013C","E01022590",595,543,304,239,1,28,8,20,20,18,2,3
"2011","East Hampshire 013D","E01022607",515,396,179,217,0,64,10,54,51,43,8,4
"2011","East Hampshire 013E","E01022608",522,482,219,263,0,8,0,8,30,28,2,2
"2011","East Hampshire 014A","E01022606",943,841,389,452,2,24,1,23,70,64,6,6
"2011","East Hampshire 014B","E01022611",634,475,206,269,0,100,11,89,50,43,7,9
"2011","East Hampshire 014C","E01022613",518,405,182,223,1,69,11,58,37,31,6,6
"2011","East Hampshire 014D","E01022614",474,319,173,146,1,117,14,103,30,29,1,7
"2011","East Hampshire 016A","E01022610",536,455,223,232,10,4,0,4,56,54,2,11
"2011","East Hampshire 016B","E01022628",520,375,180,195,11,51,11,40,82,72,10,1
"2011","East Hampshire 016C","E01022629",618,510,339,171,0,50,8,42,52,46,6,6
"2011","East Hampshire 016D","E01032615",466,442,273,169,0,5,0,5,16,12,4,3
"2011","East Hampshire 016E","E01032616",632,584,267,317,1,5,1,4,38,33,5,4
"2011","East Hampshire 017A","E01022599",597,407,224,183,3,64,7,57,114,99,15,9
"2011","East Hampshire 017B","E01022600",640,590,327,263,1,3,0,3,41,36,5,5
"2011","East Hampshire 017C","E01022601",597,466,264,202,4,74,6,68,48,44,4,5
"2011","East Hampshire 017D","E01022602",520,499,272,227,0,1,0,1,14,14,0,6
"2011","East Hampshire 017E","E01032625",455,416,268,148,1,6,0,6,26,21,5,6
"2011","Eastleigh 001A","E01022705",652,606,400,206,0,12,0,12,28,26,2,6
"2011","Eastleigh 001B","E01022706",647,625,379,246,0,1,0,1,19,18,1,2
"2011","Eastleigh 001C","E01022707",761,678,341,337,9,13,0,13,59,54,5,2
"2011","Eastleigh 001D","E01022708",736,609,307,302,3,4,0,4,115,108,7,5
"2011","Eastleigh 001E","E01022709",691,604,351,253,5,4,0,4,76,70,6,2
"2011","Eastleigh 002A","E01022659",630,532,222,310,4,6,2,4,85,77,8,3
"2011","Eastleigh 002B","E01022660",663,470,224,246,2,118,8,110,69,68,1,4
"2011","Eastleigh 002C","E01022675",566,518,247,271,1,5,0,5,36,33,3,6
"2011","Eastleigh 002D","E01022676",608,526,254,272,0,30,4,26,45,38,7,7
"2011","Eastleigh 002E","E01022704",745,677,360,317,0,6,2,4,57,50,7,5
"2011","Eastleigh 003A","E01022661",799,669,412,257,6,8,1,7,104,91,13,12
"2011","Eastleigh 003B","E01022662",543,507,259,248,1,8,0,8,24,23,1,3
"2011","Eastleigh 003C","E01022663",635,542,238,304,4,15,1,14,73,64,9,1
"2011","Eastleigh 003D","E01022664",646,561,274,287,2,8,0,8,70,64,6,5
"2011","Eastleigh 003E","E01022665",748,479,223,256,18,121,11,110,122,111,11,8
"2011","Eastleigh 004A","E01022648",612,411,196,215,2,116,10,106,77,69,8,6
"2011","Eastleigh 004B","E01022667",614,465,183,282,17,55,4,51,71,67,4,6
"2011","Eastleigh 004C","E01022672",623,433,193,240,2,132,6,126,50,44,6,6
"2011","Eastleigh 004D","E01022673",864,500,193,307,17,175,18,157,168,157,11,4
"2011","Eastleigh 004E","E01022674",716,516,184,332,8,93,5,88,91,83,8,8
"2011","Eastleigh 005A","E01022643",667,546,229,317,8,55,7,48,52,50,2,6
"2011","Eastleigh 005B","E01022644",511,393,156,237,3,70,0,70,44,39,5,1
"2011","Eastleigh 005C","E01022646",650,533,229,304,5,36,3,33,69,62,7,7
"2011","Eastleigh 005D","E01022647",618,546,282,264,1,13,2,11,53,46,7,5
"2011","Eastleigh 005E","E01022649",656,220,97,123,20,376,28,348,35,30,5,5
"2011","Eastleigh 005F","E01022650",461,378,177,201,0,35,4,31,46,41,5,2
"2011","Eastleigh 006A","E01022668",1010,476,148,328,32,214,18,196,282,272,10,6
"2011","Eastleigh 006B","E01022677",849,399,154,245,42,326,31,295,72,58,14,10
"2011","Eastleigh 006C","E01022678",718,474,175,299,9,176,13,163,54,41,13,5
"2011","Eastleigh 006D","E01022680",779,341,154,187,2,392,69,323,33,26,7,11
"2011","Eastleigh 006E","E01022681",640,317,130,187,6,254,21,233,55,50,5,8
"2011","Eastleigh 007A","E01022666",930,503,195,308,31,80,1,79,291,273,18,25
"2011","Eastleigh 007B","E01022669",740,413,139,274,20,93,11,82,211,194,17,3
"2011","Eastleigh 007C","E01022670",671,267,92,175,1,291,28,263,105,100,5,7
"2011","Eastleigh 007D","E01022671",719,363,119,244,3,187,11,176,157,144,13,9
"2011","Eastleigh 007E","E01022679",736,477,167,310,8,106,21,85,141,126,15,4
"2011","Eastleigh 008A","E01022645",494,465,275,190,1,2,0,2,23,21,2,3
"2011","Eastleigh 008B","E01022682",508,480,228,252,2,10,2,8,12,9,3,4
"2011","Eastleigh 008C","E01022683",544,471,181,290,3,25,1,24,41,35,6,4
"2011","Eastleigh 008D","E01022684",592,543,275,268,0,3,0,3,44,42,2,2
"2011","Eastleigh 008E","E01022685",553,405,212,193,5,59,6,53,78,73,5,6
"2011","Eastleigh 008F","E01022686",615,515,211,304,2,31,2,29,62,54,8,5
"2011","Eastleigh 008G","E01022687",671,594,184,410,0,2,0,2,73,65,8,2
"2011","Eastleigh 009A","E01022713",695,546,280,266,3,64,4,60,75,64,11,7
"2011","Eastleigh 009B","E01022714",720,640,360,280,2,33,3,30,41,36,5,4
"2011","Eastleigh 009C","E01022715",747,523,233,290,24,63,4,59,129,119,10,8
"2011","Eastleigh 009D","E01022716",765,484,180,304,10,93,7,86,175,164,11,3
"2011","Eastleigh 009E","E01022717",523,443,145,298,2,8,0,8,69,65,4,1
"2011","Eastleigh 009F","E01022718",605,495,230,265,1,57,3,54,50,45,5,2
"2011","Eastleigh 009G","E01022719",693,571,302,269,13,43,4,39,57,50,7,9
"2011","Eastleigh 010A","E01022653",616,520,280,240,3,30,2,28,55,48,7,8
"2011","Eastleigh 010B","E01022691",627,509,123,386,2,16,0,16,99,92,7,1
"2011","Eastleigh 010C","E01022692",1110,683,107,576,69,184,13,171,173,164,9,1
"2011","Eastleigh 010D","E01022693",544,467,130,337,1,5,0,5,65,60,5,6
"2011","Eastleigh 010E","E01022694",672,494,137,357,21,35,2,33,120,107,13,2
"2011","Eastleigh 011A","E01022652",746,519,268,251,2,168,18,150,54,45,9,3
"2011","Eastleigh 011B","E01022695",594,431,206,225,6,82,8,74,70,66,4,5
"2011","Eastleigh 011C","E01022700",677,429,177,252,4,157,13,144,77,65,12,10
"2011","Eastleigh 011D","E01022701",416,340,187,153,1,60,8,52,14,13,1,1
"2011","Eastleigh 011E","E01022703",665,499,245,254,12,71,10,61,81,75,6,2
"2011","Eastleigh 012A","E01022651",794,682,259,423,3,5,2,3,103,93,10,1
"2011","Eastleigh 012B","E01022696",644,607,347,260,3,2,1,1,32,28,4,0
"2011","Eastleigh 012C","E01022697",610,545,283,262,0,25,1,24,34,27,7,6
"2011","Eastleigh 012D","E01022698",652,601,330,271,2,8,0,8,37,31,6,4
"2011","Eastleigh 012E","E01022699",620,545,238,307,4,9,2,7,62,59,3,0
"2011","Eastleigh 012F","E01022702",496,406,139,267,1,5,0,5,79,76,3,5
"2011","Eastleigh 013A","E01022654",572,446,130,316,5,35,6,29,83,73,10,3
"2011","Eastleigh 013B","E01022655",558,119,40,79,6,408,16,392,20,18,2,5
"2011","Eastleigh 013C","E01022656",604,450,237,213,12,84,6,78,56,53,3,2
"2011","Eastleigh 013D","E01022657",745,509,192,317,3,78,7,71,142,126,16,13
"2011","Eastleigh 013E","E01022658",721,589,330,259,4,38,1,37,80,74,6,10
"2011","Eastleigh 014A","E01022710",964,605,324,281,1,158,10,148,187,167,20,13
"2011","Eastleigh 014B","E01022711",749,358,138,220,2,319,35,284,62,55,7,8
"2011","Eastleigh 014C","E01022712",685,525,202,323,5,28,5,23,124,114,10,3
"2011","Eastleigh 015A","E01022688",1037,721,347,374,15,52,6,46,242,223,19,7
"2011","Eastleigh 015B","E01022689",659,556,284,272,0,26,7,19,70,65,5,7
"2011","Eastleigh 015C","E01022690",821,458,169,289,5,196,18,178,149,138,11,13
"2011","Fareham 001A","E01022758",600,460,170,290,12,86,28,58,36,33,3,6
"2011","Fareham 001B","E01022771",601,507,115,392,2,6,0,6,84,75,9,2
"2011","Fareham 001C","E01022772",793,667,148,519,8,30,0,30,85,77,8,3
"2011","Fareham 001D","E01022773",651,554,263,291,2,31,12,19,60,51,9,4
"2011","Fareham 001E","E01022774",739,663,290,373,1,10,1,9,60,37,23,5
"2011","Fareham 002A","E01022749",536,489,246,243,0,20,7,13,24,19,5,3
"2011","Fareham 002B","E01022753",493,380,156,224,1,63,40,23,45,42,3,4
"2011","Fareham 002C","E01022754",760,497,179,318,13,106,16,90,135,120,15,9
"2011","Fareham 002D","E01022780",614,431,146,285,18,61,0,61,101,68,33,3
"2011","Fareham 002E","E01022787",541,408,169,239,14,59,39,20,52,48,4,8
"2011","Fareham 002F","E01022788",528,380,138,242,5,60,37,23,79,71,8,4
"2011","Fareham 003A","E01022730",631,548,280,268,8,30,9,21,42,38,4,3
"2011","Fareham 003B","E01022731",515,453,151,302,1,25,8,17,35,28,7,1
"2011","Fareham 003C","E01022732",666,299,103,196,1,302,246,56,46,38,8,18
"2011","Fareham 003D","E01022733",735,526,291,235,9,148,114,34,50,45,5,2
"2011","Fareham 003E","E01022734",515,325,126,199,2,132,91,41,48,46,2,8
"2011","Fareham 004A","E01022720",525,483,248,235,1,1,1,0,30,28,2,10
"2011","Fareham 004B","E01022725",496,472,297,175,1,3,1,2,16,15,1,4
"2011","Fareham 004C","E01022726",607,536,314,222,1,43,2,41,23,23,0,4
"2011","Fareham 004D","E01022727",655,585,334,251,0,26,3,23,40,33,7,4
"2011","Fareham 004E","E01022729",455,385,156,229,2,14,3,11,51,43,8,3
"2011","Fareham 004F","E01022743",806,678,368,310,5,49,4,45,64,54,10,10
"2011","Fareham 005A","E01022750",631,562,305,257,3,6,1,5,53,48,5,7
"2011","Fareham 005B","E01022751",652,536,293,243,1,64,26,38,46,41,5,5
"2011","Fareham 005C","E01022752",542,514,229,285,1,3,1,2,22,18,4,2
"2011","Fareham 005D","E01022757",695,513,131,382,3,17,8,9,161,148,13,1
"2011","Fareham 005E","E01022790",712,608,259,349,0,3,1,2,98,90,8,3
"2011","Fareham 006A","E01022755",610,496,247,249,1,67,56,11,43,34,9,3
"2011","Fareham 006B","E01022756",524,469,182,287,1,4,1,3,50,44,6,0
"2011","Fareham 006C","E01022791",838,661,372,289,1,36,27,9,126,112,14,14
"2011","Fareham 006D","E01022792",626,489,259,230,4,61,43,18,67,56,11,5
"2011","Fareham 006E","E01022793",681,620,277,343,1,5,2,3,52,50,2,3
"2011","Fareham 007A","E01022781",564,329,162,167,1,128,115,13,98,56,42,8
"2011","Fareham 007B","E01022782",646,509,292,217,2,32,18,14,93,85,8,10
"2011","Fareham 007C","E01022785",614,515,210,305,6,53,48,5,38,33,5,2
"2011","Fareham 007D","E01022786",653,493,255,238,47,68,7,61,40,36,4,5
"2011","Fareham 007E","E01022789",634,509,191,318,5,16,4,12,98,89,9,6
"2011","Fareham 008A","E01022721",634,524,246,278,2,12,4,8,92,88,4,4
"2011","Fareham 008B","E01022722",703,538,284,254,7,55,8,47,92,85,7,11
"2011","Fareham 008C","E01022723",723,430,213,217,0,105,25,80,172,164,8,16
"2011","Fareham 008D","E01022724",577,467,169,298,1,50,28,22,56,44,12,3
"2011","Fareham 008E","E01022737",652,506,238,268,2,39,29,10,94,84,10,11
"2011","Fareham 008F","E01022766",529,489,263,226,1,3,1,2,33,26,7,3
"2011","Fareham 008G","E01022769",552,430,176,254,6,28,8,20,85,78,7,3
"2011","Fareham 009A","E01022740",727,680,365,315,2,6,4,2,37,30,7,2
"2011","Fareham 009B","E01022741",466,337,183,154,1,11,1,10,116,38,78,1
"2011","Fareham 009C","E01022742",872,810,527,283,4,4,2,2,48,41,7,6
"2011","Fareham 009D","E01022783",641,583,335,248,3,3,1,2,48,40,8,4
"2011","Fareham 009E","E01022784",500,463,205,258,1,5,3,2,28,19,9,3
"2011","Fareham 010A","E01022759",660,596,308,288,1,14,11,3,43,37,6,6
"2011","Fareham 010B","E01022763",686,652,386,266,0,5,3,2,27,21,6,2
"2011","Fareham 010C","E01022765",760,692,376,316,1,7,3,4,52,43,9,8
"2011","Fareham 010D","E01022768",599,475,219,256,4,74,68,6,44,41,3,2
"2011","Fareham 010E","E01022770",693,642,342,300,1,12,5,7,38,35,3,0
"2011","Fareham 011A","E01022728",841,504,251,253,5,96,48,48,226,212,14,10
"2011","Fareham 011B","E01022735",619,439,174,265,1,76,45,31,93,87,6,10
"2011","Fareham 011C","E01022736",662,500,214,286,2,94,88,6,57,44,13,9
"2011","Fareham 011D","E01022738",483,242,85,157,14,186,146,40,33,28,5,8
"2011","Fareham 011E","E01022739",673,283,94,189,5,312,261,51,61,54,7,12
"2011","Fareham 012A","E01022760",644,507,228,279,1,72,67,5,56,47,9,8
"2011","Fareham 012B","E01022761",657,466,265,201,2,126,118,8,57,45,12,6
"2011","Fareham 012C","E01022762",639,568,242,326,1,13,10,3,53,48,5,4
"2011","Fareham 012D","E01022764",761,565,334,231,2,134,100,34,52,45,7,8
"2011","Fareham 012E","E01022767",511,454,246,208,0,24,17,7,29,26,3,4
"2011","Fareham 013B","E01022776",627,535,275,260,6,29,28,1,55,47,8,2
"2011","Fareham 013C","E01022777",769,574,373,201,3,139,108,31,44,41,3,9
"2011","Fareham 013D","E01022778",598,526,271,255,4,11,7,4,51,44,7,6
"2011","Fareham 013F","E01032877",919,769,471,298,6,87,80,7,45,40,5,12
"2011","Fareham 014A","E01022744",567,532,327,205,0,3,2,1,31,26,5,1
"2011","Fareham 014B","E01022745",633,581,365,216,0,5,3,2,38,29,9,9
"2011","Fareham 014C","E01022746",703,543,364,179,2,17,13,4,134,39,95,7
"2011","Fareham 014D","E01022747",586,463,248,215,2,56,3,53,58,49,9,7
"2011","Fareham 014E","E01022748",629,546,265,281,0,4,2,2,76,69,7,3
"2011","Gosport 001A","E01022800",645,439,175,264,0,159,136,23,41,32,9,6
"2011","Gosport 001B","E01022801",644,330,120,210,18,246,140,106,41,38,3,9
"2011","Gosport 001C","E01022802",607,507,243,264,5,53,16,37,40,35,5,2
"2011","Gosport 001D","E01022803",626,343,107,236,7,217,201,16,45,42,3,14
"2011","Gosport 001E","E01022836",639,576,354,222,2,30,6,24,29,23,6,2
"2011","Gosport 002A","E01022804",680,505,242,263,0,114,96,18,55,49,6,6
"2011","Gosport 002B","E01022805",646,357,138,219,2,215,119,96,63,24,39,9
"2011","Gosport 002C","E01022834",614,415,220,195,1,152,123,29,39,27,12,7
"2011","Gosport 002D","E01022835",627,439,184,255,2,94,81,13,87,73,14,5
"2011","Gosport 002E","E01022840",664,340,125,215,2,254,239,15,59,50,9,9
"2011","Gosport 003A","E01022813",546,480,197,283,0,7,3,4,57,44,13,2
"2011","Gosport 003B","E01022814",762,488,203,285,4,128,114,14,122,80,42,20
"2011","Gosport 003C","E01022815",619,527,230,297,2,16,7,9,71,59,12,3
"2011","Gosport 003D","E01022823",644,542,250,292,1,15,12,3,85,66,19,1
"2011","Gosport 003E","E01022825",591,489,187,302,3,24,3,21,70,66,4,5
"2011","Gosport 004A","E01022819",671,400,128,272,8,38,5,33,224,187,37,1
"2011","Gosport 004B","E01022820",610,184,25,159,7,226,10,216,190,101,89,3
"2011","Gosport 004E","E01022841",608,230,95,135,4,208,182,26,157,50,107,9
"2011","Gosport 004F","E01022842",607,240,114,126,0,126,11,115,236,42,194,5
"2011","Gosport 004G","E01032882",755,277,72,205,17,312,12,300,146,119,27,3
"2011","Gosport 005A","E01022807",760,419,146,273,2,141,52,89,191,181,10,7
"2011","Gosport 005B","E01022816",615,423,141,282,0,113,97,16,77,63,14,2
"2011","Gosport 005C","E01022817",709,438,145,293,11,162,122,40,93,89,4,5
"2011","Gosport 005D","E01022818",606,271,95,176,24,228,179,49,69,59,10,14
"2011","Gosport 005E","E01022824",1210,716,210,506,54,114,14,100,316,296,20,10
"2011","Gosport 006A","E01022826",675,600,261,339,1,7,1,6,67,60,7,0
"2011","Gosport 006C","E01022828",764,575,425,150,2,23,2,21,157,143,14,7
"2011","Gosport 006D","E01022829",805,562,379,183,4,43,29,14,189,64,125,7
"2011","Gosport 006E","E01022830",639,567,342,225,2,4,1,3,58,43,15,8
"2011","Gosport 006F","E01032880",506,418,118,300,22,35,4,31,30,26,4,1
"2011","Gosport 006G","E01032881",595,454,85,369,17,61,29,32,56,46,10,7
"2011","Gosport 006H","E01032883",632,379,194,185,19,164,44,120,63,53,10,7
"2011","Gosport 007A","E01022806",602,447,164,283,3,42,19,23,106,93,13,4
"2011","Gosport 007D","E01022832",697,531,183,348,7,20,13,7,134,119,15,5
"2011","Gosport 007E","E01022839",639,314,129,185,3,229,195,34,85,71,14,8
"2011","Gosport 007F","E01032884",976,697,371,326,24,32,3,29,216,126,90,7
"2011","Gosport 008A","E01022810",731,414,215,199,3,99,71,28,180,169,11,35
"2011","Gosport 008B","E01022811",1093,525,181,344,47,150,19,131,364,343,21,7
"2011","Gosport 008C","E01022833",867,301,97,204,15,372,202,170,173,166,7,6
"2011","Gosport 008D","E01022843",703,256,101,155,5,361,350,11,72,58,14,9
"2011","Gosport 008F","E01032878",607,156,69,87,10,195,89,106,238,218,20,8
"2011","Gosport 008G","E01032879",766,284,182,102,0,289,153,136,176,164,12,17
"2011","Gosport 009A","E01022794",626,525,325,200,2,4,1,3,90,56,34,5
"2011","Gosport 009B","E01022795",740,597,353,244,1,7,3,4,131,85,46,4
"2011","Gosport 009C","E01022796",496,439,274,165,1,34,2,32,21,19,2,1
"2011","Gosport 009D","E01022837",676,598,341,257,0,21,1,20,53,42,11,4
"2011","Gosport 009E","E01022838",520,485,269,216,0,1,1,0,30,23,7,4
"2011","Gosport 010A","E01022797",451,370,196,174,3,18,6,12,57,55,2,3
"2011","Gosport 010B","E01022798",497,369,185,184,1,77,23,54,48,40,8,2
"2011","Gosport 010C","E01022799",582,485,248,237,3,22,19,3,68,46,22,4
"2011","Gosport 010D","E01022812",529,428,164,264,6,11,4,7,82,78,4,2
"2011","Gosport 010E","E01022831",636,498,209,289,3,39,2,37,92,86,6,4
"2011","Gosport 010F","E01022845",675,466,207,259,1,63,31,32,138,119,19,7
"2011","Hart 001A","E01022890",612,370,183,187,2,192,7,185,42,38,4,6
"2011","Hart 001B","E01022891",650,544,235,309,0,26,6,20,74,46,28,6
"2011","Hart 001C","E01022892",782,692,379,313,4,23,1,22,57,54,3,6
"2011","Hart 001D","E01022893",627,550,226,324,2,35,3,32,32,25,7,8
"2011","Hart 001E","E01022894",622,462,206,256,1,110,5,105,46,42,4,3
"2011","Hart 002A","E01022859",622,504,221,283,4,56,3,53,49,45,4,9
"2011","Hart 002B","E01022895",738,659,263,396,0,11,0,11,66,60,6,2
"2011","Hart 002C","E01022896",594,551,237,314,3,7,0,7,32,26,6,1
"2011","Hart 002D","E01022897",627,562,193,369,3,4,0,4,58,56,2,0
"2011","Hart 002E","E01022898",581,558,247,311,0,3,0,3,19,18,1,1
"2011","Hart 003A","E01022846",456,359,151,208,1,20,5,15,72,54,18,4
"2011","Hart 003B","E01022847",746,575,255,320,15,27,1,26,121,109,12,8
"2011","Hart 003C","E01022848",631,569,287,282,1,14,2,12,43,35,8,4
"2011","Hart 003D","E01022874",491,425,179,246,3,25,1,24,35,29,6,3
"2011","Hart 003E","E01022875",485,353,112,241,5,95,11,84,30,25,5,2
"2011","Hart 003F","E01022876",499,443,201,242,4,4,1,3,45,40,5,3
"2011","Hart 003G","E01022877",543,485,223,262,2,24,0,24,28,27,1,4
"2011","Hart 004A","E01022858",410,290,161,129,0,35,4,31,62,50,12,23
"2011","Hart 004B","E01022878",705,641,367,274,2,9,0,9,45,42,3,8
"2011","Hart 004C","E01022879",806,504,274,230,1,140,24,116,144,129,15,17
"2011","Hart 004D","E01022880",628,380,163,217,2,173,8,165,66,59,7,7
"2011","Hart 005A","E01022860",889,690,436,254,11,42,5,37,134,126,8,12
"2011","Hart 005B","E01022862",945,582,272,310,44,49,0,49,247,235,12,23
"2011","Hart 005D","E01022867",645,458,145,313,4,36,3,33,144,137,7,3
"2011","Hart 005E","E01032852",619,356,60,296,118,65,3,62,76,73,3,4
"2011","Hart 005F","E01032853",616,476,94,382,12,9,0,9,115,107,8,4
"2011","Hart 005G","E01032854",604,431,68,363,12,18,0,18,141,140,1,2
"2011","Hart 005H","E01032857",410,311,103,208,1,2,0,2,93,88,5,3
"2011","Hart 006A","E01022881",915,634,235,399,33,151,14,137,88,80,8,9
"2011","Hart 006B","E01022882",565,475,204,271,4,9,2,7,74,61,13,3
"2011","Hart 006C","E01022883",524,433,176,257,12,26,3,23,53,47,6,0
"2011","Hart 006D","E01022884",666,489,224,265,6,98,7,91,67,66,1,6
"2011","Hart 006E","E01022885",544,444,163,281,16,21,0,21,61,52,9,2
"2011","Hart 007A","E01022861",643,596,294,302,3,4,1,3,36,32,4,4
"2011","Hart 007B","E01022863",631,579,328,251,0,10,0,10,39,35,4,3
"2011","Hart 007C","E01022865",628,603,328,275,0,2,1,1,19,17,2,4
"2011","Hart 007D","E01022868",674,611,324,287,2,32,2,30,28,27,1,1
"2011","Hart 007E","E01022870",584,493,258,235,2,35,3,32,49,42,7,5
"2011","Hart 008A","E01022864",636,442,265,177,2,160,11,149,28,24,4,4
"2011","Hart 008B","E01022871",562,359,111,248,4,127,11,116,67,65,2,5
"2011","Hart 008C","E01022872",714,586,300,286,4,33,4,29,87,79,8,4
"2011","Hart 008D","E01022873",638,552,302,250,8,55,5,50,22,19,3,1
"2011","Hart 008E","E01022887",550,442,222,220,4,20,1,19,69,63,6,15
"2011","Hart 009A","E01022849",646,538,256,282,2,57,4,53,45,41,4,4
"2011","Hart 009B","E01022850",631,520,215,305,0,9,0,9,99,92,7,3
"2011","Hart 009C","E01022851",662,605,275,330,1,8,0,8,44,40,4,4
"2011","Hart 009D","E01022853",693,637,301,336,6,8,1,7,40,38,2,2
"2011","Hart 009E","E01022869",607,514,258,256,0,40,5,35,50,43,7,3
"2011","Hart 010A","E01022852",754,544,150,394,14,38,2,36,155,124,31,3
"2011","Hart 010B","E01022854",648,557,219,338,9,25,1,24,55,47,8,2
"2011","Hart 010C","E01022855",504,360,183,177,7,97,9,88,39,32,7,1
"2011","Hart 010D","E01022856",591,466,265,201,1,67,4,63,44,39,5,13
"2011","Hart 010E","E01022857",444,179,75,104,0,19,3,16,242,45,197,4
"2011","Hart 011B","E01022888",739,555,345,210,6,46,3,43,115,87,28,17
"2011","Hart 011C","E01022889",638,393,194,199,0,179,20,159,60,46,14,6
"2011","Hart 011D","E01032855",440,269,152,117,1,52,3,49,71,54,17,47
"2011","Hart 011E","E01032856",456,92,47,45,2,36,2,34,324,28,296,2
"2011","Havant 003A","E01022930",753,698,392,306,0,16,5,11,28,23,5,11
"2011","Havant 003B","E01022931",641,604,311,293,4,6,1,5,26,24,2,1
"2011","Havant 003C","E01022935",650,540,304,236,1,68,41,27,33,32,1,8
"2011","Havant 003D","E01022975",688,611,366,245,3,27,4,23,41,37,4,6
"2011","Havant 003E","E01022976",689,396,189,207,8,245,38,207,33,30,3,7
"2011","Havant 004A","E01022922",675,509,148,361,1,5,2,3,157,145,12,3
"2011","Havant 004B","E01022971",722,590,292,298,1,9,1,8,118,111,7,4
"2011","Havant 004C","E01022972",646,585,319,266,1,2,1,1,52,48,4,6
"2011","Havant 004D","E01022974",597,509,258,251,1,4,1,3,80,76,4,3
"2011","Havant 005A","E01022959",556,252,90,162,3,263,30,233,30,23,7,8
"2011","Havant 005B","E01022962",608,497,230,267,1,70,7,63,35,32,3,5
"2011","Havant 005C","E01022965",601,264,105,159,0,297,47,250,31,30,1,9
"2011","Havant 005D","E01022973",867,517,290,227,2,234,25,209,104,93,11,10
"2011","Havant 006A","E01022901",643,362,133,229,10,195,133,62,65,49,16,11
"2011","Havant 006B","E01022902",575,338,125,213,10,175,123,52,42,35,7,10
"2011","Havant 006C","E01022966",516,237,96,141,0,235,191,44,38,30,8,6
"2011","Havant 006D","E01022967",513,141,57,84,1,335,292,43,28,22,6,8
"2011","Havant 007A","E01022960",508,324,97,227,8,97,10,87,76,69,7,3
"2011","Havant 007B","E01022961",492,357,108,249,3,84,7,77,44,38,6,4
"2011","Havant 007C","E01022963",621,442,223,219,1,114,18,96,59,59,0,5
"2011","Havant 007D","E01022964",653,286,116,170,1,266,25,241,96,84,12,4
"2011","Havant 008A","E01022903",776,290,120,170,14,397,352,45,63,55,8,12
"2011","Havant 008B","E01022906",570,272,99,173,2,248,198,50,41,35,6,7
"2011","Havant 008C","E01022968",525,180,72,108,2,309,239,70,31,30,1,3
"2011","Havant 008D","E01022969",607,238,89,149,12,280,222,58,72,61,11,5
"2011","Havant 009A","E01022913",549,241,101,140,2,264,106,158,31,24,7,11
"2011","Havant 009B","E01022914",543,290,125,165,3,211,170,41,35,32,3,4
"2011","Havant 009C","E01022915",621,228,90,138,5,326,296,30,51,43,8,11
"2011","Havant 009D","E01022916",639,401,134,267,1,174,93,81,57,46,11,6
"2011","Havant 009E","E01022917",528,231,91,140,3,249,198,51,39,34,5,6
"2011","Havant 010A","E01022900",747,386,162,224,0,280,249,31,73,65,8,8
"2011","Havant 010B","E01022904",766,482,209,273,4,210,128,82,59,54,5,11
"2011","Havant 010C","E01022905",823,235,100,135,1,481,347,134,88,81,7,18
"2011","Havant 010D","E01022908",593,358,139,219,7,161,112,49,60,47,13,7
"2011","Havant 010E","E01022970",692,288,100,188,23,297,160,137,73,67,6,11
"2011","Havant 011A","E01022947",633,581,253,328,0,6,3,3,44,39,5,2
"2011","Havant 011B","E01022948",687,557,246,311,18,29,12,17,77,69,8,6
"2011","Havant 011C","E01022949",757,320,96,224,1,361,343,18,59,54,5,16
"2011","Havant 011D","E01022950",584,546,284,262,0,9,5,4,28,24,4,1
"2011","Havant 011E","E01022951",562,515,230,285,0,21,14,7,23,22,1,3
"2011","Havant 011F","E01022952",629,548,275,273,3,16,10,6,59,51,8,3
"2011","Havant 013A","E01022924",719,531,311,220,8,74,10,64,96,90,6,10
"2011","Havant 013B","E01022925",594,483,274,209,1,58,5,53,49,44,5,3
"2011","Havant 013C","E01022926",625,520,329,191,0,35,7,28,63,20,43,7
"2011","Havant 013D","E01022927",719,456,268,188,1,204,17,187,49,43,6,9
"2011","Havant 013E","E01022928",815,718,523,195,3,11,2,9,74,68,6,9
"2011","Havant 013F","E01022929",857,571,410,161,3,52,2,50,211,194,17,20
"2011","Havant 014A","E01022953",1030,567,320,247,4,178,17,161,271,250,21,10
"2011","Havant 014B","E01022954",693,617,402,215,1,6,1,5,60,60,0,9
"2011","Havant 014C","E01022955",615,536,339,197,1,26,7,19,46,43,3,6
"2011","Havant 014D","E01022956",496,340,106,234,0,111,12,99,41,38,3,4
"2011","Havant 014E","E01022957",522,364,193,171,8,111,7,104,38,30,8,1
"2011","Havant 014F","E01022958",613,560,310,250,5,3,1,2,42,40,2,3
"2011","Havant 015A","E01022937",585,400,212,188,4,131,10,121,37,30,7,13
"2011","Havant 015B","E01022943",650,603,421,182,1,3,2,1,35,31,4,8
"2011","Havant 015C","E01022944",536,500,275,225,0,7,3,4,25,20,5,4
"2011","Havant 015D","E01022946",775,656,378,278,1,30,10,20,83,69,14,5
"2011","Havant 016A","E01022940",729,534,306,228,5,87,6,81,96,83,13,7
"2011","Havant 016B","E01022942",830,403,260,143,3,191,16,175,226,209,17,7
"2011","Havant 016C","E01022945",1049,847,535,312,2,29,5,24,162,145,17,9
"2011","Havant 017A","E01022936",776,542,341,201,4,41,5,36,183,173,10,6
"2011","Havant 017B","E01022938",638,519,345,174,0,14,1,13,98,85,13,7
"2011","Havant 017C","E01022939",697,557,301,256,3,69,17,52,60,50,10,8
"2011","Havant 017D","E01022941",694,606,358,248,1,8,6,2,73,68,5,6
"2011","Havant 018A","E01022899",503,319,121,198,2,141,113,28,33,25,8,8
"2011","Havant 018B","E01022907",632,508,274,234,0,85,5,80,35,26,9,4
"2011","Havant 018C","E01022909",628,560,291,269,1,25,6,19,40,35,5,2
"2011","Havant 018D","E01022910",654,455,214,241,1,61,4,57,133,114,19,4
"2011","Havant 018E","E01022911",638,520,283,237,4,62,22,40,46,42,4,6
"2011","Havant 018F","E01032605",547,511,279,232,1,9,4,5,21,19,2,5
"2011","Havant 019A","E01022919",644,497,222,275,2,73,16,57,66,61,5,6
"2011","Havant 019B","E01022933",711,230,79,151,14,428,336,92,31,27,4,8
"2011","Havant 019C","E01022934",798,312,133,179,26,389,329,60,67,64,3,4
"2011","Havant 019D","E01032618",618,497,246,251,2,73,20,53,45,38,7,1
"2011","Havant 020A","E01022918",667,515,292,223,1,107,10,97,41,35,6,3
"2011","Havant 020B","E01022920",657,583,296,287,3,11,3,8,55,50,5,5
"2011","Havant 020C","E01022921",651,586,298,288,3,12,3,9,46,41,5,4
"2011","Havant 020D","E01032617",661,618,360,258,1,6,1,5,31,27,4,5
"2011","New Forest 001A","E01023011",614,386,232,154,2,87,70,17,107,86,21,32
"2011","New Forest 001B","E01023012",593,412,267,145,0,40,23,17,120,109,11,21
"2011","New Forest 001C","E01023021",625,545,324,221,3,11,9,2,52,47,5,14
"2011","New Forest 001D","E01023022",888,499,295,204,7,144,43,101,227,206,21,11
"2011","New Forest 001E","E01023023",754,480,281,199,1,193,162,31,68,61,7,12
"2011","New Forest 001F","E01023024",629,562,311,251,3,8,6,2,47,42,5,9
"2011","New Forest 001G","E01023025",588,521,372,149,5,2,2,0,49,39,10,11
"2011","New Forest 002A","E01023076",637,570,350,220,2,28,22,6,35,33,2,2
"2011","New Forest 002B","E01023082",617,461,188,273,1,73,49,24,76,71,5,6
"2011","New Forest 002C","E01023083",660,362,135,227,4,205,172,33,76,67,9,13
"2011","New Forest 002D","E01023088",636,386,174,212,4,196,184,12,42,35,7,8
"2011","New Forest 003A","E01023073",518,460,143,317,3,5,1,4,46,42,4,4
"2011","New Forest 003B","E01023080",526,428,202,226,4,28,0,28,61,55,6,5
"2011","New Forest 003C","E01023081",749,571,197,374,9,107,21,86,55,48,7,7
"2011","New Forest 003D","E01023089",716,573,265,308,3,25,16,9,110,100,10,5
"2011","New Forest 003E","E01023090",823,600,188,412,3,71,6,65,141,126,15,8
"2011","New Forest 004A","E01023074",649,535,311,224,6,23,6,17,76,69,7,9
"2011","New Forest 004B","E01023077",712,379,164,215,8,161,89,72,156,144,12,8
"2011","New Forest 004C","E01023078",633,544,328,216,3,37,5,32,40,34,6,9
"2011","New Forest 004D","E01023079",693,508,216,292,13,93,76,17,69,67,2,10
"2011","New Forest 004E","E01023085",635,390,162,228,2,174,111,63,60,47,13,9
"2011","New Forest 005A","E01023072",547,446,137,309,1,8,4,4,83,78,5,9
"2011","New Forest 005B","E01023075",486,375,186,189,1,70,4,66,35,31,4,5
"2011","New Forest 005C","E01023084",627,558,276,282,1,20,18,2,45,38,7,3
"2011","New Forest 005D","E01023086",640,486,273,213,1,112,107,5,35,29,6,6
"2011","New Forest 005E","E01023087",624,477,109,368,7,12,5,7,126,114,12,2
"2011","New Forest 006A","E01022977",609,558,324,234,2,7,2,5,38,32,6,4
"2011","New Forest 006B","E01022978",633,554,338,216,0,18,3,15,56,52,4,5
"2011","New Forest 006C","E01022979",498,422,268,154,1,39,28,11,32,28,4,4
"2011","New Forest 006D","E01022980",549,473,285,188,1,17,6,11,52,47,5,6
"2011","New Forest 007A","E01022992",484,426,263,163,3,4,3,1,42,40,2,9
"2011","New Forest 007B","E01022993",564,415,272,143,3,49,21,28,84,70,14,13
"2011","New Forest 007C","E01023045",716,609,380,229,1,19,9,10,76,68,8,11
"2011","New Forest 007D","E01023046",658,362,231,131,3,151,117,34,121,96,25,21
"2011","New Forest 008A","E01023007",507,428,274,154,8,33,20,13,35,28,7,3
"2011","New Forest 008B","E01023010",655,381,126,255,6,149,57,92,112,96,16,7
"2011","New Forest 008C","E01023047",546,443,158,285,2,16,8,8,85,71,14,0
"2011","New Forest 008D","E01023048",525,412,203,209,0,78,48,30,30,20,10,5
"2011","New Forest 008E","E01023049",682,444,139,305,3,51,7,44,182,131,51,2
"2011","New Forest 008F","E01023050",693,424,136,288,8,71,8,63,185,118,67,5
"2011","New Forest 009A","E01023008",859,599,426,173,11,87,46,41,145,133,12,17
"2011","New Forest 009B","E01023009",648,520,202,318,2,26,3,23,98,92,6,2
"2011","New Forest 009C","E01023038",634,581,328,253,2,10,4,6,41,38,3,0
"2011","New Forest 009D","E01023039",666,499,306,193,1,78,43,35,81,68,13,7
"2011","New Forest 009E","E01023040",673,615,396,219,0,4,3,1,53,44,9,1
"2011","New Forest 010A","E01023026",476,378,230,148,1,11,5,6,72,58,14,14
"2011","New Forest 010B","E01023062",564,492,261,231,4,27,23,4,38,34,4,3
"2011","New Forest 010C","E01023064",536,433,206,227,2,30,4,26,66,59,7,5
"2011","New Forest 010D","E01023066",695,583,355,228,5,56,31,25,47,41,6,4
"2011","New Forest 010E","E01023067",616,551,308,243,7,4,2,2,53,46,7,1
"2011","New Forest 011A","E01023003",779,614,395,219,12,102,37,65,42,36,6,9
"2011","New Forest 011B","E01023004",709,597,298,299,3,62,45,17,45,35,10,2
"2011","New Forest 011C","E01023005",627,583,335,248,2,16,8,8,20,19,1,6
"2011","New Forest 011D","E01023006",501,232,90,142,1,233,188,45,31,28,3,4
"2011","New Forest 011E","E01023028",859,582,314,268,7,144,84,60,123,69,54,3
"2011","New Forest 011F","E01023037",931,480,257,223,24,315,183,132,101,92,9,11
"2011","New Forest 012A","E01023065",680,477,276,201,2,135,121,14,63,55,8,3
"2011","New Forest 012B","E01023068",525,294,146,148,3,170,151,19,53,48,5,5
"2011","New Forest 012C","E01023069",669,510,264,246,7,51,28,23,96,79,17,5
"2011","New Forest 012D","E01023070",925,483,314,169,4,142,53,89,283,262,21,13
"2011","New Forest 012E","E01023071",646,395,180,215,15,32,12,20,195,185,10,9
"2011","New Forest 013A","E01023029",621,144,56,88,7,447,156,291,19,17,2,4
"2011","New Forest 013B","E01023030",507,411,160,251,0,25,9,16,67,61,6,4
"2011","New Forest 013C","E01023032",549,466,260,206,1,50,20,30,28,18,10,4
"2011","New Forest 013D","E01023033",524,343,174,169,1,132,103,29,43,32,11,5
"2011","New Forest 014A","E01023013",650,517,269,248,5,74,18,56,45,39,6,9
"2011","New Forest 014B","E01023014",720,581,358,223,14,54,10,44,63,53,10,8
"2011","New Forest 014C","E01023015",599,423,222,201,1,59,50,9,107,79,28,9
"2011","New Forest 014D","E01023016",614,580,381,199,0,2,1,1,29,28,1,3
"2011","New Forest 014E","E01023027",592,423,226,197,3,102,36,66,62,61,1,2
"2011","New Forest 014F","E01023031",548,449,233,216,0,12,2,10,81,71,10,6
"2011","New Forest 015A","E01022989",719,573,375,198,1,88,57,31,47,42,5,10
"2011","New Forest 015B","E01022991",891,778,521,257,1,12,8,4,90,86,4,10
"2011","New Forest 015C","E01022998",680,606,402,204,2,10,5,5,53,40,13,9
"2011","New Forest 015D","E01023000",791,568,393,175,7,105,70,35,96,83,13,15
"2011","New Forest 016A","E01022994",670,578,364,214,2,36,17,19,51,41,10,3
"2011","New Forest 016B","E01022995",589,528,274,254,1,13,10,3,42,41,1,5
"2011","New Forest 016C","E01022996",515,374,226,148,4,53,38,15,64,58,6,20
"2011","New Forest 016D","E01022997",585,424,263,161,0,68,47,21,71,46,25,22
"2011","New Forest 016E","E01023063",466,327,173,154,0,24,20,4,96,92,4,19
"2011","New Forest 017A","E01022990",651,467,326,141,2,72,42,30,84,64,20,26
"2011","New Forest 017B","E01022999",906,529,355,174,2,84,48,36,228,188,40,63
"2011","New Forest 017C","E01023041",743,569,425,144,4,60,55,5,95,84,11,15
"2011","New Forest 017D","E01023042",893,470,366,104,15,114,92,22,265,245,20,29
"2011","New Forest 017E","E01023043",835,626,414,212,5,20,19,1,174,164,10,10
"2011","New Forest 018A","E01022984",654,592,416,176,2,4,1,3,45,38,7,11
"2011","New Forest 018B","E01022985",528,450,228,222,2,5,3,2,66,64,2,5
"2011","New Forest 018C","E01023020",624,572,384,188,0,9,6,3,39,36,3,4
"2011","New Forest 018D","E01023034",785,643,389,254,7,78,25,53,55,49,6,2
"2011","New Forest 018E","E01023035",732,630,355,275,1,41,21,20,54,44,10,6
"2011","New Forest 018F","E01023036",936,846,594,252,4,28,5,23,49,43,6,9
"2011","New Forest 019A","E01023001",861,605,322,283,11,36,16,20,201,188,13,8
"2011","New Forest 019B","E01023002",777,409,216,193,23,218,184,34,112,107,5,15
"2011","New Forest 019C","E01023058",645,272,143,129,5,331,283,48,31,27,4,6
"2011","New Forest 019D","E01023060",590,519,293,226,3,22,15,7,38,34,4,8
"2011","New Forest 019E","E01023061",667,359,192,167,4,215,192,23,78,71,7,11
"2011","New Forest 020A","E01023017",810,537,303,234,15,199,84,115,52,48,4,7
"2011","New Forest 020B","E01023018",679,378,266,112,4,229,197,32,57,47,10,11
"2011","New Forest 020C","E01023019",668,374,132,242,7,152,113,39,126,119,7,9
"2011","New Forest 020D","E01023055",511,223,100,123,1,239,216,23,40,36,4,8
"2011","New Forest 021A","E01022986",642,579,366,213,3,12,4,8,43,41,2,5
"2011","New Forest 021B","E01022988",676,368,182,186,13,188,153,35,96,87,9,11
"2011","New Forest 021C","E01023054",849,645,469,176,14,39,9,30,141,131,10,10
"2011","New Forest 021D","E01023056",811,586,428,158,4,83,2,81,131,121,10,7
"2011","New Forest 021E","E01023057",903,603,448,155,5,60,10,50,221,213,8,14
"2011","New Forest 022A","E01022981",909,851,611,240,2,1,0,1,45,39,6,10
"2011","New Forest 022B","E01022982",935,754,550,204,0,53,3,50,121,113,8,7
"2011","New Forest 022C","E01022983",808,743,543,200,7,5,1,4,48,37,11,5
"2011","New Forest 022D","E01022987",909,816,607,209,1,7,2,5,77,71,6,8
"2011","New Forest 023A","E01023044",535,473,375,98,2,5,4,1,43,40,3,12
"2011","New Forest 023B","E01023051",658,511,346,165,6,45,43,2,81,70,11,15
"2011","New Forest 023C","E01023052",890,797,614,183,1,4,2,2,82,75,7,6
"2011","New Forest 023D","E01023053",859,709,522,187,4,9,4,5,125,120,5,12
"2011","New Forest 023E","E01023059",774,642,450,192,2,37,32,5,83,75,8,10
"2011","Rushmoor 001A","E01023099",609,375,174,201,2,185,36,149,41,36,5,6
"2011","Rushmoor 001B","E01023104",601,364,113,251,7,178,21,157,43,28,15,9
"2011","Rushmoor 001C","E01023106",567,311,123,188,4,174,27,147,75,63,12,3
"2011","Rushmoor 001D","E01023121",770,537,198,339,5,180,21,159,39,30,9,9
"2011","Rushmoor 002A","E01023105",602,261,66,195,22,265,36,229,50,40,10,4
"2011","Rushmoor 002B","E01023119",466,129,32,97,2,299,40,259,31,22,9,5
"2011","Rushmoor 002C","E01023120",608,316,75,241,5,215,29,186,66,54,12,6
"2011","Rushmoor 002D","E01023122",500,282,71,211,6,133,14,119,74,59,15,5
"2011","Rushmoor 002E","E01023146",472,271,82,189,1,155,15,140,41,32,9,4
"2011","Rushmoor 003A","E01023100",484,378,82,296,8,49,6,43,48,40,8,1
"2011","Rushmoor 003B","E01023101",487,443,189,254,0,8,2,6,34,31,3,2
"2011","Rushmoor 003C","E01023102",541,502,224,278,0,4,1,3,32,27,5,3
"2011","Rushmoor 003D","E01023134",703,573,161,412,5,22,1,21,103,88,15,0
"2011","Rushmoor 003E","E01023147",565,501,223,278,2,23,5,18,33,26,7,6
"2011","Rushmoor 004A","E01023096",910,670,315,355,41,56,6,50,138,127,11,5
"2011","Rushmoor 004B","E01023097",570,485,246,239,3,5,0,5,76,60,16,1
"2011","Rushmoor 004C","E01023103",631,524,204,320,8,29,2,27,65,56,9,5
"2011","Rushmoor 004D","E01023111",756,556,274,282,51,80,3,77,62,59,3,7
"2011","Rushmoor 004E","E01023112",467,426,138,288,7,6,0,6,23,22,1,5
"2011","Rushmoor 005A","E01023092",569,496,129,367,14,8,3,5,47,43,4,4
"2011","Rushmoor 005B","E01023093",524,475,173,302,1,7,1,6,37,35,2,4
"2011","Rushmoor 005C","E01023132",614,429,177,252,17,109,15,94,51,32,19,8
"2011","Rushmoor 005D","E01023133",525,418,111,307,16,13,0,13,75,69,6,3
"2011","Rushmoor 005E","E01023135",945,609,233,376,51,151,11,140,128,71,57,6
"2011","Rushmoor 006A","E01023091",670,254,70,184,32,296,53,243,85,56,29,3
"2011","Rushmoor 006B","E01023094",558,464,191,273,3,23,1,22,63,58,5,5
"2011","Rushmoor 006C","E01023095",743,471,160,311,7,123,14,109,137,127,10,5
"2011","Rushmoor 006D","E01023098",669,483,218,265,9,52,3,49,116,107,9,9
"2011","Rushmoor 006E","E01023148",602,491,220,271,4,36,1,35,67,59,8,4
"2011","Rushmoor 006F","E01023149",543,479,246,233,2,25,3,22,31,29,2,6
"2011","Rushmoor 007A","E01023113",668,444,205,239,36,72,10,62,112,100,12,4
"2011","Rushmoor 007B","E01023114",547,419,127,292,9,42,2,40,73,71,2,4
"2011","Rushmoor 007C","E01023136",657,329,90,239,1,69,4,65,256,118,138,2
"2011","Rushmoor 007D","E01023137",520,355,132,223,4,34,2,32,116,103,13,11
"2011","Rushmoor 007E","E01023138",654,335,112,223,13,109,12,97,192,185,7,5
"2011","Rushmoor 007F","E01023139",531,308,92,216,2,138,10,128,78,66,12,5
"2011","Rushmoor 007G","E01023140",603,95,32,63,3,158,13,145,342,119,223,5
"2011","Rushmoor 008A","E01023141",630,44,13,31,18,94,5,89,469,93,376,5
"2011","Rushmoor 008B","E01023142",853,84,17,67,116,182,20,162,460,287,173,11
"2011","Rushmoor 008C","E01023143",699,137,32,105,18,139,17,122,402,92,310,3
"2011","Rushmoor 008D","E01023144",674,308,106,202,6,62,2,60,295,272,23,3
"2011","Rushmoor 009A","E01023118",675,436,115,321,2,85,10,75,147,131,16,5
"2011","Rushmoor 009B","E01023124",486,369,100,269,0,32,3,29,79,70,9,6
"2011","Rushmoor 009C","E01023125",920,654,199,455,20,129,18,111,113,100,13,4
"2011","Rushmoor 009F","E01032858",864,403,109,294,10,313,54,259,132,113,19,6
"2011","Rushmoor 010A","E01023128",607,410,176,234,5,124,17,107,64,54,10,4
"2011","Rushmoor 010B","E01023129",531,358,104,254,3,33,7,26,133,126,7,4
"2011","Rushmoor 010C","E01023130",549,484,229,255,0,27,3,24,31,28,3,7
"2011","Rushmoor 010D","E01023131",585,391,191,200,1,114,8,106,75,66,9,4
"2011","Rushmoor 010E","E01023145",938,422,152,270,22,110,22,88,376,356,20,8
"2011","Rushmoor 011A","E01023109",592,496,195,301,3,3,0,3,88,80,8,2
"2011","Rushmoor 011B","E01023115",464,413,153,260,0,6,0,6,42,37,5,3
"2011","Rushmoor 011C","E01023116",665,477,143,334,6,29,3,26,150,139,11,3
"2011","Rushmoor 011D","E01023117",674,598,244,354,7,13,0,13,54,51,3,2
"2011","Rushmoor 012A","E01023107",611,281,106,175,1,293,56,237,27,22,5,9
"2011","Rushmoor 012B","E01023108",592,209,69,140,1,349,50,299,18,13,5,15
"2011","Rushmoor 012C","E01023110",705,414,133,281,1,222,48,174,62,55,7,6
"2011","Rushmoor 012D","E01023123",579,443,140,303,4,37,5,32,82,74,8,13
"2011","Test Valley 001A","E01023165",867,564,289,275,3,104,28,76,138,123,15,58
"2011","Test Valley 001B","E01023169",839,726,385,341,4,41,13,28,58,54,4,10
"2011","Test Valley 001C","E01023181",513,409,102,307,1,41,3,38,62,54,8,0
"2011","Test Valley 001D","E01023182",642,476,120,356,4,80,14,66,81,72,9,1
"2011","Test Valley 002A","E01023153",742,381,104,277,2,251,81,170,101,88,13,7
"2011","Test Valley 002B","E01023154",636,264,57,207,2,332,108,224,34,25,9,4
"2011","Test Valley 002C","E01023156",470,163,31,132,1,265,134,131,34,29,5,7
"2011","Test Valley 002D","E01023157",534,251,80,171,3,230,93,137,44,36,8,6
"2011","Test Valley 002E","E01023205",455,227,59,168,9,191,94,97,25,22,3,3
"2011","Test Valley 003A","E01023155",1086,519,185,334,41,382,42,340,133,87,46,11
"2011","Test Valley 003B","E01023201",625,415,204,211,9,138,60,78,53,44,9,10
"2011","Test Valley 003C","E01023202",971,289,129,160,0,403,105,298,259,239,20,20
"2011","Test Valley 003D","E01023215",669,480,232,248,3,103,41,62,74,62,12,9
"2011","Test Valley 003E","E01023219",617,395,175,220,2,174,55,119,40,38,2,6
"2011","Test Valley 004A","E01023179",706,433,152,281,1,169,76,93,96,89,7,7
"2011","Test Valley 004B","E01023183",583,367,159,208,20,151,56,95,41,34,7,4
"2011","Test Valley 004C","E01023190",561,359,180,179,3,97,6,91,96,87,9,6
"2011","Test Valley 004D","E01023203",668,499,245,254,8,85,29,56,69,62,7,7
"2011","Test Valley 004E","E01023204",741,357,125,232,2,185,78,107,182,165,17,15
"2011","Test Valley 005B","E01023180",701,535,310,225,1,53,10,43,107,59,48,5
"2011","Test Valley 005C","E01023186",721,512,212,300,5,125,32,93,77,66,11,2
"2011","Test Valley 005D","E01023189",609,400,181,219,2,30,9,21,168,54,114,9
"2011","Test Valley 005E","E01023196",692,488,243,245,0,96,37,59,93,83,10,15
"2011","Test Valley 005F","E01032870",732,570,230,340,19,26,3,23,108,91,17,9
"2011","Test Valley 005G","E01032871",637,412,201,211,2,136,35,101,77,70,7,10
"2011","Test Valley 006A","E01023187",632,480,203,277,10,15,3,12,119,110,9,8
"2011","Test Valley 006B","E01023188",515,429,154,275,1,28,11,17,52,51,1,5
"2011","Test Valley 006C","E01023216",847,448,206,242,7,170,48,122,209,199,10,13
"2011","Test Valley 006D","E01023217",670,559,275,284,2,8,1,7,96,83,13,5
"2011","Test Valley 006E","E01023218",627,555,289,266,0,13,4,9,57,51,6,2
"2011","Test Valley 007A","E01023159",931,678,402,276,16,97,40,57,126,97,29,14
"2011","Test Valley 007B","E01023195",722,347,170,177,11,93,33,60,263,51,212,8
"2011","Test Valley 007C","E01023197",584,356,142,214,0,77,19,58,144,43,101,7
"2011","Test Valley 007D","E01023198",619,452,228,224,2,79,28,51,71,58,13,15
"2011","Test Valley 008A","E01023160",600,474,277,197,2,37,15,22,66,54,12,21
"2011","Test Valley 008B","E01023168",644,463,274,189,2,50,11,39,70,62,8,59
"2011","Test Valley 008C","E01023178",917,549,267,282,0,109,30,79,200,149,51,59
"2011","Test Valley 009A","E01023166",646,434,256,178,12,84,25,59,94,84,10,22
"2011","Test Valley 009B","E01023167",697,448,292,156,2,89,29,60,97,73,24,61
"2011","Test Valley 009C","E01023177",883,563,321,242,5,149,17,132,132,110,22,34
"2011","Test Valley 009D","E01023184",516,365,192,173,0,21,8,13,108,88,20,22
"2011","Test Valley 009E","E01023185",513,360,210,150,6,111,31,80,31,30,1,5
"2011","Test Valley 010A","E01023174",721,593,279,314,10,27,4,23,84,76,8,7
"2011","Test Valley 010B","E01023175",701,626,365,261,5,13,2,11,51,46,5,6
"2011","Test Valley 010C","E01023176",719,517,298,219,3,121,41,80,71,70,1,7
"2011","Test Valley 010D","E01023207",645,596,348,248,0,10,3,7,36,29,7,3
"2011","Test Valley 010E","E01023208",484,326,159,167,5,100,33,67,49,42,7,4
"2011","Test Valley 010F","E01023209",544,478,237,241,4,5,1,4,54,50,4,3
"2011","Test Valley 011A","E01023150",727,481,283,198,2,99,40,59,129,119,10,16
"2011","Test Valley 011B","E01023151",782,368,270,98,1,248,80,168,142,120,22,23
"2011","Test Valley 011C","E01023152",858,592,402,190,1,136,23,113,111,101,10,18
"2011","Test Valley 011D","E01023206",497,357,229,128,1,96,43,53,36,31,5,7
"2011","Test Valley 012A","E01023158",916,752,442,310,5,38,12,26,104,88,16,17
"2011","Test Valley 012B","E01023191",778,636,288,348,6,39,4,35,90,87,3,7
"2011","Test Valley 012C","E01023192",822,443,206,237,11,302,100,202,57,50,7,9
"2011","Test Valley 012D","E01023193",660,589,329,260,1,29,4,25,41,33,8,0
"2011","Test Valley 012E","E01023194",642,591,376,215,1,10,2,8,36,32,4,4
"2011","Test Valley 012F","E01023200",598,521,238,283,7,9,4,5,57,50,7,4
"2011","Test Valley 013A","E01023162",669,531,308,223,9,40,15,25,68,59,9,21
"2011","Test Valley 013B","E01023163",663,603,366,237,1,5,3,2,48,38,10,6
"2011","Test Valley 013C","E01023164",654,491,292,199,2,87,25,62,62,41,21,12
"2011","Test Valley 013D","E01023199",634,393,206,187,5,94,32,62,121,111,10,21
"2011","Test Valley 014A","E01023210",532,486,160,326,0,2,0,2,42,40,2,2
"2011","Test Valley 014B","E01023211",679,525,111,414,2,64,0,64,87,83,4,1
"2011","Test Valley 014C","E01023212",592,547,229,318,0,6,0,6,38,37,1,1
"2011","Test Valley 014D","E01023213",498,426,175,251,0,26,0,26,42,38,4,4
"2011","Test Valley 014E","E01023214",530,477,178,299,0,1,0,1,50,47,3,2
"2011","Test Valley 015A","E01023170",703,470,191,279,0,95,36,59,129,123,6,9
"2011","Test Valley 015B","E01023171",595,515,277,238,1,22,5,17,48,42,6,9
"2011","Test Valley 015C","E01023172",615,574,315,259,2,7,4,3,25,23,2,7
"2011","Test Valley 015D","E01023173",588,546,307,239,1,5,4,1,35,32,3,1
"2011","Winchester 001A","E01023286",591,336,159,177,14,102,51,51,113,94,19,26
"2011","Winchester 001B","E01023287",1068,780,387,393,12,35,14,21,229,44,185,12
"2011","Winchester 001C","E01023288",577,392,178,214,14,61,34,27,93,85,8,17
"2011","Winchester 002A","E01023236",804,573,343,230,3,64,49,15,114,100,14,50
"2011","Winchester 002B","E01023237",563,259,123,136,5,267,237,30,24,19,5,8
"2011","Winchester 002C","E01023238",587,498,227,271,10,22,6,16,54,45,9,3
"2011","Winchester 002D","E01023239",654,544,250,294,3,24,18,6,75,64,11,8
"2011","Winchester 003A","E01023240",879,683,405,278,5,59,9,50,118,57,61,14
"2011","Winchester 003B","E01023241",518,437,277,160,1,36,14,22,31,30,1,13
"2011","Winchester 003C","E01023248",685,628,359,269,0,15,3,12,32,29,3,10
"2011","Winchester 003D","E01023253",709,514,302,212,1,115,99,16,69,61,8,10
"2011","Winchester 003E","E01023274",626,452,271,181,2,67,51,16,92,66,26,13
"2011","Winchester 004A","E01023225",830,537,320,217,2,76,58,18,181,167,14,34
"2011","Winchester 004B","E01023278",727,561,331,230,16,77,53,24,58,51,7,15
"2011","Winchester 004C","E01023279",613,533,285,248,1,16,14,2,53,49,4,10
"2011","Winchester 004D","E01023280",588,409,249,160,9,65,36,29,78,62,16,27
"2011","Winchester 004E","E01023281",833,505,316,189,12,184,171,13,100,89,11,32
"2011","Winchester 005A","E01023247",631,470,281,189,8,98,57,41,45,41,4,10
"2011","Winchester 005B","E01023249",524,344,173,171,3,134,61,73,37,32,5,6
"2011","Winchester 005C","E01023250",681,345,186,159,7,266,247,19,53,46,7,10
"2011","Winchester 005D","E01023268",485,376,177,199,2,19,9,10,84,81,3,4
"2011","Winchester 005E","E01023269",651,453,235,218,22,39,8,31,132,121,11,5
"2011","Winchester 005F","E01023270",456,301,137,164,1,92,15,77,60,52,8,2
"2011","Winchester 006A","E01023251",635,173,78,95,2,304,263,41,139,133,6,17
"2011","Winchester 006B","E01023255",700,286,124,162,17,293,235,58,93,84,9,11
"2011","Winchester 006C","E01023256",620,166,89,77,1,385,289,96,62,57,5,6
"2011","Winchester 006D","E01023257",688,341,149,192,1,240,203,37,96,83,13,10
"2011","Winchester 006E","E01023258",524,228,100,128,3,212,178,34,62,58,4,19
"2011","Winchester 007A","E01023252",961,348,211,137,17,244,83,161,334,318,16,18
"2011","Winchester 007B","E01023254",831,488,225,263,21,150,87,63,161,147,14,11
"2011","Winchester 007C","E01023263",596,389,258,131,11,48,10,38,126,118,8,22
"2011","Winchester 007D","E01023264",680,277,181,96,5,115,37,78,229,161,68,54
"2011","Winchester 007E","E01023265",816,457,263,194,14,163,62,101,168,147,21,14
"2011","Winchester 007F","E01023267",534,325,118,207,2,58,11,47,142,134,8,7
"2011","Winchester 008A","E01023260",493,80,28,52,3,327,247,80,75,69,6,8
"2011","Winchester 008B","E01023261",616,142,61,81,0,345,293,52,117,108,9,12
"2011","Winchester 008C","E01023262",499,155,75,80,1,219,198,21,121,110,11,3
"2011","Winchester 008D","E01023266",569,309,185,124,5,139,33,106,110,95,15,6
"2011","Winchester 009A","E01023229",776,552,288,264,7,93,91,2,100,90,10,24
"2011","Winchester 009B","E01023242",491,422,194,228,1,3,2,1,61,56,5,4
"2011","Winchester 009C","E01023243",617,441,176,265,2,8,2,6,162,154,8,4
"2011","Winchester 009D","E01023244",655,606,408,198,1,18,6,12,27,26,1,3
"2011","Winchester 009E","E01023259",553,384,230,154,0,94,68,26,72,62,10,3
"2011","Winchester 010A","E01023226",638,456,235,221,2,79,72,7,80,72,8,21
"2011","Winchester 010B","E01023227",796,518,242,276,13,191,132,59,61,55,6,13
"2011","Winchester 010C","E01023228",869,786,484,302,8,17,7,10,54,48,6,4
"2011","Winchester 010D","E01023230",807,683,321,362,17,11,7,4,86,76,10,10
"2011","Winchester 010E","E01023246",575,427,232,195,0,54,53,1,73,61,12,21
"2011","Winchester 011A","E01023235",841,641,373,268,1,83,54,29,91,77,14,25
"2011","Winchester 011B","E01023275",580,432,241,191,1,84,70,14,49,45,4,14
"2011","Winchester 011C","E01023276",585,515,276,239,0,30,12,18,34,31,3,6
"2011","Winchester 011D","E01023277",494,444,240,204,0,13,5,8,35,27,8,2
"2011","Winchester 011E","E01023282",814,581,343,238,8,93,58,35,97,79,18,35
"2011","Winchester 012A","E01023220",838,695,285,410,4,28,16,12,98,86,12,13
"2011","Winchester 012B","E01023221",819,520,307,213,3,186,115,71,97,84,13,13
"2011","Winchester 012C","E01023222",631,539,301,238,0,7,4,3,73,62,11,12
"2011","Winchester 012D","E01023223",599,371,179,192,2,191,145,46,29,27,2,6
"2011","Winchester 012E","E01023272",520,455,201,254,1,9,7,2,51,45,6,4
"2011","Winchester 012F","E01023273",579,506,262,244,5,19,11,8,38,35,3,11
"2011","Winchester 013A","E01023245",917,753,399,354,4,59,47,12,76,66,10,25
"2011","Winchester 013B","E01023271",454,350,191,159,0,58,41,17,34,26,8,12
"2011","Winchester 013D","E01023284",1170,706,280,426,62,124,23,101,261,251,10,17
"2011","Winchester 013E","E01023285",696,406,228,178,4,203,179,24,57,54,3,26
"2011","Winchester 013F","E01032859",645,510,121,389,1,26,15,11,101,95,6,7
"2011","Winchester 013G","E01032860",635,393,52,341,3,10,5,5,222,205,17,7
"2011","Winchester 014A","E01023224",502,215,114,101,1,52,38,14,214,142,72,20
"2011","Winchester 014B","E01023231",695,619,308,311,6,19,3,16,47,38,9,4
"2011","Winchester 014C","E01023232",737,631,329,302,4,36,13,23,60,53,7,6
"2011","Winchester 014D","E01023233",630,551,254,297,7,10,6,4,55,41,14,7
"2011","Winchester 014E","E01023234",665,444,175,269,2,160,120,40,49,41,8,10
"2011","Ashford 001B","E01023987",453,292,180,112,1,98,77,21,52,45,7,10
"2011","Ashford 001C","E01023988",558,424,231,193,2,24,16,8,88,69,19,20
"2011","Ashford 001D","E01024040",548,287,169,118,5,173,142,31,71,64,7,12
"2011","Ashford 001E","E01024041",507,385,246,139,0,6,5,1,103,96,7,13
"2011","Ashford 001F","E01032810",596,304,93,211,1,152,97,55,129,123,6,10
"2011","Ashford 001G","E01032812",669,515,219,296,19,17,11,6,104,100,4,14
"2011","Ashford 002A","E01023985",508,424,277,147,4,39,33,6,38,30,8,3
"2011","Ashford 002B","E01023986",563,353,188,165,1,139,106,33,58,54,4,12
"2011","Ashford 002C","E01023989",454,407,218,189,3,20,17,3,18,15,3,6
"2011","Ashford 002D","E01023990",504,318,163,155,1,127,116,11,46,43,3,12
"2011","Ashford 002E","E01024033",679,521,260,261,6,74,49,25,58,51,7,20
"2011","Ashford 002F","E01024035",453,358,200,158,4,48,29,19,39,31,8,4
"2011","Ashford 003A","E01023983",606,529,324,205,1,10,3,7,64,55,9,2
"2011","Ashford 003B","E01023999",904,779,418,361,2,22,11,11,87,75,12,14
"2011","Ashford 003D","E01032811",596,367,97,270,28,77,12,65,120,117,3,4
"2011","Ashford 003E","E01032822",563,428,195,233,2,83,82,1,34,31,3,16
"2011","Ashford 004A","E01023980",516,405,233,172,1,81,26,55,24,18,6,5
"2011","Ashford 004B","E01023981",507,295,114,181,0,173,164,9,36,33,3,3
"2011","Ashford 004C","E01023984",493,242,95,147,2,200,152,48,42,39,3,7
"2011","Ashford 004E","E01023992",624,339,129,210,30,130,83,47,115,105,10,10
"2011","Ashford 004F","E01023993",528,417,135,282,4,15,8,7,88,75,13,4
"2011","Ashford 004G","E01024021",614,359,178,181,4,42,3,39,207,189,18,2
"2011","Ashford 004H","E01024022",610,432,261,171,5,99,12,87,65,59,6,9
"2011","Ashford 004I","E01032820",625,390,122,268,11,45,10,35,173,151,22,6
"2011","Ashford 004J","E01032821",619,507,150,357,18,11,7,4,79,71,8,4
"2011","Ashford 005A","E01023973",712,238,63,175,2,363,282,81,94,83,11,15
"2011","Ashford 005B","E01024002",566,326,116,210,1,51,22,29,180,167,13,8
"2011","Ashford 005C","E01024023",994,590,218,372,4,151,57,94,240,211,29,9
"2011","Ashford 005D","E01024027",713,299,128,171,6,119,26,93,274,245,29,15
"2011","Ashford 005E","E01024029",937,596,280,316,13,197,162,35,118,105,13,13
"2011","Ashford 006A","E01023972",508,276,84,192,0,179,173,6,41,36,5,12
"2011","Ashford 006B","E01023995",479,420,206,214,1,3,2,1,51,46,5,4
"2011","Ashford 006C","E01023996",481,392,136,256,4,7,4,3,73,68,5,5
"2011","Ashford 006D","E01024003",757,620,359,261,5,58,2,56,64,58,6,10
"2011","Ashford 006E","E01024004",705,550,280,270,0,26,7,19,125,91,34,4
"2011","Ashford 006F","E01024005",645,456,196,260,13,77,55,22,92,81,11,7
"2011","Ashford 007A","E01023974",520,264,112,152,3,193,177,16,52,49,3,8
"2011","Ashford 007B","E01023975",614,297,137,160,3,246,242,4,59,51,8,9
"2011","Ashford 007C","E01023977",530,403,160,243,3,23,22,1,98,92,6,3
"2011","Ashford 007D","E01024016",655,422,139,283,5,13,12,1,212,204,8,3
"2011","Ashford 007E","E01024017",779,508,167,341,14,102,52,50,149,140,9,6
"2011","Ashford 007F","E01024028",697,280,96,184,3,304,244,60,94,88,6,16
"2011","Ashford 008A","E01023976",672,321,127,194,2,272,175,97,50,36,14,27
"2011","Ashford 008B","E01024019",484,237,68,169,5,162,61,101,78,71,7,2
"2011","Ashford 008C","E01024020",634,227,72,155,15,319,125,194,69,66,3,4
"2011","Ashford 008E","E01032816",672,508,112,396,44,23,9,14,97,92,5,0
"2011","Ashford 008F","E01032823",607,414,131,283,15,93,43,50,80,71,9,5
"2011","Ashford 009A","E01024001",650,348,153,195,1,190,180,10,97,86,11,14
"2011","Ashford 009B","E01024006",445,381,118,263,2,5,5,0,54,52,2,3
"2011","Ashford 009D","E01024008",720,567,139,428,5,11,5,6,136,127,9,1
"2011","Ashford 009F","E01032815",420,162,39,123,2,132,64,68,115,112,3,9
"2011","Ashford 009G","E01032817",449,225,45,180,36,50,28,22,136,132,4,2
"2011","Ashford 009H","E01032818",553,378,71,307,10,13,4,9,149,142,7,3
"2011","Ashford 009I","E01032819",648,397,83,314,60,56,5,51,131,111,20,4
"2011","Ashford 009J","E01032824",588,410,150,260,3,48,33,15,116,106,10,11
"2011","Ashford 010A","E01024013",709,505,264,241,9,104,81,23,81,75,6,10
"2011","Ashford 010B","E01024014",650,569,307,262,7,24,10,14,45,35,10,5
"2011","Ashford 010C","E01024015",651,554,309,245,2,15,10,5,70,62,8,10
"2011","Ashford 010D","E01024034",942,764,331,433,13,46,36,10,99,87,12,20
"2011","Ashford 011A","E01023978",510,447,306,141,5,9,7,2,38,31,7,11
"2011","Ashford 011B","E01023979",534,358,188,170,11,109,75,34,47,38,9,9
"2011","Ashford 011C","E01024032",623,500,268,232,0,60,54,6,52,43,9,11
"2011","Ashford 011D","E01024036",526,398,198,200,6,72,51,21,42,35,7,8
"2011","Ashford 012B","E01024031",629,468,275,193,3,69,66,3,73,68,5,16
"2011","Ashford 012C","E01024038",818,656,448,208,14,67,51,16,66,54,12,15
"2011","Ashford 012D","E01024039",577,500,258,242,6,29,25,4,37,32,5,5
"2011","Ashford 012E","E01032813",730,434,79,355,64,28,11,17,200,195,5,4
"2011","Ashford 012F","E01032814",740,532,215,317,11,63,51,12,113,102,11,21
"2011","Ashford 013A","E01024009",482,384,257,127,2,20,14,6,62,56,6,14
"2011","Ashford 013B","E01024010",577,381,229,152,3,117,108,9,65,53,12,11
"2011","Ashford 013C","E01024011",497,419,236,183,1,25,24,1,43,40,3,9
"2011","Ashford 013D","E01024012",453,375,206,169,1,42,38,4,31,28,3,4
"2011","Ashford 013E","E01024024",1105,787,533,254,22,148,71,77,131,125,6,17
"2011","Ashford 013F","E01024025",572,321,238,83,9,155,102,53,80,75,5,7
"2011","Ashford 014A","E01023997",609,422,235,187,8,118,90,28,50,42,8,11
"2011","Ashford 014B","E01023998",474,353,208,145,1,76,66,10,40,36,4,4
"2011","Ashford 014C","E01024026",503,405,233,172,3,50,49,1,34,25,9,11
"2011","Ashford 014D","E01024037",745,564,299,265,2,78,63,15,88,78,10,13
"2011","Canterbury 001A","E01024078",920,399,221,178,3,42,9,33,461,441,20,15
"2011","Canterbury 001B","E01024080",608,257,116,141,2,60,56,4,278,267,11,11
"2011","Canterbury 001C","E01024081",789,332,162,170,2,146,52,94,297,285,12,12
"2011","Canterbury 001D","E01024082",598,415,208,207,3,24,22,2,148,142,6,8
"2011","Canterbury 001E","E01024095",607,425,213,212,2,7,3,4,166,159,7,7
"2011","Canterbury 002A","E01024094",989,846,459,387,26,33,9,24,71,64,7,13
"2011","Canterbury 002B","E01024096",756,647,403,244,10,28,23,5,60,54,6,11
"2011","Canterbury 002C","E01024097",748,569,348,221,25,104,62,42,39,31,8,11
"2011","Canterbury 002D","E01024098",659,606,392,214,5,3,0,3,41,34,7,4
"2011","Canterbury 003A","E01024064",913,782,347,435,3,41,25,16,82,77,5,5
"2011","Canterbury 003B","E01024066",647,369,179,190,3,200,171,29,71,64,7,4
"2011","Canterbury 003C","E01024079",627,510,274,236,6,12,8,4,92,80,12,7
"2011","Canterbury 003D","E01024083",654,327,187,140,0,240,158,82,71,59,12,16
"2011","Canterbury 003E","E01024118",762,604,313,291,4,42,35,7,102,92,10,10
"2011","Canterbury 004A","E01024059",752,420,256,164,7,230,219,11,84,67,17,11
"2011","Canterbury 004B","E01024065",789,668,330,338,3,8,3,5,102,89,13,8
"2011","Canterbury 004C","E01024117",633,561,343,218,0,12,10,2,56,45,11,4
"2011","Canterbury 004D","E01024119",618,379,154,225,5,153,148,5,74,64,10,7
"2011","Canterbury 004E","E01024120",766,649,404,245,6,7,4,3,97,86,11,7
"2011","Canterbury 005A","E01024056",788,755,468,287,4,2,1,1,18,16,2,9
"2011","Canterbury 005B","E01024057",802,724,433,291,5,4,3,1,59,46,13,10
"2011","Canterbury 005C","E01024058",666,553,268,285,3,4,1,3,103,92,11,3
"2011","Canterbury 005D","E01024114",786,695,403,292,3,1,0,1,79,71,8,8
"2011","Canterbury 005E","E01024115",646,599,389,210,0,5,4,1,38,32,6,4
"2011","Canterbury 006A","E01024073",808,637,305,332,29,34,2,32,104,91,13,4
"2011","Canterbury 006B","E01024074",542,496,230,266,2,3,0,3,34,31,3,7
"2011","Canterbury 006C","E01024075",685,541,284,257,4,49,23,26,79,64,15,12
"2011","Canterbury 006D","E01024076",752,620,232,388,10,9,5,4,106,94,12,7
"2011","Canterbury 006E","E01024077",565,466,194,272,2,2,1,1,92,84,8,3
"2011","Canterbury 007A","E01024055",691,616,395,221,4,12,4,8,54,43,11,5
"2011","Canterbury 007B","E01024061",658,218,103,115,8,357,293,64,67,61,6,8
"2011","Canterbury 007C","E01024063",622,550,264,286,4,6,3,3,61,53,8,1
"2011","Canterbury 007D","E01024071",706,475,202,273,1,120,44,76,104,89,15,6
"2011","Canterbury 007E","E01024116",640,530,326,204,0,17,3,14,84,77,7,9
"2011","Canterbury 008A","E01024060",663,471,233,238,2,15,14,1,157,142,15,18
"2011","Canterbury 008B","E01024069",602,438,168,270,4,19,16,3,133,119,14,8
"2011","Canterbury 008C","E01024070",694,397,223,174,5,66,53,13,215,205,10,11
"2011","Canterbury 008D","E01024072",656,357,160,197,0,10,5,5,281,269,12,8
"2011","Canterbury 008E","E01024106",688,577,350,227,0,4,2,2,97,86,11,10
"2011","Canterbury 009A","E01024062",620,512,253,259,12,34,9,25,55,52,3,7
"2011","Canterbury 009B","E01024105",696,621,393,228,6,27,6,21,35,25,10,7
"2011","Canterbury 009C","E01024107",589,529,264,265,3,6,3,3,44,35,9,7
"2011","Canterbury 009D","E01024108",532,306,193,113,2,166,162,4,52,41,11,6
"2011","Canterbury 009E","E01024109",956,868,503,365,2,17,8,9,62,54,8,7
"2011","Canterbury 010A","E01024084",469,303,152,151,4,101,46,55,55,50,5,6
"2011","Canterbury 010B","E01024085",645,494,276,218,1,25,21,4,112,94,18,13
"2011","Canterbury 010C","E01024086",795,509,195,314,11,133,113,20,128,116,12,14
"2011","Canterbury 010D","E01024087",471,372,202,170,0,20,18,2,66,56,10,13
"2011","Canterbury 011A","E01024091",495,222,81,141,4,186,168,18,75,68,7,8
"2011","Canterbury 011B","E01024110",557,474,294,180,7,14,14,0,57,53,4,5
"2011","Canterbury 011C","E01024111",613,366,159,207,4,181,146,35,54,45,9,8
"2011","Canterbury 011D","E01024112",662,595,307,288,6,7,6,1,47,37,10,7
"2011","Canterbury 011E","E01024113",538,408,239,169,4,24,23,1,86,66,20,16
"2011","Canterbury 012C","E01024067",456,386,217,169,0,5,5,0,59,53,6,6
"2011","Canterbury 012D","E01024068",590,477,290,187,1,30,20,10,60,55,5,22
"2011","Canterbury 012E","E01024123",631,462,248,214,1,34,10,24,122,111,11,12
"2011","Canterbury 012F","E01032809",958,775,472,303,3,39,34,5,121,103,18,20
"2011","Canterbury 013A","E01024099",545,132,71,61,1,222,185,37,186,179,7,4
"2011","Canterbury 013B","E01024100",511,247,154,93,5,75,39,36,181,177,4,3
"2011","Canterbury 013C","E01024101",617,247,137,110,14,123,51,72,232,222,10,1
"2011","Canterbury 013D","E01024102",657,377,245,132,2,57,13,44,217,202,15,4
"2011","Canterbury 013E","E01024103",629,170,117,53,6,305,14,291,139,131,8,9
"2011","Canterbury 014A","E01024047",495,72,34,38,8,160,134,26,248,67,181,7
"2011","Canterbury 014B","E01024049",551,122,57,65,3,331,235,96,86,74,12,9
"2011","Canterbury 014C","E01024090",751,260,122,138,8,214,192,22,260,237,23,9
"2011","Canterbury 014D","E01024092",627,120,66,54,17,269,210,59,212,200,12,9
"2011","Canterbury 014E","E01024093",734,165,98,67,23,328,221,107,194,175,19,24
"2011","Canterbury 016A","E01024044",857,400,225,175,18,76,24,52,335,315,20,28
"2011","Canterbury 016B","E01024045",661,482,302,180,2,60,57,3,112,100,12,5
"2011","Canterbury 016C","E01024046",781,504,279,225,1,78,6,72,191,156,35,7
"2011","Canterbury 016D","E01024048",535,152,93,59,4,153,141,12,213,189,24,13
"2011","Canterbury 016E","E01024131",661,454,266,188,1,10,6,4,186,173,13,10
"2011","Canterbury 017A","E01024052",910,552,176,376,2,207,122,85,138,132,6,11
"2011","Canterbury 017B","E01024053",743,599,275,324,0,10,8,2,127,108,19,7
"2011","Canterbury 017C","E01024054",732,574,322,252,4,47,45,2,100,92,8,7
"2011","Canterbury 017D","E01024127",661,548,306,242,2,41,33,8,61,53,8,9
"2011","Canterbury 018A","E01024042",535,378,185,193,3,78,69,9,61,51,10,15
"2011","Canterbury 018B","E01024043",565,512,306,206,1,7,5,2,37,34,3,8
"2011","Canterbury 018C","E01024088",621,451,242,209,2,47,32,15,108,99,9,13
"2011","Canterbury 018D","E01024089",482,387,230,157,0,15,7,8,64,53,11,16
"2011","Canterbury 019A","E01024128",631,231,80,151,2,270,233,37,115,103,12,13
"2011","Canterbury 019B","E01024129",641,298,141,157,1,53,52,1,281,268,13,8
"2011","Canterbury 019C","E01024130",1084,477,211,266,25,264,173,91,300,276,24,18
"2011","Canterbury 020A","E01024104",956,424,266,158,15,60,20,40,440,428,12,17
"2011","Canterbury 020B","E01024121",666,389,233,156,3,26,9,17,245,232,13,3
"2011","Canterbury 020C","E01024122",619,294,162,132,21,164,157,7,134,120,14,6
"2011","Canterbury 020D","E01024124",543,230,158,72,2,16,3,13,262,238,24,33
"2011","Canterbury 020E","E01024126",532,198,93,105,3,220,145,75,101,91,10,10
"2011","Canterbury 020F","E01032807",755,295,170,125,6,47,28,19,385,348,37,22
"2011","Canterbury 020G","E01032808",715,207,79,128,19,196,64,132,278,263,15,15
"2011","Dartford 001A","E01024148",849,218,83,135,5,554,525,29,51,38,13,21
"2011","Dartford 001B","E01024149",1220,598,160,438,78,344,207,137,189,184,5,11
"2011","Dartford 001C","E01024154",512,267,112,155,2,216,206,10,19,15,4,8
"2011","Dartford 001D","E01024155",575,234,96,138,9,295,200,95,27,26,1,10
"2011","Dartford 002A","E01024140",1175,710,139,571,67,96,12,84,291,284,7,11
"2011","Dartford 002B","E01024141",633,496,185,311,2,39,29,10,94,86,8,2
"2011","Dartford 002C","E01024143",999,678,173,505,2,40,16,24,271,258,13,8
"2011","Dartford 002D","E01024179",1214,457,131,326,42,202,116,86,506,486,20,7
"2011","Dartford 003A","E01024180",673,418,113,305,4,36,12,24,211,199,12,4
"2011","Dartford 003B","E01024181",499,392,127,265,2,12,6,6,91,88,3,2
"2011","Dartford 003C","E01024182",773,331,122,209,34,143,61,82,255,242,13,10
"2011","Dartford 003D","E01024183",521,456,205,251,1,17,2,15,42,38,4,5
"2011","Dartford 003E","E01024184",771,541,199,342,31,40,7,33,151,143,8,8
"2011","Dartford 003F","E01024185",856,555,238,317,38,87,28,59,174,163,11,2
"2011","Dartford 004A","E01024142",1249,596,144,452,74,243,90,153,324,317,7,12
"2011","Dartford 004B","E01024176",787,413,171,242,4,179,167,12,181,171,10,10
"2011","Dartford 004C","E01024177",599,233,99,134,2,317,291,26,39,38,1,8
"2011","Dartford 004D","E01024178",623,358,114,244,4,157,140,17,96,84,12,8
"2011","Dartford 005A","E01024156",784,452,176,276,7,69,56,13,247,231,16,9
"2011","Dartford 005B","E01024161",800,586,174,412,1,43,38,5,166,146,20,4
"2011","Dartford 005C","E01024162",818,498,132,366,2,39,23,16,276,265,11,3
"2011","Dartford 005D","E01024163",728,573,250,323,3,25,17,8,117,109,8,10
"2011","Dartford 005E","E01024164",801,519,182,337,7,22,9,13,248,225,23,5
"2011","Dartford 006A","E01024169",629,337,136,201,2,201,169,32,79,75,4,10
"2011","Dartford 006B","E01024170",668,310,106,204,4,276,253,23,63,60,3,15
"2011","Dartford 006C","E01024171",620,396,137,259,2,90,89,1,124,115,9,8
"2011","Dartford 006D","E01024172",980,503,155,348,27,74,51,23,370,362,8,6
"2011","Dartford 007A","E01024144",544,504,233,271,0,2,2,0,32,26,6,6
"2011","Dartford 007B","E01024145",594,536,245,291,0,2,1,1,56,50,6,0
"2011","Dartford 007C","E01024146",538,499,254,245,1,0,0,0,34,30,4,4
"2011","Dartford 007D","E01024147",653,587,265,322,0,4,3,1,59,56,3,3
"2011","Dartford 007E","E01024186",514,460,199,261,0,6,3,3,45,42,3,3
"2011","Dartford 008A","E01024133",460,398,114,284,2,11,4,7,41,39,2,8
"2011","Dartford 008B","E01024136",679,478,215,263,6,26,7,19,164,149,15,5
"2011","Dartford 008C","E01024137",552,464,210,254,5,12,6,6,65,61,4,6
"2011","Dartford 008D","E01024138",657,467,190,277,5,110,82,28,67,60,7,8
"2011","Dartford 008E","E01024139",690,637,365,272,5,4,2,2,41,39,2,3
"2011","Dartford 009A","E01024165",675,193,66,127,0,397,201,196,75,70,5,10
"2011","Dartford 009B","E01024166",620,335,106,229,3,211,208,3,59,50,9,12
"2011","Dartford 009C","E01024167",773,469,167,302,4,161,93,68,130,116,14,9
"2011","Dartford 009D","E01024168",488,333,133,200,0,115,111,4,34,32,2,6
"2011","Dartford 010A","E01024150",643,602,393,209,0,5,1,4,32,28,4,4
"2011","Dartford 010B","E01024151",625,594,372,222,5,7,1,6,16,15,1,3
"2011","Dartford 010C","E01024152",931,681,193,488,12,111,43,68,122,120,2,5
"2011","Dartford 010D","E01024153",543,513,277,236,0,7,5,2,15,15,0,8
"2011","Dartford 011A","E01024173",698,624,287,337,2,19,12,7,48,44,4,5
"2011","Dartford 011B","E01024187",442,395,192,203,0,20,19,1,25,24,1,2
"2011","Dartford 011C","E01024188",508,447,238,209,3,23,22,1,31,29,2,4
"2011","Dartford 011D","E01024189",685,495,237,258,0,133,96,37,52,49,3,5
"2011","Dartford 012A","E01024132",489,329,133,196,5,131,97,34,20,19,1,4
"2011","Dartford 012B","E01024134",650,491,206,285,1,107,101,6,47,40,7,4
"2011","Dartford 012C","E01024135",541,286,116,170,7,160,157,3,81,76,5,7
"2011","Dartford 012D","E01024174",498,325,126,199,3,129,87,42,33,29,4,8
"2011","Dartford 012E","E01024175",514,400,174,226,4,57,43,14,51,49,2,2
"2011","Dartford 013A","E01024157",674,533,289,244,3,62,61,1,64,62,2,12
"2011","Dartford 013B","E01024158",650,493,286,207,5,49,42,7,92,88,4,11
"2011","Dartford 013C","E01024159",647,608,354,254,0,8,6,2,27,25,2,4
"2011","Dartford 013D","E01024160",550,518,318,200,0,2,2,0,25,23,2,5
"2011","Dover 001A","E01024206",717,536,306,230,2,107,51,56,63,50,13,9
"2011","Dover 001B","E01024207",719,553,298,255,4,55,26,29,98,92,6,9
"2011","Dover 001C","E01024208",666,419,201,218,6,114,86,28,105,90,15,22
"2011","Dover 001D","E01024209",749,526,300,226,12,84,53,31,114,96,18,13
"2011","Dover 002A","E01024202",800,503,267,236,0,204,123,81,83,73,10,10
"2011","Dover 002B","E01024242",730,594,348,246,1,19,17,2,93,83,10,23
"2011","Dover 002C","E01024243",761,466,254,212,5,206,181,25,54,47,7,30
"2011","Dover 002D","E01024244",960,626,398,228,1,53,46,7,259,239,20,21
"2011","Dover 002E","E01024245",748,577,328,249,3,75,52,23,73,67,6,20
"2011","Dover 003A","E01024219",562,406,235,171,0,105,96,9,43,36,7,8
"2011","Dover 003B","E01024220",754,615,381,234,2,29,6,23,98,83,15,10
"2011","Dover 003C","E01024221",635,542,291,251,2,11,9,2,74,64,10,6
"2011","Dover 003D","E01024227",675,428,211,217,43,37,34,3,158,153,5,9
"2011","Dover 003E","E01024229",727,466,235,231,1,123,70,53,121,106,15,16
"2011","Dover 004A","E01024228",801,498,326,172,2,33,31,2,249,227,22,19
"2011","Dover 004B","E01024230",761,532,341,191,4,18,5,13,191,182,9,16
"2011","Dover 004C","E01024231",743,449,261,188,2,13,1,12,274,261,13,5
"2011","Dover 004D","E01024252",1141,812,431,381,11,33,0,33,272,258,14,13
"2011","Dover 005A","E01024201",613,454,222,232,2,31,27,4,105,88,17,21
"2011","Dover 005B","E01024217",754,494,247,247,2,117,81,36,125,113,12,16
"2011","Dover 005C","E01024223",625,441,194,247,0,121,107,14,56,45,11,7
"2011","Dover 005D","E01024225",680,513,238,275,3,52,18,34,102,86,16,10
"2011","Dover 005E","E01024226",626,407,206,201,5,145,108,37,57,51,6,12
"2011","Dover 006A","E01024190",594,369,182,187,2,64,57,7,109,102,7,50
"2011","Dover 006B","E01024191",687,485,193,292,4,129,110,19,57,43,14,12
"2011","Dover 006C","E01024192",681,312,143,169,1,312,214,98,38,32,6,18
"2011","Dover 006D","E01024204",657,450,238,212,1,155,114,41,48,38,10,3
"2011","Dover 007A","E01024218",528,282,114,168,0,171,120,51,69,61,8,6
"2011","Dover 007B","E01024222",670,368,150,218,3,201,162,39,83,73,10,15
"2011","Dover 007C","E01024224",647,507,258,249,1,71,20,51,61,56,5,7
"2011","Dover 007D","E01024250",777,565,349,216,1,113,70,43,84,75,9,14
"2011","Dover 007E","E01024251",732,519,308,211,0,130,27,103,64,59,5,19
"2011","Dover 008A","E01024200",715,586,322,264,3,24,24,0,96,82,14,6
"2011","Dover 008B","E01024203",649,531,290,241,6,17,15,2,84,74,10,11
"2011","Dover 008C","E01024205",643,503,230,273,1,84,76,8,48,38,10,7
"2011","Dover 008D","E01024255",671,601,392,209,1,27,23,4,34,26,8,8
"2011","Dover 009A","E01024232",913,754,507,247,2,61,54,7,80,73,7,16
"2011","Dover 009B","E01024236",742,559,339,220,9,73,46,27,87,69,18,14
"2011","Dover 009C","E01024237",758,638,454,184,0,31,10,21,78,67,11,11
"2011","Dover 009D","E01024253",787,674,453,221,5,9,4,5,92,87,5,7
"2011","Dover 010C","E01024233",646,610,322,288,1,2,1,1,29,21,8,4
"2011","Dover 010D","E01024235",699,575,332,243,6,17,1,16,94,75,19,7
"2011","Dover 010E","E01024254",805,545,263,282,17,168,7,161,69,43,26,6
"2011","Dover 010F","E01024256",608,575,296,279,0,6,1,5,21,20,1,6
"2011","Dover 010G","E01033210",961,823,407,416,1,43,37,6,85,71,14,9
"2011","Dover 011A","E01024193",723,248,107,141,0,349,179,170,113,103,10,13
"2011","Dover 011B","E01024194",638,382,144,238,0,70,33,37,178,163,15,8
"2011","Dover 011C","E01024195",528,347,138,209,1,126,89,37,49,46,3,5
"2011","Dover 011D","E01024196",628,261,110,151,3,292,246,46,58,49,9,14
"2011","Dover 011E","E01024197",686,419,195,224,3,141,127,14,113,106,7,10
"2011","Dover 011F","E01024240",651,184,55,129,2,351,229,122,104,98,6,10
"2011","Dover 011G","E01024241",810,406,140,266,1,147,39,108,248,237,11,8
"2011","Dover 011H","E01024248",850,368,129,239,17,253,155,98,209,195,14,3
"2011","Dover 012B","E01024238",566,270,102,168,1,70,37,33,204,95,109,21
"2011","Dover 012C","E01024239",873,412,208,204,2,179,66,113,260,240,20,20
"2011","Dover 012D","E01024247",909,353,165,188,4,223,99,124,305,273,32,24
"2011","Dover 012E","E01033209",574,304,199,105,4,8,5,3,250,238,12,8
"2011","Dover 012F","E01033211",668,275,203,72,1,149,99,50,233,218,15,10
"2011","Dover 013A","E01024214",726,339,148,191,3,100,48,52,279,274,5,5
"2011","Dover 013B","E01024215",674,237,81,156,0,70,6,64,356,339,17,11
"2011","Dover 013C","E01024216",604,469,175,294,0,10,8,2,121,111,10,4
"2011","Dover 013D","E01024246",894,381,155,226,13,104,26,78,389,367,22,7
"2011","Dover 013E","E01024249",915,351,172,179,3,400,293,107,147,132,15,14
"2011","Dover 014A","E01024198",1076,921,580,341,4,63,55,8,72,61,11,16
"2011","Dover 014B","E01024212",663,507,228,279,1,43,4,39,110,105,5,2
"2011","Dover 014C","E01024213",572,520,255,265,1,1,1,0,46,39,7,4
"2011","Dover 014D","E01024234",565,500,284,216,3,22,12,10,33,30,3,7
"2011","Gravesham 001A","E01024276",916,568,232,336,22,57,17,40,266,257,9,3
"2011","Gravesham 001B","E01024277",769,333,123,210,2,245,210,35,176,169,7,13
"2011","Gravesham 001C","E01024278",863,203,63,140,13,470,416,54,164,157,7,13
"2011","Gravesham 001D","E01024279",619,324,118,206,5,96,71,25,188,178,10,6
"2011","Gravesham 002A","E01024257",890,232,79,153,16,262,202,60,355,343,12,25
"2011","Gravesham 002C","E01024290",584,345,175,170,7,45,19,26,183,174,9,4
"2011","Gravesham 002D","E01024291",793,345,192,153,3,117,85,32,316,307,9,12
"2011","Gravesham 002E","E01024295",934,276,117,159,6,288,275,13,341,328,13,23
"2011","Gravesham 002F","E01032799",660,186,85,101,8,125,30,95,332,314,18,9
"2011","Gravesham 002G","E01032800",689,226,126,100,21,80,39,41,358,350,8,4
"2011","Gravesham 003A","E01024258",625,362,159,203,10,73,37,36,176,160,16,4
"2011","Gravesham 003B","E01024261",946,782,465,317,3,18,12,6,131,125,6,12
"2011","Gravesham 003C","E01024293",599,410,195,215,2,51,35,16,131,124,7,5
"2011","Gravesham 003D","E01024294",811,369,96,273,9,308,250,58,115,112,3,10
"2011","Gravesham 003E","E01024296",1165,512,183,329,39,171,89,82,425,403,22,18
"2011","Gravesham 004A","E01024262",715,387,152,235,4,155,103,52,158,152,6,11
"2011","Gravesham 004B","E01024263",593,256,106,150,2,274,260,14,46,42,4,15
"2011","Gravesham 004C","E01024282",580,361,133,228,11,31,11,20,170,155,15,7
"2011","Gravesham 004D","E01024283",491,354,150,204,2,29,10,19,103,98,5,3
"2011","Gravesham 004E","E01024284",595,365,143,222,1,62,32,30,162,159,3,5
"2011","Gravesham 005A","E01024259",560,493,244,249,2,1,1,0,61,54,7,3
"2011","Gravesham 005B","E01024260",808,605,314,291,3,30,7,23,162,152,10,8
"2011","Gravesham 005C","E01024292",557,385,191,194,1,29,9,20,137,129,8,5
"2011","Gravesham 005D","E01024313",631,464,207,257,12,61,43,18,86,79,7,8
"2011","Gravesham 005E","E01024317",641,475,207,268,0,74,1,73,83,76,7,9
"2011","Gravesham 005F","E01024318",622,493,219,274,2,7,0,7,117,110,7,3
"2011","Gravesham 006A","E01024280",682,289,93,196,29,269,166,103,87,85,2,8
"2011","Gravesham 006B","E01024281",528,390,193,197,3,76,56,20,57,51,6,2
"2011","Gravesham 006C","E01024285",525,417,188,229,0,66,63,3,38,32,6,4
"2011","Gravesham 006D","E01024287",645,364,181,183,1,228,223,5,33,30,3,19
"2011","Gravesham 006E","E01024288",499,451,279,172,1,24,21,3,21,19,2,2
"2011","Gravesham 007A","E01024308",612,197,80,117,4,358,338,20,24,21,3,29
"2011","Gravesham 007B","E01024310",627,377,195,182,1,212,205,7,26,23,3,11
"2011","Gravesham 007C","E01024311",457,235,85,150,8,162,162,0,45,43,2,7
"2011","Gravesham 007D","E01024314",485,395,198,197,0,31,30,1,54,50,4,5
"2011","Gravesham 007E","E01024315",596,342,138,204,4,198,189,9,44,33,11,8
"2011","Gravesham 008A","E01024297",564,525,227,298,1,5,4,1,32,29,3,1
"2011","Gravesham 008B","E01024298",537,505,270,235,0,4,4,0,25,23,2,3
"2011","Gravesham 008C","E01024299",553,493,251,242,1,3,3,0,53,48,5,3
"2011","Gravesham 008D","E01024309",478,265,88,177,2,173,159,14,32,30,2,6
"2011","Gravesham 008E","E01024312",474,364,172,192,1,69,65,4,35,33,2,5
"2011","Gravesham 009A","E01024264",612,317,138,179,2,258,236,22,28,19,9,7
"2011","Gravesham 009B","E01024286",620,534,254,280,2,50,46,4,31,27,4,3
"2011","Gravesham 009C","E01024316",683,532,258,274,12,62,10,52,76,73,3,1
"2011","Gravesham 009D","E01024319",554,399,209,190,0,114,96,18,36,34,2,5
"2011","Gravesham 010A","E01024265",499,449,249,200,0,8,2,6,37,31,6,5
"2011","Gravesham 010B","E01024266",482,323,175,148,2,112,103,9,40,36,4,5
"2011","Gravesham 010C","E01024267",623,525,283,242,3,46,42,4,47,37,10,2
"2011","Gravesham 010D","E01024300",580,523,280,243,1,27,16,11,24,18,6,5
"2011","Gravesham 010E","E01024301",518,393,238,155,0,58,46,12,52,45,7,15
"2011","Gravesham 011A","E01024303",668,465,153,312,1,90,79,11,104,90,14,8
"2011","Gravesham 011B","E01024304",610,403,167,236,3,135,128,7,64,59,5,5
"2011","Gravesham 011C","E01024305",547,175,65,110,1,311,269,42,50,48,2,10
"2011","Gravesham 011D","E01024306",436,131,49,82,0,279,250,29,17,15,2,9
"2011","Gravesham 011E","E01024307",643,411,215,196,0,191,179,12,26,23,3,15
"2011","Gravesham 012A","E01024268",631,586,346,240,0,3,2,1,37,30,7,5
"2011","Gravesham 012B","E01024269",758,703,416,287,2,10,9,1,37,33,4,6
"2011","Gravesham 012C","E01024270",586,526,289,237,1,5,2,3,50,44,6,4
"2011","Gravesham 012D","E01024271",579,419,212,207,1,100,88,12,47,40,7,12
"2011","Gravesham 012E","E01024272",592,547,320,227,2,16,15,1,24,21,3,3
"2011","Gravesham 013A","E01024273",552,505,232,273,0,4,4,0,36,30,6,7
"2011","Gravesham 013B","E01024274",616,570,318,252,7,10,9,1,23,19,4,6
"2011","Gravesham 013C","E01024275",526,479,170,309,2,2,0,2,42,35,7,1
"2011","Gravesham 013D","E01024302",598,464,260,204,1,80,45,35,48,44,4,5
"2011","Maidstone 001A","E01024333",521,429,104,325,4,9,3,6,78,72,6,1
"2011","Maidstone 001B","E01024334",412,350,98,252,14,4,1,3,43,40,3,1
"2011","Maidstone 001C","E01024335",605,499,225,274,1,25,7,18,72,63,9,8
"2011","Maidstone 001D","E01024338",513,473,164,309,1,2,0,2,35,31,4,2
"2011","Maidstone 001E","E01024347",655,532,266,266,9,32,9,23,73,63,10,9
"2011","Maidstone 002A","E01024353",720,617,322,295,12,9,2,7,76,65,11,6
"2011","Maidstone 002B","E01024354",602,475,239,236,3,3,0,3,119,113,6,2
"2011","Maidstone 002C","E01024355",823,568,236,332,8,27,1,26,213,201,12,7
"2011","Maidstone 002D","E01024385",623,502,245,257,2,76,4,72,40,36,4,3
"2011","Maidstone 002E","E01024386",697,559,265,294,10,18,0,18,106,94,12,4
"2011","Maidstone 003A","E01024320",492,469,232,237,1,2,2,0,17,15,2,3
"2011","Maidstone 003B","E01024321",736,694,435,259,0,4,0,4,35,27,8,3
"2011","Maidstone 003C","E01024322",494,461,271,190,0,7,1,6,21,20,1,5
"2011","Maidstone 003D","E01024323",593,531,308,223,0,3,1,2,56,52,4,3
"2011","Maidstone 003E","E01024324",637,556,277,279,5,2,0,2,68,56,12,6
"2011","Maidstone 003F","E01024341",698,601,361,240,17,1,0,1,73,65,8,6
"2011","Maidstone 004A","E01024352",868,393,157,236,6,228,47,181,230,211,19,11
"2011","Maidstone 004C","E01024382",641,317,88,229,2,58,7,51,261,245,16,3
"2011","Maidstone 004D","E01024383",868,299,77,222,38,104,14,90,421,263,158,6
"2011","Maidstone 004E","E01024384",783,474,182,292,18,168,29,139,117,107,10,6
"2011","Maidstone 004F","E01033090",632,221,121,100,27,157,11,146,214,206,8,13
"2011","Maidstone 004G","E01033092",631,195,61,134,2,176,34,142,249,231,18,9
"2011","Maidstone 005A","E01024330",641,591,301,290,1,5,0,5,42,36,6,2
"2011","Maidstone 005B","E01024336",624,548,248,300,2,3,2,1,68,64,4,3
"2011","Maidstone 005C","E01024337",606,539,247,292,1,2,0,2,61,57,4,3
"2011","Maidstone 005D","E01024348",518,469,179,290,3,2,0,2,40,37,3,4
"2011","Maidstone 005E","E01024351",666,499,266,233,2,58,0,58,102,91,11,5
"2011","Maidstone 006A","E01024339",850,446,160,286,1,113,17,96,284,274,10,6
"2011","Maidstone 006B","E01024340",1034,535,221,314,41,66,13,53,387,367,20,5
"2011","Maidstone 006C","E01024356",625,390,157,233,2,23,5,18,206,192,14,4
"2011","Maidstone 006E","E01024373",790,397,159,238,4,175,17,158,208,195,13,6
"2011","Maidstone 006F","E01033087",699,189,47,142,69,159,17,142,279,259,20,3
"2011","Maidstone 006G","E01033091",715,443,130,313,3,39,2,37,221,203,18,9
"2011","Maidstone 007A","E01024326",784,728,446,282,0,9,2,7,39,37,2,8
"2011","Maidstone 007B","E01024327",672,563,266,297,10,10,0,10,81,70,11,8
"2011","Maidstone 007C","E01024328",673,533,298,235,1,46,4,42,82,78,4,11
"2011","Maidstone 007D","E01024329",604,554,310,244,1,4,1,3,39,34,5,6
"2011","Maidstone 007E","E01024349",603,451,110,341,3,3,1,2,142,129,13,4
"2011","Maidstone 008A","E01024357",670,403,135,268,4,85,14,71,176,164,12,2
"2011","Maidstone 008B","E01024358",748,400,170,230,6,244,46,198,86,73,13,12
"2011","Maidstone 008C","E01024367",543,372,152,220,7,61,15,46,95,83,12,8
"2011","Maidstone 008E","E01024369",615,516,247,269,5,18,4,14,69,61,8,7
"2011","Maidstone 008F","E01033088",549,333,71,262,35,29,2,27,149,134,15,3
"2011","Maidstone 008G","E01033089",575,294,93,201,7,143,16,127,125,96,29,6
"2011","Maidstone 009A","E01024360",636,466,174,292,4,49,15,34,117,108,9,0
"2011","Maidstone 009B","E01024372",801,413,143,270,9,85,17,68,287,281,6,7
"2011","Maidstone 009C","E01024374",580,228,69,159,2,248,52,196,95,89,6,7
"2011","Maidstone 009D","E01024401",640,448,142,306,1,85,7,78,99,93,6,7
"2011","Maidstone 009E","E01024403",777,532,165,367,5,82,12,70,151,136,15,7
"2011","Maidstone 010A","E01024371",648,506,245,261,3,77,20,57,55,48,7,7
"2011","Maidstone 010B","E01024392",608,374,141,233,2,176,49,127,50,40,10,6
"2011","Maidstone 010C","E01024393",607,382,193,189,20,161,32,129,40,34,6,4
"2011","Maidstone 010D","E01024395",528,350,123,227,9,136,31,105,27,23,4,6
"2011","Maidstone 010E","E01024396",630,353,146,207,5,229,38,191,34,27,7,9
"2011","Maidstone 011A","E01024361",725,537,292,245,9,96,19,77,68,57,11,15
"2011","Maidstone 011B","E01024362",699,551,258,293,2,43,6,37,94,86,8,9
"2011","Maidstone 011C","E01024363",824,678,334,344,10,63,4,59,64,59,5,9
"2011","Maidstone 011D","E01024387",982,734,389,345,5,63,11,52,162,148,14,18
"2011","Maidstone 012A","E01024331",580,502,281,221,0,24,5,19,48,42,6,6
"2011","Maidstone 012B","E01024394",521,479,234,245,0,17,3,14,21,20,1,4
"2011","Maidstone 012C","E01024402",601,550,301,249,0,19,0,19,25,23,2,7
"2011","Maidstone 012D","E01024404",615,566,303,263,1,1,0,1,43,36,7,4
"2011","Maidstone 012E","E01024405",924,690,354,336,17,86,11,75,123,112,11,8
"2011","Maidstone 013A","E01024389",920,185,79,106,10,662,170,492,42,34,8,21
"2011","Maidstone 013B","E01024390",573,187,80,107,2,336,86,250,41,36,5,7
"2011","Maidstone 013C","E01024391",494,228,83,145,1,223,72,151,30,28,2,12
"2011","Maidstone 013D","E01024397",654,264,116,148,2,340,80,260,34,30,4,14
"2011","Maidstone 013E","E01024398",711,293,120,173,11,368,74,294,31,26,5,8
"2011","Maidstone 013F","E01024399",620,299,133,166,3,281,36,245,25,20,5,12
"2011","Maidstone 013G","E01024400",558,434,251,183,1,89,18,71,28,28,0,6
"2011","Maidstone 014A","E01024325",1002,892,572,320,1,45,7,38,53,47,6,11
"2011","Maidstone 014B","E01024346",560,414,227,187,2,52,5,47,86,79,7,6
"2011","Maidstone 014C","E01024377",717,498,276,222,4,77,18,59,123,112,11,15
"2011","Maidstone 014D","E01024378",582,398,187,211,1,105,17,88,66,62,4,12
"2011","Maidstone 015A","E01024332",496,370,195,175,6,47,6,41,62,57,5,11
"2011","Maidstone 015B","E01024350",566,432,183,249,3,52,6,46,78,66,12,1
"2011","Maidstone 015C","E01024375",977,786,401,385,4,90,8,82,80,76,4,17
"2011","Maidstone 015D","E01024388",1146,750,215,535,51,228,34,194,104,89,15,13
"2011","Maidstone 015E","E01024410",635,518,270,248,3,71,11,60,38,26,12,5
"2011","Maidstone 016A","E01024342",749,486,224,262,22,160,27,133,66,61,5,15
"2011","Maidstone 016B","E01024343",522,463,213,250,1,25,4,21,31,27,4,2
"2011","Maidstone 016C","E01024344",616,565,330,235,2,5,0,5,39,35,4,5
"2011","Maidstone 016D","E01024376",921,794,403,391,3,67,19,48,45,38,7,12
"2011","Maidstone 017A","E01024364",699,506,296,210,2,97,17,80,68,55,13,26
"2011","Maidstone 017B","E01024365",760,634,358,276,4,22,2,20,94,84,10,6
"2011","Maidstone 017C","E01024366",652,514,281,233,1,38,8,30,83,67,16,16
"2011","Maidstone 017D","E01024411",468,297,148,149,4,61,17,44,82,61,21,24
"2011","Maidstone 018A","E01024345",605,469,232,237,1,44,5,39,73,62,11,18
"2011","Maidstone 018B","E01024379",658,515,247,268,4,31,5,26,95,77,18,13
"2011","Maidstone 018C","E01024380",689,555,279,276,4,9,1,8,106,96,10,15
"2011","Maidstone 018D","E01024381",612,366,151,215,9,170,39,131,52,44,8,15
"2011","Maidstone 019A","E01024406",547,385,174,211,9,50,11,39,84,79,5,19
"2011","Maidstone 019B","E01024407",567,474,228,246,0,6,1,5,83,70,13,4
"2011","Maidstone 019C","E01024408",580,494,229,265,7,16,1,15,58,53,5,5
"2011","Maidstone 019D","E01024409",617,488,270,218,1,47,7,40,75,67,8,6
"2011","Sevenoaks 001A","E01024445",498,449,217,232,4,10,1,9,30,26,4,5
"2011","Sevenoaks 001B","E01024446",586,524,265,259,4,5,1,4,51,46,5,2
"2011","Sevenoaks 001C","E01024447",578,457,261,196,3,91,19,72,23,21,2,4
"2011","Sevenoaks 001D","E01024472",526,377,164,213,8,90,20,70,40,30,10,11
"2011","Sevenoaks 001E","E01024479",616,542,287,255,18,18,4,14,33,31,2,5
"2011","Sevenoaks 002A","E01024476",593,211,62,149,21,324,45,279,25,19,6,12
"2011","Sevenoaks 002B","E01024477",614,280,112,168,18,265,49,216,32,31,1,19
"2011","Sevenoaks 002C","E01024478",579,463,234,229,5,72,15,57,35,34,1,4
"2011","Sevenoaks 002D","E01024480",809,339,181,158,25,380,76,304,55,52,3,10
"2011","Sevenoaks 002E","E01024481",660,359,140,219,6,254,42,212,30,28,2,11
"2011","Sevenoaks 002F","E01024482",661,321,120,201,21,256,45,211,56,53,3,7
"2011","Sevenoaks 003A","E01024421",801,571,297,274,9,121,12,109,89,80,9,11
"2011","Sevenoaks 003B","E01024473",637,543,254,289,10,34,12,22,46,41,5,4
"2011","Sevenoaks 003C","E01024474",472,439,221,218,3,3,0,3,23,21,2,4
"2011","Sevenoaks 003D","E01024475",623,484,246,238,6,49,9,40,77,66,11,7
"2011","Sevenoaks 004A","E01024441",630,601,373,228,0,7,1,6,16,12,4,6
"2011","Sevenoaks 004B","E01024442",596,537,319,218,2,9,2,7,33,30,3,15
"2011","Sevenoaks 004C","E01024443",654,593,398,195,16,8,2,6,22,17,5,15
"2011","Sevenoaks 004D","E01024444",525,277,109,168,11,189,22,167,44,37,7,4
"2011","Sevenoaks 005A","E01024431",799,646,372,274,4,67,7,60,72,63,9,10
"2011","Sevenoaks 005B","E01024432",611,453,222,231,9,90,8,82,46,37,9,13
"2011","Sevenoaks 005C","E01024433",552,425,203,222,19,37,2,35,59,53,6,12
"2011","Sevenoaks 005D","E01024434",934,691,302,389,46,108,16,92,80,72,8,9
"2011","Sevenoaks 007A","E01024435",579,497,255,242,5,24,7,17,46,42,4,7
"2011","Sevenoaks 007B","E01024436",700,625,432,193,18,22,4,18,31,22,9,4
"2011","Sevenoaks 007C","E01024437",603,449,228,221,4,97,14,83,44,34,10,9
"2011","Sevenoaks 007D","E01024438",623,561,267,294,10,8,0,8,39,36,3,5
"2011","Sevenoaks 008A","E01024422",769,476,200,276,57,99,18,81,124,111,13,13
"2011","Sevenoaks 008B","E01024423",758,489,220,269,9,64,3,61,189,181,8,7
"2011","Sevenoaks 008C","E01024439",628,523,264,259,2,64,5,59,36,31,5,3
"2011","Sevenoaks 008D","E01024440",769,587,333,254,0,27,1,26,137,116,21,18
"2011","Sevenoaks 008E","E01024452",590,413,232,181,3,80,6,74,82,72,10,12
"2011","Sevenoaks 009A","E01024448",504,391,199,192,15,56,8,48,36,30,6,6
"2011","Sevenoaks 009B","E01024449",563,505,317,188,10,25,5,20,19,18,1,4
"2011","Sevenoaks 009C","E01024450",621,457,238,219,15,97,14,83,43,33,10,9
"2011","Sevenoaks 009D","E01024453",644,587,360,227,4,12,1,11,33,31,2,8
"2011","Sevenoaks 009E","E01024454",618,476,246,230,11,93,6,87,32,28,4,6
"2011","Sevenoaks 010A","E01024457",519,291,133,158,36,152,17,135,33,31,2,7
"2011","Sevenoaks 010B","E01024460",669,392,191,201,14,186,18,168,64,60,4,13
"2011","Sevenoaks 010C","E01024461",1049,708,348,360,10,111,7,104,204,184,20,16
"2011","Sevenoaks 010D","E01024465",617,337,143,194,47,108,8,100,120,110,10,5
"2011","Sevenoaks 010E","E01024466",526,302,141,161,27,151,11,140,45,37,8,1
"2011","Sevenoaks 010F","E01024468",629,443,228,215,8,50,3,47,123,119,4,5
"2011","Sevenoaks 011A","E01024416",621,495,253,242,3,35,2,33,71,65,6,17
"2011","Sevenoaks 011B","E01024418",514,438,254,184,7,37,2,35,29,28,1,3
"2011","Sevenoaks 011C","E01024424",486,427,244,183,0,13,1,12,39,38,1,7
"2011","Sevenoaks 011D","E01024463",519,448,251,197,0,17,0,17,36,34,2,18
"2011","Sevenoaks 011E","E01024464",577,486,292,194,7,20,4,16,52,37,15,12
"2011","Sevenoaks 011F","E01024467",645,557,286,271,5,23,1,22,59,58,1,1
"2011","Sevenoaks 012A","E01024458",526,408,251,157,3,10,0,10,88,76,12,17
"2011","Sevenoaks 012B","E01024459",637,460,257,203,1,76,3,73,80,60,20,20
"2011","Sevenoaks 012C","E01024462",659,467,239,228,2,140,6,134,38,34,4,12
"2011","Sevenoaks 012D","E01024469",709,401,215,186,2,16,1,15,270,258,12,20
"2011","Sevenoaks 012E","E01024470",642,460,279,181,0,65,2,63,115,111,4,2
"2011","Sevenoaks 012F","E01024471",741,395,247,148,2,145,6,139,161,138,23,38
"2011","Sevenoaks 013A","E01024417",650,425,210,215,1,125,14,111,86,75,11,13
"2011","Sevenoaks 013B","E01024419",731,571,326,245,2,22,2,20,120,105,15,16
"2011","Sevenoaks 013C","E01024483",682,497,240,257,5,32,4,28,133,118,15,15
"2011","Sevenoaks 013D","E01024484",500,393,239,154,2,23,4,19,60,54,6,22
"2011","Sevenoaks 013E","E01024485",702,412,179,233,17,213,20,193,49,45,4,11
"2011","Sevenoaks 014A","E01024425",724,477,244,233,31,101,23,78,103,90,13,12
"2011","Sevenoaks 014B","E01024426",770,645,311,334,12,17,1,16,85,80,5,11
"2011","Sevenoaks 014C","E01024427",508,300,133,167,5,172,21,151,23,22,1,8
"2011","Sevenoaks 014D","E01024428",532,369,162,207,20,112,27,85,31,28,3,0
"2011","Sevenoaks 014E","E01024429",651,316,152,164,35,226,34,192,64,63,1,10
"2011","Sevenoaks 014F","E01024430",600,461,238,223,16,32,11,21,82,79,3,9
"2011","Sevenoaks 015A","E01024420",831,572,296,276,9,97,14,83,120,112,8,33
"2011","Sevenoaks 015B","E01024451",873,551,293,258,9,138,11,127,157,146,11,18
"2011","Sevenoaks 015C","E01024455",472,321,157,164,2,55,1,54,75,69,6,19
"2011","Sevenoaks 015D","E01024456",518,386,260,126,4,65,9,56,51,44,7,12
"2011","Sevenoaks 016A","E01024413",719,450,160,290,8,127,3,124,131,119,12,3
"2011","Sevenoaks 016B","E01024414",606,495,170,325,9,29,1,28,69,63,6,4
"2011","Sevenoaks 016C","E01024415",507,475,225,250,2,10,0,10,19,18,1,1
"2011","Sevenoaks 016D","E01032619",636,551,245,306,4,12,6,6,64,54,10,5
"2011","Shepway 001A","E01024490",883,731,437,294,8,28,20,8,103,95,8,13
"2011","Shepway 001B","E01024544",574,501,291,210,2,16,15,1,46,35,11,9
"2011","Shepway 001C","E01024545",625,514,312,202,2,8,4,4,78,69,9,23
"2011","Shepway 001D","E01024547",613,477,300,177,1,73,65,8,51,45,6,11
"2011","Shepway 002A","E01024492",639,431,202,229,2,94,85,9,105,87,18,7
"2011","Shepway 002B","E01024541",899,501,194,307,11,238,103,135,138,109,29,11
"2011","Shepway 002C","E01024542",802,660,303,357,7,27,5,22,102,86,16,6
"2011","Shepway 002E","E01033213",643,414,100,314,15,75,10,65,135,99,36,4
"2011","Shepway 002F","E01033214",619,534,184,350,3,16,9,7,63,55,8,3
"2011","Shepway 003A","E01024496",660,348,144,204,2,204,141,63,94,90,4,12
"2011","Shepway 003B","E01024497",653,435,225,210,2,138,116,22,76,74,2,2
"2011","Shepway 003C","E01024498",638,233,97,136,0,334,297,37,63,58,5,8
"2011","Shepway 003D","E01024503",760,472,230,242,1,182,123,59,96,84,12,9
"2011","Shepway 003E","E01024518",677,529,270,259,2,94,11,83,43,39,4,9
"2011","Shepway 004A","E01024499",654,350,140,210,1,71,13,58,228,218,10,4
"2011","Shepway 004B","E01024500",532,249,93,156,2,157,113,44,120,107,13,4
"2011","Shepway 004C","E01024501",635,361,134,227,1,25,9,16,240,227,13,8
"2011","Shepway 004D","E01024502",605,282,92,190,0,103,36,67,213,203,10,7
"2011","Shepway 004E","E01024505",828,414,171,243,3,170,104,66,234,218,16,7
"2011","Shepway 005A","E01024491",551,394,148,246,3,30,27,3,121,113,8,3
"2011","Shepway 005B","E01024493",575,352,149,203,7,142,129,13,68,60,8,6
"2011","Shepway 005C","E01024494",649,410,182,228,3,149,127,22,80,64,16,7
"2011","Shepway 005D","E01024495",677,334,138,196,2,126,74,52,202,106,96,13
"2011","Shepway 005E","E01024520",626,353,140,213,15,150,17,133,104,88,16,4
"2011","Shepway 005F","E01024528",530,319,159,160,0,88,75,13,111,76,35,12
"2011","Shepway 006A","E01024511",538,417,235,182,3,4,0,4,110,101,9,4
"2011","Shepway 006B","E01024512",698,462,232,230,2,9,3,6,221,207,14,4
"2011","Shepway 006C","E01024513",651,443,233,210,1,43,11,32,162,149,13,2
"2011","Shepway 006D","E01024514",511,384,190,194,0,11,2,9,109,96,13,7
"2011","Shepway 006E","E01024515",639,561,347,214,3,4,0,4,69,57,12,2
"2011","Shepway 006F","E01024516",552,448,262,186,0,69,2,67,29,22,7,6
"2011","Shepway 006G","E01024519",622,433,234,199,2,3,0,3,180,170,10,4
"2011","Shepway 006H","E01024521",857,572,343,229,3,29,23,6,242,221,21,11
"2011","Shepway 008A","E01024523",677,607,422,185,4,3,2,1,60,53,7,3
"2011","Shepway 008B","E01024526",663,590,363,227,0,3,3,0,64,59,5,6
"2011","Shepway 008C","E01024527",695,586,409,177,3,9,8,1,85,82,3,12
"2011","Shepway 008D","E01024550",858,697,394,303,9,34,23,11,106,90,16,12
"2011","Shepway 009A","E01024489",795,719,476,243,1,12,6,6,53,38,15,10
"2011","Shepway 009B","E01024530",587,523,284,239,0,15,4,11,43,29,14,6
"2011","Shepway 009C","E01024536",809,711,370,341,2,31,18,13,51,34,17,14
"2011","Shepway 009D","E01024546",662,527,273,254,2,55,36,19,67,62,5,11
"2011","Shepway 010A","E01024522",688,447,276,171,3,76,32,44,148,139,9,14
"2011","Shepway 010B","E01024524",780,395,250,145,5,267,209,58,104,95,9,9
"2011","Shepway 010C","E01024525",860,501,356,145,3,34,12,22,298,273,25,24
"2011","Shepway 010D","E01024529",680,471,310,161,0,144,137,7,51,44,7,14
"2011","Shepway 010E","E01024531",640,451,265,186,5,111,101,10,64,55,9,9
"2011","Shepway 011A","E01024486",874,636,393,243,3,132,107,25,88,69,19,15
"2011","Shepway 011B","E01024487",559,459,291,168,0,10,9,1,83,65,18,7
"2011","Shepway 011C","E01024488",664,532,374,158,2,69,61,8,52,40,12,9
"2011","Shepway 011D","E01024548",500,338,180,158,0,94,68,26,52,47,5,16
"2011","Shepway 011E","E01024549",450,322,164,158,2,57,52,5,55,44,11,14
"2011","Shepway 012A","E01024537",750,613,356,257,4,7,1,6,114,101,13,12
"2011","Shepway 012B","E01024538",705,634,415,219,3,3,2,1,61,50,11,4
"2011","Shepway 012C","E01024539",889,486,247,239,5,242,133,109,135,115,20,21
"2011","Shepway 012D","E01024540",640,576,343,233,1,17,7,10,38,28,10,8
"2011","Shepway 013A","E01024532",639,532,312,220,2,6,4,2,92,80,12,7
"2011","Shepway 013B","E01024533",558,444,296,148,3,6,3,3,100,97,3,5
"2011","Shepway 013C","E01024534",609,336,143,193,1,191,164,27,75,63,12,6
"2011","Shepway 013D","E01024535",1008,736,387,349,1,50,37,13,198,172,26,23
"2011","Shepway 014A","E01024504",1078,276,123,153,2,127,87,40,662,640,22,11
"2011","Shepway 014B","E01024507",1060,246,94,152,2,240,144,96,561,545,16,11
"2011","Shepway 014C","E01033212",913,148,86,62,1,125,27,98,632,609,23,7
"2011","Shepway 014D","E01033215",791,296,243,53,19,61,7,54,407,390,17,8
"2011","Shepway 015A","E01024508",1110,363,205,158,2,95,7,88,635,618,17,15
"2011","Shepway 015B","E01024509",957,432,308,124,10,45,2,43,455,439,16,15
"2011","Shepway 015C","E01024510",874,447,277,170,4,20,0,20,391,376,15,12
"2011","Shepway 015D","E01024517",742,320,148,172,1,10,2,8,404,388,16,7
"2011","Swale 001A","E01024609",530,166,68,98,3,74,13,61,283,270,13,4
"2011","Swale 001B","E01024610",660,330,149,181,6,14,2,12,303,294,9,7
"2011","Swale 001C","E01024611",617,277,93,184,3,31,2,29,303,295,8,3
"2011","Swale 001D","E01024612",634,374,175,199,8,30,8,22,215,205,10,7
"2011","Swale 002A","E01024613",615,247,102,145,2,135,21,114,222,212,10,9
"2011","Swale 002B","E01024614",639,205,91,114,4,325,58,267,97,90,7,8
"2011","Swale 002C","E01024615",613,203,86,117,1,352,57,295,46,42,4,11
"2011","Swale 002D","E01024616",700,379,193,186,8,228,37,191,80,69,11,5
"2011","Swale 003A","E01024585",607,331,177,154,3,210,32,178,57,44,13,6
"2011","Swale 003B","E01024587",638,534,341,193,5,15,0,15,76,69,7,8
"2011","Swale 003C","E01024588",585,512,276,236,5,24,1,23,39,34,5,5
"2011","Swale 003D","E01024589",662,591,326,265,0,22,0,22,43,37,6,6
"2011","Swale 004A","E01024595",635,510,267,243,3,24,1,23,90,79,11,8
"2011","Swale 004B","E01024598",610,469,192,277,2,15,3,12,120,110,10,4
"2011","Swale 004D","E01024619",602,494,234,260,4,7,2,5,91,83,8,6
"2011","Swale 004E","E01024621",478,169,70,99,2,266,41,225,33,30,3,8
"2011","Swale 004F","E01032653",662,487,227,260,8,25,7,18,138,130,8,4
"2011","Swale 004G","E01032654",709,509,90,419,59,45,3,42,93,85,8,3
"2011","Swale 005A","E01024594",593,515,300,215,0,20,2,18,52,48,4,6
"2011","Swale 005B","E01024596",689,428,211,217,1,85,12,73,171,154,17,4
"2011","Swale 005C","E01024597",612,271,132,139,2,189,37,152,141,130,11,9
"2011","Swale 005D","E01024620",544,457,259,198,0,29,4,25,51,43,8,7
"2011","Swale 006A","E01024580",797,531,344,187,5,64,2,62,180,171,9,17
"2011","Swale 006B","E01024581",539,431,182,249,0,17,0,17,80,72,8,11
"2011","Swale 006C","E01024586",662,558,295,263,1,20,7,13,75,71,4,8
"2011","Swale 006D","E01024618",731,505,246,259,6,77,11,66,123,109,14,20
"2011","Swale 007B","E01024576",673,537,135,402,5,4,0,4,125,114,11,2
"2011","Swale 007C","E01024577",521,391,153,238,0,90,9,81,37,36,1,3
"2011","Swale 007D","E01024578",659,505,128,377,3,66,17,49,83,78,5,2
"2011","Swale 007E","E01024579",1056,585,108,477,2,262,49,213,202,186,16,5
"2011","Swale 007F","E01024583",640,443,143,300,3,118,28,90,72,65,7,4
"2011","Swale 007G","E01032655",586,455,71,384,26,17,1,16,83,76,7,5
"2011","Swale 007H","E01032656",571,440,128,312,11,62,13,49,52,47,5,6
"2011","Swale 008A","E01024570",679,480,253,227,4,141,12,129,49,44,5,5
"2011","Swale 008B","E01024571",658,516,247,269,3,41,1,40,91,77,14,7
"2011","Swale 008C","E01024572",447,388,196,192,0,4,1,3,51,43,8,4
"2011","Swale 008D","E01024573",538,430,220,210,8,52,6,46,40,35,5,8
"2011","Swale 008E","E01024575",473,414,200,214,2,33,2,31,22,19,3,2
"2011","Swale 009A","E01024554",988,777,385,392,12,84,11,73,103,91,12,12
"2011","Swale 009B","E01024561",543,397,132,265,15,14,3,11,114,106,8,3
"2011","Swale 009C","E01024567",1133,697,226,471,34,210,32,178,187,174,13,5
"2011","Swale 009D","E01024568",1035,835,283,552,23,33,4,29,132,124,8,12
"2011","Swale 009E","E01024582",629,488,232,256,0,53,15,38,86,80,6,2
"2011","Swale 010A","E01024559",650,365,182,183,27,83,14,69,167,156,11,8
"2011","Swale 010B","E01024584",707,312,130,182,3,302,50,252,79,72,7,11
"2011","Swale 010C","E01024590",685,180,74,106,2,381,68,313,111,104,7,11
"2011","Swale 010D","E01024599",835,465,178,287,2,95,15,80,261,247,14,12
"2011","Swale 010E","E01024608",815,454,241,213,4,123,20,103,224,210,14,10
"2011","Swale 011A","E01024591",768,470,157,313,22,139,22,117,126,116,10,11
"2011","Swale 011B","E01024592",512,419,177,242,0,22,5,17,70,63,7,1
"2011","Swale 011C","E01024593",504,365,122,243,1,53,10,43,84,79,5,1
"2011","Swale 011D","E01024600",618,347,182,165,2,211,37,174,47,42,5,11
"2011","Swale 011E","E01024601",718,469,222,247,1,159,25,134,74,61,13,15
"2011","Swale 012A","E01024560",503,326,140,186,4,88,20,68,77,74,3,8
"2011","Swale 012B","E01024562",571,435,178,257,4,27,1,26,101,89,12,4
"2011","Swale 012C","E01024569",707,582,284,298,2,32,10,22,86,79,7,5
"2011","Swale 012D","E01024630",755,593,374,219,0,82,13,69,70,66,4,10
"2011","Swale 012E","E01024632",648,606,347,259,1,16,1,15,21,16,5,4
"2011","Swale 013A","E01024606",523,413,200,213,11,33,4,29,62,53,9,4
"2011","Swale 013C","E01024628",605,452,226,226,3,51,8,43,84,79,5,15
"2011","Swale 013D","E01024629",452,398,180,218,1,21,4,17,28,26,2,4
"2011","Swale 013E","E01024631",648,586,360,226,0,16,5,11,42,38,4,4
"2011","Swale 013F","E01032735",595,499,210,289,36,30,6,24,28,21,7,2
"2011","Swale 013G","E01032737",583,388,137,251,39,104,14,90,47,42,5,5
"2011","Swale 014A","E01024564",441,374,221,153,4,28,2,26,31,26,5,4
"2011","Swale 014B","E01024603",510,415,173,242,11,14,2,12,63,59,4,7
"2011","Swale 014C","E01024604",478,227,65,162,11,178,13,165,56,54,2,6
"2011","Swale 014D","E01024605",583,509,273,236,2,22,0,22,45,40,5,5
"2011","Swale 014E","E01024626",620,523,252,271,2,15,2,13,74,68,6,6
"2011","Swale 014F","E01024627",817,454,228,226,4,278,46,232,75,64,11,6
"2011","Swale 015A","E01024551",987,657,283,374,13,97,9,88,204,186,18,16
"2011","Swale 015B","E01024552",760,392,135,257,19,270,37,233,69,63,6,10
"2011","Swale 015C","E01024553",1002,639,375,264,6,85,3,82,252,236,16,20
"2011","Swale 015D","E01024563",655,282,134,148,0,314,59,255,44,41,3,15
"2011","Swale 015E","E01024602",699,482,226,256,3,89,3,86,116,98,18,9
"2011","Swale 015F","E01024625",793,657,342,315,8,39,5,34,81,74,7,8
"2011","Swale 016A","E01024565",520,365,190,175,6,60,9,51,70,64,6,19
"2011","Swale 016B","E01024566",603,408,226,182,2,101,9,92,78,68,10,14
"2011","Swale 016C","E01024622",712,491,255,236,3,113,14,99,94,81,13,11
"2011","Swale 016D","E01024623",785,559,269,290,3,145,29,116,72,58,14,6
"2011","Swale 016E","E01024624",738,435,215,220,9,116,19,97,161,149,12,17
"2011","Swale 017A","E01024555",519,379,216,163,2,62,7,55,57,51,6,19
"2011","Swale 017B","E01024556",494,344,198,146,1,58,4,54,74,58,16,17
"2011","Swale 017C","E01024557",611,424,208,216,3,124,16,108,56,51,5,4
"2011","Swale 017D","E01024558",664,550,293,257,0,39,9,30,54,42,12,21
"2011","Thanet 001A","E01024657",1009,170,75,95,8,22,2,20,804,791,13,5
"2011","Thanet 001B","E01024658",949,285,158,127,3,199,47,152,450,439,11,12
"2011","Thanet 001C","E01024659",641,357,183,174,0,36,17,19,244,231,13,4
"2011","Thanet 001D","E01024660",756,242,129,113,10,46,19,27,450,438,12,8
"2011","Thanet 001E","E01024678",1038,193,97,96,4,220,28,192,610,583,27,11
"2011","Thanet 002A","E01024653",722,609,370,239,0,12,1,11,93,80,13,8
"2011","Thanet 002B","E01024654",737,573,347,226,3,62,1,61,90,83,7,9
"2011","Thanet 002C","E01024655",628,559,360,199,2,1,1,0,58,52,6,8
"2011","Thanet 002D","E01024656",779,560,369,191,3,19,3,16,186,176,10,11
"2011","Thanet 002E","E01024675",873,745,421,324,2,4,2,2,109,96,13,13
"2011","Thanet 003A","E01024676",822,223,95,128,0,155,63,92,433,417,16,11
"2011","Thanet 003B","E01024677",677,329,112,217,2,65,32,33,273,258,15,8
"2011","Thanet 003C","E01024695",488,324,103,221,2,17,8,9,143,130,13,2
"2011","Thanet 003D","E01024697",504,176,62,114,2,173,38,135,151,145,6,2
"2011","Thanet 003E","E01024710",588,206,92,114,1,6,3,3,368,350,18,7
"2011","Thanet 004A","E01024661",643,287,122,165,3,45,10,35,304,286,18,4
"2011","Thanet 004B","E01024664",604,337,130,207,1,144,46,98,115,98,17,7
"2011","Thanet 004C","E01024665",594,421,168,253,5,50,13,37,111,99,12,7
"2011","Thanet 004D","E01024694",786,382,161,221,2,188,46,142,199,106,93,15
"2011","Thanet 004E","E01024696",595,437,214,223,2,43,6,37,107,86,21,6
"2011","Thanet 005A","E01024672",598,293,130,163,1,245,78,167,49,43,6,10
"2011","Thanet 005B","E01024673",804,579,318,261,1,58,24,34,154,143,11,12
"2011","Thanet 005C","E01024674",607,541,237,304,1,18,7,11,46,41,5,1
"2011","Thanet 005D","E01024711",542,431,203,228,0,41,1,40,63,53,10,7
"2011","Thanet 005E","E01024712",625,556,283,273,3,7,1,6,53,49,4,6
"2011","Thanet 006A","E01024633",659,348,149,199,2,241,81,160,57,51,6,11
"2011","Thanet 006B","E01024634",546,318,109,209,1,147,55,92,73,68,5,7
"2011","Thanet 006C","E01024662",649,396,221,175,1,183,98,85,62,54,8,7
"2011","Thanet 006D","E01024663",617,170,61,109,2,389,290,99,52,48,4,4
"2011","Thanet 006E","E01024666",734,300,146,154,2,367,263,104,59,55,4,6
"2011","Thanet 007A","E01024641",730,443,281,162,1,182,81,101,92,86,6,12
"2011","Thanet 007B","E01024713",708,405,173,232,0,178,90,88,118,111,7,7
"2011","Thanet 007C","E01024714",735,461,321,140,1,70,5,65,192,187,5,11
"2011","Thanet 007D","E01024715",967,436,252,184,2,32,9,23,481,451,30,16
"2011","Thanet 007E","E01024716",845,624,267,357,7,70,11,59,139,129,10,5
"2011","Thanet 008A","E01024636",1088,909,638,271,5,3,2,1,151,134,17,20
"2011","Thanet 008B","E01024637",748,689,470,219,0,4,2,2,45,40,5,10
"2011","Thanet 008C","E01024638",780,633,415,218,1,33,5,28,108,95,13,5
"2011","Thanet 008D","E01024639",826,598,397,201,1,35,6,29,181,175,6,11
"2011","Thanet 008E","E01024640",772,639,433,206,5,45,26,19,74,61,13,9
"2011","Thanet 009A","E01024635",695,542,308,234,1,35,23,12,111,100,11,6
"2011","Thanet 009B","E01024642",730,625,461,164,3,4,1,3,88,79,9,10
"2011","Thanet 009C","E01024644",597,554,339,215,1,6,0,6,35,31,4,1
"2011","Thanet 009D","E01024692",810,540,304,236,2,95,7,88,164,146,18,9
"2011","Thanet 009E","E01024693",597,502,285,217,0,7,1,6,83,78,5,5
"2011","Thanet 010A","E01024643",616,334,180,154,0,50,11,39,219,202,17,13
"2011","Thanet 010B","E01024705",612,317,202,115,3,22,4,18,258,240,18,12
"2011","Thanet 010C","E01024706",644,466,256,210,18,8,2,6,144,133,11,8
"2011","Thanet 010D","E01024707",587,448,243,205,5,2,0,2,120,107,13,12
"2011","Thanet 010E","E01024708",674,613,413,200,0,5,1,4,52,48,4,4
"2011","Thanet 011A","E01024686",717,477,268,209,0,153,69,84,77,70,7,10
"2011","Thanet 011B","E01024688",734,557,340,217,1,77,50,27,77,67,10,22
"2011","Thanet 011C","E01024689",536,454,261,193,2,11,2,9,64,58,6,5
"2011","Thanet 011D","E01024690",643,488,309,179,0,104,4,100,46,39,7,5
"2011","Thanet 011E","E01024691",478,401,201,200,2,8,3,5,62,55,7,5
"2011","Thanet 012A","E01024669",717,426,175,251,3,43,6,37,241,221,20,4
"2011","Thanet 012B","E01024698",633,402,201,201,3,41,16,25,172,164,8,15
"2011","Thanet 012C","E01024699",762,411,202,209,4,259,84,175,82,72,10,6
"2011","Thanet 012D","E01024700",735,532,245,287,1,21,1,20,177,160,17,4
"2011","Thanet 012E","E01024709",603,516,323,193,1,49,4,45,28,23,5,9
"2011","Thanet 013A","E01024682",717,291,102,189,3,357,236,121,56,50,6,10
"2011","Thanet 013B","E01024683",691,235,107,128,0,389,199,190,60,54,6,7
"2011","Thanet 013C","E01024684",642,422,187,235,1,70,46,24,143,126,17,6
"2011","Thanet 013D","E01024685",764,480,248,232,2,175,81,94,98,87,11,9
"2011","Thanet 013E","E01024687",626,246,102,144,1,305,155,150,68,59,9,6
"2011","Thanet 014A","E01024701",853,650,368,282,3,24,8,16,154,119,35,22
"2011","Thanet 014B","E01024702",623,377,207,170,1,166,39,127,68,56,12,11
"2011","Thanet 014C","E01024703",753,550,292,258,4,59,12,47,122,104,18,18
"2011","Thanet 014D","E01024704",719,575,287,288,5,55,24,31,77,65,12,7
"2011","Thanet 015A","E01024645",612,406,182,224,5,88,23,65,106,93,13,7
"2011","Thanet 015B","E01024647",649,376,147,229,1,13,6,7,252,230,22,7
"2011","Thanet 015C","E01024668",485,283,97,186,1,27,15,12,165,155,10,9
"2011","Thanet 015D","E01024670",687,334,135,199,2,59,13,46,281,265,16,11
"2011","Thanet 015E","E01024681",697,442,181,261,1,11,3,8,237,215,22,6
"2011","Thanet 016A","E01024646",943,408,228,180,3,108,13,95,412,380,32,12
"2011","Thanet 016B","E01024648",715,326,144,182,8,85,14,71,291,277,14,5
"2011","Thanet 016C","E01024649",913,363,180,183,3,59,45,14,482,465,17,6
"2011","Thanet 016D","E01024667",972,228,109,119,3,406,235,171,322,307,15,13
"2011","Thanet 016E","E01024671",912,361,229,132,4,74,20,54,465,452,13,8
"2011","Thanet 017A","E01024650",626,560,301,259,3,3,1,2,58,51,7,2
"2011","Thanet 017B","E01024651",685,436,272,164,0,67,17,50,174,165,9,8
"2011","Thanet 017C","E01024652",772,692,374,318,2,1,1,0,71,66,5,6
"2011","Thanet 017D","E01024679",621,512,345,167,0,60,0,60,37,29,8,12
"2011","Thanet 017E","E01024680",703,565,291,274,8,21,3,18,105,91,14,4
"2011","Tonbridge and Malling 001A","E01024719",780,567,197,370,17,94,8,86,94,82,12,8
"2011","Tonbridge and Malling 001B","E01024720",542,497,253,244,1,16,2,14,22,20,2,6
"2011","Tonbridge and Malling 001C","E01024721",507,466,227,239,2,6,0,6,31,26,5,2
"2011","Tonbridge and Malling 001D","E01024722",556,490,194,296,1,8,2,6,52,46,6,5
"2011","Tonbridge and Malling 001E","E01024727",1106,884,293,591,19,51,5,46,144,136,8,8
"2011","Tonbridge and Malling 001F","E01024728",676,492,206,286,7,135,16,119,39,34,5,3
"2011","Tonbridge and Malling 002C","E01024771",764,438,142,296,22,178,25,153,122,114,8,4
"2011","Tonbridge and Malling 002D","E01024772",650,520,204,316,18,55,3,52,54,52,2,3
"2011","Tonbridge and Malling 002E","E01024773",736,649,305,344,10,27,0,27,47,38,9,3
"2011","Tonbridge and Malling 002F","E01024774",1127,655,236,419,42,248,29,219,170,154,16,12
"2011","Tonbridge and Malling 002G","E01032830",1011,478,166,312,12,423,64,359,92,81,11,6
"2011","Tonbridge and Malling 003A","E01024741",557,237,87,150,8,291,51,240,15,14,1,6
"2011","Tonbridge and Malling 003B","E01024761",884,676,269,407,17,93,14,79,94,91,3,4
"2011","Tonbridge and Malling 003C","E01024762",826,675,230,445,21,42,4,38,80,69,11,8
"2011","Tonbridge and Malling 003D","E01024763",529,427,181,246,9,70,6,64,21,17,4,2
"2011","Tonbridge and Malling 003E","E01024764",517,345,169,176,12,107,14,93,43,35,8,10
"2011","Tonbridge and Malling 003F","E01024765",523,467,219,248,3,28,4,24,22,20,2,3
"2011","Tonbridge and Malling 003G","E01024782",481,431,156,275,10,9,3,6,27,23,4,4
"2011","Tonbridge and Malling 003H","E01024785",615,464,177,287,12,84,10,74,50,44,6,5
"2011","Tonbridge and Malling 005A","E01024717",689,243,129,114,3,378,15,363,59,44,15,6
"2011","Tonbridge and Malling 005B","E01024718",522,494,279,215,2,11,0,11,12,8,4,3
"2011","Tonbridge and Malling 005C","E01024735",608,528,256,272,11,30,6,24,37,32,5,2
"2011","Tonbridge and Malling 005D","E01024736",704,450,192,258,16,177,25,152,53,39,14,8
"2011","Tonbridge and Malling 005E","E01024737",937,641,259,382,17,176,19,157,93,85,8,10
"2011","Tonbridge and Malling 006A","E01024723",625,480,248,232,1,56,5,51,72,64,8,16
"2011","Tonbridge and Malling 006B","E01024724",769,657,319,338,2,40,4,36,63,58,5,7
"2011","Tonbridge and Malling 006C","E01024725",656,530,284,246,12,12,3,9,97,86,11,5
"2011","Tonbridge and Malling 006D","E01024726",738,490,264,226,4,169,17,152,63,54,9,12
"2011","Tonbridge and Malling 006E","E01024755",763,652,323,329,2,33,7,26,57,52,5,19
"2011","Tonbridge and Malling 006F","E01024786",782,497,263,234,3,202,27,175,69,63,6,11
"2011","Tonbridge and Malling 007A","E01024746",427,291,155,136,5,34,2,32,83,75,8,14
"2011","Tonbridge and Malling 007C","E01024760",538,434,152,282,1,85,16,69,17,17,0,1
"2011","Tonbridge and Malling 007D","E01024781",810,633,280,353,7,46,6,40,115,107,8,9
"2011","Tonbridge and Malling 007E","E01032825",564,309,67,242,74,125,24,101,54,50,4,2
"2011","Tonbridge and Malling 007F","E01032826",572,458,92,366,16,15,6,9,79,73,6,4
"2011","Tonbridge and Malling 007G","E01032827",571,488,87,401,3,46,3,43,32,32,0,2
"2011","Tonbridge and Malling 007H","E01032828",438,374,119,255,2,4,0,4,57,55,2,1
"2011","Tonbridge and Malling 008A","E01024743",753,499,251,248,4,174,21,153,66,56,10,10
"2011","Tonbridge and Malling 008B","E01024744",793,640,339,301,4,36,5,31,100,79,21,13
"2011","Tonbridge and Malling 008C","E01024745",723,572,321,251,12,43,1,42,79,62,17,17
"2011","Tonbridge and Malling 008D","E01024747",646,314,159,155,6,273,22,251,40,37,3,13
"2011","Tonbridge and Malling 009A","E01024730",548,471,307,164,7,44,1,43,22,18,4,4
"2011","Tonbridge and Malling 009B","E01024731",472,440,273,167,1,13,2,11,12,9,3,6
"2011","Tonbridge and Malling 009C","E01024775",641,231,88,143,17,362,45,317,27,25,2,4
"2011","Tonbridge and Malling 009D","E01024776",509,275,119,156,6,212,23,189,14,10,4,2
"2011","Tonbridge and Malling 009E","E01024777",507,260,138,122,3,222,19,203,16,11,5,6
"2011","Tonbridge and Malling 010A","E01024734",666,516,285,231,2,92,8,84,50,42,8,6
"2011","Tonbridge and Malling 010B","E01024752",639,584,311,273,0,14,4,10,35,26,9,6
"2011","Tonbridge and Malling 010C","E01024753",621,510,272,238,3,62,11,51,33,30,3,13
"2011","Tonbridge and Malling 010D","E01024754",624,504,242,262,4,46,11,35,60,50,10,10
"2011","Tonbridge and Malling 011A","E01024729",712,415,224,191,13,258,37,221,15,14,1,11
"2011","Tonbridge and Malling 011B","E01024748",534,496,276,220,2,11,3,8,22,20,2,3
"2011","Tonbridge and Malling 011C","E01024749",622,312,159,153,5,271,22,249,23,22,1,11
"2011","Tonbridge and Malling 011D","E01024750",630,478,285,193,3,125,14,111,19,17,2,5
"2011","Tonbridge and Malling 011E","E01024751",647,603,397,206,1,9,1,8,31,26,5,3
"2011","Tonbridge and Malling 012A","E01024732",662,356,149,207,12,47,6,41,231,191,40,16
"2011","Tonbridge and Malling 012B","E01024733",704,505,261,244,8,27,3,24,151,136,15,13
"2011","Tonbridge and Malling 012C","E01024756",639,312,121,191,24,156,23,133,142,136,6,5
"2011","Tonbridge and Malling 012D","E01024766",915,500,214,286,54,193,24,169,153,137,16,15
"2011","Tonbridge and Malling 012E","E01024767",546,267,136,131,6,239,36,203,28,23,5,6
"2011","Tonbridge and Malling 012F","E01024768",744,537,282,255,12,26,3,23,158,133,25,11
"2011","Tonbridge and Malling 013A","E01024757",684,485,219,266,8,52,6,46,130,115,15,9
"2011","Tonbridge and Malling 013B","E01024758",625,433,190,243,16,101,17,84,70,65,5,5
"2011","Tonbridge and Malling 013C","E01024778",650,466,166,300,26,15,2,13,140,132,8,3
"2011","Tonbridge and Malling 013D","E01024779",775,444,176,268,7,134,15,119,176,161,15,14
"2011","Tonbridge and Malling 013E","E01024780",598,349,141,208,4,168,12,156,73,68,5,4
"2011","Tonbridge and Malling 014A","E01024740",752,545,237,308,7,107,11,96,85,74,11,8
"2011","Tonbridge and Malling 014B","E01024742",705,349,148,201,1,296,40,256,45,43,2,14
"2011","Tonbridge and Malling 014C","E01024783",726,428,224,204,3,163,17,146,116,109,7,16
"2011","Tonbridge and Malling 014D","E01024784",583,488,261,227,9,36,6,30,47,45,2,3
"2011","Tonbridge and Malling 014E","E01032620",904,734,422,312,3,68,3,65,80,63,17,19
"2011","Tonbridge and Malling 014F","E01032829",541,421,205,216,0,63,11,52,49,45,4,8
"2011","Tunbridge Wells 001A","E01024798",918,638,324,314,4,130,14,116,129,117,12,17
"2011","Tunbridge Wells 001B","E01024811",481,421,244,177,0,31,4,27,27,25,2,2
"2011","Tunbridge Wells 001C","E01024812",501,406,218,188,4,54,2,52,29,23,6,8
"2011","Tunbridge Wells 001D","E01024813",789,417,161,256,3,162,15,147,197,181,16,10
"2011","Tunbridge Wells 001E","E01024814",512,456,231,225,3,31,4,27,22,20,2,0
"2011","Tunbridge Wells 001F","E01024815",501,337,159,178,4,125,10,115,29,23,6,6
"2011","Tunbridge Wells 001G","E01024816",496,364,146,218,7,98,10,88,23,18,5,4
"2011","Tunbridge Wells 002A","E01024837",651,546,234,312,4,64,0,64,31,28,3,6
"2011","Tunbridge Wells 002B","E01024844",660,419,149,270,8,79,3,76,149,132,17,5
"2011","Tunbridge Wells 002C","E01024846",641,395,149,246,4,161,8,153,72,61,11,9
"2011","Tunbridge Wells 002D","E01024849",670,477,214,263,2,64,5,59,112,104,8,15
"2011","Tunbridge Wells 002E","E01024850",475,441,247,194,0,5,3,2,26,24,2,3
"2011","Tunbridge Wells 003A","E01024836",710,388,129,259,11,176,10,166,124,117,7,11
"2011","Tunbridge Wells 003B","E01024839",743,589,251,338,8,59,4,55,81,71,10,6
"2011","Tunbridge Wells 003C","E01024845",529,378,204,174,1,111,8,103,34,32,2,5
"2011","Tunbridge Wells 003D","E01024847",700,424,162,262,10,153,12,141,109,101,8,4
"2011","Tunbridge Wells 003E","E01024848",636,355,186,169,5,222,15,207,45,42,3,9
"2011","Tunbridge Wells 004A","E01024793",677,520,288,232,3,77,4,73,69,67,2,8
"2011","Tunbridge Wells 004B","E01024825",522,452,234,218,2,14,3,11,43,37,6,11
"2011","Tunbridge Wells 004C","E01024826",626,463,232,231,1,106,7,99,52,49,3,4
"2011","Tunbridge Wells 004D","E01024827",614,479,226,253,4,93,7,86,32,26,6,6
"2011","Tunbridge Wells 004E","E01024828",638,384,186,198,2,174,12,162,71,67,4,7
"2011","Tunbridge Wells 005A","E01024840",696,259,96,163,8,350,26,324,75,73,2,4
"2011","Tunbridge Wells 005B","E01024841",856,334,166,168,3,435,71,364,77,65,12,7
"2011","Tunbridge Wells 005C","E01024842",706,391,189,202,8,257,23,234,42,36,6,8
"2011","Tunbridge Wells 005D","E01024843",581,278,85,193,22,200,15,185,77,73,4,4
"2011","Tunbridge Wells 006A","E01024829",654,512,231,281,4,50,4,46,86,75,11,2
"2011","Tunbridge Wells 006B","E01024851",666,485,249,236,1,69,1,68,86,77,9,25
"2011","Tunbridge Wells 006C","E01024852",505,475,279,196,1,2,0,2,18,17,1,9
"2011","Tunbridge Wells 006D","E01024853",538,427,236,191,1,59,3,56,46,42,4,5
"2011","Tunbridge Wells 006E","E01024854",594,490,268,222,0,34,3,31,62,45,17,8
"2011","Tunbridge Wells 007A","E01024799",937,641,364,277,23,37,2,35,227,213,14,9
"2011","Tunbridge Wells 007B","E01024800",657,572,321,251,2,5,1,4,74,71,3,4
"2011","Tunbridge Wells 007C","E01024835",830,582,193,389,10,18,0,18,215,212,3,5
"2011","Tunbridge Wells 007D","E01024838",673,472,195,277,17,4,0,4,174,160,14,6
"2011","Tunbridge Wells 008A","E01024801",1405,496,198,298,39,89,8,81,770,745,25,11
"2011","Tunbridge Wells 008B","E01024802",1082,489,196,293,2,28,3,25,557,536,21,6
"2011","Tunbridge Wells 008C","E01024823",896,480,241,239,3,30,2,28,368,351,17,15
"2011","Tunbridge Wells 008D","E01024833",1247,454,118,336,12,362,34,328,406,384,22,13
"2011","Tunbridge Wells 009A","E01024821",970,608,322,286,6,174,6,168,170,155,15,12
"2011","Tunbridge Wells 009B","E01024822",844,674,433,241,2,57,0,57,101,93,8,10
"2011","Tunbridge Wells 009C","E01024824",617,520,266,254,7,23,0,23,60,57,3,7
"2011","Tunbridge Wells 009D","E01024832",674,452,185,267,5,28,3,25,185,179,6,4
"2011","Tunbridge Wells 009E","E01024834",923,570,185,385,16,107,6,101,228,213,15,2
"2011","Tunbridge Wells 010A","E01024795",591,228,87,141,3,304,34,270,53,48,5,3
"2011","Tunbridge Wells 010B","E01024796",629,365,188,177,2,141,17,124,113,104,9,8
"2011","Tunbridge Wells 010C","E01024830",804,441,218,223,2,246,30,216,99,91,8,16
"2011","Tunbridge Wells 010D","E01024831",618,327,130,197,5,219,15,204,61,59,2,6
"2011","Tunbridge Wells 011A","E01024792",697,572,321,251,1,23,1,22,84,75,9,17
"2011","Tunbridge Wells 011B","E01024794",662,479,237,242,2,92,7,85,78,68,10,11
"2011","Tunbridge Wells 011C","E01024804",546,406,212,194,1,27,1,26,103,90,13,9
"2011","Tunbridge Wells 011D","E01024805",667,434,198,236,2,85,5,80,133,117,16,13
"2011","Tunbridge Wells 011E","E01024806",641,389,201,188,4,152,12,140,71,62,9,25
"2011","Tunbridge Wells 012A","E01024797",743,553,333,220,5,60,5,55,118,112,6,7
"2011","Tunbridge Wells 012B","E01024817",755,606,320,286,2,31,1,30,111,110,1,5
"2011","Tunbridge Wells 012C","E01024818",716,524,289,235,6,91,3,88,87,80,7,8
"2011","Tunbridge Wells 012D","E01024819",859,413,189,224,1,56,4,52,378,366,12,11
"2011","Tunbridge Wells 012E","E01024820",661,558,296,262,0,4,0,4,95,92,3,4
"2011","Tunbridge Wells 013A","E01024787",459,347,175,172,1,43,4,39,51,43,8,17
"2011","Tunbridge Wells 013B","E01024788",606,290,155,135,30,224,15,209,51,44,7,11
"2011","Tunbridge Wells 013C","E01024790",500,237,135,102,1,166,9,157,70,67,3,26
"2011","Tunbridge Wells 013D","E01024791",549,455,268,187,3,24,2,22,60,52,8,7
"2011","Tunbridge Wells 013E","E01024803",847,627,355,272,4,92,3,89,94,85,9,30
"2011","Tunbridge Wells 014A","E01024789",803,513,293,220,8,90,1,89,145,121,24,47
"2011","Tunbridge Wells 014B","E01024807",675,379,194,185,1,202,16,186,84,74,10,9
"2011","Tunbridge Wells 014C","E01024808",709,546,275,271,3,21,2,19,123,112,11,16
"2011","Tunbridge Wells 014D","E01024809",583,426,231,195,6,85,4,81,54,43,11,12
"2011","Tunbridge Wells 014E","E01024810",613,474,221,253,1,63,4,59,69,60,9,6
"2011","Cherwell 001A","E01028479",552,450,256,194,1,16,1,15,74,71,3,11
"2011","Cherwell 001B","E01028480",609,443,245,198,4,62,18,44,87,82,5,13
"2011","Cherwell 001C","E01028508",442,367,200,167,0,20,2,18,45,41,4,10
"2011","Cherwell 001D","E01028509",645,510,265,245,10,41,12,29,71,59,12,13
"2011","Cherwell 002A","E01028441",997,522,113,409,15,248,53,195,198,192,6,14
"2011","Cherwell 002C","E01028443",586,461,146,315,10,28,5,23,84,77,7,3
"2011","Cherwell 002D","E01028444",586,494,220,274,3,17,1,16,68,62,6,4
"2011","Cherwell 002E","E01032943",623,384,85,299,8,70,2,68,159,155,4,2
"2011","Cherwell 002F","E01032944",612,402,131,271,3,47,22,25,157,144,13,3
"2011","Cherwell 003A","E01028445",510,297,78,219,2,133,35,98,65,55,10,13
"2011","Cherwell 003B","E01028446",619,448,212,236,2,89,29,60,75,66,9,5
"2011","Cherwell 003C","E01028447",541,268,110,158,8,101,20,81,160,154,6,4
"2011","Cherwell 003D","E01028448",631,283,93,190,7,250,51,199,81,77,4,10
"2011","Cherwell 004A","E01028435",922,266,150,116,2,242,24,218,394,378,16,18
"2011","Cherwell 004C","E01028437",568,374,140,234,6,23,2,21,161,149,12,4
"2011","Cherwell 004D","E01028438",773,387,125,262,7,39,1,38,332,321,11,8
"2011","Cherwell 004E","E01028439",569,406,104,302,2,28,2,26,128,122,6,5
"2011","Cherwell 004F","E01028440",734,301,103,198,1,87,10,77,344,330,14,1
"2011","Cherwell 004G","E01032941",629,192,100,92,20,272,61,211,132,125,7,13
"2011","Cherwell 004H","E01032942",657,200,30,170,52,135,19,116,265,258,7,5
"2011","Cherwell 005A","E01028449",529,253,94,159,0,225,64,161,42,38,4,9
"2011","Cherwell 005B","E01028450",533,198,68,130,1,286,82,204,42,35,7,6
"2011","Cherwell 005C","E01028451",478,341,130,211,0,97,28,69,36,31,5,4
"2011","Cherwell 005D","E01028452",493,267,98,169,0,167,52,115,53,44,9,6
"2011","Cherwell 005E","E01028453",498,268,86,182,3,173,51,122,45,37,8,9
"2011","Cherwell 005F","E01028454",608,249,97,152,0,311,96,215,34,29,5,14
"2011","Cherwell 006A","E01028430",659,356,147,209,2,52,6,46,243,238,5,6
"2011","Cherwell 006B","E01028431",650,528,316,212,0,38,14,24,78,71,7,6
"2011","Cherwell 006C","E01028432",637,491,276,215,4,79,18,61,52,43,9,11
"2011","Cherwell 006D","E01028433",751,658,433,225,3,26,3,23,55,49,6,9
"2011","Cherwell 006E","E01028434",513,437,228,209,3,7,1,6,46,39,7,20
"2011","Cherwell 007A","E01028426",562,446,175,271,3,43,2,41,66,63,3,4
"2011","Cherwell 007B","E01028427",668,333,130,203,10,51,4,47,270,258,12,4
"2011","Cherwell 007C","E01028428",518,460,246,214,1,18,1,17,38,31,7,1
"2011","Cherwell 007D","E01028429",471,374,215,159,1,64,5,59,27,25,2,5
"2011","Cherwell 008A","E01028422",621,488,225,263,3,64,9,55,59,47,12,7
"2011","Cherwell 008B","E01028423",612,501,305,196,5,12,1,11,84,78,6,10
"2011","Cherwell 008C","E01028475",872,717,388,329,7,57,5,52,83,74,9,8
"2011","Cherwell 008D","E01028476",870,730,367,363,16,32,0,32,74,59,15,18
"2011","Cherwell 009A","E01028474",657,476,233,243,5,97,15,82,67,59,8,12
"2011","Cherwell 009B","E01028485",531,426,200,226,6,58,15,43,35,32,3,6
"2011","Cherwell 009C","E01028486",540,440,266,174,0,18,5,13,68,49,19,14
"2011","Cherwell 009D","E01028503",496,401,240,161,2,36,9,27,45,40,5,12
"2011","Cherwell 009E","E01028504",590,456,242,214,1,42,8,34,69,50,19,22
"2011","Cherwell 010A","E01028481",617,440,265,175,4,72,6,66,86,81,5,15
"2011","Cherwell 010B","E01028482",490,437,241,196,2,8,1,7,37,33,4,6
"2011","Cherwell 010C","E01028505",713,310,171,139,4,65,13,52,325,312,13,9
"2011","Cherwell 010D","E01028506",721,527,243,284,6,82,16,66,87,76,11,19
"2011","Cherwell 010E","E01028507",582,469,248,221,3,17,1,16,86,82,4,7
"2011","Cherwell 011A","E01028425",687,349,83,266,6,59,6,53,261,69,192,12
"2011","Cherwell 011B","E01028477",581,443,184,259,4,32,7,25,76,58,18,26
"2011","Cherwell 011C","E01028478",483,301,55,246,0,20,2,18,76,49,27,86
"2011","Cherwell 011D","E01028483",501,385,182,203,3,18,2,16,74,66,8,21
"2011","Cherwell 011E","E01028484",455,319,146,173,1,54,8,46,62,47,15,19
"2011","Cherwell 011F","E01028499",618,508,268,240,1,36,5,31,67,60,7,6
"2011","Cherwell 012A","E01028459",652,450,93,357,4,23,1,22,169,162,7,6
"2011","Cherwell 012B","E01028460",726,565,109,456,0,54,1,53,105,98,7,2
"2011","Cherwell 012C","E01028461",678,469,76,393,3,48,3,45,153,140,13,5
"2011","Cherwell 012D","E01028462",627,457,176,281,1,83,13,70,82,78,4,4
"2011","Cherwell 013A","E01028455",529,452,136,316,3,20,8,12,48,43,5,6
"2011","Cherwell 013B","E01028456",601,387,168,219,6,139,34,105,58,54,4,11
"2011","Cherwell 013C","E01028457",503,456,186,270,0,10,4,6,35,32,3,2
"2011","Cherwell 013D","E01028458",613,354,67,287,5,166,49,117,85,77,8,3
"2011","Cherwell 013E","E01028467",704,477,233,244,8,75,15,60,139,129,10,5
"2011","Cherwell 014A","E01028466",690,387,149,238,9,241,65,176,41,37,4,12
"2011","Cherwell 014B","E01028469",596,541,301,240,2,15,3,12,32,30,2,6
"2011","Cherwell 014C","E01028470",676,525,256,269,2,88,26,62,51,47,4,10
"2011","Cherwell 014D","E01028471",481,271,90,181,0,167,37,130,41,38,3,2
"2011","Cherwell 014E","E01028472",481,407,154,253,6,13,2,11,52,49,3,3
"2011","Cherwell 014F","E01028473",607,517,151,366,2,11,2,9,72,68,4,5
"2011","Cherwell 015A","E01028463",1029,650,126,524,9,85,4,81,276,261,15,9
"2011","Cherwell 015B","E01028464",576,425,112,313,1,22,0,22,125,122,3,3
"2011","Cherwell 015C","E01028465",531,438,101,337,2,8,0,8,81,76,5,2
"2011","Cherwell 015D","E01028468",986,538,292,246,5,189,11,178,229,217,12,25
"2011","Cherwell 016A","E01028424",639,495,248,247,2,38,11,27,84,78,6,20
"2011","Cherwell 016B","E01028497",589,446,267,179,4,16,3,13,102,89,13,21
"2011","Cherwell 016C","E01028498",638,397,190,207,28,142,21,121,60,54,6,11
"2011","Cherwell 016D","E01028500",505,371,163,208,7,83,18,65,38,30,8,6
"2011","Cherwell 016E","E01028501",467,395,212,183,0,21,2,19,39,34,5,12
"2011","Cherwell 016F","E01028502",497,420,219,201,2,17,4,13,51,46,5,7
"2011","Cherwell 017A","E01028487",532,409,171,238,3,4,2,2,105,97,8,11
"2011","Cherwell 017B","E01028489",617,546,385,161,1,10,2,8,55,52,3,5
"2011","Cherwell 017C","E01028490",496,361,200,161,1,87,23,64,44,40,4,3
"2011","Cherwell 017D","E01028491",665,504,302,202,9,54,5,49,79,71,8,19
"2011","Cherwell 017E","E01028494",458,236,89,147,2,146,108,38,66,56,10,8
"2011","Cherwell 018A","E01028492",600,503,290,213,9,11,1,10,71,69,2,6
"2011","Cherwell 018B","E01028493",531,393,211,182,3,81,21,60,48,44,4,6
"2011","Cherwell 018C","E01028495",517,409,178,231,5,27,4,23,68,64,4,8
"2011","Cherwell 018D","E01028496",501,360,177,183,0,96,4,92,44,37,7,1
"2011","Cherwell 019A","E01028488",625,439,152,287,5,16,3,13,157,137,20,8
"2011","Cherwell 019B","E01028510",636,557,293,264,0,13,0,13,57,50,7,9
"2011","Cherwell 019C","E01028511",716,569,370,199,20,43,4,39,77,73,4,7
"2011","Cherwell 019D","E01028512",603,490,222,268,1,46,8,38,59,55,4,7
"2011","Oxford 001A","E01028594",661,494,297,197,4,43,11,32,115,112,3,5
"2011","Oxford 001B","E01028595",622,432,240,192,3,92,57,35,84,81,3,11
"2011","Oxford 001C","E01028596",673,454,269,185,1,58,55,3,155,146,9,5
"2011","Oxford 001D","E01028597",637,350,197,153,1,139,135,4,132,120,12,15
"2011","Oxford 002C","E01028591",548,318,199,119,3,32,8,24,170,138,32,25
"2011","Oxford 002D","E01028592",504,276,179,97,4,7,4,3,202,169,33,15
"2011","Oxford 002F","E01032554",991,650,423,227,7,57,16,41,254,233,21,23
"2011","Oxford 002G","E01032555",792,329,169,160,4,284,236,48,162,148,14,13
"2011","Oxford 003A","E01028565",511,352,201,151,8,3,2,1,142,134,8,6
"2011","Oxford 003B","E01028583",443,275,215,60,3,7,2,5,144,116,28,14
"2011","Oxford 003C","E01028584",1101,628,339,289,45,83,10,73,308,280,28,37
"2011","Oxford 003D","E01028585",403,201,145,56,1,6,1,5,150,139,11,45
"2011","Oxford 004A","E01028560",672,422,273,149,9,104,98,6,127,120,7,10
"2011","Oxford 004B","E01028561",645,530,342,188,2,8,5,3,95,88,7,10
"2011","Oxford 004C","E01028562",612,317,159,158,1,116,114,2,169,158,11,9
"2011","Oxford 004D","E01028563",587,399,207,192,6,17,16,1,159,147,12,6
"2011","Oxford 005A","E01028513",929,244,90,154,63,393,325,68,212,208,4,17
"2011","Oxford 005B","E01028514",551,182,62,120,2,285,231,54,66,61,5,16
"2011","Oxford 005C","E01028516",703,334,177,157,5,231,177,54,125,112,13,8
"2011","Oxford 005D","E01028538",630,261,143,118,4,248,203,45,105,91,14,12
"2011","Oxford 006A","E01028534",459,340,225,115,3,13,6,7,96,93,3,7
"2011","Oxford 006B","E01028535",661,365,194,171,8,45,6,39,235,226,9,8
"2011","Oxford 006C","E01028536",627,314,180,134,1,127,42,85,175,164,11,10
"2011","Oxford 006D","E01028537",809,303,207,96,5,187,51,136,303,275,28,11
"2011","Oxford 006E","E01028539",666,349,167,182,5,63,56,7,244,232,12,5
"2011","Oxford 006F","E01028540",550,317,183,134,5,84,22,62,122,111,11,22
"2011","Oxford 007A","E01028515",667,432,170,262,7,57,51,6,164,158,6,7
"2011","Oxford 007B","E01028571",676,420,208,212,8,95,87,8,142,134,8,11
"2011","Oxford 007C","E01028572",669,475,227,248,2,22,10,12,164,148,16,6
"2011","Oxford 007D","E01028573",674,464,248,216,6,17,10,7,175,164,11,12
"2011","Oxford 007E","E01028574",620,305,180,125,4,153,105,48,143,135,8,15
"2011","Oxford 008A","E01028521",668,125,67,58,19,50,23,27,393,324,69,81
"2011","Oxford 008B","E01028522",746,74,35,39,9,304,125,179,332,308,24,27
"2011","Oxford 008E","E01033282",1291,458,308,150,37,142,29,113,584,486,98,70
"2011","Oxford 009A","E01028548",760,399,213,186,1,83,42,41,262,255,7,15
"2011","Oxford 009B","E01028549",778,323,168,155,0,129,49,80,303,268,35,23
"2011","Oxford 009C","E01028550",695,147,82,65,3,138,118,20,400,383,17,7
"2011","Oxford 009D","E01028551",623,179,111,68,4,73,49,24,338,274,64,29
"2011","Oxford 010A","E01028523",638,162,92,70,3,293,135,158,173,144,29,7
"2011","Oxford 010B","E01028524",632,203,108,95,2,324,312,12,92,87,5,11
"2011","Oxford 010C","E01028525",706,215,98,117,11,348,234,114,114,99,15,18
"2011","Oxford 010D","E01028526",551,185,106,79,5,86,85,1,272,259,13,3
"2011","Oxford 011A","E01028579",529,154,80,74,4,73,55,18,288,274,14,10
"2011","Oxford 011B","E01028580",573,180,101,79,3,88,44,44,294,277,17,8
"2011","Oxford 011C","E01028581",484,293,174,119,1,36,18,18,150,143,7,4
"2011","Oxford 011D","E01028582",588,136,71,65,6,199,67,132,236,215,21,11
"2011","Oxford 011E","E01028586",684,202,111,91,4,101,16,85,371,358,13,6
"2011","Oxford 011F","E01028587",755,217,96,121,12,130,25,105,381,368,13,15
"2011","Oxford 011G","E01028588",467,133,65,68,2,35,13,22,284,257,27,13
"2011","Oxford 012A","E01028541",616,326,156,170,4,86,50,36,197,190,7,3
"2011","Oxford 012B","E01028542",755,357,162,195,19,121,91,30,246,233,13,12
"2011","Oxford 012C","E01028543",621,216,128,88,1,233,225,8,152,146,6,19
"2011","Oxford 012D","E01028544",600,297,191,106,9,22,19,3,263,258,5,9
"2011","Oxford 013A","E01028531",867,437,150,287,22,90,14,76,311,289,22,7
"2011","Oxford 013B","E01028532",1004,318,141,177,49,221,133,88,399,382,17,17
"2011","Oxford 013C","E01028533",820,313,118,195,45,172,86,86,280,257,23,10
"2011","Oxford 013D","E01028556",696,308,142,166,3,168,37,131,208,201,7,9
"2011","Oxford 013E","E01028557",699,337,140,197,13,182,149,33,155,142,13,12
"2011","Oxford 013F","E01028558",588,383,188,195,6,49,9,40,142,131,11,8
"2011","Oxford 013G","E01028559",643,354,165,189,1,63,54,9,214,206,8,11
"2011","Oxford 014A","E01028545",612,345,166,179,12,33,20,13,218,211,7,4
"2011","Oxford 014B","E01028546",745,292,136,156,5,301,277,24,125,119,6,22
"2011","Oxford 014C","E01028547",830,436,191,245,10,34,23,11,344,323,21,6
"2011","Oxford 015A","E01028527",685,480,225,255,9,43,17,26,144,141,3,9
"2011","Oxford 015B","E01028528",537,310,148,162,3,24,10,14,190,179,11,10
"2011","Oxford 015C","E01028529",632,265,110,155,4,236,226,10,117,112,5,10
"2011","Oxford 015D","E01028530",633,384,202,182,5,80,64,16,156,138,18,8
"2011","Oxford 015E","E01028575",675,406,238,168,9,130,49,81,117,103,14,13
"2011","Oxford 015F","E01028578",638,429,211,218,3,85,69,16,118,112,6,3
"2011","Oxford 016A","E01028552",731,276,119,157,17,326,274,52,96,89,7,16
"2011","Oxford 016B","E01028553",752,430,171,259,9,127,85,42,171,161,10,15
"2011","Oxford 016C","E01028554",546,340,171,169,6,69,55,14,126,123,3,5
"2011","Oxford 016D","E01028555",665,451,218,233,9,60,47,13,139,131,8,6
"2011","Oxford 016E","E01028576",489,144,44,100,2,260,223,37,79,79,0,4
"2011","Oxford 016F","E01028577",753,268,104,164,48,346,240,106,82,80,2,9
"2011","Oxford 017A","E01028517",509,204,52,152,31,202,106,96,66,61,5,6
"2011","Oxford 017B","E01028518",676,173,75,98,3,449,322,127,43,42,1,8
"2011","Oxford 017C","E01028519",544,259,117,142,8,211,193,18,62,57,5,4
"2011","Oxford 017D","E01028567",661,250,104,146,9,305,222,83,90,83,7,7
"2011","Oxford 018A","E01028520",632,196,81,115,7,372,338,34,52,47,5,5
"2011","Oxford 018B","E01028568",623,108,46,62,19,456,160,296,29,28,1,11
"2011","Oxford 018C","E01028569",664,77,10,67,98,433,25,408,52,47,5,4
"2011","Oxford 018D","E01028570",773,387,56,331,105,131,10,121,145,137,8,5
"2011","South Oxfordshire 001A","E01028666",685,438,166,272,3,90,14,76,147,135,12,7
"2011","South Oxfordshire 001B","E01028667",525,427,121,306,4,11,1,10,80,77,3,3
"2011","South Oxfordshire 001C","E01028668",552,461,213,248,1,41,4,37,45,40,5,4
"2011","South Oxfordshire 001D","E01028669",539,424,203,221,1,33,4,29,76,66,10,5
"2011","South Oxfordshire 002A","E01028638",563,437,274,163,6,48,4,44,57,47,10,15
"2011","South Oxfordshire 002B","E01028639",500,358,189,169,2,45,12,33,87,80,7,8
"2011","South Oxfordshire 002C","E01028640",583,408,220,188,2,88,18,70,63,47,16,22
"2011","South Oxfordshire 002D","E01028683",568,496,325,171,7,27,4,23,35,29,6,3
"2011","South Oxfordshire 003A","E01028670",554,492,272,220,1,23,4,19,35,34,1,3
"2011","South Oxfordshire 003B","E01028671",669,405,238,167,4,146,19,127,103,97,6,11
"2011","South Oxfordshire 003C","E01028672",695,589,349,240,10,45,7,38,42,33,9,9
"2011","South Oxfordshire 003D","E01028673",504,362,140,222,7,85,6,79,43,38,5,7
"2011","South Oxfordshire 004A","E01028646",466,297,158,139,6,96,15,81,58,55,3,9
"2011","South Oxfordshire 004B","E01028647",617,465,248,217,6,43,3,40,87,74,13,16
"2011","South Oxfordshire 004C","E01028681",522,461,288,173,1,12,1,11,43,38,5,5
"2011","South Oxfordshire 004D","E01028682",503,372,213,159,0,88,13,75,37,36,1,6
"2011","South Oxfordshire 004E","E01028684",637,448,223,225,2,54,9,45,128,112,16,5
"2011","South Oxfordshire 005A","E01028598",951,765,405,360,6,85,10,75,82,73,9,13
"2011","South Oxfordshire 005B","E01028613",523,462,182,280,3,22,5,17,34,30,4,2
"2011","South Oxfordshire 005C","E01028614",601,486,231,255,11,69,9,60,30,27,3,5
"2011","South Oxfordshire 005D","E01028615",677,612,383,229,3,16,0,16,35,32,3,11
"2011","South Oxfordshire 005E","E01028616",533,471,215,256,4,14,2,12,40,39,1,4
"2011","South Oxfordshire 006A","E01028604",552,316,100,216,0,199,41,158,34,25,9,3
"2011","South Oxfordshire 006B","E01028605",637,400,205,195,5,190,44,146,36,30,6,6
"2011","South Oxfordshire 006C","E01028607",496,389,228,161,5,39,7,32,46,41,5,17
"2011","South Oxfordshire 006D","E01028641",503,429,291,138,4,8,2,6,49,43,6,13
"2011","South Oxfordshire 006E","E01028657",548,430,231,199,4,23,6,17,86,78,8,5
"2011","South Oxfordshire 006F","E01028658",490,352,178,174,2,24,0,24,100,91,9,12
"2011","South Oxfordshire 007A","E01028600",629,557,311,246,9,21,1,20,38,35,3,4
"2011","South Oxfordshire 007B","E01028603",458,347,178,169,7,33,4,29,55,47,8,16
"2011","South Oxfordshire 007C","E01028606",756,571,377,194,3,58,2,56,107,90,17,17
"2011","South Oxfordshire 007D","E01028609",490,420,195,225,1,40,7,33,25,22,3,4
"2011","South Oxfordshire 007E","E01028610",601,461,228,233,2,81,13,68,50,46,4,7
"2011","South Oxfordshire 008A","E01028678",631,442,257,185,5,56,11,45,99,91,8,29
"2011","South Oxfordshire 008B","E01028679",853,523,264,259,5,129,16,113,172,158,14,24
"2011","South Oxfordshire 008C","E01028680",768,565,310,255,6,67,8,59,124,111,13,6
"2011","South Oxfordshire 009A","E01028625",772,552,95,457,12,12,1,11,194,184,10,2
"2011","South Oxfordshire 009B","E01028626",618,493,95,398,3,4,1,3,115,106,9,3
"2011","South Oxfordshire 009C","E01028627",611,406,103,303,17,53,2,51,131,125,6,4
"2011","South Oxfordshire 009D","E01028628",540,418,113,305,5,19,2,17,96,93,3,2
"2011","South Oxfordshire 009E","E01028629",632,432,103,329,14,39,4,35,147,144,3,0
"2011","South Oxfordshire 010A","E01028621",508,235,140,95,23,174,21,153,74,16,58,2
"2011","South Oxfordshire 010B","E01028622",529,441,227,214,1,46,7,39,36,29,7,5
"2011","South Oxfordshire 010C","E01028623",656,448,196,252,2,98,18,80,104,95,9,4
"2011","South Oxfordshire 010D","E01028624",572,486,254,232,4,45,7,38,32,23,9,5
"2011","South Oxfordshire 011A","E01028599",598,451,258,193,2,52,6,46,87,71,16,6
"2011","South Oxfordshire 011B","E01028601",469,267,155,112,2,40,4,36,141,43,98,19
"2011","South Oxfordshire 011C","E01028602",519,92,52,40,0,28,1,27,397,27,370,2
"2011","South Oxfordshire 011D","E01028620",973,685,350,335,6,82,14,68,185,159,26,15
"2011","South Oxfordshire 012A","E01028608",465,388,216,172,1,50,10,40,23,21,2,3
"2011","South Oxfordshire 012B","E01028617",789,613,312,301,18,61,7,54,93,80,13,4
"2011","South Oxfordshire 012C","E01028674",542,440,237,203,15,56,7,49,28,24,4,3
"2011","South Oxfordshire 012D","E01028675",505,338,147,191,4,125,24,101,37,29,8,1
"2011","South Oxfordshire 012E","E01028676",826,446,196,250,30,240,30,210,104,94,10,6
"2011","South Oxfordshire 012F","E01028677",774,405,223,182,9,177,17,160,168,157,11,15
"2011","South Oxfordshire 013A","E01028630",703,418,93,325,16,54,5,49,215,200,15,0
"2011","South Oxfordshire 013B","E01028631",458,317,149,168,1,58,14,44,77,72,5,5
"2011","South Oxfordshire 013C","E01028632",534,313,98,215,4,167,36,131,42,38,4,8
"2011","South Oxfordshire 013D","E01028633",689,365,120,245,10,173,26,147,138,132,6,3
"2011","South Oxfordshire 014A","E01028634",509,469,236,233,2,13,2,11,25,21,4,0
"2011","South Oxfordshire 014B","E01028635",616,424,193,231,3,140,22,118,42,37,5,7
"2011","South Oxfordshire 014C","E01028636",566,268,139,129,4,216,37,179,56,51,5,22
"2011","South Oxfordshire 014D","E01028637",620,544,264,280,3,30,3,27,40,33,7,3
"2011","South Oxfordshire 015A","E01028618",702,527,248,279,15,45,4,41,104,83,21,11
"2011","South Oxfordshire 015B","E01028619",740,542,278,264,3,138,19,119,51,48,3,6
"2011","South Oxfordshire 015C","E01028644",701,518,299,219,2,81,8,73,90,81,9,10
"2011","South Oxfordshire 015D","E01028648",472,376,191,185,2,69,7,62,23,20,3,2
"2011","South Oxfordshire 015E","E01028649",595,441,255,186,2,76,9,67,55,48,7,21
"2011","South Oxfordshire 016A","E01028650",820,617,340,277,4,88,17,71,102,98,4,9
"2011","South Oxfordshire 016B","E01028651",754,433,287,146,4,213,26,187,93,88,5,11
"2011","South Oxfordshire 016C","E01028652",1042,671,436,235,6,49,4,45,291,269,22,25
"2011","South Oxfordshire 017A","E01028653",633,335,142,193,18,168,20,148,106,98,8,6
"2011","South Oxfordshire 017B","E01028654",615,453,234,219,1,105,6,99,52,46,6,4
"2011","South Oxfordshire 017C","E01028655",860,502,267,235,2,59,6,53,283,269,14,14
"2011","South Oxfordshire 017D","E01028656",533,481,309,172,1,6,1,5,41,40,1,4
"2011","South Oxfordshire 018A","E01028611",445,347,194,153,2,36,4,32,47,35,12,13
"2011","South Oxfordshire 018B","E01028642",492,391,216,175,3,53,3,50,35,23,12,10
"2011","South Oxfordshire 018C","E01028643",560,423,235,188,2,51,2,49,62,50,12,22
"2011","South Oxfordshire 018D","E01028645",627,540,375,165,1,14,2,12,58,54,4,14
"2011","South Oxfordshire 018E","E01028685",485,396,212,184,8,49,2,47,24,22,2,8
"2011","South Oxfordshire 018F","E01028686",473,340,181,159,1,65,14,51,47,41,6,20
"2011","South Oxfordshire 019A","E01028612",511,372,209,163,1,49,2,47,66,56,10,23
"2011","South Oxfordshire 019B","E01028660",687,484,271,213,6,55,12,43,116,94,22,26
"2011","South Oxfordshire 019C","E01028661",577,468,277,191,1,39,4,35,35,27,8,34
"2011","South Oxfordshire 019D","E01028662",503,441,258,183,1,20,3,17,33,28,5,8
"2011","South Oxfordshire 020A","E01028659",624,510,265,245,1,35,2,33,65,50,15,13
"2011","South Oxfordshire 020B","E01028663",611,397,190,207,9,148,15,133,48,37,11,9
"2011","South Oxfordshire 020C","E01028664",543,477,284,193,3,39,8,31,22,20,2,2
"2011","South Oxfordshire 020D","E01028665",527,487,287,200,1,12,0,12,27,23,4,0
"2011","Vale of White Horse 001A","E01028708",747,548,298,250,1,97,27,70,90,77,13,11
"2011","Vale of White Horse 001B","E01028709",658,573,338,235,0,5,3,2,76,68,8,4
"2011","Vale of White Horse 001C","E01028710",667,597,333,264,2,8,1,7,54,49,5,6
"2011","Vale of White Horse 001D","E01028711",667,499,294,205,0,82,9,73,67,61,6,19
"2011","Vale of White Horse 002A","E01028733",547,430,255,175,1,43,5,38,64,55,9,9
"2011","Vale of White Horse 002B","E01028734",655,560,308,252,6,7,1,6,76,65,11,6
"2011","Vale of White Horse 002C","E01028735",641,489,275,214,3,75,12,63,71,60,11,3
"2011","Vale of White Horse 002D","E01028740",657,558,309,249,6,8,3,5,77,71,6,8
"2011","Vale of White Horse 002E","E01028741",502,407,211,196,3,13,3,10,75,72,3,4
"2011","Vale of White Horse 002F","E01028742",726,422,241,181,3,131,38,93,159,144,15,11
"2011","Vale of White Horse 003A","E01028738",474,149,78,71,1,36,1,35,283,43,240,5
"2011","Vale of White Horse 003B","E01028739",699,512,273,239,6,107,19,88,59,44,15,15
"2011","Vale of White Horse 003C","E01028743",478,338,254,84,4,22,7,15,12,6,6,102
"2011","Vale of White Horse 003D","E01028744",524,406,256,150,13,33,4,29,47,40,7,25
"2011","Vale of White Horse 003E","E01028750",589,339,180,159,2,174,38,136,71,33,38,3
"2011","Vale of White Horse 003F","E01028751",585,471,292,179,3,28,3,25,70,58,12,13
"2011","Vale of White Horse 003G","E01028752",656,521,269,252,8,54,10,44,67,53,14,6
"2011","Vale of White Horse 004A","E01028693",603,549,257,292,1,4,0,4,47,43,4,2
"2011","Vale of White Horse 004B","E01028694",607,478,154,324,6,8,0,8,112,107,5,3
"2011","Vale of White Horse 004C","E01028701",638,492,232,260,2,88,11,77,53,49,4,3
"2011","Vale of White Horse 004D","E01028705",490,452,226,226,4,6,0,6,27,23,4,1
"2011","Vale of White Horse 004E","E01028706",599,522,226,296,1,2,1,1,72,63,9,2
"2011","Vale of White Horse 004F","E01028707",607,552,213,339,3,8,0,8,43,41,2,1
"2011","Vale of White Horse 005A","E01028688",507,382,136,246,2,58,8,50,63,55,8,2
"2011","Vale of White Horse 005B","E01028689",637,392,130,262,5,105,90,15,130,120,10,5
"2011","Vale of White Horse 005C","E01028695",656,557,304,253,5,10,0,10,78,58,20,6
"2011","Vale of White Horse 005D","E01028699",650,546,318,228,0,21,5,16,76,70,6,7
"2011","Vale of White Horse 006B","E01028696",519,465,243,222,0,14,2,12,27,23,4,13
"2011","Vale of White Horse 006C","E01028697",674,367,160,207,5,206,52,154,88,76,12,8
"2011","Vale of White Horse 006D","E01028698",669,457,187,270,8,82,11,71,115,110,5,7
"2011","Vale of White Horse 006E","E01028700",699,323,148,175,3,306,56,250,58,51,7,9
"2011","Vale of White Horse 006F","E01028703",816,370,148,222,30,230,23,207,165,156,9,21
"2011","Vale of White Horse 006G","E01033305",664,274,102,172,25,92,17,75,264,256,8,9
"2011","Vale of White Horse 006H","E01033306",804,399,211,188,4,161,33,128,227,213,14,13
"2011","Vale of White Horse 007A","E01028726",929,709,398,311,6,69,5,64,125,116,9,20
"2011","Vale of White Horse 007B","E01028736",935,772,378,394,7,45,9,36,93,73,20,18
"2011","Vale of White Horse 007C","E01028737",948,739,395,344,4,67,9,58,111,101,10,27
"2011","Vale of White Horse 008A","E01028690",712,452,221,231,6,147,27,120,102,99,3,5
"2011","Vale of White Horse 008B","E01028691",611,373,217,156,5,180,42,138,45,42,3,8
"2011","Vale of White Horse 008C","E01028692",507,194,71,123,4,275,78,197,30,28,2,4
"2011","Vale of White Horse 008D","E01028702",518,447,235,212,1,43,6,37,25,22,3,2
"2011","Vale of White Horse 008E","E01028704",853,543,287,256,23,152,23,129,122,113,9,13
"2011","Vale of White Horse 009A","E01028716",749,442,157,285,28,138,23,115,132,100,32,9
"2011","Vale of White Horse 009B","E01028717",820,387,192,195,16,211,42,169,183,176,7,23
"2011","Vale of White Horse 009C","E01028718",609,354,133,221,5,184,37,147,58,55,3,8
"2011","Vale of White Horse 009D","E01028719",654,536,313,223,9,51,9,42,54,51,3,4
"2011","Vale of White Horse 009E","E01028749",990,744,341,403,10,113,17,96,102,90,12,21
"2011","Vale of White Horse 010A","E01028714",958,742,383,359,3,114,27,87,87,80,7,12
"2011","Vale of White Horse 010B","E01028731",542,352,182,170,2,149,26,123,36,29,7,3
"2011","Vale of White Horse 010C","E01028732",502,337,138,199,2,75,11,64,80,74,6,8
"2011","Vale of White Horse 010D","E01028753",585,383,212,171,2,147,41,106,47,40,7,6
"2011","Vale of White Horse 010E","E01028754",569,430,241,189,2,40,5,35,92,86,6,5
"2011","Vale of White Horse 011A","E01028721",517,432,145,287,5,25,4,21,54,39,15,1
"2011","Vale of White Horse 011B","E01028722",690,503,304,199,6,45,4,41,129,79,50,7
"2011","Vale of White Horse 011C","E01028723",590,462,268,194,1,94,8,86,25,17,8,8
"2011","Vale of White Horse 011D","E01028724",505,450,208,242,2,17,1,16,35,26,9,1
"2011","Vale of White Horse 011E","E01028725",616,417,123,294,9,137,27,110,49,42,7,4
"2011","Vale of White Horse 014A","E01028755",686,506,272,234,7,120,19,101,44,41,3,9
"2011","Vale of White Horse 014B","E01028756",1167,597,300,297,104,169,21,148,278,259,19,19
"2011","Vale of White Horse 014C","E01028758",609,560,321,239,3,15,4,11,28,24,4,3
"2011","Vale of White Horse 014D","E01028759",623,410,177,233,6,150,21,129,52,43,9,5
"2011","Vale of White Horse 014E","E01028760",479,354,164,190,1,72,10,62,43,27,16,9
"2011","Vale of White Horse 014F","E01028761",510,377,185,192,12,77,8,69,41,29,12,3
"2011","Vale of White Horse 015A","E01028712",880,689,399,290,5,80,15,65,90,80,10,16
"2011","Vale of White Horse 015B","E01028727",661,550,303,247,4,28,4,24,71,67,4,8
"2011","Vale of White Horse 015C","E01028728",479,302,169,133,2,128,26,102,38,31,7,9
"2011","Vale of White Horse 015D","E01028729",437,353,163,190,2,43,9,34,36,33,3,3
"2011","Vale of White Horse 015E","E01028730",648,401,242,159,2,59,6,53,166,153,13,20
"2011","Vale of White Horse 015F","E01028757",643,344,167,177,24,196,32,164,76,72,4,3
"2011","Vale of White Horse 016E","E01028713",972,636,334,302,10,125,20,105,153,136,17,48
"2011","Vale of White Horse 016F","E01028715",554,304,157,147,0,107,4,103,115,82,33,28
"2011","Vale of White Horse 016G","E01028720",910,660,351,309,3,143,25,118,82,67,15,22
"2011","Vale of White Horse 016A","E01028745",546,361,214,147,1,42,8,34,128,59,69,14
"2011","Vale of White Horse 016B","E01028746",510,392,227,165,3,67,6,61,43,37,6,5
"2011","Vale of White Horse 016C","E01028747",450,193,90,103,0,32,7,25,207,39,168,18
"2011","Vale of White Horse 016D","E01028748",423,165,68,97,1,88,11,77,163,53,110,6
"2011","West Oxfordshire 001A","E01028780",909,661,348,313,17,68,5,63,146,129,17,17
"2011","West Oxfordshire 001B","E01028781",516,247,103,144,3,239,51,188,21,16,5,6
"2011","West Oxfordshire 001C","E01028782",643,534,286,248,0,38,14,24,63,58,5,8
"2011","West Oxfordshire 001D","E01028783",747,433,241,192,16,141,20,121,152,139,13,5
"2011","West Oxfordshire 002A","E01028795",658,426,245,181,7,64,12,52,139,121,18,22
"2011","West Oxfordshire 002B","E01028796",518,338,197,141,4,60,10,50,72,57,15,44
"2011","West Oxfordshire 002C","E01028797",453,330,186,144,2,54,8,46,51,46,5,16
"2011","West Oxfordshire 002D","E01028806",816,611,292,319,1,74,16,58,95,87,8,35
"2011","West Oxfordshire 003A","E01028763",831,621,345,276,6,107,14,93,83,76,7,14
"2011","West Oxfordshire 003B","E01028776",809,568,323,245,1,62,12,50,126,116,10,52
"2011","West Oxfordshire 003C","E01028798",871,635,352,283,7,86,19,67,113,96,17,30
"2011","West Oxfordshire 004B","E01028804",544,434,267,167,1,33,1,32,68,59,9,8
"2011","West Oxfordshire 004D","E01028823",634,407,234,173,3,64,9,55,148,133,15,12
"2011","West Oxfordshire 004E","E01028824",664,484,256,228,11,83,13,70,77,68,9,9
"2011","West Oxfordshire 004F","E01028825",497,369,205,164,1,32,5,27,81,67,14,14
"2011","West Oxfordshire 004G","E01032954",1130,759,411,348,9,160,15,145,172,150,22,30
"2011","West Oxfordshire 005A","E01028777",530,393,233,160,7,37,3,34,84,78,6,9
"2011","West Oxfordshire 005B","E01028778",658,470,278,192,3,131,20,111,48,42,6,6
"2011","West Oxfordshire 005C","E01028779",452,362,186,176,1,42,5,37,42,36,6,5
"2011","West Oxfordshire 005D","E01028799",779,629,343,286,4,73,11,62,59,52,7,14
"2011","West Oxfordshire 006A","E01028788",700,506,297,209,1,44,2,42,140,126,14,9
"2011","West Oxfordshire 006B","E01028789",605,516,279,237,1,15,1,14,66,51,15,7
"2011","West Oxfordshire 006C","E01028790",465,354,180,174,2,71,16,55,32,24,8,6
"2011","West Oxfordshire 006D","E01028791",587,524,290,234,0,14,3,11,46,42,4,3
"2011","West Oxfordshire 007A","E01028784",853,682,352,330,8,76,13,63,71,63,8,16
"2011","West Oxfordshire 007B","E01028792",459,386,225,161,8,18,3,15,37,33,4,10
"2011","West Oxfordshire 007C","E01028793",620,457,213,244,6,92,15,77,58,51,7,7
"2011","West Oxfordshire 007D","E01028794",578,496,279,217,2,27,9,18,41,32,9,12
"2011","West Oxfordshire 008A","E01028810",587,484,170,314,8,8,2,6,86,78,8,1
"2011","West Oxfordshire 008B","E01028811",592,337,138,199,3,204,32,172,38,36,2,10
"2011","West Oxfordshire 008D","E01028813",489,287,125,162,3,158,28,130,37,33,4,4
"2011","West Oxfordshire 008E","E01028814",606,502,243,259,6,18,2,16,73,68,5,7
"2011","West Oxfordshire 008F","E01028815",497,455,262,193,3,10,0,10,25,20,5,4
"2011","West Oxfordshire 008G","E01032947",693,408,64,344,46,99,6,93,138,129,9,2
"2011","West Oxfordshire 008H","E01032948",706,560,187,373,10,43,5,38,88,77,11,5
"2011","West Oxfordshire 008I","E01032952",620,444,230,214,32,29,1,28,110,97,13,5
"2011","West Oxfordshire 009A","E01028809",522,112,52,60,1,381,10,371,25,24,1,3
"2011","West Oxfordshire 009B","E01028820",525,433,131,302,5,20,1,19,64,60,4,3
"2011","West Oxfordshire 009C","E01028821",626,417,107,310,13,93,8,85,100,91,9,3
"2011","West Oxfordshire 009D","E01028822",578,480,151,329,9,9,1,8,76,67,9,4
"2011","West Oxfordshire 010A","E01028807",1005,627,275,352,40,116,10,106,210,194,16,12
"2011","West Oxfordshire 010B","E01028808",725,459,236,223,20,147,6,141,95,90,5,4
"2011","West Oxfordshire 010C","E01028816",491,376,175,201,8,43,3,40,61,56,5,3
"2011","West Oxfordshire 010D","E01028817",591,428,190,238,16,74,4,70,70,66,4,3
"2011","West Oxfordshire 010E","E01028818",836,546,342,204,18,75,12,63,178,159,19,19
"2011","West Oxfordshire 010F","E01028819",732,345,204,141,22,303,42,261,51,40,11,11
"2011","West Oxfordshire 011A","E01028785",658,507,265,242,4,62,15,47,79,73,6,6
"2011","West Oxfordshire 011B","E01028786",518,474,288,186,3,7,1,6,32,27,5,2
"2011","West Oxfordshire 011C","E01028787",542,291,175,116,1,178,36,142,67,56,11,5
"2011","West Oxfordshire 011D","E01028800",518,354,177,177,0,73,20,53,80,74,6,11
"2011","West Oxfordshire 012A","E01028762",749,507,255,252,5,79,20,59,120,103,17,38
"2011","West Oxfordshire 012B","E01028766",834,595,302,293,9,51,7,44,147,131,16,32
"2011","West Oxfordshire 012C","E01028767",863,558,373,185,7,161,14,147,104,96,8,33
"2011","West Oxfordshire 013D","E01028772",748,589,227,362,14,13,1,12,127,116,11,5
"2011","West Oxfordshire 013E","E01032949",577,344,39,305,20,65,3,62,146,124,22,2
"2011","West Oxfordshire 013F","E01032950",679,466,50,416,22,49,7,42,139,123,16,3
"2011","West Oxfordshire 013G","E01032951",710,286,96,190,25,115,17,98,280,72,208,4
"2011","West Oxfordshire 013H","E01032953",850,324,178,146,4,71,3,68,447,128,319,4
"2011","West Oxfordshire 014A","E01028771",653,393,190,203,4,160,17,143,89,76,13,7
"2011","West Oxfordshire 014B","E01028773",578,410,198,212,6,52,8,44,108,77,31,2
"2011","West Oxfordshire 014C","E01028774",531,233,90,143,9,79,13,66,202,51,151,8
"2011","West Oxfordshire 014D","E01028775",559,416,206,210,3,15,1,14,122,106,16,3
"2011","West Oxfordshire 015A","E01028764",760,615,319,296,5,28,3,25,101,91,10,11
"2011","West Oxfordshire 015B","E01028765",822,521,275,246,7,218,41,177,65,56,9,11
"2011","West Oxfordshire 015C","E01028801",545,413,191,222,1,62,11,51,59,49,10,10
"2011","West Oxfordshire 015D","E01028802",600,513,293,220,4,14,2,12,53,46,7,16
"2011","Elmbridge 001A","E01030330",655,540,279,261,9,12,1,11,91,84,7,3
"2011","Elmbridge 001B","E01030331",679,559,238,321,5,35,6,29,75,67,8,5
"2011","Elmbridge 001C","E01030332",593,409,191,218,2,130,43,87,46,43,3,6
"2011","Elmbridge 001D","E01030333",582,469,230,239,3,30,7,23,76,72,4,4
"2011","Elmbridge 002A","E01030326",785,496,250,246,1,44,9,35,231,217,14,13
"2011","Elmbridge 002B","E01030327",642,485,247,238,1,14,1,13,138,132,6,4
"2011","Elmbridge 002C","E01030328",630,564,254,310,0,6,1,5,52,51,1,8
"2011","Elmbridge 002D","E01030329",628,542,267,275,3,2,0,2,77,69,8,4
"2011","Elmbridge 003A","E01030334",543,446,201,245,4,26,2,24,64,59,5,3
"2011","Elmbridge 003B","E01030335",755,551,237,314,12,116,29,87,67,60,7,9
"2011","Elmbridge 003C","E01030336",795,538,172,366,6,153,43,110,88,76,12,10
"2011","Elmbridge 003D","E01030337",731,386,165,221,3,235,61,174,96,88,8,11
"2011","Elmbridge 004A","E01030361",811,647,234,413,7,74,14,60,80,70,10,3
"2011","Elmbridge 004B","E01030362",481,286,117,169,7,135,39,96,47,44,3,6
"2011","Elmbridge 004C","E01030363",785,458,161,297,17,191,45,146,115,108,7,4
"2011","Elmbridge 004D","E01030364",710,312,61,251,14,249,59,190,128,118,10,7
"2011","Elmbridge 005A","E01030350",686,541,252,289,1,30,3,27,107,102,5,7
"2011","Elmbridge 005B","E01030351",634,517,206,311,1,31,10,21,76,73,3,9
"2011","Elmbridge 005C","E01030352",581,440,198,242,6,65,9,56,62,55,7,8
"2011","Elmbridge 005D","E01030353",550,453,171,282,3,5,0,5,88,80,8,1
"2011","Elmbridge 006A","E01030322",751,507,184,323,8,111,6,105,123,121,2,2
"2011","Elmbridge 006B","E01030323",524,415,213,202,1,50,4,46,55,51,4,3
"2011","Elmbridge 006C","E01030324",639,525,220,305,0,48,14,34,57,50,7,9
"2011","Elmbridge 006D","E01030325",590,476,212,264,1,72,19,53,35,31,4,6
"2011","Elmbridge 007A","E01030357",729,577,313,264,12,9,1,8,126,119,7,5
"2011","Elmbridge 007B","E01030358",618,500,242,258,3,9,3,6,98,93,5,8
"2011","Elmbridge 007C","E01030359",1054,500,206,294,46,175,32,143,322,309,13,11
"2011","Elmbridge 007D","E01030360",662,470,255,215,2,14,2,12,170,167,3,6
"2011","Elmbridge 008A","E01030354",541,232,76,156,13,227,66,161,61,54,7,8
"2011","Elmbridge 008B","E01030355",515,443,185,258,1,34,11,23,32,29,3,5
"2011","Elmbridge 008C","E01030356",507,417,151,266,6,39,16,23,38,38,0,7
"2011","Elmbridge 008D","E01030365",603,515,226,289,2,12,2,10,69,62,7,5
"2011","Elmbridge 008E","E01030368",607,522,229,293,13,15,3,12,54,50,4,3
"2011","Elmbridge 009A","E01030319",608,536,246,290,8,26,6,20,36,34,2,2
"2011","Elmbridge 009B","E01030320",678,519,232,287,2,39,4,35,106,102,4,12
"2011","Elmbridge 009C","E01030321",573,528,263,265,0,6,1,5,35,32,3,4
"2011","Elmbridge 009D","E01030369",775,684,309,375,1,17,7,10,63,63,0,10
"2011","Elmbridge 009E","E01030370",592,513,236,277,0,8,1,7,65,57,8,6
"2011","Elmbridge 010A","E01030313",644,469,164,305,1,95,18,77,74,68,6,5
"2011","Elmbridge 010B","E01030314",645,469,209,260,3,78,3,75,92,88,4,3
"2011","Elmbridge 010C","E01030366",815,507,241,266,11,34,3,31,253,245,8,10
"2011","Elmbridge 010D","E01030367",618,508,286,222,1,7,0,7,97,94,3,5
"2011","Elmbridge 011A","E01030338",619,527,266,261,1,11,1,10,73,72,1,7
"2011","Elmbridge 011B","E01030339",683,449,229,220,0,54,10,44,167,153,14,13
"2011","Elmbridge 011C","E01030340",620,458,228,230,1,53,11,42,98,93,5,10
"2011","Elmbridge 011D","E01030341",740,611,312,299,1,4,1,3,120,115,5,4
"2011","Elmbridge 012A","E01030371",711,392,164,228,11,151,35,116,148,142,6,9
"2011","Elmbridge 012B","E01030372",546,355,149,206,2,71,17,54,110,104,6,8
"2011","Elmbridge 012C","E01030373",657,465,198,267,10,89,29,60,85,80,5,8
"2011","Elmbridge 012D","E01030374",771,482,254,228,2,33,9,24,244,231,13,10
"2011","Elmbridge 012E","E01030375",781,475,208,267,3,52,3,49,244,232,12,7
"2011","Elmbridge 012F","E01030376",536,385,190,195,2,4,1,3,133,126,7,12
"2011","Elmbridge 013A","E01030307",646,532,290,242,6,17,2,15,86,79,7,5
"2011","Elmbridge 013B","E01030308",645,494,277,217,0,36,1,35,106,95,11,9
"2011","Elmbridge 013C","E01030309",619,483,309,174,1,28,5,23,95,84,11,12
"2011","Elmbridge 013D","E01030310",728,386,141,245,11,185,34,151,129,117,12,17
"2011","Elmbridge 014A","E01030311",662,395,158,237,2,186,45,141,70,60,10,9
"2011","Elmbridge 014B","E01030312",518,339,128,211,8,107,31,76,57,52,5,7
"2011","Elmbridge 014C","E01030315",636,517,218,299,1,52,14,38,62,57,5,4
"2011","Elmbridge 014D","E01030316",635,539,294,245,8,5,1,4,79,73,6,4
"2011","Elmbridge 014E","E01030317",749,526,262,264,14,97,21,76,101,97,4,11
"2011","Elmbridge 014F","E01030318",644,281,155,126,0,270,5,265,77,61,16,16
"2011","Elmbridge 015A","E01030296",649,588,313,275,0,5,0,5,52,51,1,4
"2011","Elmbridge 015B","E01030297",823,692,368,324,1,13,2,11,111,110,1,6
"2011","Elmbridge 015C","E01030298",679,455,249,206,4,158,20,138,49,46,3,13
"2011","Elmbridge 015D","E01030299",637,499,214,285,6,85,26,59,45,43,2,2
"2011","Elmbridge 016A","E01030346",519,375,184,191,0,5,1,4,115,108,7,24
"2011","Elmbridge 016B","E01030347",681,458,142,316,3,58,17,41,154,150,4,8
"2011","Elmbridge 016C","E01030348",664,498,228,270,1,7,1,6,150,138,12,8
"2011","Elmbridge 016D","E01030349",703,523,282,241,2,4,1,3,160,154,6,14
"2011","Elmbridge 017A","E01030300",756,395,162,233,6,195,54,141,155,142,13,5
"2011","Elmbridge 017B","E01030301",601,451,262,189,1,60,24,36,81,76,5,8
"2011","Elmbridge 017C","E01030302",711,509,294,215,0,25,5,20,156,136,20,21
"2011","Elmbridge 017D","E01030304",696,344,143,201,3,227,60,167,101,88,13,21
"2011","Elmbridge 017E","E01030305",520,388,231,157,0,9,3,6,111,94,17,12
"2011","Elmbridge 017F","E01030306",481,374,196,178,1,11,3,8,83,79,4,12
"2011","Elmbridge 018A","E01030303",690,577,319,258,15,8,3,5,81,77,4,9
"2011","Elmbridge 018B","E01030342",613,510,320,190,11,10,1,9,74,65,9,8
"2011","Elmbridge 018C","E01030343",637,503,264,239,1,50,5,45,67,63,4,16
"2011","Elmbridge 018D","E01030344",526,446,241,205,1,6,4,2,64,64,0,9
"2011","Elmbridge 018E","E01030345",646,513,248,265,13,69,14,55,48,46,2,3
"2011","Epsom and Ewell 001A","E01030386",533,503,266,237,0,0,0,0,25,25,0,5
"2011","Epsom and Ewell 001B","E01030387",643,533,199,334,6,15,1,14,85,79,6,4
"2011","Epsom and Ewell 001C","E01030388",520,457,230,227,0,15,3,12,45,45,0,3
"2011","Epsom and Ewell 001D","E01030389",670,437,229,208,1,101,4,97,122,112,10,9
"2011","Epsom and Ewell 001E","E01030393",821,679,407,272,0,46,5,41,91,86,5,5
"2011","Epsom and Ewell 002A","E01030394",636,593,243,350,3,6,1,5,33,30,3,1
"2011","Epsom and Ewell 002B","E01030399",911,664,272,392,18,132,9,123,93,80,13,4
"2011","Epsom and Ewell 002C","E01030400",599,279,83,196,5,277,25,252,37,33,4,1
"2011","Epsom and Ewell 002D","E01030414",524,405,179,226,12,71,6,65,35,34,1,1
"2011","Epsom and Ewell 003A","E01030377",901,858,441,417,1,4,0,4,33,32,1,5
"2011","Epsom and Ewell 003B","E01030378",611,530,260,270,2,11,1,10,65,58,7,3
"2011","Epsom and Ewell 003C","E01030406",613,471,216,255,0,34,1,33,104,96,8,4
"2011","Epsom and Ewell 003D","E01030407",537,509,286,223,1,1,1,0,25,19,6,1
"2011","Epsom and Ewell 003E","E01030408",641,627,301,326,0,2,0,2,10,7,3,2
"2011","Epsom and Ewell 004A","E01030395",763,708,443,265,2,4,0,4,46,39,7,3
"2011","Epsom and Ewell 004B","E01030413",743,523,187,336,32,85,10,75,100,89,11,3
"2011","Epsom and Ewell 004C","E01030415",607,536,218,318,4,12,2,10,54,47,7,1
"2011","Epsom and Ewell 004D","E01030416",525,470,245,225,0,9,1,8,43,36,7,3
"2011","Epsom and Ewell 005A","E01030383",903,448,103,345,64,280,13,267,99,90,9,12
"2011","Epsom and Ewell 005B","E01030384",980,643,154,489,23,106,7,99,201,183,18,7
"2011","Epsom and Ewell 005C","E01030401",1015,871,364,507,5,25,3,22,105,93,12,9
"2011","Epsom and Ewell 005D","E01030402",481,346,136,210,7,76,9,67,50,47,3,2
"2011","Epsom and Ewell 007A","E01030385",684,284,97,187,10,308,14,294,79,73,6,3
"2011","Epsom and Ewell 007B","E01030391",829,603,301,302,4,49,1,48,168,158,10,5
"2011","Epsom and Ewell 007C","E01030403",591,492,256,236,2,25,1,24,71,67,4,1
"2011","Epsom and Ewell 007D","E01030404",626,558,285,273,2,8,2,6,56,49,7,2
"2011","Epsom and Ewell 007E","E01030409",524,357,191,166,2,16,0,16,140,136,4,9
"2011","Epsom and Ewell 007F","E01030410",592,359,134,225,3,36,2,34,187,180,7,7
"2011","Epsom and Ewell 008A","E01030381",646,442,247,195,0,65,6,59,126,122,4,13
"2011","Epsom and Ewell 008B","E01030411",1077,469,228,241,24,162,7,155,404,380,24,18
"2011","Epsom and Ewell 008C","E01030412",961,584,299,285,1,43,2,41,321,303,18,12
"2011","Epsom and Ewell 008D","E01030419",708,515,276,239,5,31,2,29,142,121,21,15
"2011","Epsom and Ewell 009A","E01030379",502,409,205,204,1,20,2,18,57,27,30,15
"2011","Epsom and Ewell 009B","E01030380",509,458,246,212,1,2,0,2,42,38,4,6
"2011","Epsom and Ewell 009C","E01030405",650,533,227,306,4,41,1,40,66,64,2,6
"2011","Epsom and Ewell 009D","E01030417",523,462,265,197,3,1,1,0,54,49,5,3
"2011","Epsom and Ewell 009E","E01030418",566,502,229,273,2,9,0,9,45,37,8,8
"2011","Epsom and Ewell 009F","E01030420",489,335,177,158,4,84,2,82,59,57,2,7
"2011","Epsom and Ewell 010A","E01030382",591,420,225,195,1,23,0,23,141,123,18,6
"2011","Epsom and Ewell 010B","E01030390",811,558,247,311,1,128,13,115,122,113,9,2
"2011","Epsom and Ewell 010C","E01030392",799,662,378,284,1,11,3,8,117,109,8,8
"2011","Epsom and Ewell 010D","E01030396",646,600,313,287,0,5,1,4,39,38,1,2
"2011","Epsom and Ewell 010E","E01030398",626,602,326,276,0,9,4,5,11,11,0,4
"2011","Epsom and Ewell 010F","E01032624",657,637,355,282,0,2,0,2,14,13,1,4
"2011","Guildford 001A","E01030440",617,449,275,174,7,94,63,31,48,42,6,19
"2011","Guildford 001B","E01030458",524,382,211,171,3,10,4,6,113,50,63,16
"2011","Guildford 001C","E01030459",485,287,168,119,9,105,73,32,70,62,8,14
"2011","Guildford 001D","E01030475",505,460,248,212,0,12,8,4,27,26,1,6
"2011","Guildford 001E","E01030476",456,432,219,213,0,4,3,1,18,15,3,2
"2011","Guildford 001F","E01030477",704,486,221,265,3,138,104,34,60,53,7,17
"2011","Guildford 002A","E01030465",584,452,222,230,1,76,69,7,47,35,12,8
"2011","Guildford 002B","E01030466",726,631,424,207,4,34,19,15,52,45,7,5
"2011","Guildford 002C","E01030473",655,483,243,240,12,37,30,7,118,50,68,5
"2011","Guildford 002D","E01030474",446,50,20,30,3,72,34,38,315,24,291,6
"2011","Guildford 003A","E01030441",514,430,242,188,2,32,21,11,43,37,6,7
"2011","Guildford 003B","E01030442",557,540,323,217,0,2,1,1,13,9,4,2
"2011","Guildford 003C","E01030443",534,495,281,214,0,2,2,0,32,28,4,5
"2011","Guildford 003D","E01030444",597,523,299,224,0,29,28,1,39,38,1,6
"2011","Guildford 003E","E01030445",606,444,275,169,8,72,67,5,74,67,7,8
"2011","Guildford 003F","E01030446",508,449,260,189,0,2,1,1,48,42,6,9
"2011","Guildford 003G","E01030447",546,439,231,208,14,54,16,38,33,30,3,6
"2011","Guildford 004A","E01030426",614,423,113,310,0,108,70,38,80,78,2,3
"2011","Guildford 004B","E01030427",610,551,228,323,2,12,8,4,43,43,0,2
"2011","Guildford 004C","E01030428",510,414,218,196,2,20,6,14,63,52,11,11
"2011","Guildford 004D","E01030429",718,487,185,302,15,21,8,13,193,173,20,2
"2011","Guildford 004E","E01030430",627,536,278,258,1,8,3,5,76,67,9,6
"2011","Guildford 005A","E01030499",645,582,334,248,2,16,11,5,38,22,16,7
"2011","Guildford 005B","E01030500",605,481,248,233,6,28,14,14,86,80,6,4
"2011","Guildford 005C","E01030501",642,524,216,308,10,51,25,26,51,39,12,6
"2011","Guildford 005D","E01030502",500,401,231,170,5,46,38,8,39,30,9,9
"2011","Guildford 005E","E01030503",572,243,101,142,25,225,114,111,75,67,8,4
"2011","Guildford 005F","E01030504",492,455,271,184,1,5,2,3,25,19,6,6
"2011","Guildford 006A","E01030485",741,446,155,291,13,95,78,17,184,176,8,3
"2011","Guildford 006B","E01030487",638,451,193,258,3,12,5,7,163,152,11,9
"2011","Guildford 006C","E01030488",780,504,196,308,59,139,82,57,73,62,11,5
"2011","Guildford 006D","E01030489",947,679,226,453,48,87,11,76,128,122,6,5
"2011","Guildford 007A","E01030481",632,355,137,218,15,185,168,17,71,62,9,6
"2011","Guildford 007B","E01030482",513,312,117,195,7,129,115,14,61,52,9,4
"2011","Guildford 007C","E01030483",587,191,55,136,2,328,283,45,47,42,5,19
"2011","Guildford 007D","E01030484",668,340,117,223,16,207,176,31,95,88,7,10
"2011","Guildford 008A","E01030434",738,507,168,339,2,7,6,1,216,208,8,6
"2011","Guildford 008B","E01030435",647,541,258,283,1,51,45,6,44,41,3,10
"2011","Guildford 008C","E01030462",746,468,217,251,9,130,25,105,122,116,6,17
"2011","Guildford 008D","E01030463",628,497,222,275,7,22,21,1,101,93,8,1
"2011","Guildford 008E","E01030464",645,329,136,193,11,238,225,13,57,55,2,10
"2011","Guildford 009A","E01030486",611,484,204,280,38,15,15,0,72,66,6,2
"2011","Guildford 009B","E01030493",510,223,75,148,2,211,209,2,63,54,9,11
"2011","Guildford 009C","E01030495",643,419,196,223,5,51,46,5,161,157,4,7
"2011","Guildford 009D","E01030498",510,431,190,241,2,11,9,2,61,60,1,5
"2011","Guildford 010A","E01030424",661,393,159,234,2,215,86,129,45,41,4,6
"2011","Guildford 010B","E01030431",627,540,301,239,1,43,29,14,39,31,8,4
"2011","Guildford 010C","E01030432",630,401,159,242,2,172,72,100,53,49,4,2
"2011","Guildford 010D","E01030433",694,395,133,262,13,221,133,88,59,57,2,6
"2011","Guildford 011A","E01030436",982,741,362,379,20,8,3,5,203,191,12,10
"2011","Guildford 011B","E01030437",694,562,320,242,7,16,5,11,105,101,4,4
"2011","Guildford 011C","E01030439",639,559,311,248,0,7,3,4,68,61,7,5
"2011","Guildford 011D","E01030460",633,538,302,236,0,36,33,3,52,50,2,7
"2011","Guildford 011E","E01030461",651,565,313,252,1,14,1,13,67,59,8,4
"2011","Guildford 012A","E01030470",514,311,153,158,2,45,25,20,142,119,23,14
"2011","Guildford 012B","E01030494",651,305,155,150,2,255,245,10,85,80,5,4
"2011","Guildford 012C","E01030496",597,197,83,114,2,299,294,5,93,89,4,6
"2011","Guildford 012D","E01030497",606,127,47,80,10,377,334,43,86,76,10,6
"2011","Guildford 013A","E01030438",730,481,276,205,1,59,25,34,182,170,12,7
"2011","Guildford 013B","E01030450",993,506,172,334,33,107,11,96,344,319,25,3
"2011","Guildford 013C","E01030451",864,312,119,193,36,191,78,113,311,296,15,14
"2011","Guildford 013D","E01030453",774,382,186,196,11,12,2,10,353,342,11,16
"2011","Guildford 013E","E01030455",836,368,198,170,13,101,27,74,345,322,23,9
"2011","Guildford 013F","E01030457",780,297,106,191,4,106,71,35,360,343,17,13
"2011","Guildford 014A","E01030421",617,567,279,288,0,15,6,9,35,25,10,0
"2011","Guildford 014B","E01030422",650,484,181,303,4,99,83,16,58,54,4,5
"2011","Guildford 014C","E01030423",712,495,209,286,18,144,124,20,43,41,2,12
"2011","Guildford 014D","E01030425",657,599,267,332,0,10,8,2,45,40,5,3
"2011","Guildford 015A","E01030452",834,372,133,239,59,103,69,34,290,270,20,10
"2011","Guildford 015B","E01030467",633,568,301,267,1,7,6,1,55,48,7,2
"2011","Guildford 015C","E01030468",497,196,98,98,1,112,98,14,172,140,32,16
"2011","Guildford 015D","E01030469",508,329,166,163,0,115,111,4,61,53,8,3
"2011","Guildford 016A","E01030448",614,511,297,214,0,2,2,0,92,86,6,9
"2011","Guildford 016B","E01030449",674,360,232,128,0,116,87,29,183,171,12,15
"2011","Guildford 016C","E01030454",729,512,255,257,1,66,32,34,143,132,11,7
"2011","Guildford 016D","E01030456",542,488,301,187,0,7,4,3,43,39,4,4
"2011","Guildford 017A","E01030471",482,404,237,167,0,7,6,1,61,52,9,10
"2011","Guildford 017B","E01030472",508,344,181,163,1,62,48,14,84,81,3,17
"2011","Guildford 017C","E01030478",686,496,264,232,9,83,74,9,77,58,19,21
"2011","Guildford 017D","E01030479",759,435,177,258,45,201,176,25,58,54,4,20
"2011","Guildford 017E","E01030480",785,659,376,283,10,36,34,2,72,66,6,8
"2011","Guildford 018A","E01030490",662,495,299,196,5,40,24,16,102,97,5,20
"2011","Guildford 018B","E01030491",789,464,262,202,11,132,69,63,157,142,15,25
"2011","Guildford 018C","E01030492",796,684,387,297,2,34,29,5,61,52,9,15
"2011","Mole Valley 001A","E01030506",486,465,238,227,1,6,1,5,9,9,0,5
"2011","Mole Valley 001B","E01030508",513,461,310,151,2,19,1,18,18,17,1,13
"2011","Mole Valley 001C","E01030509",519,357,205,152,6,75,4,71,74,69,5,7
"2011","Mole Valley 001D","E01030513",520,410,209,201,0,81,13,68,26,25,1,3
"2011","Mole Valley 001E","E01030514",639,494,290,204,1,64,13,51,69,53,16,11
"2011","Mole Valley 002A","E01030505",630,474,217,257,1,106,14,92,46,41,5,3
"2011","Mole Valley 002B","E01030507",501,433,206,227,4,5,0,5,57,53,4,2
"2011","Mole Valley 002C","E01030511",545,509,279,230,0,12,2,10,23,19,4,1
"2011","Mole Valley 002D","E01030512",664,536,310,226,3,48,10,38,71,67,4,6
"2011","Mole Valley 003A","E01030548",709,396,115,281,33,119,19,100,149,135,14,12
"2011","Mole Valley 003B","E01030549",826,459,180,279,44,100,15,85,213,202,11,10
"2011","Mole Valley 003C","E01030550",958,443,195,248,9,268,38,230,222,201,21,16
"2011","Mole Valley 003D","E01030551",684,305,114,191,6,311,41,270,53,45,8,9
"2011","Mole Valley 004A","E01030510",622,542,281,261,4,38,2,36,34,29,5,4
"2011","Mole Valley 004B","E01030552",680,438,266,172,8,17,0,17,199,174,25,18
"2011","Mole Valley 004C","E01030553",786,572,317,255,5,96,9,87,104,97,7,9
"2011","Mole Valley 004D","E01030554",447,410,266,144,2,4,0,4,29,26,3,2
"2011","Mole Valley 005A","E01030539",694,513,242,271,1,94,8,86,83,78,5,3
"2011","Mole Valley 005B","E01030540",814,777,509,268,1,5,1,4,28,22,6,3
"2011","Mole Valley 005C","E01030541",515,494,269,225,1,2,1,1,12,11,1,6
"2011","Mole Valley 005D","E01030542",485,455,216,239,0,5,1,4,21,19,2,4
"2011","Mole Valley 005E","E01030543",604,530,253,277,1,18,3,15,50,46,4,5
"2011","Mole Valley 006A","E01030516",644,348,211,137,0,207,21,186,82,68,14,7
"2011","Mole Valley 006B","E01030517",634,562,335,227,3,8,2,6,54,46,8,7
"2011","Mole Valley 006C","E01030518",544,522,340,182,0,7,2,5,12,10,2,3
"2011","Mole Valley 006D","E01030519",622,467,264,203,2,117,15,102,34,32,2,2
"2011","Mole Valley 007A","E01030520",655,439,241,198,1,172,22,150,39,34,5,4
"2011","Mole Valley 007B","E01030521",684,527,295,232,0,46,5,41,98,82,16,13
"2011","Mole Valley 007C","E01030522",524,491,298,193,0,5,0,5,25,23,2,3
"2011","Mole Valley 007D","E01030523",533,451,262,189,0,36,7,29,42,39,3,4
"2011","Mole Valley 008A","E01030524",1013,796,638,158,17,43,3,40,142,96,46,15
"2011","Mole Valley 008B","E01030525",643,565,325,240,1,30,3,27,37,29,8,10
"2011","Mole Valley 008C","E01030526",548,414,187,227,0,83,12,71,48,43,5,3
"2011","Mole Valley 008D","E01030527",662,461,258,203,3,59,8,51,117,108,9,22
"2011","Mole Valley 009A","E01030532",639,507,214,293,6,18,4,14,103,99,4,5
"2011","Mole Valley 009B","E01030533",517,440,214,226,1,33,2,31,40,35,5,3
"2011","Mole Valley 009C","E01030534",686,390,202,188,1,135,16,119,149,128,21,11
"2011","Mole Valley 009D","E01030556",804,623,343,280,4,35,4,31,111,100,11,31
"2011","Mole Valley 010A","E01030535",802,533,286,247,11,63,9,54,183,163,20,12
"2011","Mole Valley 010B","E01030536",786,556,281,275,3,108,7,101,111,102,9,8
"2011","Mole Valley 010C","E01030537",745,521,285,236,18,136,15,121,60,53,7,10
"2011","Mole Valley 010D","E01030538",692,390,175,215,1,113,12,101,181,171,10,7
"2011","Mole Valley 011A","E01030544",643,501,268,233,4,59,6,53,77,69,8,2
"2011","Mole Valley 011B","E01030545",695,517,186,331,14,59,7,52,100,88,12,5
"2011","Mole Valley 011C","E01030546",679,383,165,218,46,200,30,170,41,39,2,9
"2011","Mole Valley 011D","E01030547",686,227,110,117,0,402,40,362,55,51,4,2
"2011","Mole Valley 012A","E01030529",684,472,199,273,9,124,8,116,69,59,10,10
"2011","Mole Valley 012B","E01030555",680,420,239,181,2,57,4,53,163,151,12,38
"2011","Mole Valley 012C","E01030557",757,527,276,251,8,55,5,50,145,133,12,22
"2011","Mole Valley 012D","E01030558",918,670,361,309,9,128,11,117,97,84,13,14
"2011","Mole Valley 013A","E01030515",863,623,340,283,7,147,19,128,67,58,9,19
"2011","Mole Valley 013B","E01030528",597,461,229,232,8,58,11,47,57,47,10,13
"2011","Mole Valley 013C","E01030530",497,406,227,179,1,43,5,38,37,26,11,10
"2011","Mole Valley 013D","E01030531",911,679,270,409,18,94,20,74,104,91,13,16
"2011","Reigate and Banstead 001A","E01030603",549,521,244,277,0,8,1,7,17,15,2,3
"2011","Reigate and Banstead 001B","E01030604",636,484,252,232,1,84,11,73,63,55,8,4
"2011","Reigate and Banstead 001C","E01030605",528,444,181,263,4,35,5,30,45,41,4,0
"2011","Reigate and Banstead 001D","E01030607",668,624,311,313,0,18,1,17,22,21,1,4
"2011","Reigate and Banstead 002A","E01030559",503,450,268,182,1,17,5,12,33,29,4,2
"2011","Reigate and Banstead 002B","E01030560",764,567,344,223,11,34,7,27,135,122,13,17
"2011","Reigate and Banstead 002C","E01030561",591,487,292,195,2,55,6,49,43,40,3,4
"2011","Reigate and Banstead 002D","E01030562",567,403,148,255,16,91,17,74,53,50,3,4
"2011","Reigate and Banstead 002E","E01030563",408,389,166,223,3,2,1,1,13,11,2,1
"2011","Reigate and Banstead 002F","E01030564",516,430,213,217,6,56,7,49,18,16,2,6
"2011","Reigate and Banstead 003A","E01030606",507,469,260,209,2,6,2,4,30,25,5,0
"2011","Reigate and Banstead 003B","E01030641",625,545,258,287,0,47,6,41,32,30,2,1
"2011","Reigate and Banstead 003C","E01030642",650,542,283,259,7,53,14,39,46,38,8,2
"2011","Reigate and Banstead 003D","E01030644",505,467,263,204,2,13,2,11,21,19,2,2
"2011","Reigate and Banstead 004A","E01030565",567,438,215,223,3,80,14,66,36,30,6,10
"2011","Reigate and Banstead 004B","E01030566",550,504,178,326,1,20,3,17,24,22,2,1
"2011","Reigate and Banstead 004C","E01030567",615,542,291,251,0,18,7,11,44,38,6,11
"2011","Reigate and Banstead 004D","E01030568",568,514,232,282,4,13,2,11,34,31,3,3
"2011","Reigate and Banstead 004E","E01030569",1025,735,224,511,50,108,13,95,127,118,9,5
"2011","Reigate and Banstead 005A","E01030608",587,270,81,189,46,230,47,183,36,31,5,5
"2011","Reigate and Banstead 005B","E01030609",589,358,111,247,6,179,24,155,45,41,4,1
"2011","Reigate and Banstead 005C","E01030640",722,382,143,239,6,289,79,210,40,36,4,5
"2011","Reigate and Banstead 005D","E01030643",621,443,234,209,28,114,16,98,33,30,3,3
"2011","Reigate and Banstead 006A","E01030635",643,519,226,293,1,32,6,26,81,73,8,10
"2011","Reigate and Banstead 006B","E01030636",449,394,182,212,0,40,4,36,11,9,2,4
"2011","Reigate and Banstead 006C","E01030637",458,435,227,208,0,4,0,4,19,15,4,0
"2011","Reigate and Banstead 006D","E01030638",602,548,280,268,1,4,1,3,40,39,1,9
"2011","Reigate and Banstead 006E","E01030639",646,535,343,192,0,20,5,15,76,66,10,15
"2011","Reigate and Banstead 007A","E01030589",646,582,335,247,0,5,2,3,50,47,3,9
"2011","Reigate and Banstead 007B","E01030590",740,643,283,360,3,17,1,16,69,64,5,8
"2011","Reigate and Banstead 007C","E01030591",538,466,226,240,1,45,12,33,17,15,2,9
"2011","Reigate and Banstead 007D","E01030592",843,646,338,308,4,80,13,67,103,98,5,10
"2011","Reigate and Banstead 008A","E01030599",670,230,77,153,7,388,113,275,38,35,3,7
"2011","Reigate and Banstead 008B","E01030600",603,422,173,249,3,115,34,81,55,42,13,8
"2011","Reigate and Banstead 008C","E01030601",591,366,121,245,2,190,61,129,31,27,4,2
"2011","Reigate and Banstead 008D","E01030602",710,575,237,338,5,38,5,33,87,83,4,5
"2011","Reigate and Banstead 009A","E01030598",651,466,215,251,3,67,8,59,105,99,6,10
"2011","Reigate and Banstead 009B","E01030623",904,730,354,376,6,20,2,18,133,120,13,15
"2011","Reigate and Banstead 009C","E01030624",523,435,209,226,0,10,0,10,77,72,5,1
"2011","Reigate and Banstead 009D","E01030625",470,393,201,192,0,8,2,6,40,35,5,29
"2011","Reigate and Banstead 009E","E01030626",442,369,221,148,1,1,0,1,66,64,2,5
"2011","Reigate and Banstead 009F","E01030627",846,561,284,277,3,5,2,3,266,255,11,11
"2011","Reigate and Banstead 010A","E01030615",650,187,65,122,5,261,63,198,194,181,13,3
"2011","Reigate and Banstead 010B","E01030616",685,591,333,258,7,14,3,11,70,61,9,3
"2011","Reigate and Banstead 010C","E01030617",697,519,288,231,4,53,11,42,116,104,12,5
"2011","Reigate and Banstead 010D","E01030618",765,458,175,283,38,128,39,89,136,132,4,5
"2011","Reigate and Banstead 010E","E01030619",624,277,153,124,5,290,54,236,44,40,4,8
"2011","Reigate and Banstead 010F","E01030622",776,524,195,329,7,46,7,39,194,188,6,5
"2011","Reigate and Banstead 011A","E01030610",543,340,152,188,6,113,12,101,80,76,4,4
"2011","Reigate and Banstead 011B","E01030611",1097,702,186,516,69,87,6,81,235,215,20,4
"2011","Reigate and Banstead 011C","E01030612",1182,640,186,454,77,33,4,29,423,413,10,9
"2011","Reigate and Banstead 011D","E01030613",856,431,123,308,7,47,11,36,363,348,15,8
"2011","Reigate and Banstead 011E","E01030614",606,501,219,282,18,29,14,15,56,54,2,2
"2011","Reigate and Banstead 012A","E01030593",594,412,159,253,0,69,10,59,106,91,15,7
"2011","Reigate and Banstead 012B","E01030596",518,467,217,250,0,16,0,16,29,29,0,6
"2011","Reigate and Banstead 012C","E01030597",616,526,205,321,2,8,0,8,79,72,7,1
"2011","Reigate and Banstead 012D","E01030620",792,534,279,255,0,53,9,44,190,184,6,15
"2011","Reigate and Banstead 012E","E01030621",644,366,176,190,3,200,6,194,67,64,3,8
"2011","Reigate and Banstead 013A","E01030594",704,418,169,249,16,211,31,180,55,47,8,4
"2011","Reigate and Banstead 013B","E01030595",603,468,219,249,1,72,14,58,59,52,7,3
"2011","Reigate and Banstead 013C","E01030630",629,470,239,231,8,110,29,81,36,30,6,5
"2011","Reigate and Banstead 013D","E01030631",649,382,157,225,5,199,50,149,57,51,6,6
"2011","Reigate and Banstead 014A","E01030570",643,461,209,252,6,85,17,68,87,83,4,4
"2011","Reigate and Banstead 014B","E01030571",600,516,216,300,6,23,9,14,50,42,8,5
"2011","Reigate and Banstead 014C","E01030572",872,475,128,347,20,236,37,199,140,128,12,1
"2011","Reigate and Banstead 014D","E01030573",719,555,241,314,8,59,21,38,95,90,5,2
"2011","Reigate and Banstead 014E","E01030574",719,508,147,361,1,46,5,41,156,150,6,8
"2011","Reigate and Banstead 015A","E01030628",561,480,251,229,3,34,12,22,35,31,4,9
"2011","Reigate and Banstead 015B","E01030629",514,433,221,212,1,8,3,5,64,61,3,8
"2011","Reigate and Banstead 015C","E01030632",532,461,216,245,4,15,6,9,47,42,5,5
"2011","Reigate and Banstead 015D","E01030633",564,347,158,189,1,154,43,111,60,53,7,2
"2011","Reigate and Banstead 015E","E01030634",576,284,115,169,2,252,78,174,35,31,4,3
"2011","Reigate and Banstead 016A","E01030584",636,574,277,297,1,27,4,23,32,29,3,2
"2011","Reigate and Banstead 016B","E01030585",627,536,255,281,5,37,11,26,46,41,5,3
"2011","Reigate and Banstead 016C","E01030586",654,451,190,261,3,130,19,111,67,61,6,3
"2011","Reigate and Banstead 016D","E01030587",603,447,215,232,2,104,29,75,45,37,8,5
"2011","Reigate and Banstead 016E","E01030588",614,314,130,184,1,230,44,186,64,62,2,5
"2011","Reigate and Banstead 017A","E01030580",764,532,154,378,17,55,2,53,149,137,12,11
"2011","Reigate and Banstead 017B","E01030581",493,441,224,217,10,5,1,4,35,34,1,2
"2011","Reigate and Banstead 017C","E01030582",523,344,117,227,2,3,0,3,172,166,6,2
"2011","Reigate and Banstead 017D","E01030583",556,517,258,259,3,3,0,3,29,25,4,4
"2011","Reigate and Banstead 018A","E01030575",975,566,243,323,39,57,6,51,298,283,15,15
"2011","Reigate and Banstead 018B","E01030576",664,465,201,264,3,38,3,35,155,149,6,3
"2011","Reigate and Banstead 018C","E01030577",734,504,237,267,3,31,8,23,193,183,10,3
"2011","Reigate and Banstead 018D","E01030578",611,319,125,194,3,232,52,180,53,47,6,4
"2011","Reigate and Banstead 018E","E01030579",603,420,246,174,12,43,1,42,119,109,10,9
"2011","Runnymede 001A","E01030667",751,317,148,169,8,191,120,71,220,211,9,15
"2011","Runnymede 001B","E01030668",869,529,266,263,14,37,6,31,278,264,14,11
"2011","Runnymede 001C","E01030669",599,350,157,193,5,75,70,5,158,149,9,11
"2011","Runnymede 001D","E01030670",490,335,158,177,0,20,5,15,133,128,5,2
"2011","Runnymede 002A","E01030671",424,240,104,136,1,27,22,5,150,137,13,6
"2011","Runnymede 002B","E01030672",789,562,290,272,3,21,10,11,194,175,19,9
"2011","Runnymede 002C","E01030673",426,281,164,117,0,14,10,4,98,74,24,33
"2011","Runnymede 002D","E01030674",651,228,90,138,2,275,115,160,138,133,5,8
"2011","Runnymede 002E","E01030675",547,284,145,139,0,101,82,19,156,150,6,6
"2011","Runnymede 002F","E01030676",496,110,55,55,5,226,152,74,153,148,5,2
"2011","Runnymede 003A","E01030663",642,371,165,206,5,209,171,38,49,47,2,8
"2011","Runnymede 003B","E01030664",706,336,114,222,9,274,237,37,76,72,4,11
"2011","Runnymede 003C","E01030665",624,382,103,279,8,100,95,5,126,115,11,8
"2011","Runnymede 003D","E01030666",741,551,195,356,5,42,36,6,137,125,12,6
"2011","Runnymede 003E","E01030687",483,406,190,216,8,11,6,5,54,48,6,4
"2011","Runnymede 003F","E01030688",604,507,208,299,7,46,42,4,41,34,7,3
"2011","Runnymede 004A","E01030656",588,364,142,222,9,161,114,47,45,37,8,9
"2011","Runnymede 004B","E01030658",738,603,437,166,8,20,9,11,103,93,10,4
"2011","Runnymede 004C","E01030685",511,424,200,224,1,13,11,2,51,41,10,22
"2011","Runnymede 004D","E01030686",589,510,269,241,3,3,1,2,65,62,3,8
"2011","Runnymede 005A","E01030689",575,427,234,193,4,22,20,2,114,97,17,8
"2011","Runnymede 005B","E01030690",662,438,214,224,26,38,33,5,143,136,7,17
"2011","Runnymede 005C","E01030691",600,504,294,210,0,14,10,4,73,70,3,9
"2011","Runnymede 005D","E01030692",486,374,240,134,1,4,2,2,68,56,12,39
"2011","Runnymede 006A","E01030652",708,521,212,309,5,83,43,40,92,85,7,7
"2011","Runnymede 006B","E01030653",633,346,134,212,8,148,112,36,124,116,8,7
"2011","Runnymede 006C","E01030654",622,458,199,259,14,42,7,35,102,97,5,6
"2011","Runnymede 006D","E01030657",648,219,62,157,33,315,251,64,69,68,1,12
"2011","Runnymede 006E","E01030659",737,513,247,266,2,77,61,16,126,112,14,19
"2011","Runnymede 007A","E01030647",763,653,404,249,10,18,5,13,80,68,12,2
"2011","Runnymede 007B","E01030648",628,508,220,288,11,40,24,16,62,55,7,7
"2011","Runnymede 007C","E01030649",807,509,241,268,8,79,42,37,198,177,21,13
"2011","Runnymede 007D","E01030650",519,314,103,211,7,147,139,8,49,44,5,2
"2011","Runnymede 007E","E01030651",562,435,174,261,12,52,31,21,55,50,5,8
"2011","Runnymede 007F","E01030655",688,532,275,257,8,82,9,73,57,51,6,9
"2011","Runnymede 007G","E01030662",607,473,220,253,3,77,71,6,48,41,7,6
"2011","Runnymede 008A","E01030677",677,410,255,155,5,147,13,134,103,75,28,12
"2011","Runnymede 008B","E01030678",583,341,92,249,8,149,24,125,82,76,6,3
"2011","Runnymede 008C","E01030679",480,395,218,177,3,3,0,3,71,27,44,8
"2011","Runnymede 008D","E01030680",634,554,305,249,2,15,8,7,53,52,1,10
"2011","Runnymede 009A","E01030645",911,456,229,227,4,330,277,53,106,98,8,15
"2011","Runnymede 009B","E01030646",928,718,320,398,7,18,16,2,180,167,13,5
"2011","Runnymede 009C","E01030660",799,660,242,418,14,53,39,14,64,54,10,8
"2011","Runnymede 009D","E01030661",669,620,364,256,2,10,7,3,30,28,2,7
"2011","Runnymede 009E","E01030684",651,439,149,290,7,98,87,11,100,92,8,7
"2011","Runnymede 010A","E01030681",650,538,240,298,3,55,53,2,46,40,6,8
"2011","Runnymede 010B","E01030682",515,433,189,244,2,24,22,2,53,38,15,3
"2011","Runnymede 010C","E01030683",551,451,175,276,2,27,8,19,67,61,6,4
"2011","Runnymede 010D","E01030693",507,457,250,207,1,26,26,0,20,18,2,3
"2011","Runnymede 010E","E01030694",530,380,163,217,9,97,94,3,37,31,6,7
"2011","Runnymede 010F","E01030695",496,464,274,190,0,9,8,1,19,18,1,4
"2011","Runnymede 010G","E01030696",620,501,289,212,4,45,41,4,58,51,7,12
"2011","Spelthorne 001A","E01030743",651,454,213,241,6,112,13,99,75,70,5,4
"2011","Spelthorne 001B","E01030744",844,339,126,213,39,330,38,292,128,122,6,8
"2011","Spelthorne 001C","E01030745",577,274,106,168,39,205,31,174,53,50,3,6
"2011","Spelthorne 001D","E01030747",550,401,140,261,6,37,3,34,102,93,9,4
"2011","Spelthorne 002A","E01030709",562,382,133,249,8,97,15,82,67,64,3,8
"2011","Spelthorne 002B","E01030710",648,389,132,257,13,174,18,156,67,64,3,5
"2011","Spelthorne 002C","E01030711",638,309,132,177,60,188,32,156,77,68,9,4
"2011","Spelthorne 002D","E01030746",628,371,176,195,7,176,22,154,66,61,5,8
"2011","Spelthorne 003A","E01030707",674,473,216,257,4,24,3,21,162,154,8,11
"2011","Spelthorne 003B","E01030708",618,498,211,287,8,43,9,34,68,64,4,1
"2011","Spelthorne 003C","E01030712",545,419,199,220,4,8,1,7,109,101,8,5
"2011","Spelthorne 003D","E01030713",489,419,175,244,3,13,1,12,51,50,1,3
"2011","Spelthorne 003E","E01030714",476,421,170,251,3,13,1,12,34,32,2,5
"2011","Spelthorne 003F","E01030715",600,518,256,262,6,10,1,9,64,60,4,2
"2011","Spelthorne 003G","E01030716",593,519,263,256,1,31,5,26,36,35,1,6
"2011","Spelthorne 004A","E01030734",551,427,169,258,9,38,1,37,74,69,5,3
"2011","Spelthorne 004B","E01030735",670,461,199,262,9,41,2,39,153,142,11,6
"2011","Spelthorne 004C","E01030736",937,389,160,229,12,64,5,59,459,443,16,13
"2011","Spelthorne 004D","E01030737",681,383,172,211,4,125,12,113,159,147,12,10
"2011","Spelthorne 004E","E01030738",689,381,147,234,7,150,14,136,140,126,14,11
"2011","Spelthorne 005A","E01030701",625,492,244,248,1,58,6,52,70,66,4,4
"2011","Spelthorne 005B","E01030702",489,247,89,158,6,157,23,134,67,57,10,12
"2011","Spelthorne 005C","E01030703",627,534,275,259,3,30,11,19,55,54,1,5
"2011","Spelthorne 005D","E01030704",647,487,280,207,3,52,10,42,95,91,4,10
"2011","Spelthorne 005E","E01030705",643,560,268,292,6,13,0,13,59,54,5,5
"2011","Spelthorne 005F","E01030706",553,482,208,274,1,11,1,10,57,55,2,2
"2011","Spelthorne 006A","E01030697",639,540,251,289,19,12,3,9,63,58,5,5
"2011","Spelthorne 006B","E01030698",655,562,270,292,3,34,2,32,53,49,4,3
"2011","Spelthorne 006C","E01030699",627,494,277,217,4,81,11,70,45,40,5,3
"2011","Spelthorne 006D","E01030700",778,557,208,349,4,71,9,62,141,131,10,5
"2011","Spelthorne 006E","E01030725",787,459,141,318,28,87,14,73,208,192,16,5
"2011","Spelthorne 007A","E01030729",623,457,215,242,5,111,19,92,43,41,2,7
"2011","Spelthorne 007B","E01030739",690,391,181,210,17,235,31,204,38,37,1,9
"2011","Spelthorne 007C","E01030740",745,437,183,254,6,242,31,211,46,45,1,14
"2011","Spelthorne 007D","E01030741",654,483,167,316,3,94,8,86,68,61,7,6
"2011","Spelthorne 008A","E01030748",669,489,234,255,5,83,13,70,80,75,5,12
"2011","Spelthorne 008B","E01030749",608,348,117,231,4,202,30,172,47,44,3,7
"2011","Spelthorne 008C","E01030750",618,387,127,260,17,136,23,113,70,66,4,8
"2011","Spelthorne 008D","E01030751",653,446,187,259,4,90,9,81,105,101,4,8
"2011","Spelthorne 008E","E01030752",615,285,93,192,10,223,17,206,89,79,10,8
"2011","Spelthorne 009A","E01030726",638,600,311,289,0,15,0,15,21,19,2,2
"2011","Spelthorne 009B","E01030727",862,647,324,323,6,39,4,35,164,152,12,6
"2011","Spelthorne 009C","E01030728",723,655,372,283,3,4,0,4,57,49,8,4
"2011","Spelthorne 009D","E01030742",810,651,337,314,16,53,5,48,84,75,9,6
"2011","Spelthorne 010A","E01030753",746,572,321,251,3,46,10,36,113,102,11,12
"2011","Spelthorne 010B","E01030754",625,554,333,221,1,20,2,18,45,42,3,5
"2011","Spelthorne 010C","E01030755",794,544,239,305,24,122,20,102,96,86,10,8
"2011","Spelthorne 010D","E01030756",666,586,293,293,5,9,3,6,63,55,8,3
"2011","Spelthorne 011A","E01030717",730,571,318,253,12,56,9,47,88,84,4,3
"2011","Spelthorne 011B","E01030718",506,416,176,240,0,55,10,45,30,27,3,5
"2011","Spelthorne 011C","E01030719",619,472,240,232,1,112,11,101,29,25,4,5
"2011","Spelthorne 011D","E01030720",641,517,255,262,1,90,13,77,30,30,0,3
"2011","Spelthorne 012A","E01030721",619,480,244,236,5,82,5,77,45,37,8,7
"2011","Spelthorne 012B","E01030722",656,562,266,296,28,14,0,14,48,46,2,4
"2011","Spelthorne 012C","E01030723",617,544,272,272,1,35,9,26,29,26,3,8
"2011","Spelthorne 012D","E01030724",647,421,173,248,8,175,27,148,34,30,4,9
"2011","Spelthorne 013A","E01030730",783,700,436,264,5,4,0,4,62,59,3,12
"2011","Spelthorne 013B","E01030731",767,646,315,331,14,29,1,28,74,59,15,4
"2011","Spelthorne 013C","E01030732",689,583,331,252,3,16,5,11,79,60,19,8
"2011","Spelthorne 013D","E01030733",808,586,337,249,7,34,4,30,170,159,11,11
"2011","Surrey Heath 001A","E01030763",509,431,243,188,1,20,1,19,43,37,6,14
"2011","Surrey Heath 001B","E01030764",506,443,251,192,1,2,0,2,45,38,7,15
"2011","Surrey Heath 001C","E01030765",601,413,208,205,2,142,21,121,36,29,7,8
"2011","Surrey Heath 001D","E01030809",643,483,230,253,1,64,7,57,84,78,6,11
"2011","Surrey Heath 001E","E01030810",542,479,225,254,0,7,3,4,49,46,3,7
"2011","Surrey Heath 001F","E01030811",597,517,263,254,2,7,3,4,63,55,8,8
"2011","Surrey Heath 002A","E01030757",675,523,158,365,1,14,3,11,134,130,4,3
"2011","Surrey Heath 002B","E01030758",439,365,149,216,0,15,1,14,53,44,9,6
"2011","Surrey Heath 002C","E01030759",725,411,192,219,3,218,19,199,79,71,8,14
"2011","Surrey Heath 002D","E01030760",493,434,201,233,0,18,4,14,37,36,1,4
"2011","Surrey Heath 003A","E01030778",741,665,308,357,1,6,0,6,66,62,4,3
"2011","Surrey Heath 003B","E01030779",745,689,367,322,2,6,0,6,47,42,5,1
"2011","Surrey Heath 003C","E01030780",652,561,257,304,1,8,1,7,75,70,5,7
"2011","Surrey Heath 003D","E01030781",640,483,201,282,1,96,15,81,57,55,2,3
"2011","Surrey Heath 004A","E01030786",754,315,110,205,36,339,50,289,57,52,5,7
"2011","Surrey Heath 004B","E01030787",528,317,130,187,4,169,14,155,29,22,7,9
"2011","Surrey Heath 004C","E01030788",487,214,74,140,2,247,29,218,22,21,1,2
"2011","Surrey Heath 004D","E01030801",638,298,107,191,2,105,21,84,228,125,103,5
"2011","Surrey Heath 004E","E01030802",672,520,261,259,4,18,3,15,123,118,5,7
"2011","Surrey Heath 005A","E01030796",522,483,236,247,1,1,0,1,36,33,3,1
"2011","Surrey Heath 005B","E01030797",519,462,159,303,1,1,0,1,53,51,2,2
"2011","Surrey Heath 005C","E01030798",547,499,262,237,0,9,3,6,37,35,2,2
"2011","Surrey Heath 005D","E01030799",501,458,206,252,1,2,0,2,38,37,1,2
"2011","Surrey Heath 005E","E01030800",699,433,251,182,8,23,1,22,216,184,32,19
"2011","Surrey Heath 006A","E01030761",575,526,245,281,2,19,4,15,25,24,1,3
"2011","Surrey Heath 006B","E01030762",735,627,231,396,4,11,2,9,90,84,6,3
"2011","Surrey Heath 006C","E01030806",544,503,228,275,1,9,2,7,26,22,4,5
"2011","Surrey Heath 006D","E01030807",510,414,197,217,3,33,5,28,37,30,7,23
"2011","Surrey Heath 006E","E01030808",634,544,240,304,1,5,1,4,79,64,15,5
"2011","Surrey Heath 007A","E01030774",531,438,135,303,0,4,0,4,87,84,3,2
"2011","Surrey Heath 007B","E01030775",556,510,267,243,0,2,1,1,43,38,5,1
"2011","Surrey Heath 007C","E01030776",616,562,246,316,3,5,0,5,43,41,2,3
"2011","Surrey Heath 007D","E01030777",641,506,172,334,6,39,1,38,83,74,9,7
"2011","Surrey Heath 008A","E01030793",608,230,66,164,3,240,32,208,123,107,16,12
"2011","Surrey Heath 008B","E01030794",613,438,167,271,2,44,5,39,125,120,5,4
"2011","Surrey Heath 008C","E01030795",960,590,312,278,74,71,8,63,212,206,6,13
"2011","Surrey Heath 008D","E01030803",656,402,150,252,2,100,12,88,145,127,18,7
"2011","Surrey Heath 008E","E01030804",668,577,296,281,12,13,1,12,65,61,4,1
"2011","Surrey Heath 008F","E01030805",606,336,142,194,6,212,32,180,43,41,2,9
"2011","Surrey Heath 009A","E01030789",562,513,259,254,0,6,3,3,41,38,3,2
"2011","Surrey Heath 009B","E01030790",663,537,244,293,9,57,4,53,55,49,6,5
"2011","Surrey Heath 009C","E01030791",643,586,289,297,0,3,1,2,47,46,1,7
"2011","Surrey Heath 009D","E01030792",492,452,215,237,0,1,0,1,37,31,6,2
"2011","Surrey Heath 010A","E01030766",662,463,211,252,4,86,9,77,102,94,8,7
"2011","Surrey Heath 010B","E01030767",609,350,143,207,3,186,29,157,59,55,4,11
"2011","Surrey Heath 010C","E01030768",513,383,197,186,1,89,7,82,31,22,9,9
"2011","Surrey Heath 010D","E01030769",570,527,261,266,0,6,1,5,34,29,5,3
"2011","Surrey Heath 011A","E01030770",616,516,236,280,27,3,0,3,64,57,7,6
"2011","Surrey Heath 011B","E01030771",485,432,189,243,0,4,1,3,48,43,5,1
"2011","Surrey Heath 011C","E01030772",623,444,189,255,7,103,10,93,60,54,6,9
"2011","Surrey Heath 011D","E01030773",542,473,183,290,1,13,4,9,53,49,4,2
"2011","Surrey Heath 012A","E01030782",659,496,229,267,3,92,12,80,58,50,8,10
"2011","Surrey Heath 012B","E01030783",636,531,233,298,3,20,4,16,78,49,29,4
"2011","Surrey Heath 012C","E01030784",803,408,124,284,11,69,4,65,309,106,203,6
"2011","Surrey Heath 012D","E01030785",640,559,323,236,6,7,0,7,64,54,10,4
"2011","Tandridge 002A","E01030855",753,684,409,275,3,9,4,5,52,50,2,5
"2011","Tandridge 002B","E01030856",613,523,282,241,3,25,23,2,53,52,1,9
"2011","Tandridge 002C","E01030859",848,576,203,373,86,40,8,32,143,138,5,3
"2011","Tandridge 002D","E01030860",935,590,186,404,16,76,56,20,246,237,9,7
"2011","Tandridge 003A","E01030844",679,562,216,346,13,55,9,46,46,40,6,3
"2011","Tandridge 003B","E01030845",497,391,131,260,4,63,26,37,35,31,4,4
"2011","Tandridge 003C","E01030846",550,487,248,239,0,31,26,5,28,22,6,4
"2011","Tandridge 003D","E01030857",876,541,164,377,23,224,76,148,79,66,13,9
"2011","Tandridge 003E","E01030858",871,645,229,416,11,86,39,47,123,106,17,6
"2011","Tandridge 004A","E01030828",494,414,234,180,0,4,4,0,67,56,11,9
"2011","Tandridge 004B","E01030829",672,463,243,220,2,59,44,15,138,134,4,10
"2011","Tandridge 004C","E01030830",513,444,181,263,4,7,6,1,55,45,10,3
"2011","Tandridge 004D","E01030850",1031,694,327,367,7,107,93,14,207,198,9,16
"2011","Tandridge 004E","E01030851",811,582,197,385,27,123,94,29,75,70,5,4
"2011","Tandridge 004F","E01030861",744,616,334,282,0,17,17,0,79,70,9,32
"2011","Tandridge 005A","E01030820",644,601,315,286,1,10,9,1,21,19,2,11
"2011","Tandridge 005B","E01030847",698,537,322,215,2,94,69,25,59,55,4,6
"2011","Tandridge 005C","E01030848",851,651,258,393,2,65,55,10,124,111,13,9
"2011","Tandridge 006A","E01030831",875,751,444,307,0,21,16,5,94,82,12,9
"2011","Tandridge 006B","E01030832",555,438,256,182,2,44,42,2,60,56,4,11
"2011","Tandridge 006C","E01030836",728,459,267,192,1,127,80,47,121,115,6,20
"2011","Tandridge 006D","E01030837",549,442,210,232,2,39,33,6,60,56,4,6
"2011","Tandridge 006E","E01030838",507,394,186,208,2,36,34,2,66,54,12,9
"2011","Tandridge 006F","E01030839",546,478,290,188,0,15,10,5,52,50,2,1
"2011","Tandridge 007A","E01030840",572,410,189,221,1,118,86,32,41,38,3,2
"2011","Tandridge 007B","E01030841",489,447,253,194,0,20,7,13,20,18,2,2
"2011","Tandridge 007C","E01030842",687,441,160,281,12,190,152,38,42,38,4,2
"2011","Tandridge 007D","E01030843",610,365,159,206,3,169,119,50,64,56,8,9
"2011","Tandridge 008A","E01030812",633,377,180,197,14,166,111,55,68,60,8,8
"2011","Tandridge 008B","E01030813",652,508,239,269,2,55,31,24,81,73,8,6
"2011","Tandridge 008C","E01030814",473,360,171,189,1,63,41,22,45,38,7,4
"2011","Tandridge 008D","E01030815",603,437,197,240,2,96,87,9,59,53,6,9
"2011","Tandridge 009A","E01030824",612,368,157,211,7,172,151,21,63,54,9,2
"2011","Tandridge 009B","E01030825",594,451,227,224,2,56,45,11,71,61,10,14
"2011","Tandridge 009C","E01030826",567,425,179,246,1,103,81,22,32,28,4,6
"2011","Tandridge 009D","E01030827",613,470,213,257,6,70,66,4,55,47,8,12
"2011","Tandridge 010A","E01030821",772,554,281,273,0,94,88,6,115,78,37,9
"2011","Tandridge 010B","E01030822",678,581,300,281,1,9,9,0,76,58,18,11
"2011","Tandridge 010C","E01030833",602,406,231,175,5,106,91,15,70,56,14,15
"2011","Tandridge 010D","E01030834",566,381,195,186,9,128,113,15,41,26,15,7
"2011","Tandridge 010E","E01030835",581,483,208,275,2,37,18,19,49,38,11,10
"2011","Tandridge 011A","E01030816",609,465,207,258,1,39,7,32,84,59,25,20
"2011","Tandridge 011B","E01030817",582,503,225,278,3,23,12,11,49,39,10,4
"2011","Tandridge 011C","E01030818",522,351,176,175,1,111,73,38,54,54,0,5
"2011","Tandridge 011D","E01030819",609,486,267,219,2,10,4,6,94,84,10,17
"2011","Tandridge 011E","E01030823",829,686,341,345,11,55,9,46,52,43,9,25
"2011","Tandridge 012A","E01030852",801,501,215,286,8,194,173,21,86,80,6,12
"2011","Tandridge 012B","E01030853",703,576,283,293,1,60,43,17,60,51,9,6
"2011","Tandridge 012C","E01030854",804,712,392,320,2,38,35,3,46,38,8,6
"2011","Tandridge 012D","E01032571",739,595,297,298,5,51,42,9,66,55,11,22
"2011","Waverley 001A","E01030890",647,474,201,273,9,106,76,30,54,51,3,4
"2011","Waverley 001B","E01030902",534,470,236,234,2,17,13,4,37,33,4,8
"2011","Waverley 001C","E01030903",670,511,194,317,21,46,44,2,82,77,5,10
"2011","Waverley 001D","E01030904",639,452,238,214,3,135,71,64,37,34,3,12
"2011","Waverley 002A","E01030891",637,574,286,288,1,6,5,1,51,47,4,5
"2011","Waverley 002B","E01030892",522,428,177,251,2,4,3,1,84,82,2,4
"2011","Waverley 002C","E01030899",672,605,284,321,1,10,5,5,50,47,3,6
"2011","Waverley 002D","E01030900",501,421,232,189,0,49,42,7,26,23,3,5
"2011","Waverley 002E","E01030901",512,232,63,169,1,225,44,181,51,45,6,3
"2011","Waverley 003A","E01030884",707,362,199,163,20,187,133,54,136,130,6,2
"2011","Waverley 003B","E01030885",682,373,263,110,1,101,73,28,193,174,19,14
"2011","Waverley 003C","E01030886",490,382,208,174,21,37,32,5,41,36,5,9
"2011","Waverley 003D","E01030893",777,472,205,267,32,150,113,37,112,107,5,11
"2011","Waverley 003E","E01030895",640,293,127,166,5,164,108,56,169,162,7,9
"2011","Waverley 004A","E01030881",544,505,294,211,0,3,1,2,30,26,4,6
"2011","Waverley 004B","E01030883",522,437,251,186,0,27,27,0,47,41,6,11
"2011","Waverley 004C","E01030888",627,470,247,223,3,37,26,11,111,98,13,6
"2011","Waverley 004D","E01030894",597,543,305,238,0,4,3,1,34,29,5,16
"2011","Waverley 005A","E01030911",618,460,230,230,5,103,98,5,43,38,5,7
"2011","Waverley 005B","E01030912",547,322,161,161,4,189,186,3,28,26,2,4
"2011","Waverley 005C","E01030913",506,255,124,131,6,214,113,101,26,25,1,5
"2011","Waverley 005D","E01030920",636,418,181,237,37,50,45,5,124,116,8,7
"2011","Waverley 005E","E01030921",834,475,219,256,2,210,190,20,140,128,12,7
"2011","Waverley 006A","E01030882",519,475,246,229,1,5,4,1,36,34,2,2
"2011","Waverley 006B","E01030887",529,433,211,222,2,47,21,26,42,37,5,5
"2011","Waverley 006C","E01030889",634,377,171,206,6,157,146,11,85,81,4,9
"2011","Waverley 006D","E01030896",514,291,106,185,3,158,136,22,59,54,5,3
"2011","Waverley 006E","E01030897",522,425,211,214,8,48,47,1,36,33,3,5
"2011","Waverley 007A","E01030916",799,490,210,280,5,29,15,14,271,256,15,4
"2011","Waverley 007B","E01030917",518,324,136,188,0,11,8,3,160,134,26,23
"2011","Waverley 007C","E01030918",536,335,159,176,0,66,45,21,130,119,11,5
"2011","Waverley 007D","E01030919",521,429,240,189,1,4,4,0,60,37,23,27
"2011","Waverley 007E","E01030922",621,478,224,254,13,12,10,2,107,97,10,11
"2011","Waverley 008A","E01030863",748,643,379,264,1,34,31,3,56,52,4,14
"2011","Waverley 008B","E01030865",622,354,189,165,2,174,173,1,76,66,10,16
"2011","Waverley 008C","E01030866",629,543,283,260,7,14,13,1,58,54,4,7
"2011","Waverley 008D","E01030940",731,579,340,239,1,83,80,3,56,43,13,12
"2011","Waverley 009A","E01030898",626,568,300,268,1,5,4,1,49,45,4,3
"2011","Waverley 009B","E01030905",606,392,152,240,8,115,99,16,76,69,7,15
"2011","Waverley 009C","E01030906",709,576,274,302,2,53,7,46,73,68,5,5
"2011","Waverley 009D","E01030907",471,420,250,170,0,7,7,0,28,25,3,16
"2011","Waverley 010A","E01030914",531,248,106,142,5,198,142,56,72,60,12,8
"2011","Waverley 010B","E01030915",654,474,212,262,2,137,133,4,38,34,4,3
"2011","Waverley 010C","E01030923",558,490,261,229,0,17,13,4,48,43,5,3
"2011","Waverley 010D","E01030924",504,445,220,225,1,3,3,0,52,51,1,3
"2011","Waverley 010E","E01030925",571,519,255,264,10,18,9,9,23,20,3,1
"2011","Waverley 011A","E01030877",517,311,185,126,4,132,128,4,55,50,5,15
"2011","Waverley 011B","E01030878",635,542,327,215,12,33,19,14,44,40,4,4
"2011","Waverley 011C","E01030937",653,469,215,254,16,76,60,16,82,76,6,10
"2011","Waverley 011D","E01030938",621,380,204,176,7,162,134,28,57,51,6,15
"2011","Waverley 011E","E01030939",468,385,194,191,21,36,35,1,19,19,0,7
"2011","Waverley 012A","E01030864",545,404,235,169,5,23,18,5,91,63,28,22
"2011","Waverley 012B","E01030879",459,371,230,141,2,17,14,3,54,43,11,15
"2011","Waverley 012C","E01030941",488,395,206,189,13,18,7,11,31,19,12,31
"2011","Waverley 012D","E01030942",557,440,234,206,6,30,19,11,66,55,11,15
"2011","Waverley 012E","E01030943",514,320,147,173,4,140,125,15,37,28,9,13
"2011","Waverley 013A","E01030870",645,596,341,255,3,7,7,0,32,28,4,7
"2011","Waverley 013B","E01030871",658,535,228,307,4,73,59,14,38,31,7,8
"2011","Waverley 013C","E01030872",812,419,223,196,21,302,209,93,56,49,7,14
"2011","Waverley 013D","E01030873",608,461,253,208,6,82,76,6,53,48,5,6
"2011","Waverley 013E","E01030874",511,382,224,158,0,22,20,2,80,51,29,27
"2011","Waverley 013F","E01030875",601,372,185,187,13,55,31,24,152,132,20,9
"2011","Waverley 013G","E01030876",537,483,327,156,1,0,0,0,39,33,6,14
"2011","Waverley 015A","E01030862",861,664,461,203,15,85,32,53,77,63,14,20
"2011","Waverley 015B","E01030867",596,435,242,193,12,66,47,19,56,47,9,27
"2011","Waverley 015C","E01030868",487,414,198,216,0,35,34,1,33,29,4,5
"2011","Waverley 015D","E01030869",477,317,146,171,2,92,82,10,47,37,10,19
"2011","Waverley 015E","E01030880",814,650,380,270,4,84,69,15,45,36,9,31
"2011","Waverley 016A","E01030930",642,548,308,240,0,28,19,9,59,55,4,7
"2011","Waverley 016B","E01030931",761,600,345,255,2,53,23,30,98,89,9,8
"2011","Waverley 016C","E01030932",591,430,204,226,2,121,118,3,30,25,5,8
"2011","Waverley 016D","E01030933",772,471,241,230,23,190,146,44,79,72,7,9
"2011","Waverley 017A","E01030926",604,489,222,267,3,66,51,15,41,39,2,5
"2011","Waverley 017B","E01030927",528,365,155,210,5,117,116,1,36,35,1,5
"2011","Waverley 017C","E01030928",819,454,183,271,10,143,129,14,204,193,11,8
"2011","Waverley 017D","E01030929",494,410,164,246,0,12,11,1,56,42,14,16
"2011","Waverley 018A","E01030908",590,484,238,246,3,13,7,6,59,52,7,31
"2011","Waverley 018B","E01030909",499,390,211,179,0,50,48,2,43,39,4,16
"2011","Waverley 018C","E01030910",494,366,205,161,0,87,70,17,31,27,4,10
"2011","Waverley 018D","E01030934",568,400,197,203,5,88,52,36,73,67,6,2
"2011","Waverley 018E","E01030935",505,436,200,236,0,18,12,6,44,40,4,7
"2011","Waverley 018F","E01032626",615,465,254,211,12,43,34,9,83,76,7,12
"2011","Woking 001A","E01030946",607,329,124,205,2,219,215,4,52,47,5,5
"2011","Woking 001B","E01030947",532,468,200,268,4,25,24,1,31,28,3,4
"2011","Woking 001C","E01030948",620,525,219,306,2,17,14,3,68,64,4,8
"2011","Woking 001D","E01030949",705,533,185,348,6,64,52,12,99,85,14,3
"2011","Woking 001E","E01030950",710,582,301,281,3,53,28,25,65,58,7,7
"2011","Woking 002A","E01030996",577,547,312,235,0,6,3,3,23,21,2,1
"2011","Woking 002B","E01030998",718,673,395,278,0,3,2,1,40,38,2,2
"2011","Woking 002C","E01031002",678,612,333,279,2,4,3,1,54,48,6,6
"2011","Woking 002D","E01031003",648,532,273,259,0,4,1,3,103,44,59,9
"2011","Woking 002E","E01031004",994,615,281,334,1,111,36,75,256,246,10,11
"2011","Woking 003A","E01030963",530,509,284,225,0,5,4,1,15,11,4,1
"2011","Woking 003B","E01030964",741,498,278,220,3,65,12,53,164,161,3,11
"2011","Woking 003C","E01030965",556,494,242,252,2,10,6,4,44,40,4,6
"2011","Woking 003D","E01030966",507,437,175,262,0,36,29,7,32,29,3,2
"2011","Woking 003E","E01030967",631,557,289,268,1,18,7,11,48,46,2,7
"2011","Woking 003F","E01030968",533,325,169,156,0,135,50,85,63,59,4,10
"2011","Woking 004A","E01030980",556,259,86,173,1,82,62,20,206,186,20,8
"2011","Woking 004B","E01030981",464,277,116,161,0,112,104,8,67,59,8,8
"2011","Woking 004C","E01030982",596,367,127,240,2,100,78,22,120,115,5,7
"2011","Woking 004D","E01030983",681,239,92,147,18,155,102,53,263,246,17,6
"2011","Woking 004E","E01030984",694,388,142,246,8,227,198,29,63,51,12,8
"2011","Woking 004F","E01030985",627,176,45,131,11,373,329,44,58,52,6,9
"2011","Woking 005A","E01030951",611,426,159,267,12,43,39,4,123,115,8,7
"2011","Woking 005B","E01030952",602,145,34,111,15,380,361,19,52,50,2,10
"2011","Woking 005C","E01030953",650,522,251,271,4,24,8,16,97,94,3,3
"2011","Woking 005D","E01030956",509,343,112,231,13,92,40,52,58,53,5,3
"2011","Woking 005E","E01030957",493,297,55,242,18,133,118,15,39,35,4,6
"2011","Woking 005F","E01030958",609,495,170,325,9,19,11,8,86,82,4,0
"2011","Woking 005G","E01030959",471,362,161,201,6,52,50,2,48,44,4,3
"2011","Woking 006A","E01030988",821,479,234,245,9,14,3,11,311,296,15,8
"2011","Woking 006B","E01030989",604,443,200,243,2,41,6,35,108,105,3,10
"2011","Woking 006C","E01030990",581,465,268,197,0,40,2,38,69,64,5,7
"2011","Woking 006D","E01030997",690,607,381,226,4,26,22,4,45,39,6,8
"2011","Woking 007A","E01030974",629,384,124,260,38,115,100,15,88,81,7,4
"2011","Woking 007B","E01030975",554,461,210,251,4,24,21,3,62,58,4,3
"2011","Woking 007C","E01030976",631,525,204,321,10,17,5,12,74,69,5,5
"2011","Woking 007D","E01030977",693,520,237,283,11,73,46,27,83,73,10,6
"2011","Woking 007E","E01030979",832,525,123,402,20,90,33,57,190,183,7,7
"2011","Woking 008A","E01030954",979,505,190,315,0,76,39,37,383,369,14,15
"2011","Woking 008B","E01030969",539,462,217,245,1,8,8,0,59,54,5,9
"2011","Woking 008C","E01030970",628,389,139,250,2,125,90,35,111,109,2,1
"2011","Woking 008D","E01030991",1031,620,354,266,16,24,19,5,361,348,13,10
"2011","Woking 008E","E01030993",1216,468,227,241,30,97,7,90,603,585,18,18
"2011","Woking 009A","E01030960",742,557,184,373,15,73,62,11,90,83,7,7
"2011","Woking 009B","E01030961",717,642,322,320,1,30,22,8,42,36,6,2
"2011","Woking 009C","E01030962",768,347,96,251,7,317,186,131,88,79,9,9
"2011","Woking 009D","E01031000",655,535,275,260,3,26,6,20,87,83,4,4
"2011","Woking 010A","E01030955",578,482,230,252,3,5,1,4,82,79,3,6
"2011","Woking 010B","E01030992",698,524,238,286,2,9,4,5,156,151,5,7
"2011","Woking 010C","E01030999",495,460,248,212,1,3,1,2,31,27,4,0
"2011","Woking 010D","E01031001",738,500,229,271,1,123,4,119,107,97,10,7
"2011","Woking 011A","E01030971",737,497,237,260,4,196,181,15,36,35,1,4
"2011","Woking 011B","E01030972",688,498,226,272,3,97,87,10,83,67,16,7
"2011","Woking 011C","E01030973",694,479,219,260,1,153,130,23,56,52,4,5
"2011","Woking 011D","E01030994",687,466,167,299,19,115,74,41,81,75,6,6
"2011","Woking 011E","E01030995",549,346,89,257,3,130,120,10,63,57,6,7
"2011","Woking 012A","E01030944",497,423,167,256,2,9,5,4,53,49,4,10
"2011","Woking 012B","E01030945",463,390,180,210,8,9,4,5,54,51,3,2
"2011","Woking 012C","E01030978",510,419,165,254,4,59,25,34,27,23,4,1
"2011","Woking 012D","E01030986",449,415,234,181,1,4,2,2,28,27,1,1
"2011","Woking 012E","E01030987",524,464,255,209,0,9,7,2,38,34,4,13
"2011","Adur 001A","E01031349",552,491,268,223,1,28,27,1,29,26,3,3
"2011","Adur 001B","E01031350",496,309,119,190,2,134,132,2,43,34,9,8
"2011","Adur 001C","E01031351",647,570,309,261,1,34,30,4,37,32,5,5
"2011","Adur 001D","E01031352",635,511,280,231,1,70,69,1,48,43,5,5
"2011","Adur 001E","E01031370",568,406,199,207,3,115,112,3,40,31,9,4
"2011","Adur 001F","E01031374",646,529,262,267,1,16,12,4,98,87,11,2
"2011","Adur 002A","E01031338",497,447,218,229,4,3,2,1,39,35,4,4
"2011","Adur 002B","E01031339",519,450,192,258,2,5,2,3,56,53,3,6
"2011","Adur 002C","E01031340",628,601,351,250,0,2,0,2,21,17,4,4
"2011","Adur 002D","E01031365",639,510,259,251,2,56,42,14,58,47,11,13
"2011","Adur 002E","E01031367",546,519,294,225,1,4,3,1,22,19,3,0
"2011","Adur 003A","E01031345",648,574,279,295,2,30,28,2,34,30,4,8
"2011","Adur 003B","E01031353",469,390,226,164,3,1,1,0,39,25,14,36
"2011","Adur 003C","E01031354",543,472,251,221,5,17,15,2,41,38,3,8
"2011","Adur 003D","E01031355",692,537,252,285,2,75,65,10,67,60,7,11
"2011","Adur 003E","E01031359",523,445,181,264,4,16,10,6,55,49,6,3
"2011","Adur 004A","E01031347",656,358,159,199,0,218,173,45,74,68,6,6
"2011","Adur 004B","E01031348",675,285,95,190,28,276,242,34,80,75,5,6
"2011","Adur 004C","E01031366",495,269,107,162,5,165,110,55,49,41,8,7
"2011","Adur 004D","E01031371",610,291,120,171,2,265,195,70,47,45,2,5
"2011","Adur 004E","E01031372",539,331,206,125,1,164,70,94,37,30,7,6
"2011","Adur 004F","E01031373",628,440,179,261,0,100,90,10,83,76,7,5
"2011","Adur 004G","E01031375",701,483,261,222,0,91,86,5,111,97,14,16
"2011","Adur 005A","E01031356",1035,805,355,450,24,25,6,19,171,156,15,10
"2011","Adur 005B","E01031357",1035,745,364,381,2,27,5,22,250,240,10,11
"2011","Adur 005C","E01031364",797,390,211,179,17,141,62,79,239,214,25,10
"2011","Adur 005D","E01031368",552,434,224,210,3,76,74,2,33,29,4,6
"2011","Adur 005E","E01031369",640,514,313,201,3,20,16,4,97,92,5,6
"2011","Adur 006A","E01031344",608,399,198,201,1,163,153,10,40,33,7,5
"2011","Adur 006B","E01031346",640,548,288,260,3,16,13,3,68,61,7,5
"2011","Adur 006C","E01031361",631,335,152,183,1,236,205,31,45,35,10,14
"2011","Adur 006D","E01031362",507,415,183,232,0,21,9,12,62,51,11,9
"2011","Adur 006E","E01031363",746,592,358,234,1,84,75,9,65,55,10,4
"2011","Adur 007A","E01031358",647,331,125,206,0,256,149,107,50,45,5,10
"2011","Adur 007B","E01031360",649,434,236,198,4,152,47,105,55,52,3,4
"2011","Adur 007C","E01031376",630,535,331,204,0,11,6,5,81,73,8,3
"2011","Adur 007D","E01031378",663,540,286,254,4,37,26,11,79,66,13,3
"2011","Adur 008A","E01031341",629,329,169,160,7,175,163,12,109,100,9,9
"2011","Adur 008B","E01031342",829,656,429,227,2,65,33,32,99,90,9,7
"2011","Adur 008C","E01031343",611,514,260,254,7,9,6,3,73,69,4,8
"2011","Adur 008D","E01031377",807,492,245,247,5,108,78,30,192,182,10,10
"2011","Adur 008E","E01031379",749,657,397,260,0,16,10,6,63,61,2,13
"2011","Arun 001A","E01031390",591,404,235,169,1,111,84,27,58,50,8,17
"2011","Arun 001B","E01031391",730,566,327,239,2,31,22,9,123,112,11,8
"2011","Arun 001C","E01031392",730,467,298,169,1,54,15,39,155,140,15,53
"2011","Arun 001D","E01031465",578,421,252,169,5,41,22,19,97,80,17,14
"2011","Arun 002A","E01031386",592,425,218,207,6,78,69,9,73,65,8,10
"2011","Arun 002B","E01031387",696,536,301,235,2,62,46,16,78,67,11,18
"2011","Arun 002C","E01031425",610,538,331,207,1,4,4,0,59,52,7,8
"2011","Arun 002D","E01031426",534,364,193,171,0,89,85,4,66,54,12,15
"2011","Arun 003A","E01031393",751,670,383,287,2,13,10,3,55,50,5,11
"2011","Arun 003B","E01031394",680,455,192,263,12,112,89,23,97,88,9,4
"2011","Arun 003C","E01031395",637,551,290,261,4,22,18,4,56,47,9,4
"2011","Arun 003D","E01031396",791,608,266,342,3,95,58,37,78,67,11,7
"2011","Arun 003E","E01031397",679,576,302,274,3,21,17,4,69,64,5,10
"2011","Arun 003F","E01031466",590,495,289,206,2,39,36,3,43,35,8,11
"2011","Arun 004A","E01031427",615,299,156,143,4,236,207,29,65,59,6,11
"2011","Arun 004B","E01031429",558,189,77,112,21,269,194,75,70,66,4,9
"2011","Arun 004C","E01031430",602,417,202,215,9,82,50,32,90,83,7,4
"2011","Arun 004D","E01031467",743,585,312,273,6,59,11,48,85,77,8,8
"2011","Arun 004E","E01031468",940,671,256,415,50,108,28,80,106,94,12,5
"2011","Arun 005A","E01031388",1067,822,367,455,11,83,7,76,141,127,14,10
"2011","Arun 005B","E01031389",912,801,484,317,5,28,6,22,70,60,10,8
"2011","Arun 005C","E01031414",636,509,278,231,12,74,56,18,33,27,6,8
"2011","Arun 005D","E01031415",776,548,391,157,3,161,82,79,53,49,4,11
"2011","Arun 005E","E01031459",810,444,201,243,23,223,167,56,104,94,10,16
"2011","Arun 006A","E01031470",629,482,247,235,21,65,6,59,52,44,8,9
"2011","Arun 006B","E01031471",520,458,204,254,7,4,1,3,50,44,6,1
"2011","Arun 006C","E01031472",658,515,268,247,3,77,35,42,54,47,7,9
"2011","Arun 006D","E01031473",493,284,136,148,4,152,119,33,40,29,11,13
"2011","Arun 007A","E01031407",611,478,169,309,12,58,4,54,61,57,4,2
"2011","Arun 007B","E01031408",823,617,239,378,22,37,1,36,142,134,8,5
"2011","Arun 007C","E01031410",600,441,205,236,11,54,27,27,91,89,2,3
"2011","Arun 007D","E01031462",636,480,221,259,10,56,37,19,86,76,10,4
"2011","Arun 007E","E01031463",650,592,328,264,3,12,5,7,38,34,4,5
"2011","Arun 007F","E01031464",813,648,450,198,3,29,22,7,120,110,10,13
"2011","Arun 008A","E01031412",638,611,435,176,0,2,1,1,24,23,1,1
"2011","Arun 008B","E01031422",764,697,528,169,1,3,3,0,59,56,3,4
"2011","Arun 008C","E01031423",776,675,434,241,1,28,27,1,62,55,7,10
"2011","Arun 008D","E01031424",686,623,464,159,0,1,0,1,56,51,5,6
"2011","Arun 009A","E01031398",604,522,274,248,3,28,10,18,45,39,6,6
"2011","Arun 009B","E01031399",753,672,454,218,3,39,4,35,34,29,5,5
"2011","Arun 009C","E01031409",510,344,159,185,4,102,92,10,55,45,10,5
"2011","Arun 009D","E01031455",644,463,294,169,2,80,37,43,89,72,17,10
"2011","Arun 009E","E01031461",848,762,488,274,3,8,1,7,74,71,3,1
"2011","Arun 009F","E01031469",759,586,322,264,3,75,15,60,86,82,4,9
"2011","Arun 010A","E01031411",674,553,413,140,2,96,15,81,19,17,2,4
"2011","Arun 010B","E01031413",640,531,356,175,1,8,1,7,92,81,11,8
"2011","Arun 010C","E01031457",868,685,497,188,3,49,22,27,124,113,11,7
"2011","Arun 010D","E01031458",909,858,630,228,2,5,0,5,33,31,2,11
"2011","Arun 010E","E01031460",958,786,609,177,11,8,1,7,142,129,13,11
"2011","Arun 011A","E01031400",839,461,252,209,3,32,5,27,335,323,12,8
"2011","Arun 011B","E01031428",654,369,168,201,9,49,13,36,220,210,10,7
"2011","Arun 011C","E01031454",999,407,218,189,21,80,30,50,475,456,19,16
"2011","Arun 011D","E01031456",970,395,240,155,5,57,17,40,503,491,12,10
"2011","Arun 012A","E01031401",666,535,270,265,10,33,2,31,80,71,9,8
"2011","Arun 012B","E01031402",713,620,336,284,10,15,11,4,59,55,4,9
"2011","Arun 012C","E01031403",634,444,209,235,5,87,68,19,92,80,12,6
"2011","Arun 012D","E01031405",626,523,269,254,5,10,1,9,78,70,8,10
"2011","Arun 012E","E01031406",500,395,177,218,6,27,3,24,70,66,4,2
"2011","Arun 013A","E01031417",693,573,309,264,3,18,14,4,95,86,9,4
"2011","Arun 013B","E01031438",739,498,232,266,2,105,87,18,116,108,8,18
"2011","Arun 013C","E01031439",938,811,556,255,3,49,30,19,61,58,3,14
"2011","Arun 013D","E01031440",770,682,459,223,2,5,2,3,71,62,9,10
"2011","Arun 014A","E01031404",490,195,64,131,6,225,156,69,52,49,3,12
"2011","Arun 014B","E01031433",610,402,250,152,11,120,14,106,69,57,12,8
"2011","Arun 014C","E01031434",711,403,159,244,8,109,71,38,187,176,11,4
"2011","Arun 014D","E01031441",746,423,200,223,4,181,150,31,129,120,9,9
"2011","Arun 014E","E01031442",607,404,168,236,6,34,6,28,160,150,10,3
"2011","Arun 015A","E01031416",643,606,375,231,0,6,1,5,28,27,1,3
"2011","Arun 015B","E01031418",766,683,416,267,1,29,29,0,48,41,7,5
"2011","Arun 015C","E01031419",784,609,392,217,3,5,1,4,164,156,8,3
"2011","Arun 015D","E01031420",736,663,418,245,1,3,1,2,64,59,5,5
"2011","Arun 015E","E01031421",730,662,418,244,0,12,8,4,54,49,5,2
"2011","Arun 016A","E01031443",507,318,139,179,6,115,78,37,64,59,5,4
"2011","Arun 016B","E01031444",654,351,147,204,2,78,18,60,216,206,10,7
"2011","Arun 016C","E01031450",518,217,50,167,4,220,168,52,76,69,7,1
"2011","Arun 016D","E01031451",621,295,121,174,23,224,144,80,62,59,3,17
"2011","Arun 016E","E01031452",528,390,169,221,2,52,5,47,81,69,12,3
"2011","Arun 017A","E01031431",488,249,173,76,9,47,2,45,172,160,12,11
"2011","Arun 017B","E01031432",937,354,214,140,11,87,24,63,474,451,23,11
"2011","Arun 017C","E01031435",724,456,255,201,9,15,4,11,240,231,9,4
"2011","Arun 017D","E01031436",998,291,192,99,11,102,72,30,574,555,19,20
"2011","Arun 017E","E01031437",991,430,231,199,4,32,5,27,514,494,20,11
"2011","Arun 017F","E01031453",712,386,227,159,8,100,36,64,205,195,10,13
"2011","Arun 018A","E01031380",749,675,475,200,3,4,0,4,64,56,8,3
"2011","Arun 018B","E01031381",768,661,480,181,1,6,1,5,94,89,5,6
"2011","Arun 018C","E01031382",795,726,500,226,2,5,0,5,60,53,7,2
"2011","Arun 018D","E01031383",745,690,508,182,3,9,0,9,40,35,5,3
"2011","Arun 018E","E01031384",774,703,464,239,0,1,0,1,64,55,9,6
"2011","Arun 019A","E01031385",763,499,299,200,3,190,22,168,57,56,1,14
"2011","Arun 019B","E01031445",766,645,492,153,6,34,25,9,72,64,8,9
"2011","Arun 019C","E01031446",623,567,341,226,2,7,2,5,43,40,3,4
"2011","Arun 019D","E01031447",733,671,436,235,0,7,2,5,50,40,10,5
"2011","Arun 019E","E01031448",766,671,438,233,3,12,4,8,72,64,8,8
"2011","Arun 019F","E01031449",670,522,250,272,7,77,24,53,55,42,13,9
"2011","Chichester 001A","E01031502",592,511,234,277,5,26,4,22,45,40,5,5
"2011","Chichester 001B","E01031503",567,446,199,247,2,66,16,50,41,29,12,12
"2011","Chichester 001C","E01031504",935,621,364,257,24,185,26,159,89,75,14,16
"2011","Chichester 001D","E01031519",542,346,186,160,2,104,15,89,73,67,6,17
"2011","Chichester 002A","E01031517",734,616,325,291,1,64,7,57,37,32,5,16
"2011","Chichester 002B","E01031518",619,539,285,254,1,35,8,27,31,28,3,13
"2011","Chichester 002C","E01031544",519,354,212,142,6,74,6,68,58,49,9,27
"2011","Chichester 002D","E01031545",515,391,233,158,2,61,9,52,51,41,10,10
"2011","Chichester 003A","E01031508",874,598,358,240,3,120,25,95,132,115,17,21
"2011","Chichester 003B","E01031520",548,373,224,149,1,101,7,94,56,51,5,17
"2011","Chichester 003C","E01031521",453,362,207,155,2,23,2,21,52,39,13,14
"2011","Chichester 003D","E01031536",517,356,228,128,1,72,9,63,63,52,11,25
"2011","Chichester 004A","E01031497",565,362,203,159,6,115,23,92,71,62,9,11
"2011","Chichester 004C","E01031511",749,590,387,203,3,50,3,47,99,88,11,7
"2011","Chichester 004D","E01031512",882,430,234,196,23,329,55,274,89,79,10,11
"2011","Chichester 004F","E01032717",1228,773,512,261,5,179,27,152,232,208,24,39
"2011","Chichester 005A","E01031478",464,319,209,110,1,19,4,15,97,78,19,28
"2011","Chichester 005B","E01031479",442,310,207,103,1,51,6,45,65,57,8,15
"2011","Chichester 005C","E01031498",482,284,181,103,0,32,6,26,116,96,20,50
"2011","Chichester 005D","E01031514",758,444,276,168,6,78,10,68,181,151,30,49
"2011","Chichester 005E","E01031515",702,341,188,153,11,258,42,216,74,60,14,18
"2011","Chichester 005F","E01031516",654,441,264,177,2,70,16,54,116,100,16,25
"2011","Chichester 006A","E01031477",1002,530,340,190,7,185,19,166,222,184,38,58
"2011","Chichester 006B","E01031485",675,612,427,185,4,3,0,3,53,47,6,3
"2011","Chichester 006C","E01031487",675,551,413,138,3,59,9,50,52,49,3,10
"2011","Chichester 006D","E01031509",1004,606,312,294,22,234,45,189,112,92,20,30
"2011","Chichester 007A","E01031506",529,435,285,150,2,50,5,45,33,32,1,9
"2011","Chichester 007B","E01031507",588,379,263,116,1,27,6,21,147,119,28,34
"2011","Chichester 007C","E01031531",524,482,302,180,0,11,5,6,26,23,3,5
"2011","Chichester 007D","E01031533",508,338,172,166,3,126,25,101,28,25,3,13
"2011","Chichester 007E","E01031543",1000,716,379,337,16,163,37,126,90,83,7,15
"2011","Chichester 008A","E01031482",683,229,96,133,13,287,35,252,145,129,16,9
"2011","Chichester 008B","E01031483",1006,278,106,172,36,506,58,448,170,153,17,16
"2011","Chichester 008C","E01031486",841,508,374,134,16,58,3,55,235,213,22,24
"2011","Chichester 008D","E01031488",771,305,168,137,17,179,31,148,264,152,112,6
"2011","Chichester 008E","E01031494",730,246,138,108,4,392,72,320,64,54,10,24
"2011","Chichester 008F","E01031495",760,511,335,176,4,72,12,60,162,147,15,11
"2011","Chichester 009A","E01031475",505,426,254,172,2,20,4,16,48,44,4,9
"2011","Chichester 009B","E01031476",692,530,376,154,5,25,4,21,122,104,18,10
"2011","Chichester 009C","E01031532",456,208,123,85,0,22,2,20,221,52,169,5
"2011","Chichester 009D","E01031534",867,591,415,176,9,99,10,89,155,146,9,13
"2011","Chichester 009E","E01031535",677,515,312,203,3,58,5,53,88,68,20,13
"2011","Chichester 010A","E01031480",605,326,128,198,3,106,11,95,168,157,11,2
"2011","Chichester 010B","E01031481",740,358,209,149,9,151,15,136,216,203,13,6
"2011","Chichester 010C","E01031484",905,443,296,147,8,233,41,192,209,198,11,12
"2011","Chichester 010D","E01031490",956,597,454,143,5,89,17,72,237,215,22,28
"2011","Chichester 010E","E01031491",924,520,288,232,2,159,8,151,232,215,17,11
"2011","Chichester 011A","E01031474",636,451,239,212,2,95,15,80,81,76,5,7
"2011","Chichester 011B","E01031493",786,588,403,185,5,90,33,57,93,83,10,10
"2011","Chichester 011C","E01031496",933,775,415,360,5,39,4,35,104,98,6,10
"2011","Chichester 011D","E01031505",988,800,463,337,11,56,4,52,113,103,10,8
"2011","Chichester 012A","E01031489",645,488,267,221,3,63,14,49,79,71,8,12
"2011","Chichester 012B","E01031492",614,211,109,102,6,317,53,264,73,62,11,7
"2011","Chichester 012C","E01031513",907,596,346,250,5,160,29,131,123,101,22,23
"2011","Chichester 012D","E01031530",535,347,159,188,7,132,23,109,39,35,4,10
"2011","Chichester 012E","E01031538",615,358,171,187,31,180,23,157,40,35,5,6
"2011","Chichester 012F","E01031539",491,299,118,181,7,72,7,65,107,101,6,6
"2011","Chichester 013A","E01031499",797,503,275,228,22,126,6,120,135,127,8,11
"2011","Chichester 013B","E01031500",766,634,388,246,7,26,5,21,86,76,10,13
"2011","Chichester 013C","E01031501",692,475,329,146,4,63,9,54,136,123,13,14
"2011","Chichester 013D","E01031529",479,372,230,142,0,40,4,36,56,48,8,11
"2011","Chichester 013E","E01031540",664,518,390,128,1,54,4,50,73,64,9,18
"2011","Chichester 013F","E01031541",688,576,426,150,3,17,1,16,78,71,7,14
"2011","Chichester 013G","E01031542",785,640,417,223,8,51,14,37,65,60,5,21
"2011","Chichester 014A","E01031522",925,555,300,255,14,234,17,217,110,98,12,12
"2011","Chichester 014B","E01031523",697,589,366,223,3,11,0,11,84,77,7,10
"2011","Chichester 014C","E01031524",712,628,448,180,3,14,6,8,61,55,6,6
"2011","Chichester 014D","E01031525",627,515,296,219,4,35,1,34,61,56,5,12
"2011","Chichester 014E","E01031526",543,428,291,137,0,65,4,61,46,40,6,4
"2011","Chichester 014F","E01031527",678,585,372,213,1,28,2,26,59,58,1,5
"2011","Chichester 014G","E01031528",681,503,311,192,1,13,1,12,154,137,17,10
"2011","Crawley 001A","E01031573",642,314,118,196,2,250,215,35,67,63,4,9
"2011","Crawley 001B","E01031574",649,419,153,266,25,138,77,61,59,56,3,8
"2011","Crawley 001C","E01031575",647,317,125,192,13,226,86,140,83,75,8,8
"2011","Crawley 001D","E01031576",564,278,119,159,4,193,182,11,79,75,4,10
"2011","Crawley 001E","E01031577",440,289,136,153,2,75,71,4,67,64,3,7
"2011","Crawley 002A","E01031586",726,454,153,301,4,138,137,1,125,120,5,5
"2011","Crawley 002B","E01031587",650,556,256,300,8,23,8,15,55,52,3,8
"2011","Crawley 002C","E01031588",606,496,240,256,1,39,13,26,69,63,6,1
"2011","Crawley 002D","E01031590",649,564,240,324,10,7,6,1,68,65,3,0
"2011","Crawley 002E","E01031593",597,486,185,301,0,17,15,2,93,88,5,1
"2011","Crawley 003A","E01031570",510,343,145,198,2,116,113,3,47,41,6,2
"2011","Crawley 003B","E01031571",674,369,163,206,20,216,197,19,59,53,6,10
"2011","Crawley 003C","E01031572",637,351,180,171,1,208,204,4,51,45,6,26
"2011","Crawley 003D","E01031609",684,297,105,192,8,316,269,47,46,40,6,17
"2011","Crawley 003E","E01031610",796,326,132,194,16,248,241,7,181,169,12,25
"2011","Crawley 004A","E01031583",931,317,124,193,30,277,187,90,296,286,10,11
"2011","Crawley 004B","E01031584",655,389,186,203,3,152,149,3,106,95,11,5
"2011","Crawley 004C","E01031585",673,335,144,191,10,163,135,28,148,134,14,17
"2011","Crawley 004D","E01031601",487,317,163,154,4,109,102,7,53,51,2,4
"2011","Crawley 004F","E01032835",758,386,98,288,69,151,39,112,151,141,10,1
"2011","Crawley 004G","E01032836",637,406,197,209,8,114,110,4,101,90,11,8
"2011","Crawley 005A","E01031589",707,565,298,267,3,23,15,8,111,104,7,5
"2011","Crawley 005B","E01031591",766,360,149,211,39,168,162,6,193,187,6,6
"2011","Crawley 005C","E01031594",577,332,140,192,1,190,156,34,43,40,3,11
"2011","Crawley 005D","E01031600",624,341,155,186,3,160,117,43,109,105,4,11
"2011","Crawley 005E","E01031603",595,376,176,200,5,96,57,39,111,103,8,7
"2011","Crawley 006A","E01031564",614,466,210,256,0,97,94,3,48,44,4,3
"2011","Crawley 006B","E01031565",846,486,179,307,8,257,252,5,84,76,8,11
"2011","Crawley 006C","E01031566",668,475,217,258,4,135,97,38,46,43,3,8
"2011","Crawley 006D","E01031567",518,382,175,207,4,78,69,9,47,40,7,7
"2011","Crawley 006E","E01031568",635,402,90,312,15,87,52,35,129,122,7,2
"2011","Crawley 007A","E01031596",788,359,128,231,3,289,227,62,126,117,9,11
"2011","Crawley 007B","E01031597",587,477,248,229,3,22,17,5,77,71,6,8
"2011","Crawley 007C","E01031598",765,333,163,170,17,227,51,176,178,170,8,10
"2011","Crawley 007D","E01031599",772,458,203,255,5,97,59,38,204,190,14,8
"2011","Crawley 007E","E01031608",738,372,144,228,13,192,107,85,155,142,13,6
"2011","Crawley 008A","E01031578",743,567,164,403,6,13,2,11,156,151,5,1
"2011","Crawley 008B","E01031580",860,632,153,479,31,64,6,58,129,120,9,4
"2011","Crawley 008C","E01031581",619,533,125,408,2,5,2,3,79,75,4,0
"2011","Crawley 008D","E01031592",786,640,281,359,20,24,4,20,95,89,6,7
"2011","Crawley 009A","E01031560",624,501,272,229,3,78,71,7,33,27,6,9
"2011","Crawley 009B","E01031561",597,474,250,224,4,73,68,5,46,37,9,0
"2011","Crawley 009C","E01031562",604,237,100,137,3,260,253,7,72,56,16,32
"2011","Crawley 009D","E01031563",484,424,217,207,1,19,18,1,37,36,1,3
"2011","Crawley 009E","E01031579",701,370,59,311,8,148,108,40,167,161,6,8
"2011","Crawley 009F","E01031582",799,528,91,437,3,34,8,26,233,222,11,1
"2011","Crawley 010A","E01031547",518,233,44,189,18,204,194,10,55,51,4,8
"2011","Crawley 010B","E01031548",698,268,63,205,7,331,327,4,86,82,4,6
"2011","Crawley 010C","E01031549",523,260,44,216,4,188,183,5,66,58,8,5
"2011","Crawley 010D","E01031550",522,250,36,214,8,206,202,4,53,51,2,5
"2011","Crawley 010E","E01031569",639,324,88,236,3,255,243,12,50,47,3,7
"2011","Crawley 011A","E01031595",642,347,150,197,3,205,200,5,75,69,6,12
"2011","Crawley 011B","E01031604",674,380,146,234,8,208,166,42,63,53,10,15
"2011","Crawley 011C","E01031605",599,358,134,224,6,185,181,4,43,39,4,7
"2011","Crawley 011D","E01031606",611,395,168,227,6,167,165,2,37,37,0,6
"2011","Crawley 011E","E01031607",570,376,171,205,2,147,143,4,37,37,0,8
"2011","Crawley 012A","E01031546",477,304,53,251,5,87,80,7,80,73,7,1
"2011","Crawley 012B","E01031551",496,291,62,229,3,115,113,2,85,80,5,2
"2011","Crawley 012C","E01031553",504,211,50,161,11,229,217,12,45,43,2,8
"2011","Crawley 012D","E01031554",700,435,90,345,4,127,119,8,129,118,11,5
"2011","Crawley 012E","E01031555",485,249,85,164,0,173,168,5,55,52,3,8
"2011","Crawley 013A","E01031552",753,297,100,197,21,280,78,202,141,129,12,14
"2011","Crawley 013B","E01031556",663,250,52,198,18,319,211,108,71,66,5,5
"2011","Crawley 013C","E01031557",862,559,117,442,11,63,26,37,226,215,11,3
"2011","Crawley 013D","E01031558",648,83,24,59,0,514,156,358,36,32,4,15
"2011","Crawley 013E","E01031559",514,259,54,205,6,179,154,25,69,63,6,1
"2011","Horsham 001A","E01031670",702,510,240,270,6,42,3,39,138,129,9,6
"2011","Horsham 001B","E01031671",798,417,159,258,1,302,7,295,75,67,8,3
"2011","Horsham 001C","E01031673",645,444,190,254,6,125,11,114,62,54,8,8
"2011","Horsham 001D","E01031676",1053,744,355,389,6,62,9,53,209,181,28,32
"2011","Horsham 002A","E01031644",559,492,212,280,4,4,0,4,57,54,3,2
"2011","Horsham 002B","E01031645",550,461,170,291,4,11,0,11,72,69,3,2
"2011","Horsham 002C","E01031646",603,470,164,306,17,41,1,40,73,71,2,2
"2011","Horsham 002D","E01031647",508,316,121,195,3,150,5,145,34,32,2,5
"2011","Horsham 002E","E01031649",455,408,162,246,3,4,0,4,39,34,5,1
"2011","Horsham 002F","E01031650",490,442,181,261,1,5,0,5,39,34,5,3
"2011","Horsham 002G","E01031666",646,609,343,266,0,5,0,5,29,26,3,3
"2011","Horsham 002H","E01031668",654,557,338,219,6,51,5,46,37,34,3,3
"2011","Horsham 003A","E01031620",680,442,168,274,4,145,14,131,81,77,4,8
"2011","Horsham 003B","E01031648",783,546,291,255,1,83,8,75,145,139,6,8
"2011","Horsham 003C","E01031651",646,413,139,274,3,146,19,127,81,70,11,3
"2011","Horsham 003D","E01031658",874,596,340,256,12,119,15,104,119,97,22,28
"2011","Horsham 003E","E01031689",663,507,238,269,1,17,1,16,135,124,11,3
"2011","Horsham 004A","E01031654",650,533,285,248,1,64,6,58,49,43,6,3
"2011","Horsham 004B","E01031655",619,463,173,290,5,23,2,21,123,112,11,5
"2011","Horsham 004C","E01031667",652,478,231,247,1,119,11,108,44,43,1,10
"2011","Horsham 004D","E01031669",685,417,195,222,3,153,21,132,100,89,11,12
"2011","Horsham 004E","E01031672",822,543,273,270,11,12,0,12,249,242,7,7
"2011","Horsham 005A","E01031657",789,522,274,248,10,147,15,132,91,61,30,19
"2011","Horsham 005B","E01031659",555,482,218,264,2,25,2,23,37,29,8,9
"2011","Horsham 005C","E01031674",545,420,245,175,7,37,1,36,65,53,12,16
"2011","Horsham 005D","E01031675",541,449,222,227,3,41,6,35,40,32,8,8
"2011","Horsham 006A","E01031636",1091,564,349,215,15,187,12,175,308,287,21,17
"2011","Horsham 006B","E01031652",631,298,118,180,2,280,29,251,45,44,1,6
"2011","Horsham 006C","E01031653",779,485,224,261,1,94,12,82,184,176,8,15
"2011","Horsham 006D","E01031656",817,359,108,251,9,288,40,248,151,144,7,10
"2011","Horsham 006E","E01031688",603,378,192,186,0,192,18,174,30,26,4,3
"2011","Horsham 006F","E01031691",776,571,290,281,9,81,3,78,108,94,14,7
"2011","Horsham 007A","E01031619",643,524,181,343,3,10,2,8,103,97,6,3
"2011","Horsham 007B","E01031637",812,494,237,257,11,244,36,208,58,50,8,5
"2011","Horsham 007C","E01031638",796,637,264,373,7,45,7,38,103,97,6,4
"2011","Horsham 007D","E01031690",641,597,353,244,0,5,1,4,29,27,2,10
"2011","Horsham 008A","E01031639",798,622,336,286,5,48,3,45,109,95,14,14
"2011","Horsham 008B","E01031640",713,673,412,261,1,6,1,5,28,24,4,5
"2011","Horsham 008C","E01031660",515,448,259,189,3,11,0,11,39,33,6,14
"2011","Horsham 008D","E01031661",630,480,263,217,0,59,7,52,75,68,7,16
"2011","Horsham 008E","E01031679",498,306,145,161,2,21,3,18,99,58,41,70
"2011","Horsham 009A","E01031677",604,442,205,237,11,112,6,106,38,26,12,1
"2011","Horsham 009B","E01031678",571,517,192,325,0,23,0,23,30,27,3,1
"2011","Horsham 009C","E01031680",493,459,157,302,0,4,1,3,28,22,6,2
"2011","Horsham 009D","E01031681",581,456,175,281,17,54,3,51,53,48,5,1
"2011","Horsham 009E","E01031682",470,404,97,307,4,11,1,10,48,46,2,3
"2011","Horsham 009F","E01031683",623,467,153,314,26,66,7,59,60,49,11,4
"2011","Horsham 010A","E01031611",669,482,266,216,8,36,2,34,118,103,15,25
"2011","Horsham 010B","E01031612",874,717,274,443,6,88,6,82,51,48,3,12
"2011","Horsham 010C","E01031613",842,660,296,364,0,55,5,50,114,100,14,13
"2011","Horsham 010D","E01031614",839,466,209,257,19,247,25,222,98,88,10,9
"2011","Horsham 010E","E01031615",721,558,331,227,5,75,6,69,72,64,8,11
"2011","Horsham 011A","E01031632",615,488,245,243,0,13,1,12,93,78,15,21
"2011","Horsham 011B","E01031633",524,433,239,194,1,35,2,33,42,36,6,13
"2011","Horsham 011C","E01031634",493,354,128,226,1,66,5,61,57,51,6,15
"2011","Horsham 011D","E01031635",552,463,190,273,1,35,4,31,50,48,2,3
"2011","Horsham 012A","E01031621",793,767,527,240,1,2,1,1,20,17,3,3
"2011","Horsham 012B","E01031623",752,630,390,240,2,51,8,43,57,48,9,12
"2011","Horsham 012C","E01031627",838,754,451,303,7,18,1,17,54,52,2,5
"2011","Horsham 012D","E01031664",666,565,357,208,1,24,0,24,52,38,14,24
"2011","Horsham 013A","E01031626",669,498,306,192,2,69,7,62,76,60,16,24
"2011","Horsham 013B","E01031630",825,628,416,212,5,98,15,83,87,72,15,7
"2011","Horsham 013C","E01031631",791,372,220,152,2,328,46,282,78,65,13,11
"2011","Horsham 013D","E01031662",719,510,264,246,1,70,13,57,131,122,9,7
"2011","Horsham 013E","E01031663",777,461,203,258,5,245,31,214,57,46,11,9
"2011","Horsham 013F","E01031665",543,414,226,188,0,52,4,48,69,62,7,8
"2011","Horsham 014A","E01031618",542,438,229,209,2,29,1,28,70,59,11,3
"2011","Horsham 014B","E01031641",749,589,408,181,2,32,2,30,116,106,10,10
"2011","Horsham 014C","E01031642",772,628,360,268,4,56,7,49,70,57,13,14
"2011","Horsham 014D","E01031643",725,418,211,207,1,246,29,217,54,50,4,6
"2011","Horsham 014E","E01031687",676,354,183,171,7,207,36,171,95,80,15,13
"2011","Horsham 015A","E01031622",637,504,207,297,5,15,0,15,104,92,12,9
"2011","Horsham 015B","E01031624",599,461,204,257,5,55,5,50,69,62,7,9
"2011","Horsham 015C","E01031625",547,485,204,281,0,14,3,11,45,43,2,3
"2011","Horsham 015D","E01031628",507,324,183,141,9,88,20,68,56,46,10,30
"2011","Horsham 015E","E01031629",631,538,314,224,2,39,5,34,43,39,4,9
"2011","Horsham 016A","E01031616",685,502,242,260,2,68,11,57,103,96,7,10
"2011","Horsham 016B","E01031617",993,832,472,360,2,48,6,42,101,95,6,10
"2011","Horsham 016C","E01031684",631,560,308,252,1,7,0,7,55,52,3,8
"2011","Horsham 016D","E01031685",842,648,402,246,5,52,10,42,127,118,9,10
"2011","Horsham 016E","E01031686",633,563,384,179,2,10,1,9,47,45,2,11
"2011","Mid Sussex 001A","E01031731",860,424,191,233,7,364,21,343,55,48,7,10
"2011","Mid Sussex 001B","E01031732",699,420,170,250,1,186,16,170,87,84,3,5
"2011","Mid Sussex 001C","E01031733",755,512,202,310,4,85,12,73,145,134,11,9
"2011","Mid Sussex 001D","E01031734",620,551,252,299,1,23,9,14,41,39,2,4
"2011","Mid Sussex 001E","E01031741",819,541,269,272,7,58,2,56,204,197,7,9
"2011","Mid Sussex 001F","E01031742",971,590,326,264,14,94,4,90,252,238,14,21
"2011","Mid Sussex 001G","E01031743",769,340,136,204,24,215,18,197,182,171,11,8
"2011","Mid Sussex 002A","E01031718",685,602,273,329,0,14,0,14,64,61,3,5
"2011","Mid Sussex 002B","E01031719",722,533,241,292,12,68,2,66,99,88,11,10
"2011","Mid Sussex 002C","E01031720",548,480,250,230,1,5,0,5,57,54,3,5
"2011","Mid Sussex 002D","E01031722",474,255,108,147,2,69,2,67,106,88,18,42
"2011","Mid Sussex 003A","E01031695",565,481,222,259,3,6,0,6,61,56,5,14
"2011","Mid Sussex 003B","E01031696",563,436,214,222,4,59,4,55,59,50,9,5
"2011","Mid Sussex 003C","E01031729",706,642,315,327,2,10,0,10,48,43,5,4
"2011","Mid Sussex 003D","E01031730",781,565,148,417,25,21,2,19,167,156,11,3
"2011","Mid Sussex 003E","E01031735",695,618,276,342,2,3,1,2,70,63,7,2
"2011","Mid Sussex 004A","E01031736",620,545,288,257,0,11,1,10,58,49,9,6
"2011","Mid Sussex 004B","E01031737",580,456,170,286,3,63,4,59,51,44,7,7
"2011","Mid Sussex 004C","E01031738",512,488,286,202,0,2,0,2,18,18,0,4
"2011","Mid Sussex 004D","E01031739",724,613,313,300,2,12,1,11,88,83,5,9
"2011","Mid Sussex 004E","E01031740",545,476,234,242,1,18,2,16,45,40,5,5
"2011","Mid Sussex 005A","E01031721",698,575,375,200,10,80,3,77,30,23,7,3
"2011","Mid Sussex 005B","E01031723",551,486,250,236,1,13,1,12,47,45,2,4
"2011","Mid Sussex 005C","E01031724",506,475,188,287,2,5,1,4,21,20,1,3
"2011","Mid Sussex 005D","E01031725",588,509,251,258,0,33,2,31,41,38,3,5
"2011","Mid Sussex 006A","E01031694",689,461,239,222,0,103,5,98,93,71,22,32
"2011","Mid Sussex 006B","E01031764",596,442,245,197,2,88,2,86,55,49,6,9
"2011","Mid Sussex 006C","E01031765",611,468,267,201,4,61,2,59,60,52,8,18
"2011","Mid Sussex 006D","E01031766",833,651,357,294,2,46,4,42,106,83,23,28
"2011","Mid Sussex 007A","E01031692",897,555,212,343,24,136,7,129,152,137,15,30
"2011","Mid Sussex 007B","E01031693",755,462,235,227,4,111,3,108,128,114,14,50
"2011","Mid Sussex 007C","E01031697",488,355,171,184,3,49,1,48,58,53,5,23
"2011","Mid Sussex 007D","E01031727",644,497,272,225,2,22,0,22,106,91,15,17
"2011","Mid Sussex 008A","E01031758",507,471,214,257,1,2,0,2,30,28,2,3
"2011","Mid Sussex 008B","E01031760",683,553,253,300,0,17,0,17,108,104,4,5
"2011","Mid Sussex 008C","E01031772",724,500,262,238,1,135,4,131,68,58,10,20
"2011","Mid Sussex 008D","E01031773",815,722,405,317,2,13,1,12,70,66,4,8
"2011","Mid Sussex 008E","E01031774",661,622,361,261,1,7,1,6,28,22,6,3
"2011","Mid Sussex 008F","E01031775",775,658,417,241,1,23,1,22,79,75,4,14
"2011","Mid Sussex 009A","E01031751",1156,718,256,462,16,83,2,81,328,314,14,11
"2011","Mid Sussex 009B","E01031759",710,496,244,252,2,68,1,67,135,126,9,9
"2011","Mid Sussex 009C","E01031761",1103,522,269,253,3,84,4,80,473,450,23,21
"2011","Mid Sussex 009E","E01032837",552,334,120,214,11,94,5,89,104,95,9,9
"2011","Mid Sussex 009F","E01032838",562,333,42,291,31,66,1,65,132,130,2,0
"2011","Mid Sussex 009G","E01032839",573,357,200,157,1,28,0,28,185,177,8,2
"2011","Mid Sussex 010A","E01031752",558,205,84,121,17,305,18,287,26,26,0,5
"2011","Mid Sussex 010B","E01031753",590,416,195,221,15,87,2,85,69,65,4,3
"2011","Mid Sussex 010C","E01031754",646,470,210,260,13,74,5,69,84,83,1,5
"2011","Mid Sussex 010D","E01031755",533,415,172,243,2,49,4,45,62,54,8,5
"2011","Mid Sussex 010E","E01031757",701,357,153,204,14,268,4,264,58,56,2,4
"2011","Mid Sussex 011A","E01031726",596,409,167,242,1,123,4,119,56,50,6,7
"2011","Mid Sussex 011B","E01031728",840,613,354,259,11,59,2,57,131,120,11,26
"2011","Mid Sussex 011C","E01031749",603,518,245,273,9,14,1,13,59,52,7,3
"2011","Mid Sussex 011D","E01031750",637,377,154,223,23,193,11,182,40,38,2,4
"2011","Mid Sussex 011E","E01031756",778,518,258,260,5,142,2,140,108,101,7,5
"2011","Mid Sussex 011F","E01031763",695,605,355,250,16,12,0,12,59,53,6,3
"2011","Mid Sussex 012A","E01031699",685,556,162,394,20,14,1,13,94,88,6,1
"2011","Mid Sussex 012B","E01031700",607,540,146,394,5,8,1,7,53,50,3,1
"2011","Mid Sussex 012C","E01031701",752,553,185,368,9,105,5,100,83,77,6,2
"2011","Mid Sussex 012D","E01031714",564,420,182,238,22,87,3,84,35,34,1,0
"2011","Mid Sussex 013A","E01031704",717,594,267,327,16,29,1,28,73,70,3,5
"2011","Mid Sussex 013B","E01031706",669,586,314,272,4,33,5,28,41,38,3,5
"2011","Mid Sussex 013C","E01031711",683,574,244,330,8,53,2,51,45,38,7,3
"2011","Mid Sussex 013D","E01031712",639,423,167,256,6,143,11,132,60,54,6,7
"2011","Mid Sussex 013E","E01031713",556,521,280,241,3,7,0,7,23,18,5,2
"2011","Mid Sussex 014A","E01031705",658,374,110,264,14,196,9,187,71,66,5,3
"2011","Mid Sussex 014B","E01031707",647,529,288,241,3,78,1,77,35,29,6,2
"2011","Mid Sussex 014C","E01031708",751,392,156,236,13,95,2,93,245,233,12,6
"2011","Mid Sussex 014D","E01031709",779,456,211,245,6,196,11,185,111,102,9,10
"2011","Mid Sussex 014E","E01031716",476,262,96,166,2,160,7,153,47,41,6,5
"2011","Mid Sussex 014F","E01031717",566,434,147,287,11,21,6,15,96,86,10,4
"2011","Mid Sussex 015A","E01031702",527,494,261,233,2,5,1,4,20,17,3,6
"2011","Mid Sussex 015B","E01031703",646,602,391,211,1,13,1,12,26,23,3,4
"2011","Mid Sussex 015C","E01031710",592,560,301,259,2,2,0,2,26,21,5,2
"2011","Mid Sussex 015D","E01031715",612,533,172,361,2,1,0,1,73,71,2,3
"2011","Mid Sussex 016A","E01031698",624,484,229,255,1,47,3,44,77,66,11,15
"2011","Mid Sussex 016B","E01031767",537,452,245,207,2,21,1,20,40,24,16,22
"2011","Mid Sussex 016C","E01031769",707,481,189,292,14,124,2,122,77,69,8,11
"2011","Mid Sussex 016D","E01031770",719,497,235,262,1,44,1,43,156,143,13,21
"2011","Mid Sussex 016E","E01031771",605,341,137,204,12,203,6,197,41,34,7,8
"2011","Mid Sussex 017A","E01031744",587,542,300,242,1,9,0,9,24,22,2,11
"2011","Mid Sussex 017B","E01031745",788,659,377,282,6,53,1,52,61,55,6,9
"2011","Mid Sussex 017C","E01031746",727,416,209,207,5,204,9,195,98,94,4,4
"2011","Mid Sussex 017D","E01031747",670,594,388,206,1,21,0,21,46,42,4,8
"2011","Mid Sussex 017E","E01031748",569,510,305,205,2,6,0,6,45,41,4,6
"2011","Mid Sussex 017F","E01031768",683,586,378,208,2,35,0,35,54,50,4,6
"2011","Worthing 001A","E01031793",604,566,335,231,1,2,0,2,25,23,2,10
"2011","Worthing 001B","E01031820",796,746,501,245,2,3,0,3,40,32,8,5
"2011","Worthing 001C","E01031821",771,648,329,319,2,50,9,41,65,54,11,6
"2011","Worthing 001D","E01031828",538,513,295,218,1,2,0,2,18,17,1,4
"2011","Worthing 001E","E01031829",621,576,322,254,0,3,2,1,37,32,5,5
"2011","Worthing 002A","E01031822",657,587,318,269,3,6,0,6,58,58,0,3
"2011","Worthing 002B","E01031825",784,626,371,255,2,78,4,74,70,62,8,8
"2011","Worthing 002C","E01031826",613,479,217,262,2,72,24,48,55,51,4,5
"2011","Worthing 002D","E01031827",650,453,238,215,1,81,2,79,112,102,10,3
"2011","Worthing 002E","E01031839",762,552,229,323,3,96,9,87,106,97,9,5
"2011","Worthing 003A","E01031792",621,482,254,228,2,76,14,62,53,50,3,8
"2011","Worthing 003B","E01031794",660,488,292,196,1,114,9,105,52,47,5,5
"2011","Worthing 003C","E01031795",647,418,139,279,0,133,5,128,91,79,12,5
"2011","Worthing 003D","E01031818",758,521,196,325,3,135,28,107,96,86,10,3
"2011","Worthing 003E","E01031830",654,416,213,203,2,162,58,104,69,61,8,5
"2011","Worthing 004A","E01031778",677,524,257,267,2,5,0,5,139,128,11,7
"2011","Worthing 004B","E01031797",512,462,222,240,2,6,2,4,41,35,6,1
"2011","Worthing 004C","E01031800",629,560,270,290,2,1,0,1,62,58,4,4
"2011","Worthing 004D","E01031823",533,503,241,262,0,3,0,3,22,20,2,5
"2011","Worthing 004E","E01031824",511,475,237,238,0,1,0,1,33,32,1,2
"2011","Worthing 005A","E01031776",690,530,188,342,11,12,2,10,133,118,15,4
"2011","Worthing 005B","E01031777",725,538,221,317,14,40,5,35,131,122,9,2
"2011","Worthing 005C","E01031780",553,491,192,299,2,9,1,8,49,43,6,2
"2011","Worthing 005D","E01031781",632,522,196,326,2,39,5,34,68,57,11,1
"2011","Worthing 005E","E01031798",695,451,167,284,3,65,11,54,168,156,12,8
"2011","Worthing 006A","E01031783",614,303,118,185,4,267,95,172,25,22,3,15
"2011","Worthing 006B","E01031785",647,484,221,263,5,72,6,66,79,70,9,7
"2011","Worthing 006C","E01031786",626,426,180,246,4,112,38,74,78,68,10,6
"2011","Worthing 006D","E01031817",640,416,123,293,6,117,23,94,96,89,7,5
"2011","Worthing 006E","E01031819",474,133,36,97,2,298,51,247,32,26,6,9
"2011","Worthing 007A","E01031782",776,669,425,244,1,66,15,51,35,34,1,5
"2011","Worthing 007B","E01031784",780,573,306,267,4,80,30,50,118,115,3,5
"2011","Worthing 007C","E01031836",772,464,169,295,3,210,56,154,88,81,7,7
"2011","Worthing 007D","E01031838",659,527,241,286,2,31,5,26,95,87,8,4
"2011","Worthing 007E","E01031840",771,647,326,321,3,24,5,19,94,84,10,3
"2011","Worthing 008A","E01031791",1002,420,140,280,4,281,52,229,287,266,21,10
"2011","Worthing 008B","E01031796",667,444,155,289,0,61,9,52,157,146,11,5
"2011","Worthing 008C","E01031799",666,444,183,261,4,97,25,72,109,96,13,12
"2011","Worthing 008D","E01031801",823,493,207,286,3,35,7,28,286,271,15,6
"2011","Worthing 008E","E01031837",811,565,186,379,2,22,5,17,216,204,12,6
"2011","Worthing 009A","E01031779",536,252,106,146,0,220,77,143,55,50,5,9
"2011","Worthing 009B","E01031831",667,479,191,288,2,26,11,15,157,149,8,3
"2011","Worthing 009C","E01031832",866,552,307,245,3,161,44,117,138,121,17,12
"2011","Worthing 009D","E01031833",664,362,138,224,3,93,30,63,199,189,10,7
"2011","Worthing 009E","E01031834",658,470,210,260,5,99,37,62,82,72,10,2
"2011","Worthing 010A","E01031790",963,353,187,166,12,218,32,186,364,344,20,16
"2011","Worthing 010B","E01031807",853,508,310,198,2,119,7,112,217,197,20,7
"2011","Worthing 010C","E01031809",887,505,286,219,4,16,1,15,351,330,21,11
"2011","Worthing 010D","E01031810",787,435,180,255,10,33,10,23,303,287,16,6
"2011","Worthing 010E","E01031811",674,335,174,161,3,52,4,48,278,260,18,6
"2011","Worthing 011A","E01031787",1086,406,219,187,9,92,11,81,566,537,29,13
"2011","Worthing 011B","E01031788",1011,487,224,263,26,157,17,140,330,299,31,11
"2011","Worthing 011C","E01031789",1025,481,258,223,1,55,14,41,474,444,30,14
"2011","Worthing 011D","E01031808",856,280,141,139,4,87,10,77,484,461,23,1
"2011","Worthing 011E","E01031835",967,457,219,238,5,36,8,28,460,421,39,9
"2011","Worthing 012A","E01031812",813,605,394,211,2,16,0,16,186,180,6,4
"2011","Worthing 012B","E01031813",799,523,267,256,3,74,13,61,188,176,12,11
"2011","Worthing 012C","E01031814",729,596,339,257,1,8,2,6,118,114,4,6
"2011","Worthing 012D","E01031815",790,635,417,218,2,7,0,7,138,131,7,8
"2011","Worthing 012E","E01031816",652,543,213,330,0,3,1,2,104,94,10,2
"2011","Worthing 013A","E01031802",836,748,561,187,0,4,1,3,79,75,4,5
"2011","Worthing 013B","E01031803",648,610,397,213,1,4,1,3,27,26,1,6
"2011","Worthing 013C","E01031804",732,670,435,235,1,7,1,6,51,45,6,3
"2011","Worthing 013D","E01031805",802,728,517,211,4,5,0,5,59,52,7,6
"2011","Worthing 013E","E01031806",722,466,227,239,4,136,44,92,106,91,15,10
"2011","Bath and North East Somerset 001A","E01014399",660,513,272,241,6,84,32,52,50,42,8,7
"2011","Bath and North East Somerset 001B","E01014400",865,611,309,302,0,89,20,69,148,136,12,17
"2011","Bath and North East Somerset 001C","E01014401",651,381,174,207,1,214,64,150,38,30,8,17
"2011","Bath and North East Somerset 002A","E01014402",731,558,283,275,5,85,26,59,73,61,12,10
"2011","Bath and North East Somerset 002B","E01014403",833,504,294,210,4,239,60,179,76,65,11,10
"2011","Bath and North East Somerset 002C","E01014404",743,392,198,194,9,272,90,182,53,43,10,17
"2011","Bath and North East Somerset 003A","E01014395",519,498,318,180,1,1,1,0,18,18,0,1
"2011","Bath and North East Somerset 003B","E01014396",656,509,307,202,1,26,3,23,114,104,10,6
"2011","Bath and North East Somerset 003C","E01014397",510,488,296,192,2,3,0,3,12,9,3,5
"2011","Bath and North East Somerset 003D","E01014398",639,507,287,220,3,67,9,58,58,48,10,4
"2011","Bath and North East Somerset 004A","E01014409",747,418,214,204,0,233,47,186,87,74,13,9
"2011","Bath and North East Somerset 004B","E01014410",733,619,341,278,4,21,6,15,84,76,8,5
"2011","Bath and North East Somerset 004C","E01014411",932,626,316,310,16,38,9,29,239,219,20,13
"2011","Bath and North East Somerset 005A","E01014477",636,570,352,218,0,15,3,12,48,43,5,3
"2011","Bath and North East Somerset 005B","E01014478",469,242,108,134,2,182,48,134,33,27,6,10
"2011","Bath and North East Somerset 005C","E01014479",650,481,306,175,1,52,4,48,112,103,9,4
"2011","Bath and North East Somerset 005D","E01014480",551,337,178,159,1,102,22,80,105,94,11,6
"2011","Bath and North East Somerset 006A","E01014465",669,500,230,270,2,44,12,32,117,111,6,6
"2011","Bath and North East Somerset 006B","E01014466",576,256,124,132,4,226,70,156,80,77,3,10
"2011","Bath and North East Somerset 006C","E01014467",827,464,221,243,2,51,5,46,306,289,17,4
"2011","Bath and North East Somerset 006D","E01014468",756,389,192,197,1,37,3,34,324,307,17,5
"2011","Bath and North East Somerset 007A","E01014370",1044,231,154,77,21,359,32,327,409,375,34,24
"2011","Bath and North East Somerset 007B","E01014371",1084,397,246,151,4,147,16,131,521,488,33,15
"2011","Bath and North East Somerset 007C","E01014372",1164,340,183,157,3,206,31,175,601,574,27,14
"2011","Bath and North East Somerset 007D","E01014412",679,454,233,221,1,25,0,25,191,178,13,8
"2011","Bath and North East Somerset 007E","E01014413",653,499,325,174,0,11,2,9,107,91,16,36
"2011","Bath and North East Somerset 007F","E01014414",848,274,156,118,3,248,38,210,312,290,22,11
"2011","Bath and North East Somerset 008A","E01014427",582,296,129,167,2,88,7,81,192,186,6,4
"2011","Bath and North East Somerset 008B","E01014428",558,353,173,180,1,76,1,75,122,110,12,6
"2011","Bath and North East Somerset 008C","E01014429",634,470,210,260,15,65,13,52,81,72,9,3
"2011","Bath and North East Somerset 008D","E01014430",709,468,281,187,3,159,23,136,68,56,12,11
"2011","Bath and North East Somerset 009A","E01014405",836,584,299,285,5,36,1,35,202,194,8,9
"2011","Bath and North East Somerset 009C","E01014407",643,121,58,63,0,279,60,219,230,215,15,13
"2011","Bath and North East Somerset 009E","E01033080",1187,369,187,182,2,227,13,214,567,535,32,22
"2011","Bath and North East Somerset 010A","E01014373",656,448,220,228,0,107,28,79,89,78,11,12
"2011","Bath and North East Somerset 010B","E01014374",642,455,259,196,0,130,27,103,42,33,9,15
"2011","Bath and North East Somerset 010C","E01014375",515,425,256,169,1,9,0,9,64,54,10,16
"2011","Bath and North East Somerset 010D","E01014376",633,567,341,226,0,7,2,5,55,51,4,4
"2011","Bath and North East Somerset 010E","E01014377",656,577,379,198,1,13,1,12,52,48,4,13
"2011","Bath and North East Somerset 010G","E01033078",706,540,329,211,3,19,3,16,116,101,15,28
"2011","Bath and North East Somerset 010H","E01033079",471,364,192,172,1,50,8,42,48,43,5,8
"2011","Bath and North East Somerset 011A","E01014461",461,252,106,146,1,143,54,89,59,49,10,6
"2011","Bath and North East Somerset 011B","E01014462",617,234,98,136,1,332,84,248,37,32,5,13
"2011","Bath and North East Somerset 011C","E01014463",589,244,93,151,1,297,86,211,42,33,9,5
"2011","Bath and North East Somerset 011D","E01014464",606,195,80,115,3,326,104,222,71,68,3,11
"2011","Bath and North East Somerset 012A","E01014380",517,443,316,127,3,6,1,5,57,54,3,8
"2011","Bath and North East Somerset 012B","E01014381",660,496,366,130,2,12,3,9,143,135,8,7
"2011","Bath and North East Somerset 012C","E01014481",562,279,144,135,3,17,3,14,255,243,12,8
"2011","Bath and North East Somerset 012D","E01014482",510,418,256,162,1,4,1,3,79,75,4,8
"2011","Bath and North East Somerset 012E","E01014483",640,334,183,151,8,91,23,68,194,180,14,13
"2011","Bath and North East Somerset 012F","E01014484",611,292,142,150,1,24,5,19,285,280,5,9
"2011","Bath and North East Somerset 013A","E01014473",577,345,186,159,4,8,2,6,215,202,13,5
"2011","Bath and North East Somerset 013B","E01014474",492,271,128,143,2,93,43,50,119,114,5,7
"2011","Bath and North East Somerset 013C","E01014475",623,314,155,159,0,72,6,66,229,205,24,8
"2011","Bath and North East Somerset 013D","E01014476",524,327,175,152,2,12,5,7,181,169,12,2
"2011","Bath and North East Somerset 014A","E01014435",525,254,143,111,7,13,2,11,245,231,14,6
"2011","Bath and North East Somerset 014B","E01014436",616,320,172,148,8,112,28,84,169,160,9,7
"2011","Bath and North East Somerset 014C","E01014437",637,331,160,171,8,219,57,162,69,60,9,10
"2011","Bath and North East Somerset 014D","E01014438",499,278,120,158,1,146,37,109,71,60,11,3
"2011","Bath and North East Somerset 015A","E01014455",567,339,163,176,2,158,42,116,60,53,7,8
"2011","Bath and North East Somerset 015B","E01014456",625,447,222,225,8,96,27,69,69,63,6,5
"2011","Bath and North East Somerset 015C","E01014457",613,522,316,206,6,22,4,18,59,51,8,4
"2011","Bath and North East Somerset 015D","E01014458",522,197,85,112,5,257,97,160,49,43,6,14
"2011","Bath and North East Somerset 016A","E01014391",611,473,262,211,0,67,13,54,62,59,3,9
"2011","Bath and North East Somerset 016B","E01014392",426,344,206,138,0,41,11,30,36,32,4,5
"2011","Bath and North East Somerset 016C","E01014452",658,468,279,189,2,140,35,105,40,32,8,8
"2011","Bath and North East Somerset 016D","E01014453",503,463,282,181,5,9,3,6,18,17,1,8
"2011","Bath and North East Somerset 016E","E01014454",519,496,261,235,0,6,1,5,15,14,1,2
"2011","Bath and North East Somerset 016F","E01014459",612,402,206,196,2,131,25,106,60,49,11,17
"2011","Bath and North East Somerset 016G","E01014460",501,448,272,176,2,12,3,9,29,23,6,10
"2011","Bath and North East Somerset 017A","E01014415",771,574,276,298,0,19,3,16,172,166,6,6
"2011","Bath and North East Somerset 017B","E01014416",726,518,301,217,12,118,5,113,72,68,4,6
"2011","Bath and North East Somerset 017C","E01014417",743,625,391,234,2,25,4,21,80,73,7,11
"2011","Bath and North East Somerset 018A","E01014387",505,340,191,149,2,88,23,65,70,65,5,5
"2011","Bath and North East Somerset 018B","E01014388",546,450,287,163,0,17,7,10,69,66,3,10
"2011","Bath and North East Somerset 018C","E01014389",620,408,243,165,2,125,19,106,83,78,5,2
"2011","Bath and North East Somerset 018D","E01014390",665,211,85,126,0,400,152,248,45,42,3,9
"2011","Bath and North East Somerset 019A","E01014431",511,331,143,188,1,96,40,56,76,65,11,7
"2011","Bath and North East Somerset 019B","E01014432",543,322,176,146,10,109,33,76,95,90,5,7
"2011","Bath and North East Somerset 019C","E01014433",553,290,112,178,19,152,13,139,87,80,7,5
"2011","Bath and North East Somerset 019D","E01014434",757,591,293,298,16,61,15,46,83,78,5,6
"2011","Bath and North East Somerset 020A","E01014385",508,417,217,200,1,37,7,30,46,41,5,7
"2011","Bath and North East Somerset 020B","E01014386",454,378,180,198,1,41,9,32,30,28,2,4
"2011","Bath and North East Somerset 020C","E01014419",483,353,159,194,0,76,17,59,44,40,4,10
"2011","Bath and North East Somerset 020D","E01014446",448,347,164,183,5,37,7,30,54,50,4,5
"2011","Bath and North East Somerset 020E","E01014447",499,408,191,217,0,47,8,39,35,31,4,9
"2011","Bath and North East Somerset 021A","E01014382",944,756,441,315,8,75,11,64,91,69,22,14
"2011","Bath and North East Somerset 021B","E01014383",424,347,193,154,0,33,7,26,40,31,9,4
"2011","Bath and North East Somerset 021C","E01014384",546,438,247,191,4,45,9,36,44,40,4,15
"2011","Bath and North East Somerset 021D","E01014418",565,456,271,185,1,46,16,30,51,42,9,11
"2011","Bath and North East Somerset 022A","E01014379",841,611,348,263,2,66,12,54,146,128,18,16
"2011","Bath and North East Somerset 022B","E01014442",705,551,217,334,3,42,8,34,98,90,8,11
"2011","Bath and North East Somerset 022C","E01014443",658,561,271,290,1,17,3,14,73,68,5,6
"2011","Bath and North East Somerset 022D","E01014444",588,503,197,306,2,9,3,6,71,64,7,3
"2011","Bath and North East Somerset 022E","E01014445",681,355,135,220,17,208,61,147,87,80,7,14
"2011","Bath and North East Somerset 023A","E01014393",511,458,247,211,4,7,4,3,39,34,5,3
"2011","Bath and North East Somerset 023B","E01014394",675,538,268,270,0,72,19,53,56,46,10,9
"2011","Bath and North East Somerset 023C","E01014439",713,467,241,226,2,181,55,126,53,47,6,10
"2011","Bath and North East Somerset 023D","E01014440",761,609,267,342,5,41,13,28,100,95,5,6
"2011","Bath and North East Somerset 023E","E01014441",711,626,350,276,1,3,0,3,75,62,13,6
"2011","Bath and North East Somerset 024A","E01014448",679,411,193,218,0,184,65,119,74,63,11,10
"2011","Bath and North East Somerset 024B","E01014449",568,446,146,300,2,37,3,34,74,69,5,9
"2011","Bath and North East Somerset 024C","E01014450",533,279,111,168,2,201,55,146,45,36,9,6
"2011","Bath and North East Somerset 024D","E01014451",520,379,154,225,2,54,9,45,74,70,4,11
"2011","Bath and North East Somerset 025A","E01014420",691,490,172,318,4,63,23,40,127,117,10,7
"2011","Bath and North East Somerset 025B","E01014421",528,477,219,258,0,18,7,11,29,26,3,4
"2011","Bath and North East Somerset 025C","E01014422",622,556,302,254,0,18,0,18,47,44,3,1
"2011","Bath and North East Somerset 025D","E01014423",614,444,216,228,0,15,4,11,144,130,14,11
"2011","Bath and North East Somerset 026A","E01014469",490,330,154,176,1,111,46,65,32,27,5,16
"2011","Bath and North East Somerset 026B","E01014470",618,532,206,326,8,29,4,25,47,39,8,2
"2011","Bath and North East Somerset 026C","E01014471",645,471,189,282,7,59,22,37,99,87,12,9
"2011","Bath and North East Somerset 026D","E01014472",546,465,222,243,0,28,0,28,52,47,5,1
"2011","Bath and North East Somerset 027A","E01014424",664,585,336,249,0,19,3,16,56,53,3,4
"2011","Bath and North East Somerset 027B","E01014425",829,657,383,274,1,86,8,78,76,71,5,9
"2011","Bath and North East Somerset 027C","E01014426",637,386,215,171,1,191,51,140,45,38,7,14
"2011","Bournemouth 001A","E01015301",671,524,303,221,3,63,52,11,72,67,5,9
"2011","Bournemouth 001B","E01015303",661,483,265,218,4,62,40,22,102,93,9,10
"2011","Bournemouth 001C","E01015305",624,367,164,203,5,195,175,20,44,35,9,13
"2011","Bournemouth 001D","E01015306",732,430,253,177,5,232,81,151,57,50,7,8
"2011","Bournemouth 002A","E01015302",842,622,344,278,2,96,89,7,112,102,10,10
"2011","Bournemouth 002B","E01015304",782,386,164,222,4,314,304,10,60,50,10,18
"2011","Bournemouth 002C","E01015308",718,404,153,251,1,202,135,67,102,98,4,9
"2011","Bournemouth 002D","E01015311",685,628,428,200,2,15,13,2,35,26,9,5
"2011","Bournemouth 003A","E01015332",701,583,352,231,1,9,4,5,105,94,11,3
"2011","Bournemouth 003B","E01015333",677,607,332,275,2,12,11,1,48,43,5,8
"2011","Bournemouth 003C","E01015334",678,494,280,214,6,110,84,26,59,50,9,9
"2011","Bournemouth 003D","E01015335",703,588,296,292,2,16,2,14,91,83,8,6
"2011","Bournemouth 003E","E01015337",727,556,257,299,4,23,4,19,138,129,9,6
"2011","Bournemouth 004A","E01015343",639,431,210,221,4,128,121,7,68,58,10,8
"2011","Bournemouth 004B","E01015349",656,504,237,267,2,49,23,26,97,90,7,4
"2011","Bournemouth 004C","E01015351",606,490,193,297,3,9,5,4,102,95,7,2
"2011","Bournemouth 004D","E01015352",643,509,177,332,9,22,4,18,100,88,12,3
"2011","Bournemouth 004E","E01015353",494,355,158,197,9,42,7,35,85,80,5,3
"2011","Bournemouth 004F","E01015354",712,518,225,293,15,41,4,37,130,116,14,8
"2011","Bournemouth 005A","E01015307",598,251,99,152,0,293,273,20,45,42,3,9
"2011","Bournemouth 005B","E01015309",585,221,87,134,4,302,267,35,49,45,4,9
"2011","Bournemouth 005C","E01015312",519,240,120,120,18,221,145,76,32,29,3,8
"2011","Bournemouth 005D","E01015313",518,159,45,114,1,326,227,99,26,24,2,6
"2011","Bournemouth 005E","E01015359",756,392,171,221,7,223,211,12,122,107,15,12
"2011","Bournemouth 006A","E01015320",671,560,234,326,6,8,0,8,93,87,6,4
"2011","Bournemouth 006B","E01015323",593,501,200,301,0,1,1,0,88,78,10,3
"2011","Bournemouth 006C","E01015324",659,432,177,255,5,36,13,23,176,164,12,10
"2011","Bournemouth 006D","E01015325",648,552,205,347,1,7,1,6,81,70,11,7
"2011","Bournemouth 006E","E01015350",617,561,302,259,1,5,0,5,45,39,6,5
"2011","Bournemouth 007A","E01015310",606,348,153,195,3,171,156,15,79,76,3,5
"2011","Bournemouth 007B","E01015336",674,542,247,295,4,24,14,10,100,88,12,4
"2011","Bournemouth 007C","E01015355",707,526,230,296,5,41,24,17,127,112,15,8
"2011","Bournemouth 007D","E01015357",697,356,164,192,2,223,190,33,97,87,10,19
"2011","Bournemouth 007E","E01015358",733,481,210,271,1,74,27,47,171,155,16,6
"2011","Bournemouth 008A","E01015338",828,265,125,140,15,479,299,180,53,43,10,16
"2011","Bournemouth 008B","E01015339",674,411,191,220,3,156,142,14,94,87,7,10
"2011","Bournemouth 008C","E01015340",723,599,353,246,2,67,62,5,51,45,6,4
"2011","Bournemouth 008D","E01015341",541,221,68,153,3,252,200,52,59,54,5,6
"2011","Bournemouth 009A","E01015321",747,374,118,256,4,173,108,65,186,167,19,10
"2011","Bournemouth 009B","E01015356",684,456,203,253,3,46,5,41,177,168,9,2
"2011","Bournemouth 009C","E01015374",875,310,130,180,3,69,5,64,488,472,16,5
"2011","Bournemouth 009D","E01015375",703,297,139,158,4,54,22,32,337,319,18,11
"2011","Bournemouth 009E","E01015377",608,357,125,232,6,62,22,40,178,164,14,5
"2011","Bournemouth 010A","E01015322",670,531,241,290,1,25,14,11,108,94,14,5
"2011","Bournemouth 010B","E01015330",771,514,232,282,0,68,3,65,179,170,9,10
"2011","Bournemouth 010C","E01015342",615,540,271,269,0,3,1,2,70,67,3,2
"2011","Bournemouth 010D","E01015373",673,381,124,257,2,21,5,16,261,235,26,8
"2011","Bournemouth 010E","E01015378",612,439,147,292,2,17,1,16,151,141,10,3
"2011","Bournemouth 011A","E01015314",615,516,239,277,0,35,33,2,59,51,8,5
"2011","Bournemouth 011B","E01015315",733,663,356,307,1,4,3,1,58,51,7,7
"2011","Bournemouth 011C","E01015318",715,473,208,265,2,28,1,27,210,196,14,2
"2011","Bournemouth 011D","E01015319",626,412,191,221,0,24,5,19,182,113,69,8
"2011","Bournemouth 012A","E01015344",719,573,330,243,2,6,2,4,132,122,10,6
"2011","Bournemouth 012B","E01015346",678,327,151,176,1,101,7,94,241,232,9,8
"2011","Bournemouth 012C","E01015348",767,576,351,225,1,21,1,20,166,159,7,3
"2011","Bournemouth 012D","E01015360",601,371,162,209,2,10,2,8,212,205,7,6
"2011","Bournemouth 013A","E01015326",815,444,157,287,4,16,1,15,345,327,18,6
"2011","Bournemouth 013B","E01015331",1015,433,160,273,22,74,24,50,476,441,35,10
"2011","Bournemouth 013C","E01015345",728,349,122,227,6,15,1,14,353,335,18,5
"2011","Bournemouth 013D","E01015376",613,337,120,217,6,11,2,9,255,243,12,4
"2011","Bournemouth 014A","E01015316",674,586,317,269,0,9,1,8,69,62,7,10
"2011","Bournemouth 014B","E01015317",683,496,219,277,3,87,82,5,84,72,12,13
"2011","Bournemouth 014C","E01015361",545,388,143,245,0,39,22,17,110,107,3,8
"2011","Bournemouth 014D","E01015362",464,233,74,159,4,186,88,98,35,33,2,6
"2011","Bournemouth 014E","E01015363",669,470,163,307,3,31,1,30,161,146,15,4
"2011","Bournemouth 015A","E01015292",737,333,128,205,2,92,39,53,304,291,13,6
"2011","Bournemouth 015B","E01015293",644,314,110,204,3,97,17,80,225,216,9,5
"2011","Bournemouth 015C","E01015294",831,354,106,248,12,98,25,73,364,351,13,3
"2011","Bournemouth 015D","E01015327",783,399,143,256,4,98,1,97,273,261,12,9
"2011","Bournemouth 015E","E01015329",689,394,141,253,1,12,4,8,278,262,16,4
"2011","Bournemouth 016A","E01015272",833,576,374,202,2,20,1,19,225,205,20,10
"2011","Bournemouth 016B","E01015273",938,408,146,262,10,97,12,85,415,396,19,8
"2011","Bournemouth 016C","E01015275",739,394,167,227,5,51,0,51,286,264,22,3
"2011","Bournemouth 016D","E01015276",658,420,144,276,12,34,3,31,186,176,10,6
"2011","Bournemouth 016E","E01015277",847,434,165,269,5,79,6,73,321,314,7,8
"2011","Bournemouth 017A","E01015283",992,269,127,142,4,52,6,46,657,635,22,10
"2011","Bournemouth 017C","E01015286",1086,577,332,245,8,153,5,148,337,313,24,11
"2011","Bournemouth 017D","E01015287",1183,399,202,197,3,326,79,247,443,414,29,12
"2011","Bournemouth 017E","E01015328",958,348,134,214,4,160,146,14,437,414,23,9
"2011","Bournemouth 017F","E01033242",590,220,124,96,2,35,2,33,330,319,11,3
"2011","Bournemouth 017G","E01033285",624,142,63,79,2,99,72,27,375,360,15,6
"2011","Bournemouth 018A","E01015274",873,524,223,301,4,62,13,49,275,264,11,8
"2011","Bournemouth 018B","E01015297",698,489,308,181,2,16,6,10,185,178,7,6
"2011","Bournemouth 018C","E01015364",684,550,301,249,1,20,2,18,109,102,7,4
"2011","Bournemouth 018D","E01015365",792,351,136,215,2,72,15,57,364,342,22,3
"2011","Bournemouth 018E","E01015366",888,448,255,193,1,125,8,117,302,276,26,12
"2011","Bournemouth 019B","E01015279",991,267,110,157,4,86,9,77,623,599,24,11
"2011","Bournemouth 019C","E01015280",998,272,87,185,13,92,26,66,611,596,15,10
"2011","Bournemouth 019D","E01015281",884,199,70,129,17,189,112,77,473,459,14,6
"2011","Bournemouth 019E","E01015282",1174,178,58,120,10,90,18,72,891,880,11,5
"2011","Bournemouth 019F","E01033241",679,250,128,122,2,17,4,13,403,380,23,7
"2011","Bournemouth 019G","E01033283",715,328,190,138,23,15,3,12,343,330,13,6
"2011","Bournemouth 020A","E01015295",650,583,381,202,2,3,1,2,60,56,4,2
"2011","Bournemouth 020B","E01015296",985,528,319,209,2,93,6,87,343,324,19,19
"2011","Bournemouth 020C","E01015298",794,652,498,154,0,48,15,33,87,82,5,7
"2011","Bournemouth 020D","E01015299",732,572,316,256,5,5,0,5,145,136,9,5
"2011","Bournemouth 020E","E01015300",679,568,318,250,2,6,2,4,100,97,3,3
"2011","Bournemouth 021A","E01015285",1091,389,272,117,13,41,1,40,630,598,32,18
"2011","Bournemouth 021B","E01015288",911,187,60,127,18,180,106,74,519,499,20,7
"2011","Bournemouth 021C","E01015289",1018,384,194,190,4,112,64,48,498,478,20,20
"2011","Bournemouth 021D","E01015290",887,251,119,132,0,129,19,110,493,465,28,14
"2011","Bournemouth 021E","E01015291",1101,600,460,140,3,67,2,65,411,399,12,20
"2011","Bournemouth 023A","E01015371",867,276,106,170,2,99,37,62,482,466,16,8
"2011","Bournemouth 023B","E01015372",1111,506,320,186,18,178,94,84,392,378,14,17
"2011","Bournemouth 023C","E01033286",611,325,168,157,0,34,32,2,248,232,16,4
"2011","Bournemouth 023D","E01033288",615,379,181,198,4,43,4,39,180,161,19,9
"2011","Bournemouth 024A","E01015367",1110,334,181,153,80,54,4,50,629,598,31,13
"2011","Bournemouth 024B","E01015368",1019,675,488,187,5,6,2,4,319,305,14,14
"2011","Bournemouth 024C","E01015369",958,605,383,222,2,31,0,31,305,280,25,15
"2011","Bournemouth 024D","E01015370",811,463,219,244,5,6,0,6,331,312,19,6
"2011","Bristol 001A","E01014601",687,456,239,217,1,167,159,8,54,51,3,9
"2011","Bristol 001B","E01014602",825,345,161,184,1,398,369,29,66,62,4,15
"2011","Bristol 001C","E01014603",960,579,236,343,23,202,164,38,144,134,10,12
"2011","Bristol 001E","E01014605",810,209,97,112,1,487,435,52,88,85,3,25
"2011","Bristol 001G","E01032516",830,596,290,306,3,125,95,30,88,81,7,18
"2011","Bristol 001H","E01032517",694,352,172,180,2,229,220,9,89,81,8,22
"2011","Bristol 002A","E01014688",644,255,107,148,1,289,269,20,96,90,6,3
"2011","Bristol 002B","E01014689",637,143,44,99,2,411,375,36,58,55,3,23
"2011","Bristol 002C","E01014690",792,397,136,261,14,281,219,62,86,73,13,14
"2011","Bristol 002D","E01014691",853,465,251,214,16,286,228,58,73,66,7,13
"2011","Bristol 002E","E01014692",606,274,97,177,6,212,177,35,104,94,10,10
"2011","Bristol 002F","E01014693",651,514,248,266,9,15,12,3,104,95,9,9
"2011","Bristol 002G","E01014694",667,371,157,214,0,168,166,2,111,105,6,17
"2011","Bristol 003A","E01014497",670,328,143,185,1,278,254,24,48,39,9,15
"2011","Bristol 003B","E01014498",658,304,152,152,0,305,281,24,44,38,6,5
"2011","Bristol 003C","E01014638",788,222,112,110,3,482,324,158,62,59,3,19
"2011","Bristol 003D","E01014639",625,142,62,80,0,442,384,58,36,32,4,5
"2011","Bristol 003E","E01014640",590,306,149,157,2,238,214,24,37,31,6,7
"2011","Bristol 004A","E01014631",520,323,163,160,7,116,75,41,61,55,6,13
"2011","Bristol 004B","E01014632",618,376,192,184,1,94,65,29,144,134,10,3
"2011","Bristol 004C","E01014633",663,462,234,228,2,91,86,5,103,97,6,5
"2011","Bristol 004D","E01014636",635,260,133,127,5,295,286,9,60,52,8,15
"2011","Bristol 005A","E01014630",885,233,70,163,44,420,155,265,178,169,9,10
"2011","Bristol 005B","E01014634",694,369,165,204,1,31,21,10,290,277,13,3
"2011","Bristol 005C","E01014659",880,305,90,215,26,348,159,189,190,176,14,11
"2011","Bristol 005D","E01014661",600,310,120,190,5,187,170,17,89,80,9,9
"2011","Bristol 006A","E01014616",684,495,315,180,3,52,48,4,118,113,5,16
"2011","Bristol 006B","E01014719",628,438,216,222,4,37,14,23,138,129,9,11
"2011","Bristol 006C","E01014720",777,488,250,238,2,185,161,24,93,83,10,9
"2011","Bristol 006D","E01014721",647,499,254,245,3,87,57,30,49,42,7,9
"2011","Bristol 007A","E01014641",625,461,257,204,1,110,108,2,46,44,2,7
"2011","Bristol 007B","E01014642",608,386,195,191,3,137,116,21,69,56,13,13
"2011","Bristol 007C","E01014643",547,257,108,149,2,243,212,31,39,33,6,6
"2011","Bristol 007D","E01014644",613,378,174,204,2,179,169,10,47,41,6,7
"2011","Bristol 008A","E01014492",741,355,194,161,4,299,240,59,71,66,5,12
"2011","Bristol 008B","E01014493",609,356,145,211,6,164,145,19,73,65,8,10
"2011","Bristol 008C","E01014494",623,498,240,258,0,41,36,5,75,66,9,9
"2011","Bristol 008D","E01014495",733,485,248,237,6,138,110,28,96,87,9,8
"2011","Bristol 008E","E01014496",680,409,157,252,1,95,80,15,169,161,8,6
"2011","Bristol 008F","E01014499",609,372,141,231,1,153,145,8,74,68,6,9
"2011","Bristol 009A","E01014715",616,555,282,273,0,15,14,1,38,34,4,8
"2011","Bristol 009B","E01014716",614,568,336,232,1,5,4,1,38,35,3,2
"2011","Bristol 009C","E01014717",637,464,285,179,6,130,16,114,28,22,6,9
"2011","Bristol 009D","E01014718",637,544,317,227,2,7,1,6,80,74,6,4
"2011","Bristol 010A","E01014510",740,478,185,293,10,27,21,6,224,210,14,1
"2011","Bristol 010B","E01014635",769,470,216,254,16,43,28,15,233,224,9,7
"2011","Bristol 010C","E01014637",530,342,144,198,1,13,7,6,165,156,9,9
"2011","Bristol 010D","E01014662",631,373,169,204,5,89,85,4,159,150,9,5
"2011","Bristol 011A","E01014615",609,566,348,218,0,6,5,1,37,32,5,0
"2011","Bristol 011B","E01014617",522,483,242,241,0,4,2,2,34,34,0,1
"2011","Bristol 011C","E01014618",624,580,341,239,0,2,2,0,36,31,5,6
"2011","Bristol 011D","E01014620",634,571,357,214,0,12,3,9,45,42,3,6
"2011","Bristol 012A","E01014571",663,354,158,196,2,193,70,123,103,96,7,11
"2011","Bristol 012B","E01014577",640,489,247,242,4,17,9,8,121,112,9,9
"2011","Bristol 012C","E01014586",719,473,271,202,2,132,124,8,85,79,6,27
"2011","Bristol 012D","E01014587",608,353,185,168,2,162,156,6,77,67,10,14
"2011","Bristol 013A","E01014588",747,434,237,197,4,149,33,116,154,143,11,6
"2011","Bristol 013B","E01014589",630,177,83,94,2,381,364,17,48,41,7,22
"2011","Bristol 013C","E01014590",728,400,229,171,6,106,69,37,201,189,12,15
"2011","Bristol 013D","E01014591",800,638,350,288,2,43,37,6,114,101,13,3
"2011","Bristol 013E","E01014592",694,436,204,232,10,104,46,58,136,126,10,8
"2011","Bristol 014A","E01014660",667,261,117,144,5,290,242,48,93,82,11,18
"2011","Bristol 014B","E01014663",616,271,120,151,4,252,238,14,70,62,8,19
"2011","Bristol 014C","E01014664",664,360,162,198,2,174,150,24,112,105,7,16
"2011","Bristol 014D","E01014665",779,569,266,303,1,42,26,16,157,147,10,10
"2011","Bristol 015A","E01014709",596,481,309,172,0,5,3,2,101,97,4,9
"2011","Bristol 015B","E01014710",529,400,233,167,0,12,9,3,103,96,7,14
"2011","Bristol 015C","E01014711",527,478,304,174,0,8,8,0,37,34,3,4
"2011","Bristol 015D","E01014712",500,369,194,175,0,75,69,6,50,48,2,6
"2011","Bristol 015E","E01014713",565,484,296,188,1,8,7,1,69,65,4,3
"2011","Bristol 015F","E01014714",524,466,265,201,0,2,1,1,44,41,3,12
"2011","Bristol 016A","E01014507",673,422,157,265,4,23,5,18,219,211,8,5
"2011","Bristol 016B","E01014508",510,328,134,194,1,22,13,9,156,156,0,3
"2011","Bristol 016C","E01014509",855,546,160,386,4,29,26,3,272,259,13,4
"2011","Bristol 016D","E01014511",517,386,155,231,0,7,5,2,121,116,5,3
"2011","Bristol 016E","E01014512",587,410,174,236,8,51,11,40,114,109,5,4
"2011","Bristol 016F","E01014513",619,523,240,283,0,7,7,0,86,82,4,3
"2011","Bristol 016G","E01014514",817,489,203,286,5,18,7,11,298,279,19,7
"2011","Bristol 017A","E01014619",602,426,191,235,0,25,16,9,146,143,3,5
"2011","Bristol 017B","E01014621",581,383,169,214,2,76,32,44,115,110,5,5
"2011","Bristol 017C","E01014666",660,507,220,287,2,48,6,42,96,92,4,7
"2011","Bristol 017D","E01014667",625,439,176,263,1,10,1,9,169,161,8,6
"2011","Bristol 017E","E01014672",962,503,260,243,0,57,6,51,389,370,19,13
"2011","Bristol 018A","E01014624",667,402,169,233,1,150,129,21,99,90,9,15
"2011","Bristol 018D","E01014629",544,297,115,182,2,157,152,5,79,75,4,9
"2011","Bristol 018E","E01032518",737,325,122,203,0,319,243,76,76,65,11,17
"2011","Bristol 018F","E01032519",500,370,172,198,0,35,31,4,92,77,15,3
"2011","Bristol 019A","E01014572",796,396,132,264,11,53,15,38,327,313,14,9
"2011","Bristol 019B","E01014573",803,514,215,299,6,26,14,12,251,237,14,6
"2011","Bristol 019C","E01014575",656,348,142,206,5,130,26,104,159,147,12,14
"2011","Bristol 019D","E01014576",833,544,238,306,7,99,70,29,168,151,17,15
"2011","Bristol 020A","E01014487",819,338,151,187,1,38,9,29,437,415,22,5
"2011","Bristol 020B","E01014491",764,478,188,290,2,26,12,14,245,229,16,13
"2011","Bristol 020C","E01014668",620,407,179,228,0,7,5,2,203,195,8,3
"2011","Bristol 020D","E01014669",621,332,141,191,1,19,8,11,266,259,7,3
"2011","Bristol 020E","E01014670",596,339,134,205,1,13,2,11,236,231,5,7
"2011","Bristol 020F","E01014671",663,288,117,171,0,67,9,58,304,289,15,4
"2011","Bristol 021A","E01014622",625,427,202,225,4,42,25,17,147,132,15,5
"2011","Bristol 021B","E01014623",642,412,176,236,2,93,57,36,126,117,9,9
"2011","Bristol 021C","E01014626",913,468,188,280,7,223,144,79,202,182,20,13
"2011","Bristol 021D","E01014627",903,588,252,336,31,57,34,23,211,197,14,16
"2011","Bristol 022A","E01014557",589,305,153,152,3,24,5,19,253,243,10,4
"2011","Bristol 022B","E01014558",775,194,78,116,1,51,8,43,519,506,13,10
"2011","Bristol 022C","E01014559",816,406,209,197,2,32,12,20,369,361,8,7
"2011","Bristol 022D","E01014560",778,318,144,174,1,51,5,46,406,390,16,2
"2011","Bristol 022E","E01014562",655,230,102,128,4,17,7,10,401,393,8,3
"2011","Bristol 023A","E01014485",828,486,228,258,3,127,54,73,203,174,29,9
"2011","Bristol 023B","E01014486",1084,337,143,194,7,376,120,256,350,327,23,14
"2011","Bristol 023C","E01014488",797,376,153,223,3,173,87,86,240,226,14,5
"2011","Bristol 023D","E01014489",1140,389,148,241,10,338,49,289,392,368,24,11
"2011","Bristol 023F","E01033347",608,118,25,93,5,222,23,199,243,235,8,20
"2011","Bristol 023G","E01033348",537,51,23,28,48,232,58,174,197,190,7,9
"2011","Bristol 023H","E01033366",575,55,20,35,27,385,281,104,88,85,3,20
"2011","Bristol 025A","E01014539",784,341,180,161,7,70,25,45,356,338,18,10
"2011","Bristol 025C","E01014561",774,334,148,186,1,52,20,32,378,366,12,9
"2011","Bristol 025D","E01014563",802,258,95,163,1,77,32,45,462,439,23,4
"2011","Bristol 025E","E01033342",887,98,46,52,10,200,90,110,567,522,45,12
"2011","Bristol 025F","E01033367",666,110,41,69,4,270,210,60,262,250,12,20
"2011","Bristol 026A","E01014551",813,240,83,157,3,31,2,29,535,515,20,4
"2011","Bristol 026B","E01014552",775,321,149,172,1,33,6,27,410,396,14,10
"2011","Bristol 026C","E01014553",759,274,128,146,1,16,8,8,462,447,15,6
"2011","Bristol 026D","E01014554",832,320,137,183,4,23,2,21,469,458,11,16
"2011","Bristol 026E","E01014556",859,478,259,219,2,17,9,8,350,336,14,12
"2011","Bristol 027A","E01014673",817,483,180,303,0,58,23,35,270,257,13,6
"2011","Bristol 027B","E01014674",647,432,178,254,6,83,65,18,118,110,8,8
"2011","Bristol 027C","E01014675",662,452,194,258,3,44,36,8,155,142,13,8
"2011","Bristol 027D","E01014676",669,423,211,212,10,154,66,88,73,65,8,9
"2011","Bristol 028A","E01014682",647,452,195,257,1,35,8,27,158,152,6,1
"2011","Bristol 028B","E01014683",840,375,152,223,3,228,95,133,225,218,7,9
"2011","Bristol 028C","E01014685",623,323,112,211,5,190,170,20,98,96,2,7
"2011","Bristol 028D","E01014686",704,453,189,264,3,115,101,14,125,116,9,8
"2011","Bristol 028E","E01014687",704,413,174,239,3,103,92,11,163,154,9,22
"2011","Bristol 029A","E01014565",778,360,124,236,3,144,120,24,254,244,10,17
"2011","Bristol 029B","E01014566",819,402,141,261,3,46,40,6,365,350,15,3
"2011","Bristol 029C","E01014567",894,478,149,329,4,36,16,20,371,364,7,5
"2011","Bristol 029D","E01014681",1061,529,196,333,10,180,87,93,324,312,12,18
"2011","Bristol 029E","E01014684",840,413,124,289,6,34,20,14,380,362,18,7
"2011","Bristol 030A","E01014544",577,300,182,118,3,8,6,2,247,228,19,19
"2011","Bristol 030B","E01014545",809,349,195,154,0,69,5,64,369,359,10,22
"2011","Bristol 030C","E01014546",736,232,135,97,6,16,6,10,459,439,20,23
"2011","Bristol 030D","E01014547",857,432,224,208,4,13,11,2,405,394,11,3
"2011","Bristol 032A","E01014538",676,178,87,91,2,67,10,57,423,386,37,6
"2011","Bristol 032B","E01014540",1164,210,110,100,2,289,164,125,631,593,38,32
"2011","Bristol 032C","E01014542",865,145,72,73,10,105,10,95,595,539,56,10
"2011","Bristol 032E","E01033344",646,181,86,95,23,155,11,144,274,258,16,13
"2011","Bristol 032F","E01033345",661,149,75,74,47,61,5,56,396,378,18,8
"2011","Bristol 032G","E01033350",635,291,138,153,4,66,45,21,262,250,12,12
"2011","Bristol 033A","E01014677",662,454,170,284,1,29,0,29,173,162,11,5
"2011","Bristol 033B","E01014678",674,499,242,257,0,38,28,10,133,121,12,4
"2011","Bristol 033C","E01014679",662,493,216,277,5,34,17,17,126,114,12,4
"2011","Bristol 033D","E01014680",515,460,217,243,3,4,4,0,46,39,7,2
"2011","Bristol 034A","E01014548",832,340,175,165,3,131,77,54,350,336,14,8
"2011","Bristol 034B","E01014549",550,218,113,105,2,157,122,35,160,152,8,13
"2011","Bristol 034C","E01014550",895,482,235,247,20,52,7,45,333,310,23,8
"2011","Bristol 034D","E01014555",711,193,79,114,0,129,8,121,375,356,19,14
"2011","Bristol 035A","E01014528",686,497,158,339,7,10,6,4,168,153,15,4
"2011","Bristol 035B","E01014529",596,309,78,231,7,192,175,17,79,75,4,9
"2011","Bristol 035C","E01014530",684,430,145,285,5,60,56,4,184,171,13,5
"2011","Bristol 035D","E01014531",754,482,178,304,1,25,17,8,236,219,17,10
"2011","Bristol 035E","E01014532",631,429,153,276,2,89,10,79,107,94,13,4
"2011","Bristol 035F","E01014537",756,436,186,250,30,160,28,132,125,113,12,5
"2011","Bristol 036A","E01014695",852,332,136,196,6,348,284,64,158,147,11,8
"2011","Bristol 036B","E01014696",695,446,150,296,2,34,15,19,208,203,5,5
"2011","Bristol 036C","E01014698",857,486,173,313,4,79,18,61,283,269,14,5
"2011","Bristol 036D","E01014699",706,279,101,178,9,196,140,56,212,203,9,10
"2011","Bristol 036E","E01014700",652,488,248,240,2,15,7,8,141,128,13,6
"2011","Bristol 036F","E01014701",712,409,162,247,1,53,23,30,244,231,13,5
"2011","Bristol 037A","E01014730",883,284,89,195,89,163,24,139,342,330,12,5
"2011","Bristol 037B","E01014731",775,390,112,278,3,116,38,78,259,245,14,7
"2011","Bristol 037C","E01014732",799,384,123,261,4,91,27,64,314,301,13,6
"2011","Bristol 037D","E01014735",755,528,220,308,5,58,36,22,159,145,14,5
"2011","Bristol 038A","E01014523",548,447,244,203,2,44,28,16,50,46,4,5
"2011","Bristol 038B","E01014524",591,475,230,245,3,44,41,3,65,56,9,4
"2011","Bristol 038C","E01014525",651,492,181,311,3,29,29,0,120,111,9,7
"2011","Bristol 038D","E01014526",672,346,152,194,4,261,256,5,50,47,3,11
"2011","Bristol 038E","E01014527",660,363,164,199,2,170,157,13,119,112,7,6
"2011","Bristol 039A","E01014500",686,474,220,254,8,40,35,5,163,149,14,1
"2011","Bristol 039B","E01014502",750,427,195,232,2,189,138,51,113,98,15,19
"2011","Bristol 039E","E01033359",704,116,31,85,5,201,22,179,377,360,17,5
"2011","Bristol 039F","E01033361",717,154,73,81,2,264,238,26,266,253,13,31
"2011","Bristol 039G","E01033362",685,208,98,110,27,92,17,75,355,347,8,3
"2011","Bristol 039H","E01033364",780,404,129,275,9,103,95,8,258,238,20,6
"2011","Bristol 040A","E01014729",585,258,91,167,8,198,185,13,100,93,7,21
"2011","Bristol 040B","E01014733",741,431,145,286,1,114,86,28,191,181,10,4
"2011","Bristol 040C","E01014734",678,418,157,261,3,80,76,4,170,161,9,7
"2011","Bristol 040D","E01014736",827,410,165,245,11,208,139,69,182,171,11,16
"2011","Bristol 041A","E01014501",756,501,272,229,2,159,157,2,77,72,5,17
"2011","Bristol 041B","E01014504",656,461,185,276,2,32,16,16,160,150,10,1
"2011","Bristol 041C","E01014505",824,521,195,326,6,50,47,3,242,230,12,5
"2011","Bristol 041D","E01014506",599,543,283,260,1,17,17,0,37,31,6,1
"2011","Bristol 042A","E01014645",688,440,223,217,2,157,58,99,80,64,16,9
"2011","Bristol 042B","E01014646",633,464,229,235,1,101,86,15,65,57,8,2
"2011","Bristol 042C","E01014648",675,486,193,293,1,40,18,22,144,135,9,4
"2011","Bristol 042D","E01014649",670,517,265,252,1,22,10,12,127,118,9,3
"2011","Bristol 042E","E01014651",676,544,234,310,3,10,1,9,117,107,10,2
"2011","Bristol 043A","E01014533",619,461,186,275,1,10,6,4,142,135,7,5
"2011","Bristol 043B","E01014534",650,467,177,290,0,54,26,28,126,120,6,3
"2011","Bristol 043C","E01014535",757,597,282,315,9,51,25,26,96,85,11,4
"2011","Bristol 043D","E01014536",672,372,194,178,0,248,240,8,46,41,5,6
"2011","Bristol 044A","E01014578",645,386,160,226,22,169,156,13,58,54,4,10
"2011","Bristol 044B","E01014583",529,222,86,136,2,254,252,2,41,41,0,10
"2011","Bristol 044C","E01014585",711,172,58,114,5,442,333,109,77,68,9,15
"2011","Bristol 044D","E01014647",613,294,105,189,1,249,245,4,53,49,4,16
"2011","Bristol 044E","E01014650",620,447,210,237,12,103,100,3,52,45,7,6
"2011","Bristol 045A","E01014579",546,370,171,199,0,101,94,7,72,70,2,3
"2011","Bristol 045B","E01014580",666,242,101,141,2,352,336,16,49,44,5,21
"2011","Bristol 045C","E01014581",641,219,86,133,0,341,272,69,56,48,8,25
"2011","Bristol 045D","E01014582",520,243,98,145,8,187,180,7,71,65,6,11
"2011","Bristol 045E","E01014584",468,228,79,149,0,194,192,2,33,32,1,13
"2011","Bristol 046A","E01014518",720,493,219,274,3,87,75,12,128,120,8,9
"2011","Bristol 046B","E01014519",552,368,170,198,2,107,91,16,61,57,4,14
"2011","Bristol 046C","E01014520",652,548,327,221,3,36,24,12,54,48,6,11
"2011","Bristol 046D","E01014521",510,381,196,185,10,62,54,8,52,45,7,5
"2011","Bristol 047A","E01014607",541,458,211,247,5,10,4,6,67,63,4,1
"2011","Bristol 047B","E01014608",719,380,135,245,4,256,165,91,71,67,4,8
"2011","Bristol 047C","E01014609",704,428,157,271,2,174,146,28,87,78,9,13
"2011","Bristol 047D","E01014610",715,272,113,159,5,287,131,156,137,127,10,14
"2011","Bristol 047E","E01014613",659,489,240,249,15,47,40,7,105,93,12,3
"2011","Bristol 047F","E01014614",498,433,230,203,2,20,16,4,42,35,7,1
"2011","Bristol 048A","E01014594",640,217,113,104,0,371,331,40,39,34,5,13
"2011","Bristol 048B","E01014598",616,557,329,228,2,13,10,3,37,34,3,7
"2011","Bristol 048C","E01014599",533,438,203,235,2,17,11,6,73,62,11,3
"2011","Bristol 048D","E01014600",585,375,183,192,8,135,71,64,63,53,10,4
"2011","Bristol 049A","E01014702",599,519,273,246,0,40,22,18,37,33,4,3
"2011","Bristol 049B","E01014703",676,352,135,217,4,252,249,3,56,52,4,12
"2011","Bristol 049C","E01014704",742,477,195,282,12,158,106,52,89,83,6,6
"2011","Bristol 049D","E01014705",616,485,271,214,0,99,14,85,28,21,7,4
"2011","Bristol 049E","E01014706",624,293,150,143,1,257,203,54,65,57,8,8
"2011","Bristol 049F","E01014707",626,531,310,221,2,45,12,33,45,41,4,3
"2011","Bristol 049G","E01014708",708,566,297,269,1,79,79,0,58,47,11,4
"2011","Bristol 050A","E01014515",618,362,205,157,4,194,140,54,52,41,11,6
"2011","Bristol 050B","E01014516",636,216,99,117,3,370,305,65,28,24,4,19
"2011","Bristol 050C","E01014517",495,217,95,122,4,216,202,14,45,39,6,13
"2011","Bristol 050D","E01014522",732,369,152,217,1,273,217,56,71,61,10,18
"2011","Bristol 051A","E01014593",572,194,85,109,1,321,257,64,44,40,4,12
"2011","Bristol 051B","E01014595",642,309,136,173,6,271,187,84,46,40,6,10
"2011","Bristol 051C","E01014596",603,290,148,142,1,257,218,39,36,29,7,19
"2011","Bristol 051D","E01014597",618,299,157,142,0,274,231,43,35,29,6,10
"2011","Bristol 052A","E01014611",560,512,307,205,0,19,15,4,26,23,3,3
"2011","Bristol 052B","E01014612",625,486,257,229,2,65,57,8,62,54,8,10
"2011","Bristol 052C","E01014722",622,573,294,279,4,3,3,0,41,34,7,1
"2011","Bristol 052D","E01014723",533,475,238,237,3,5,3,2,45,39,6,5
"2011","Bristol 052E","E01014725",607,563,313,250,1,6,4,2,33,29,4,4
"2011","Bristol 053B","E01014726",675,156,78,78,2,488,419,69,20,18,2,9
"2011","Bristol 053C","E01014727",631,233,100,133,0,350,314,36,30,26,4,18
"2011","Bristol 053E","E01032514",899,166,78,88,18,659,611,48,31,26,5,25
"2011","Bristol 053F","E01032515",629,366,176,190,2,201,187,14,45,39,6,15
"2011","Bristol 054A","E01033352",678,206,32,174,45,129,71,58,282,273,9,16
"2011","Bristol 054B","E01033353",713,62,17,45,25,290,130,160,322,313,9,14
"2011","Bristol 054C","E01033355",606,158,52,106,4,74,8,66,349,332,17,21
"2011","Bristol 054D","E01033358",689,35,18,17,11,458,345,113,165,162,3,20
"2011","Bristol 054E","E01033370",694,61,24,37,2,403,378,25,214,207,7,14
"2011","Bristol 055A","E01014564",736,374,167,207,4,140,63,77,209,194,15,9
"2011","Bristol 055B","E01014653",1058,193,86,107,14,598,485,113,222,210,12,31
"2011","Bristol 055C","E01014655",1063,327,133,194,2,270,96,174,447,423,24,17
"2011","Bristol 056A","E01014654",879,237,96,141,4,391,333,58,222,206,16,25
"2011","Bristol 056B","E01014658",842,82,33,49,1,674,528,146,73,66,7,12
"2011","Bristol 056C","E01033356",693,113,39,74,1,450,355,95,117,107,10,12
"2011","Bristol 056D","E01033369",601,120,49,71,7,393,355,38,65,63,2,16
"2011","Bristol 057A","E01014568",1007,421,152,269,14,208,80,128,347,308,39,17
"2011","Bristol 057B","E01014569",846,455,180,275,1,106,26,80,275,263,12,9
"2011","Bristol 057C","E01014570",779,498,186,312,0,62,27,35,213,194,19,6
"2011","Bristol 057D","E01014574",989,363,130,233,14,202,117,85,394,378,16,16
"2011","Cornwall 010A","E01018753",686,587,336,251,13,22,8,14,54,46,8,10
"2011","Cornwall 010B","E01018754",684,439,246,193,8,156,117,39,69,63,6,12
"2011","Cornwall 010C","E01018755",654,547,325,222,2,10,10,0,88,77,11,7
"2011","Cornwall 010D","E01018756",745,586,407,179,7,48,32,16,88,75,13,16
"2011","Cornwall 012A","E01018777",865,671,395,276,8,69,54,15,97,79,18,20
"2011","Cornwall 012B","E01018782",630,469,236,233,4,70,59,11,75,65,10,12
"2011","Cornwall 012C","E01018783",674,557,327,230,1,30,24,6,76,64,12,10
"2011","Cornwall 012D","E01018784",650,508,323,185,5,50,40,10,73,61,12,14
"2011","Cornwall 013A","E01018750",953,739,394,345,23,50,4,46,129,120,9,12
"2011","Cornwall 013B","E01018751",697,313,167,146,3,188,140,48,172,160,12,21
"2011","Cornwall 013C","E01018752",858,614,331,283,19,67,7,60,150,134,16,8
"2011","Cornwall 013D","E01018779",971,770,448,322,5,74,57,17,107,85,22,15
"2011","Cornwall 016A","E01018758",1030,730,409,321,6,156,115,41,127,109,18,11
"2011","Cornwall 016B","E01018768",781,534,218,316,14,96,9,87,132,116,16,5
"2011","Cornwall 016C","E01018769",832,540,327,213,4,102,38,64,177,157,20,9
"2011","Cornwall 016D","E01018778",736,486,303,183,3,93,65,28,140,124,16,14
"2011","Cornwall 017A","E01018767",647,261,118,143,2,295,290,5,76,64,12,13
"2011","Cornwall 017B","E01018770",552,261,130,131,3,213,135,78,63,59,4,12
"2011","Cornwall 017C","E01018771",704,320,172,148,2,65,50,15,296,282,14,21
"2011","Cornwall 017D","E01018772",705,602,358,244,4,16,10,6,73,66,7,10
"2011","Cornwall 022A","E01018764",616,504,292,212,1,24,24,0,80,68,12,7
"2011","Cornwall 022B","E01018787",604,482,199,283,11,11,0,11,96,82,14,4
"2011","Cornwall 022C","E01018795",510,456,270,186,3,8,5,3,33,27,6,10
"2011","Cornwall 022D","E01018796",498,397,165,232,4,8,1,7,87,73,14,2
"2011","Cornwall 023A","E01018757",939,742,479,263,3,42,36,6,142,131,11,10
"2011","Cornwall 023B","E01018763",447,323,150,173,1,45,38,7,70,65,5,8
"2011","Cornwall 023C","E01018765",671,505,321,184,2,82,57,25,62,49,13,20
"2011","Cornwall 023D","E01018785",822,563,318,245,1,88,79,9,156,139,17,14
"2011","Cornwall 025A","E01018786",550,461,241,220,4,23,12,11,57,53,4,5
"2011","Cornwall 025B","E01018788",723,357,202,155,19,270,253,17,62,53,9,15
"2011","Cornwall 025C","E01018790",487,301,153,148,1,122,117,5,54,48,6,9
"2011","Cornwall 025D","E01018794",612,469,214,255,2,87,51,36,48,41,7,6
"2011","Cornwall 026A","E01018789",604,517,270,247,2,18,11,7,66,56,10,1
"2011","Cornwall 026B","E01018791",531,324,171,153,1,154,147,7,43,38,5,9
"2011","Cornwall 026C","E01018792",1183,953,415,538,28,56,5,51,137,120,17,9
"2011","Cornwall 026D","E01018793",772,486,229,257,2,117,59,58,161,149,12,6
"2011","Cornwall 028A","E01018759",629,454,259,195,3,53,40,13,106,94,12,13
"2011","Cornwall 028B","E01018760",514,385,244,141,2,53,44,9,65,50,15,9
"2011","Cornwall 028C","E01018761",695,484,350,134,3,118,107,11,75,59,16,15
"2011","Cornwall 028D","E01018766",858,548,388,160,5,140,117,23,138,117,21,27
"2011","Cornwall 028E","E01018774",673,387,247,140,4,153,143,10,104,87,17,25
"2011","Cornwall 029A","E01018797",501,251,142,109,2,149,120,29,90,87,3,9
"2011","Cornwall 029B","E01018798",665,507,285,222,2,64,54,10,83,72,11,9
"2011","Cornwall 029C","E01018799",561,280,142,138,0,200,116,84,77,60,17,4
"2011","Cornwall 029D","E01018800",656,468,211,257,1,17,4,13,166,94,72,4
"2011","Cornwall 034A","E01018780",1002,661,379,282,11,185,115,70,129,118,11,16
"2011","Cornwall 034B","E01018781",853,614,413,201,3,84,72,12,125,105,20,27
"2011","Cornwall 034E","E01033294",1017,803,368,435,3,68,56,12,138,120,18,5
"2011","Cornwall 037A","E01018762",549,419,254,165,2,27,12,15,86,78,8,15
"2011","Cornwall 037B","E01018773",727,482,299,183,4,128,109,19,100,88,12,13
"2011","Cornwall 037C","E01018775",636,548,353,195,1,7,5,2,73,63,10,7
"2011","Cornwall 037D","E01018776",597,415,267,148,2,23,10,13,146,125,21,11
"2011","Cornwall 032A","E01018815",836,602,279,323,1,62,45,17,162,145,17,9
"2011","Cornwall 032B","E01018831",536,385,201,184,7,49,31,18,84,73,11,11
"2011","Cornwall 032C","E01018832",553,465,267,198,1,15,6,9,69,57,12,3
"2011","Cornwall 032D","E01018847",631,459,241,218,14,26,20,6,124,108,16,8
"2011","Cornwall 033A","E01018833",591,469,280,189,2,41,27,14,67,50,17,12
"2011","Cornwall 033B","E01018842",621,474,263,211,3,55,49,6,76,71,5,13
"2011","Cornwall 033C","E01018843",534,443,275,168,2,9,5,4,65,53,12,15
"2011","Cornwall 033D","E01018844",616,355,224,131,1,77,35,42,160,144,16,23
"2011","Cornwall 040A","E01018825",667,480,266,214,5,33,3,30,139,122,17,10
"2011","Cornwall 040B","E01018826",987,755,437,318,9,59,32,27,152,129,23,12
"2011","Cornwall 040C","E01018851",672,414,263,151,7,125,103,22,115,96,19,11
"2011","Cornwall 040D","E01018852",1078,849,546,303,20,29,6,23,153,123,30,27
"2011","Cornwall 042A","E01018823",748,549,350,199,13,59,46,13,114,101,13,13
"2011","Cornwall 042B","E01018824",1031,749,379,370,12,173,134,39,87,82,5,10
"2011","Cornwall 042C","E01018853",1010,630,302,328,6,192,121,71,170,163,7,12
"2011","Cornwall 042D","E01018854",598,263,146,117,7,232,164,68,80,71,9,16
"2011","Cornwall 043A","E01018819",652,418,208,210,9,72,55,17,148,139,9,5
"2011","Cornwall 043B","E01018822",516,446,250,196,5,12,9,3,50,40,10,3
"2011","Cornwall 043C","E01018855",936,619,306,313,9,93,16,77,206,183,23,9
"2011","Cornwall 043D","E01018856",638,370,222,148,2,159,151,8,97,90,7,10
"2011","Cornwall 043E","E01018857",540,271,156,115,1,208,177,31,51,46,5,9
"2011","Cornwall 043F","E01018858",632,471,301,170,1,91,79,12,57,45,12,12
"2011","Cornwall 044A","E01018807",626,402,263,139,3,55,14,41,156,139,17,10
"2011","Cornwall 044B","E01018808",656,470,275,195,2,59,9,50,117,110,7,8
"2011","Cornwall 044C","E01018809",1141,394,235,159,42,311,183,128,353,319,34,41
"2011","Cornwall 044D","E01018810",579,431,228,203,2,10,2,8,132,120,12,4
"2011","Cornwall 047A","E01018816",736,643,457,186,3,16,10,6,51,42,9,23
"2011","Cornwall 047B","E01018817",886,668,435,233,4,18,13,5,181,172,9,15
"2011","Cornwall 047C","E01018818",721,583,398,185,10,70,62,8,52,48,4,6
"2011","Cornwall 047D","E01018820",759,507,260,247,3,69,54,15,159,150,9,21
"2011","Cornwall 047E","E01018821",492,380,202,178,3,22,19,3,77,70,7,10
"2011","Cornwall 048A","E01018845",665,460,274,186,5,78,55,23,107,92,15,15
"2011","Cornwall 048B","E01018846",606,382,248,134,1,49,43,6,151,133,18,23
"2011","Cornwall 048C","E01018848",698,566,301,265,3,14,4,10,107,95,12,8
"2011","Cornwall 048D","E01018849",941,661,505,156,11,141,89,52,97,80,17,31
"2011","Cornwall 048E","E01018850",586,403,287,116,14,80,60,20,65,52,13,24
"2011","Cornwall 056A","E01018827",656,534,387,147,2,25,18,7,81,56,25,14
"2011","Cornwall 056B","E01018828",696,495,327,168,5,82,74,8,99,87,12,15
"2011","Cornwall 056C","E01018829",539,420,249,171,1,22,17,5,84,76,8,12
"2011","Cornwall 056D","E01018830",673,545,364,181,0,57,51,6,56,48,8,15
"2011","Cornwall 060A","E01018834",718,536,261,275,4,72,45,27,102,101,1,4
"2011","Cornwall 060B","E01018835",756,466,205,261,12,89,72,17,178,169,9,11
"2011","Cornwall 060C","E01018836",758,281,137,144,5,266,176,90,195,181,14,11
"2011","Cornwall 060D","E01018837",914,542,296,246,13,98,64,34,250,229,21,11
"2011","Cornwall 062A","E01018838",625,302,175,127,1,208,196,12,91,74,17,23
"2011","Cornwall 062B","E01018839",586,360,218,142,0,51,18,33,163,153,10,12
"2011","Cornwall 062C","E01018840",689,330,191,139,4,75,38,37,269,245,24,11
"2011","Cornwall 062D","E01018841",582,249,135,114,4,270,221,49,53,46,7,6
"2011","Cornwall 062E","E01018860",826,341,169,172,0,402,394,8,58,49,9,25
"2011","Cornwall 063A","E01018803",966,507,378,129,21,59,23,36,356,337,19,23
"2011","Cornwall 063B","E01018804",742,310,153,157,4,36,8,28,376,350,26,16
"2011","Cornwall 063C","E01018805",685,536,391,145,2,31,2,29,108,91,17,8
"2011","Cornwall 063D","E01018806",641,385,213,172,9,47,8,39,191,178,13,9
"2011","Cornwall 064A","E01018811",622,534,285,249,4,20,8,12,62,49,13,2
"2011","Cornwall 064B","E01018812",594,365,166,199,2,154,87,67,67,62,5,6
"2011","Cornwall 064C","E01018813",599,503,261,242,2,6,4,2,83,78,5,5
"2011","Cornwall 064D","E01018814",597,498,265,233,5,21,10,11,70,60,10,3
"2011","Cornwall 064E","E01018859",755,636,400,236,2,13,7,6,88,76,12,16
"2011","Cornwall 045A","E01018889",548,474,234,240,3,3,0,3,61,55,6,7
"2011","Cornwall 045B","E01018890",630,496,324,172,3,84,41,43,43,35,8,4
"2011","Cornwall 045C","E01018891",589,447,236,211,2,13,5,8,116,105,11,11
"2011","Cornwall 045D","E01018892",584,461,241,220,2,6,4,2,107,96,11,8
"2011","Cornwall 045E","E01018893",618,375,232,143,3,175,47,128,54,48,6,11
"2011","Cornwall 046A","E01018908",692,519,313,206,4,62,22,40,98,84,14,9
"2011","Cornwall 046B","E01018909",695,532,225,307,3,15,4,11,139,129,10,6
"2011","Cornwall 046C","E01018910",776,158,70,88,3,479,204,275,110,105,5,26
"2011","Cornwall 046D","E01018911",835,396,196,200,1,222,31,191,198,185,13,18
"2011","Cornwall 049A","E01018912",630,540,301,239,0,6,2,4,80,74,6,4
"2011","Cornwall 049B","E01018913",777,453,176,277,8,41,7,34,267,247,20,8
"2011","Cornwall 049C","E01018914",814,586,311,275,14,67,9,58,137,126,11,10
"2011","Cornwall 049D","E01018915",872,643,324,319,6,19,6,13,193,174,19,11
"2011","Cornwall 050A","E01018916",545,391,222,169,1,83,16,67,66,56,10,4
"2011","Cornwall 050B","E01018917",597,505,301,204,4,4,1,3,80,72,8,4
"2011","Cornwall 050C","E01018918",764,538,312,226,6,107,23,84,107,98,9,6
"2011","Cornwall 050D","E01018919",611,505,299,206,2,28,9,19,67,56,11,9
"2011","Cornwall 051A","E01018894",742,599,285,314,10,46,8,38,79,64,15,8
"2011","Cornwall 051B","E01018895",678,529,277,252,2,17,6,11,123,107,16,7
"2011","Cornwall 051C","E01018896",649,508,287,221,2,63,3,60,73,68,5,3
"2011","Cornwall 051D","E01018897",641,394,194,200,13,74,12,62,156,143,13,4
"2011","Cornwall 051E","E01018898",552,250,108,142,1,244,42,202,49,43,6,8
"2011","Cornwall 052A","E01018865",819,564,293,271,4,72,28,44,173,162,11,6
"2011","Cornwall 052B","E01018866",716,575,365,210,3,18,7,11,115,100,15,5
"2011","Cornwall 052C","E01018867",795,466,255,211,1,139,31,108,176,163,13,13
"2011","Cornwall 052D","E01018868",760,459,249,210,3,23,7,16,269,252,17,6
"2011","Cornwall 053A","E01018874",587,431,254,177,2,90,42,48,55,46,9,9
"2011","Cornwall 053B","E01018875",630,197,114,83,0,329,107,222,82,70,12,22
"2011","Cornwall 053C","E01018876",575,465,245,220,0,20,8,12,86,75,11,4
"2011","Cornwall 053D","E01018877",629,490,357,133,2,63,14,49,70,59,11,4
"2011","Cornwall 053E","E01018878",702,396,231,165,7,31,13,18,263,244,19,5
"2011","Cornwall 055A","E01018869",661,490,268,222,10,81,16,65,76,67,9,4
"2011","Cornwall 055B","E01018870",492,139,53,86,7,286,88,198,49,45,4,11
"2011","Cornwall 055C","E01018871",702,568,325,243,2,10,1,9,111,99,12,11
"2011","Cornwall 055D","E01018872",532,406,234,172,4,35,12,23,80,72,8,7
"2011","Cornwall 055E","E01018873",505,363,176,187,2,85,36,49,52,47,5,3
"2011","Cornwall 059A","E01018863",660,512,266,246,6,44,9,35,84,75,9,14
"2011","Cornwall 059B","E01018864",664,538,313,225,0,17,7,10,99,89,10,10
"2011","Cornwall 059C","E01018921",872,660,363,297,2,81,30,51,121,108,13,8
"2011","Cornwall 059D","E01018922",921,782,425,357,4,18,6,12,102,87,15,15
"2011","Cornwall 066A","E01018879",799,626,441,185,5,51,14,37,95,81,14,22
"2011","Cornwall 066B","E01018880",919,678,463,215,4,86,21,65,141,125,16,10
"2011","Cornwall 066C","E01018899",618,472,287,185,2,58,21,37,75,50,25,11
"2011","Cornwall 066D","E01018900",639,521,308,213,4,38,12,26,60,57,3,16
"2011","Cornwall 066E","E01018901",699,548,357,191,16,40,15,25,84,55,29,11
"2011","Cornwall 071A","E01018882",616,512,258,254,1,10,3,7,89,78,11,4
"2011","Cornwall 071B","E01018883",651,554,273,281,7,10,4,6,75,66,9,5
"2011","Cornwall 071C","E01018884",684,540,266,274,6,11,4,7,117,107,10,10
"2011","Cornwall 071D","E01018885",680,415,218,197,2,84,21,63,166,152,14,13
"2011","Cornwall 071E","E01018886",738,388,197,191,1,46,17,29,291,85,206,12
"2011","Cornwall 071F","E01018887",643,341,149,192,2,98,16,82,196,146,50,6
"2011","Cornwall 071G","E01018888",904,469,235,234,7,303,61,242,114,95,19,11
"2011","Cornwall 072A","E01018861",613,488,308,180,4,33,9,24,75,61,14,13
"2011","Cornwall 072B","E01018862",619,517,342,175,1,32,5,27,60,51,9,9
"2011","Cornwall 072C","E01018905",570,425,274,151,6,47,10,37,78,65,13,14
"2011","Cornwall 072D","E01018906",566,432,267,165,2,25,7,18,98,90,8,9
"2011","Cornwall 072E","E01018907",589,365,219,146,0,152,35,117,63,59,4,9
"2011","Cornwall 073A","E01018881",815,602,392,210,0,92,23,69,101,77,24,20
"2011","Cornwall 073B","E01018902",512,345,232,113,7,60,11,49,86,70,16,14
"2011","Cornwall 073C","E01018903",446,323,218,105,5,29,9,20,77,62,15,12
"2011","Cornwall 073D","E01018904",942,705,471,234,8,109,26,83,109,87,22,11
"2011","Cornwall 073E","E01018920",885,626,446,180,3,111,28,83,122,106,16,23
"2011","Cornwall 001A","E01018936",713,428,278,150,8,55,5,50,209,199,10,13
"2011","Cornwall 001B","E01018937",772,406,231,175,28,242,111,131,91,85,6,5
"2011","Cornwall 001C","E01018938",812,537,357,180,24,151,48,103,83,72,11,17
"2011","Cornwall 001D","E01018959",684,591,420,171,5,9,9,0,72,59,13,7
"2011","Cornwall 001E","E01018960",796,541,300,241,20,86,61,25,141,127,14,8
"2011","Cornwall 001F","E01018961",707,463,300,163,1,41,33,8,197,187,10,5
"2011","Cornwall 002A","E01018943",897,690,438,252,3,68,46,22,103,89,14,33
"2011","Cornwall 002B","E01018951",949,729,501,228,2,71,52,19,119,102,17,28
"2011","Cornwall 002C","E01018974",1007,751,509,242,5,97,68,29,130,117,13,24
"2011","Cornwall 003A","E01018940",691,567,368,199,5,29,26,3,78,68,10,12
"2011","Cornwall 003B","E01018941",684,473,283,190,2,104,39,65,94,85,9,11
"2011","Cornwall 003C","E01018942",692,494,350,144,2,41,35,6,138,128,10,17
"2011","Cornwall 003D","E01018969",1011,795,527,268,10,50,33,17,135,101,34,21
"2011","Cornwall 004B","E01018953",496,364,238,126,1,27,18,9,93,83,10,11
"2011","Cornwall 004C","E01018968",1002,810,519,291,2,48,28,20,122,97,25,20
"2011","Cornwall 004D","E01033291",660,540,345,195,3,17,5,12,85,73,12,15
"2011","Cornwall 004E","E01033292",576,255,114,141,9,182,119,63,116,106,10,14
"2011","Cornwall 005A","E01018946",678,450,287,163,2,122,38,84,99,87,12,5
"2011","Cornwall 005B","E01018947",1179,701,283,418,29,163,122,41,275,256,19,11
"2011","Cornwall 005C","E01018948",710,455,251,204,0,56,34,22,191,172,19,8
"2011","Cornwall 005D","E01018949",523,245,70,175,0,215,166,49,58,52,6,5
"2011","Cornwall 005E","E01018950",836,429,239,190,1,67,50,17,318,302,16,21
"2011","Cornwall 006A","E01018925",916,693,457,236,4,50,41,9,143,121,22,26
"2011","Cornwall 006B","E01018952",501,387,233,154,2,16,12,4,84,74,10,12
"2011","Cornwall 006C","E01018965",995,772,494,278,11,47,28,19,142,132,10,23
"2011","Cornwall 006D","E01018966",467,396,227,169,1,17,15,2,47,44,3,6
"2011","Cornwall 006E","E01018967",535,422,247,175,0,37,25,12,62,52,10,14
"2011","Cornwall 007A","E01018924",467,323,214,109,1,22,16,6,111,100,11,10
"2011","Cornwall 007B","E01018962",930,650,449,201,2,136,98,38,109,93,16,33
"2011","Cornwall 007E","E01033289",999,670,503,167,6,135,90,45,150,114,36,38
"2011","Cornwall 008A","E01018954",476,289,147,142,2,34,26,8,136,106,30,15
"2011","Cornwall 008B","E01018955",684,491,333,158,5,85,55,30,91,76,15,12
"2011","Cornwall 008C","E01018956",474,339,232,107,2,39,34,5,83,64,19,11
"2011","Cornwall 008D","E01018957",542,392,247,145,0,64,39,25,79,68,11,7
"2011","Cornwall 008E","E01018958",634,359,242,117,4,190,134,56,63,49,14,18
"2011","Cornwall 009A","E01018970",634,509,292,217,7,30,12,18,85,77,8,3
"2011","Cornwall 009B","E01018971",851,653,426,227,16,99,35,64,76,62,14,7
"2011","Cornwall 009C","E01018972",832,397,228,169,7,210,174,36,201,174,27,17
"2011","Cornwall 009D","E01018973",638,450,282,168,1,84,81,3,88,82,6,15
"2011","Cornwall 011A","E01018923",531,393,264,129,1,48,35,13,72,59,13,17
"2011","Cornwall 011B","E01018926",1027,799,563,236,6,77,53,24,123,109,14,22
"2011","Cornwall 011C","E01018944",455,323,191,132,0,69,49,20,53,47,6,10
"2011","Cornwall 011D","E01018945",540,441,299,142,1,20,13,7,66,54,12,12
"2011","Cornwall 014A","E01018932",703,387,199,188,1,164,96,68,141,130,11,10
"2011","Cornwall 014B","E01018933",657,297,160,137,3,118,95,23,227,214,13,12
"2011","Cornwall 014C","E01018934",811,692,362,330,2,33,3,30,77,65,12,7
"2011","Cornwall 014D","E01018935",927,615,287,328,8,95,41,54,203,183,20,6
"2011","Cornwall 015A","E01018927",648,432,219,213,3,115,108,7,89,80,9,9
"2011","Cornwall 015B","E01018928",790,361,165,196,4,237,207,30,179,168,11,9
"2011","Cornwall 015C","E01018929",539,396,217,179,3,45,33,12,90,71,19,5
"2011","Cornwall 015D","E01018930",669,191,71,120,1,396,296,100,75,67,8,6
"2011","Cornwall 015E","E01018931",502,400,211,189,0,55,45,10,43,35,8,4
"2011","Cornwall 054A","E01019008",642,314,169,145,3,249,42,207,67,62,5,9
"2011","Cornwall 054B","E01019009",606,324,184,140,15,189,21,168,73,66,7,5
"2011","Cornwall 054C","E01019010",569,451,257,194,15,36,3,33,55,47,8,12
"2011","Cornwall 054D","E01019011",628,500,337,163,3,14,1,13,105,95,10,6
"2011","Cornwall 054E","E01019012",1000,618,431,187,0,85,9,76,264,227,37,33
"2011","Cornwall 057A","E01018978",632,405,219,186,37,120,22,98,55,51,4,15
"2011","Cornwall 057B","E01018981",907,738,439,299,9,54,11,43,102,94,8,4
"2011","Cornwall 057C","E01018982",919,620,335,285,5,95,21,74,189,160,29,10
"2011","Cornwall 057D","E01018983",682,570,354,216,2,17,1,16,85,76,9,8
"2011","Cornwall 057E","E01018984",891,407,217,190,7,351,48,303,110,95,15,16
"2011","Cornwall 058A","E01018985",995,802,496,306,6,21,3,18,158,137,21,8
"2011","Cornwall 058B","E01018986",746,572,387,185,6,33,7,26,124,108,16,11
"2011","Cornwall 058C","E01018987",915,746,469,277,8,5,1,4,141,131,10,15
"2011","Cornwall 061A","E01018975",827,618,363,255,20,82,12,70,96,85,11,11
"2011","Cornwall 061B","E01018979",542,403,217,186,0,61,13,48,72,62,10,6
"2011","Cornwall 061C","E01018980",577,435,281,154,22,38,8,30,67,50,17,15
"2011","Cornwall 061D","E01018990",859,523,365,158,2,141,22,119,166,153,13,27
"2011","Cornwall 061E","E01019007",909,660,381,279,4,65,8,57,158,135,23,22
"2011","Cornwall 065A","E01018988",669,514,314,200,2,44,4,40,97,86,11,12
"2011","Cornwall 065B","E01018989",717,439,278,161,12,115,14,101,135,114,21,16
"2011","Cornwall 065C","E01018991",680,488,295,193,3,81,9,72,97,81,16,11
"2011","Cornwall 065D","E01019006",687,527,350,177,0,20,0,20,118,99,19,22
"2011","Cornwall 067A","E01018976",976,743,475,268,4,44,6,38,175,156,19,10
"2011","Cornwall 067B","E01018977",608,296,155,141,2,239,24,215,63,56,7,8
"2011","Cornwall 067C","E01018994",776,534,362,172,4,142,12,130,77,67,10,19
"2011","Cornwall 067D","E01018996",752,432,269,163,9,93,11,82,209,201,8,9
"2011","Cornwall 067E","E01018997",573,153,75,78,1,375,45,330,30,29,1,14
"2011","Cornwall 068A","E01018995",1048,429,266,163,3,399,63,336,196,182,14,21
"2011","Cornwall 068B","E01018998",687,425,208,217,1,22,11,11,228,198,30,11
"2011","Cornwall 068C","E01018999",797,361,199,162,4,182,20,162,238,216,22,12
"2011","Cornwall 068D","E01019001",940,494,318,176,0,103,10,93,321,296,25,22
"2011","Cornwall 069A","E01018992",727,586,383,203,1,8,1,7,114,93,21,18
"2011","Cornwall 069B","E01018993",794,508,304,204,3,133,13,120,136,124,12,14
"2011","Cornwall 069C","E01019005",908,574,355,219,12,146,16,130,145,132,13,31
"2011","Cornwall 070A","E01019000",682,496,359,137,2,104,17,87,71,67,4,9
"2011","Cornwall 070B","E01019002",705,542,395,147,1,28,1,27,115,99,16,19
"2011","Cornwall 070C","E01019003",777,633,412,221,2,13,2,11,118,101,17,11
"2011","Cornwall 070D","E01019004",756,386,238,148,4,197,32,165,139,127,12,30
"2011","Cornwall 018A","E01019048",806,601,356,245,1,11,2,9,175,154,21,18
"2011","Cornwall 018B","E01019049",752,442,231,211,5,68,13,55,229,160,69,8
"2011","Cornwall 018C","E01019050",583,432,232,200,6,9,2,7,120,93,27,16
"2011","Cornwall 018D","E01019051",712,422,195,227,0,197,43,154,78,50,28,15
"2011","Cornwall 019A","E01019060",629,467,301,166,2,32,5,27,107,83,24,21
"2011","Cornwall 019B","E01019061",718,538,276,262,10,40,4,36,122,102,20,8
"2011","Cornwall 019C","E01019062",788,416,209,207,15,193,44,149,154,138,16,10
"2011","Cornwall 019D","E01019063",799,596,299,297,7,22,5,17,160,148,12,14
"2011","Cornwall 019E","E01019064",775,593,349,244,5,21,12,9,145,125,20,11
"2011","Cornwall 019F","E01019065",523,383,201,182,3,60,14,46,72,61,11,5
"2011","Cornwall 020A","E01019028",938,416,176,240,3,178,27,151,332,309,23,9
"2011","Cornwall 020B","E01019029",687,324,157,167,6,77,8,69,264,234,30,16
"2011","Cornwall 020C","E01019030",742,557,292,265,1,32,4,28,142,131,11,10
"2011","Cornwall 020D","E01019031",724,435,262,173,10,62,7,55,207,185,22,10
"2011","Cornwall 021A","E01019018",656,583,309,274,5,17,3,14,45,38,7,6
"2011","Cornwall 021B","E01019019",638,455,259,196,3,47,10,37,119,113,6,14
"2011","Cornwall 021C","E01019020",688,298,121,177,3,99,7,92,275,251,24,13
"2011","Cornwall 021D","E01019021",651,510,271,239,8,12,2,10,114,104,10,7
"2011","Cornwall 021E","E01019022",769,458,231,227,4,178,48,130,107,90,17,22
"2011","Cornwall 021F","E01019023",630,388,145,243,8,41,6,35,187,139,48,6
"2011","Cornwall 024A","E01019052",723,444,231,213,6,129,17,112,125,116,9,19
"2011","Cornwall 024B","E01019053",842,615,308,307,23,21,2,19,175,160,15,8
"2011","Cornwall 024C","E01019054",742,580,316,264,16,35,5,30,107,88,19,4
"2011","Cornwall 024D","E01019055",577,279,144,135,8,184,53,131,100,95,5,6
"2011","Cornwall 027A","E01019035",720,525,345,180,6,37,10,27,137,127,10,15
"2011","Cornwall 027B","E01019036",720,577,388,189,3,36,8,28,88,72,16,16
"2011","Cornwall 027C","E01019037",603,425,246,179,1,87,23,64,82,74,8,8
"2011","Cornwall 027D","E01019074",721,468,209,259,9,110,26,84,132,124,8,2
"2011","Cornwall 027E","E01019075",691,535,262,273,1,40,10,30,109,99,10,6
"2011","Cornwall 027F","E01019076",737,472,244,228,5,65,27,38,189,182,7,6
"2011","Cornwall 030A","E01019069",531,364,139,225,15,48,9,39,100,93,7,4
"2011","Cornwall 030B","E01019070",863,588,343,245,21,96,28,68,152,144,8,6
"2011","Cornwall 030C","E01019071",601,471,244,227,3,19,7,12,102,90,12,6
"2011","Cornwall 030D","E01019072",610,413,202,211,1,116,37,79,75,64,11,5
"2011","Cornwall 030E","E01019073",575,465,269,196,2,21,4,17,83,65,18,4
"2011","Cornwall 031A","E01019056",610,242,118,124,0,297,92,205,60,53,7,11
"2011","Cornwall 031B","E01019057",799,586,270,316,7,13,1,12,179,152,27,14
"2011","Cornwall 031C","E01019058",749,599,297,302,1,20,3,17,123,106,17,6
"2011","Cornwall 031D","E01019059",683,470,277,193,3,119,24,95,77,65,12,14
"2011","Cornwall 035A","E01019024",604,455,255,200,0,49,13,36,91,79,12,9
"2011","Cornwall 035B","E01019025",612,480,313,167,5,16,7,9,103,100,3,8
"2011","Cornwall 035C","E01019026",644,541,349,192,1,3,1,2,95,83,12,4
"2011","Cornwall 035D","E01019027",717,473,325,148,5,96,22,74,131,124,7,12
"2011","Cornwall 036A","E01019013",932,627,372,255,4,169,29,140,121,112,9,11
"2011","Cornwall 036B","E01019014",571,467,288,179,4,50,2,48,43,37,6,7
"2011","Cornwall 036C","E01019015",591,505,255,250,5,5,1,4,67,58,9,9
"2011","Cornwall 036D","E01019016",697,523,168,355,26,43,18,25,100,90,10,5
"2011","Cornwall 036E","E01019017",1075,879,581,298,24,40,7,33,118,99,19,14
"2011","Cornwall 038A","E01019032",611,521,296,225,2,4,1,3,75,67,8,9
"2011","Cornwall 038B","E01019034",622,395,212,183,0,47,13,34,176,164,12,4
"2011","Cornwall 038C","E01019045",871,664,340,324,32,39,14,25,131,111,20,5
"2011","Cornwall 038D","E01019047",483,302,189,113,3,62,16,46,109,99,10,7
"2011","Cornwall 039A","E01019033",694,273,180,93,8,246,49,197,156,145,11,11
"2011","Cornwall 039B","E01019041",763,344,184,160,14,192,51,141,194,179,15,19
"2011","Cornwall 039C","E01019042",749,427,220,207,6,107,12,95,202,188,14,7
"2011","Cornwall 039D","E01019043",678,521,324,197,2,49,6,43,99,86,13,7
"2011","Cornwall 039E","E01019044",721,581,393,188,3,34,10,24,89,80,9,14
"2011","Cornwall 039F","E01019046",590,293,122,171,4,230,72,158,53,46,7,10
"2011","Cornwall 041A","E01019038",549,377,252,125,1,24,8,16,137,123,14,10
"2011","Cornwall 041B","E01019039",598,446,316,130,4,15,3,12,111,93,18,22
"2011","Cornwall 041C","E01019040",546,396,252,144,3,41,8,33,99,93,6,7
"2011","Cornwall 041D","E01019066",501,360,224,136,1,32,12,20,96,82,14,12
"2011","Cornwall 041E","E01019067",493,362,238,124,3,18,11,7,102,89,13,8
"2011","Cornwall 041F","E01019068",720,648,470,178,2,17,5,12,48,41,7,5
"2011","Isles of Scilly 001A","E01019077",989,412,313,99,8,179,121,58,294,204,90,96
"2011","North Somerset 001B","E01014790",624,519,286,233,2,63,18,45,36,31,5,4
"2011","North Somerset 001C","E01014795",605,380,156,224,3,160,44,116,59,51,8,3
"2011","North Somerset 001D","E01014797",740,513,243,270,2,148,59,89,70,63,7,7
"2011","North Somerset 001E","E01032675",637,401,125,276,27,19,6,13,186,179,7,4
"2011","North Somerset 001F","E01032676",726,441,182,259,11,32,7,25,235,230,5,7
"2011","North Somerset 001G","E01032681",628,460,276,184,12,73,15,58,73,61,12,10
"2011","North Somerset 002A","E01014789",615,540,339,201,0,1,0,1,69,64,5,5
"2011","North Somerset 002B","E01014793",666,601,294,307,2,0,0,0,61,55,6,2
"2011","North Somerset 002C","E01014794",745,662,386,276,5,56,8,48,19,18,1,3
"2011","North Somerset 002D","E01014798",587,551,281,270,0,7,5,2,23,21,2,6
"2011","North Somerset 003B","E01014792",891,716,450,266,1,75,33,42,87,76,11,12
"2011","North Somerset 003C","E01014796",732,639,355,284,0,30,15,15,52,48,4,11
"2011","North Somerset 003D","E01032677",573,348,58,290,44,113,2,111,65,59,6,3
"2011","North Somerset 003E","E01032678",553,475,89,386,1,4,0,4,71,67,4,2
"2011","North Somerset 003F","E01032682",425,328,121,207,0,23,0,23,70,64,6,4
"2011","North Somerset 004A","E01014766",564,474,309,165,0,9,4,5,65,58,7,16
"2011","North Somerset 004B","E01014767",572,521,320,201,0,7,2,5,38,33,5,6
"2011","North Somerset 004C","E01014786",721,412,182,230,0,214,110,104,74,69,5,21
"2011","North Somerset 004D","E01014787",814,668,322,346,2,78,32,46,64,55,9,2
"2011","North Somerset 005A","E01014752",646,553,282,271,1,5,0,5,80,68,12,7
"2011","North Somerset 005B","E01014754",636,427,252,175,0,23,1,22,181,173,8,5
"2011","North Somerset 005C","E01014758",512,442,268,174,0,11,1,10,56,53,3,3
"2011","North Somerset 005D","E01014759",596,557,363,194,4,0,0,0,28,24,4,7
"2011","North Somerset 006B","E01014849",682,613,366,247,2,19,11,8,41,38,3,7
"2011","North Somerset 006C","E01014850",822,660,333,327,8,75,26,49,71,51,20,8
"2011","North Somerset 006D","E01014851",1080,799,358,441,30,117,31,86,129,105,24,5
"2011","North Somerset 006E","E01014852",613,494,232,262,4,52,16,36,52,44,8,11
"2011","North Somerset 006F","E01032674",948,775,238,537,20,71,15,56,76,68,8,6
"2011","North Somerset 006G","E01032680",797,709,442,267,2,20,9,11,54,46,8,12
"2011","North Somerset 007A","E01014750",742,468,220,248,1,98,7,91,164,155,9,11
"2011","North Somerset 007B","E01014751",716,435,208,227,15,169,60,109,87,78,9,10
"2011","North Somerset 007C","E01014753",810,512,245,267,8,163,69,94,118,109,9,9
"2011","North Somerset 007D","E01014755",627,412,239,173,1,61,0,61,144,125,19,9
"2011","North Somerset 007E","E01014760",626,508,282,226,4,62,30,32,47,43,4,5
"2011","North Somerset 008A","E01014780",715,493,270,223,4,101,57,44,109,102,7,8
"2011","North Somerset 008B","E01014781",789,564,327,237,2,145,58,87,64,57,7,14
"2011","North Somerset 008C","E01014782",605,561,326,235,4,2,0,2,37,33,4,1
"2011","North Somerset 008D","E01014783",729,515,259,256,2,115,28,87,93,88,5,4
"2011","North Somerset 008E","E01014784",702,605,362,243,0,23,14,9,69,59,10,5
"2011","North Somerset 008F","E01014785",587,543,343,200,0,13,0,13,24,19,5,7
"2011","North Somerset 009A","E01014775",496,451,210,241,1,4,1,3,37,35,2,3
"2011","North Somerset 009B","E01014776",498,462,226,236,2,1,0,1,29,25,4,4
"2011","North Somerset 009C","E01014777",628,528,258,270,1,21,9,12,74,66,8,4
"2011","North Somerset 009D","E01014778",536,521,325,196,1,5,4,1,7,6,1,2
"2011","North Somerset 009E","E01014779",493,379,214,165,0,59,15,44,50,44,6,5
"2011","North Somerset 010A","E01014756",768,577,267,310,6,37,5,32,140,130,10,8
"2011","North Somerset 010B","E01014757",620,524,205,319,4,22,13,9,70,62,8,0
"2011","North Somerset 010C","E01014761",729,615,292,323,2,3,0,3,107,98,9,2
"2011","North Somerset 010D","E01014762",612,536,253,283,2,4,1,3,69,63,6,1
"2011","North Somerset 010E","E01014763",719,497,163,334,7,70,33,37,141,124,17,4
"2011","North Somerset 011A","E01014737",603,567,337,230,0,6,4,2,25,22,3,5
"2011","North Somerset 011B","E01014738",566,449,198,251,1,55,22,33,56,54,2,5
"2011","North Somerset 011C","E01014739",589,502,298,204,2,43,15,28,38,30,8,4
"2011","North Somerset 011D","E01014740",530,436,228,208,0,24,15,9,60,51,9,10
"2011","North Somerset 012A","E01014855",581,525,272,253,2,7,3,4,42,38,4,5
"2011","North Somerset 012B","E01014856",590,447,193,254,3,72,31,41,60,52,8,8
"2011","North Somerset 012C","E01014857",616,488,253,235,1,71,10,61,52,47,5,4
"2011","North Somerset 012D","E01014858",714,546,228,318,19,15,2,13,123,109,14,11
"2011","North Somerset 012E","E01014859",636,536,270,266,1,35,4,31,58,52,6,6
"2011","North Somerset 012F","E01014860",624,447,223,224,7,114,53,61,44,34,10,12
"2011","North Somerset 013A","E01014847",681,582,299,283,2,10,3,7,79,68,11,8
"2011","North Somerset 013B","E01014848",522,427,255,172,2,41,19,22,52,37,15,0
"2011","North Somerset 013C","E01014853",739,538,296,242,5,69,31,38,114,105,9,13
"2011","North Somerset 013D","E01014854",549,465,282,183,6,4,1,3,64,52,12,10
"2011","North Somerset 014A","E01014764",687,494,272,222,1,122,54,68,59,52,7,11
"2011","North Somerset 014B","E01014765",735,615,343,272,1,26,2,24,86,76,10,7
"2011","North Somerset 014C","E01014773",640,509,179,330,3,13,10,3,109,98,11,6
"2011","North Somerset 014D","E01014774",694,565,298,267,2,33,13,20,88,76,12,6
"2011","North Somerset 015A","E01014821",500,372,111,261,4,4,2,2,118,111,7,2
"2011","North Somerset 015B","E01014822",542,487,163,324,12,1,0,1,39,35,4,3
"2011","North Somerset 015C","E01014823",504,439,179,260,5,2,1,1,52,42,10,6
"2011","North Somerset 015D","E01014824",644,517,244,273,6,51,8,43,62,54,8,8
"2011","North Somerset 015E","E01014825",487,421,205,216,4,2,1,1,58,50,8,2
"2011","North Somerset 015F","E01014826",630,466,150,316,5,4,1,3,153,140,13,2
"2011","North Somerset 015G","E01014827",598,335,123,212,4,130,69,61,110,101,9,19
"2011","North Somerset 016A","E01014817",695,591,355,236,6,19,11,8,72,64,8,7
"2011","North Somerset 016B","E01014820",719,483,311,172,1,137,43,94,80,67,13,18
"2011","North Somerset 016C","E01014835",650,413,202,211,1,156,63,93,70,66,4,10
"2011","North Somerset 016D","E01014836",644,484,272,212,3,48,19,29,106,96,10,3
"2011","North Somerset 016E","E01014838",594,490,265,225,6,16,2,14,77,72,5,5
"2011","North Somerset 016F","E01014840",615,460,264,196,7,45,4,41,98,85,13,5
"2011","North Somerset 017A","E01014812",675,555,346,209,3,24,8,16,85,74,11,8
"2011","North Somerset 017B","E01014813",734,588,282,306,1,36,16,20,98,89,9,11
"2011","North Somerset 017C","E01014815",587,384,176,208,3,116,65,51,75,68,7,9
"2011","North Somerset 017D","E01014816",648,571,323,248,0,9,2,7,63,51,12,5
"2011","North Somerset 017E","E01014818",750,694,394,300,0,3,1,2,50,46,4,3
"2011","North Somerset 017F","E01014819",732,649,394,255,3,18,14,4,56,51,5,6
"2011","North Somerset 018A","E01014841",978,474,256,218,4,25,5,20,465,446,19,10
"2011","North Somerset 018B","E01014842",822,405,246,159,1,11,1,10,400,384,16,5
"2011","North Somerset 018C","E01014843",670,452,243,209,0,15,6,9,198,185,13,5
"2011","North Somerset 018D","E01014844",769,282,138,144,0,80,4,76,397,379,18,10
"2011","North Somerset 018E","E01014845",577,496,296,200,0,18,10,8,62,57,5,1
"2011","North Somerset 018F","E01014846",637,471,265,206,1,30,10,20,125,114,11,10
"2011","North Somerset 020A","E01014799",801,348,156,192,7,60,15,45,381,361,20,5
"2011","North Somerset 020B","E01014800",799,261,116,145,0,93,10,83,433,413,20,12
"2011","North Somerset 020C","E01014801",793,372,275,97,4,56,15,41,353,329,24,8
"2011","North Somerset 020D","E01014802",758,315,167,148,1,66,25,41,369,353,16,7
"2011","North Somerset 020E","E01014809",772,452,196,256,3,59,6,53,243,234,9,15
"2011","North Somerset 020F","E01014811",742,431,203,228,4,170,89,81,126,116,10,11
"2011","North Somerset 021A","E01014829",793,251,79,172,17,343,146,197,160,150,10,22
"2011","North Somerset 021B","E01014830",657,383,143,240,10,59,14,45,201,190,11,4
"2011","North Somerset 021C","E01014831",582,122,36,86,0,424,267,157,26,24,2,10
"2011","North Somerset 021D","E01014832",630,168,62,106,1,407,235,172,32,32,0,22
"2011","North Somerset 021E","E01014833",645,190,82,108,0,393,228,165,42,38,4,20
"2011","North Somerset 022A","E01014804",624,438,258,180,0,74,4,70,107,99,8,5
"2011","North Somerset 022B","E01014806",780,385,224,161,4,80,0,80,299,286,13,12
"2011","North Somerset 022C","E01014807",818,431,191,240,1,46,0,46,337,321,16,3
"2011","North Somerset 022D","E01014808",588,482,250,232,1,14,2,12,85,80,5,6
"2011","North Somerset 023A","E01014744",606,543,341,202,1,7,6,1,53,47,6,2
"2011","North Somerset 023B","E01014746",597,444,230,214,2,80,45,35,61,55,6,10
"2011","North Somerset 023C","E01014769",943,725,285,440,2,62,31,31,142,123,19,12
"2011","North Somerset 023D","E01014770",632,578,375,203,1,11,6,5,42,33,9,0
"2011","North Somerset 023E","E01014771",637,556,348,208,4,31,15,16,43,36,7,3
"2011","North Somerset 023F","E01014772",614,535,353,182,0,21,6,15,50,45,5,8
"2011","North Somerset 024A","E01014741",646,470,290,180,2,66,23,43,98,96,2,10
"2011","North Somerset 024B","E01014742",613,532,357,175,2,14,8,6,60,47,13,5
"2011","North Somerset 024C","E01014745",657,551,362,189,4,57,19,38,40,35,5,5
"2011","North Somerset 024D","E01014747",587,440,262,178,2,36,19,17,92,81,11,17
"2011","North Somerset 024E","E01014748",441,300,164,136,3,50,18,32,82,65,17,6
"2011","North Somerset 024F","E01014749",507,451,210,241,2,9,2,7,41,32,9,4
"2011","North Somerset 025A","E01014803",644,535,325,210,8,15,5,10,78,66,12,8
"2011","North Somerset 025B","E01014805",688,643,455,188,1,7,4,3,35,34,1,2
"2011","North Somerset 025C","E01014828",579,301,144,157,1,163,92,71,98,80,18,16
"2011","North Somerset 025D","E01014834",621,321,137,184,2,207,126,81,79,65,14,12
"2011","North Somerset 026A","E01014839",631,463,156,307,7,40,8,32,114,109,5,7
"2011","North Somerset 026B","E01032666",482,371,161,210,6,20,4,16,81,71,10,4
"2011","North Somerset 026C","E01032667",429,319,84,235,2,24,0,24,81,74,7,3
"2011","North Somerset 026D","E01032668",602,348,57,291,16,38,4,34,195,183,12,5
"2011","North Somerset 026E","E01032672",586,443,125,318,7,9,1,8,123,113,10,4
"2011","North Somerset 026F","E01032673",622,331,129,202,4,123,36,87,159,146,13,5
"2011","North Somerset 027A","E01014810",693,331,139,192,11,149,30,119,189,178,11,13
"2011","North Somerset 027B","E01032669",561,302,42,260,2,5,2,3,252,237,15,0
"2011","North Somerset 027C","E01032670",586,365,50,315,6,31,4,27,182,169,13,2
"2011","North Somerset 027D","E01032671",496,288,49,239,1,34,1,33,171,160,11,2
"2011","North Somerset 027E","E01032679",551,349,77,272,2,7,1,6,192,179,13,1
"2011","Plymouth 001A","E01015025",655,607,394,213,1,5,3,2,40,36,4,2
"2011","Plymouth 001B","E01015097",830,773,574,199,4,5,4,1,40,30,10,8
"2011","Plymouth 001C","E01015160",624,560,325,235,3,8,4,4,49,36,13,4
"2011","Plymouth 001D","E01015164",734,427,168,259,21,107,50,57,168,64,104,11
"2011","Plymouth 002A","E01015027",647,495,216,279,2,98,39,59,45,41,4,7
"2011","Plymouth 002B","E01015159",767,467,249,218,2,230,128,102,58,49,9,10
"2011","Plymouth 002C","E01015161",640,379,170,209,2,182,115,67,74,67,7,3
"2011","Plymouth 002D","E01015162",633,319,146,173,1,252,163,89,57,55,2,4
"2011","Plymouth 002E","E01015166",821,374,122,252,24,330,186,144,84,76,8,9
"2011","Plymouth 003A","E01015023",686,389,173,216,1,236,155,81,57,52,5,3
"2011","Plymouth 003B","E01015026",769,359,130,229,18,289,208,81,97,81,16,6
"2011","Plymouth 003C","E01015028",642,232,94,138,5,335,225,110,54,46,8,16
"2011","Plymouth 003D","E01015163",593,406,189,217,1,125,76,49,56,51,5,5
"2011","Plymouth 003E","E01015165",643,499,161,338,2,29,21,8,109,98,11,4
"2011","Plymouth 004A","E01015024",648,473,181,292,6,64,41,23,102,89,13,3
"2011","Plymouth 004B","E01015082",693,289,125,164,1,341,226,115,50,41,9,12
"2011","Plymouth 004C","E01015083",687,317,150,167,0,305,188,117,50,39,11,15
"2011","Plymouth 004D","E01015084",620,418,225,193,4,145,83,62,45,37,8,8
"2011","Plymouth 005A","E01015090",567,477,239,238,1,17,9,8,71,60,11,1
"2011","Plymouth 005B","E01015091",629,478,263,215,2,116,4,112,30,21,9,3
"2011","Plymouth 005C","E01015092",483,271,91,180,0,104,52,52,98,64,34,10
"2011","Plymouth 005D","E01015093",634,338,115,223,2,227,127,100,49,43,6,18
"2011","Plymouth 005E","E01015094",596,333,103,230,2,211,84,127,43,37,6,7
"2011","Plymouth 006A","E01015085",716,549,282,267,4,100,61,39,58,52,6,5
"2011","Plymouth 006B","E01015087",560,265,109,156,1,258,183,75,31,30,1,5
"2011","Plymouth 006C","E01015088",620,163,74,89,18,382,231,151,50,44,6,7
"2011","Plymouth 006D","E01015147",503,404,191,213,2,57,38,19,32,31,1,8
"2011","Plymouth 006E","E01015148",661,379,119,260,16,171,115,56,84,70,14,11
"2011","Plymouth 007A","E01015030",757,263,133,130,6,431,266,165,49,41,8,8
"2011","Plymouth 007B","E01015070",1078,601,226,375,39,223,141,82,208,197,11,7
"2011","Plymouth 007C","E01015081",626,308,128,180,3,244,144,100,58,47,11,13
"2011","Plymouth 007D","E01015086",621,268,137,131,0,281,179,102,54,47,7,18
"2011","Plymouth 007E","E01015089",741,472,206,266,14,126,77,49,120,115,5,9
"2011","Plymouth 008A","E01015029",716,366,170,196,3,153,44,109,187,58,129,7
"2011","Plymouth 008B","E01015064",713,656,393,263,1,16,4,12,36,20,16,4
"2011","Plymouth 008C","E01015065",635,325,164,161,0,179,10,169,120,29,91,11
"2011","Plymouth 008D","E01015071",696,430,222,208,1,153,82,71,104,66,38,8
"2011","Plymouth 009A","E01015076",628,526,212,314,1,23,10,13,75,66,9,3
"2011","Plymouth 009B","E01015142",602,475,195,280,0,22,7,15,98,90,8,7
"2011","Plymouth 009C","E01015143",612,411,193,218,2,112,55,57,79,67,12,8
"2011","Plymouth 009D","E01015144",613,334,140,194,5,172,108,64,95,86,9,7
"2011","Plymouth 009E","E01015146",676,259,77,182,1,321,113,208,90,83,7,5
"2011","Plymouth 009F","E01015149",623,166,68,98,0,412,77,335,37,28,9,8
"2011","Plymouth 009G","E01015150",638,464,250,214,2,106,52,54,56,46,10,10
"2011","Plymouth 010A","E01015063",634,373,123,250,2,160,53,107,91,81,10,8
"2011","Plymouth 010B","E01015068",628,555,241,314,4,13,4,9,54,44,10,2
"2011","Plymouth 010C","E01015069",674,391,172,219,6,182,97,85,84,76,8,11
"2011","Plymouth 010D","E01015095",645,435,199,236,8,148,76,72,48,39,9,6
"2011","Plymouth 010E","E01015096",612,282,120,162,1,291,76,215,34,25,9,4
"2011","Plymouth 011A","E01015074",667,324,140,184,1,278,190,88,52,42,10,12
"2011","Plymouth 011B","E01015077",748,494,238,256,3,173,84,89,71,66,5,7
"2011","Plymouth 011C","E01015079",628,522,260,262,0,64,39,25,34,28,6,8
"2011","Plymouth 011D","E01015102",763,517,218,299,12,51,24,27,179,158,21,4
"2011","Plymouth 011E","E01015104",592,540,266,274,3,9,4,5,36,32,4,4
"2011","Plymouth 012A","E01015035",634,551,231,320,0,14,5,9,65,53,12,4
"2011","Plymouth 012B","E01015037",601,414,187,227,6,113,8,105,56,45,11,12
"2011","Plymouth 012C","E01015058",559,223,78,145,1,274,159,115,56,49,7,5
"2011","Plymouth 012D","E01015066",605,535,252,283,1,12,5,7,54,48,6,3
"2011","Plymouth 012E","E01015067",613,581,362,219,2,7,0,7,20,18,2,3
"2011","Plymouth 013A","E01015072",607,350,151,199,2,194,130,64,55,46,9,6
"2011","Plymouth 013B","E01015073",642,322,105,217,16,233,142,91,57,44,13,14
"2011","Plymouth 013C","E01015078",484,197,77,120,0,263,163,100,18,15,3,6
"2011","Plymouth 013D","E01015080",471,101,31,70,0,334,232,102,29,26,3,7
"2011","Plymouth 013E","E01015106",531,381,180,201,0,83,57,26,57,52,5,10
"2011","Plymouth 014A","E01015039",461,283,113,170,0,59,8,51,116,101,15,3
"2011","Plymouth 014B","E01015040",589,291,112,179,0,227,155,72,68,62,6,3
"2011","Plymouth 014C","E01015041",642,410,125,285,4,65,13,52,158,145,13,5
"2011","Plymouth 014D","E01015075",648,331,138,193,0,228,109,119,78,69,9,11
"2011","Plymouth 014E","E01015145",668,97,22,75,1,520,19,501,46,45,1,4
"2011","Plymouth 015A","E01015120",608,493,245,248,6,55,21,34,47,43,4,7
"2011","Plymouth 015B","E01015121",645,599,355,244,0,8,0,8,32,28,4,6
"2011","Plymouth 015C","E01015123",721,558,331,227,6,26,11,15,122,113,9,9
"2011","Plymouth 015D","E01015124",692,609,351,258,2,22,7,15,53,46,7,6
"2011","Plymouth 015E","E01015125",620,528,267,261,2,51,6,45,38,36,2,1
"2011","Plymouth 016A","E01015033",626,563,281,282,0,12,4,8,48,47,1,3
"2011","Plymouth 016B","E01015034",516,429,200,229,0,12,1,11,67,62,5,8
"2011","Plymouth 016C","E01015036",655,452,210,242,0,108,3,105,88,56,32,7
"2011","Plymouth 016D","E01015038",712,578,266,312,2,23,8,15,104,83,21,5
"2011","Plymouth 016E","E01015101",616,568,328,240,0,8,1,7,34,30,4,6
"2011","Plymouth 017A","E01015098",647,458,207,251,1,6,1,5,177,162,15,5
"2011","Plymouth 017B","E01015099",634,469,190,279,5,3,0,3,152,135,17,5
"2011","Plymouth 017C","E01015100",612,391,157,234,2,27,1,26,187,178,9,5
"2011","Plymouth 017D","E01015103",624,481,179,302,5,7,1,6,127,115,12,4
"2011","Plymouth 017E","E01015105",621,508,215,293,3,6,1,5,99,92,7,5
"2011","Plymouth 018A","E01015107",593,441,146,295,33,51,2,49,67,62,5,1
"2011","Plymouth 018B","E01015110",609,541,215,326,4,7,1,6,54,43,11,3
"2011","Plymouth 018C","E01015111",703,500,123,377,7,25,3,22,169,154,15,2
"2011","Plymouth 018D","E01015119",639,543,197,346,13,18,3,15,64,60,4,1
"2011","Plymouth 019A","E01015112",559,474,188,286,7,16,1,15,61,54,7,1
"2011","Plymouth 019B","E01015113",627,569,294,275,3,2,0,2,49,45,4,4
"2011","Plymouth 019C","E01015114",622,515,242,273,3,36,1,35,65,55,10,3
"2011","Plymouth 019D","E01015118",676,608,294,314,8,13,4,9,41,33,8,6
"2011","Plymouth 019E","E01015122",642,559,304,255,1,15,9,6,61,57,4,6
"2011","Plymouth 020A","E01015042",650,423,151,272,1,40,12,28,180,158,22,6
"2011","Plymouth 020B","E01015044",734,354,137,217,1,32,15,17,339,324,15,8
"2011","Plymouth 020C","E01015167",683,437,153,284,3,60,9,51,178,165,13,5
"2011","Plymouth 020D","E01015168",814,468,174,294,2,99,28,71,237,215,22,8
"2011","Plymouth 020E","E01015171",809,368,160,208,2,90,7,83,340,321,19,9
"2011","Plymouth 021A","E01015055",603,308,124,184,12,213,128,85,66,55,11,4
"2011","Plymouth 021B","E01015056",746,480,193,287,14,126,35,91,117,102,15,9
"2011","Plymouth 021C","E01015057",657,274,95,179,13,288,60,228,70,65,5,12
"2011","Plymouth 021D","E01015059",639,419,126,293,15,87,40,47,113,94,19,5
"2011","Plymouth 021E","E01015060",644,412,178,234,2,133,55,78,92,83,9,5
"2011","Plymouth 021F","E01015176",588,332,155,177,0,159,109,50,93,81,12,4
"2011","Plymouth 022A","E01015108",762,521,218,303,2,41,5,36,193,74,119,5
"2011","Plymouth 022B","E01015109",641,500,185,315,8,16,4,12,117,104,13,0
"2011","Plymouth 022C","E01015115",697,349,187,162,5,284,98,186,41,30,11,18
"2011","Plymouth 022D","E01015116",603,486,242,244,4,54,7,47,54,46,8,5
"2011","Plymouth 022E","E01015117",592,455,207,248,4,85,3,82,47,39,8,1
"2011","Plymouth 023A","E01015031",673,308,129,179,3,5,1,4,351,338,13,6
"2011","Plymouth 023B","E01015032",804,209,103,106,2,8,0,8,579,561,18,6
"2011","Plymouth 023C","E01015049",594,275,117,158,1,8,1,7,308,296,12,2
"2011","Plymouth 023D","E01015050",665,119,48,71,3,7,2,5,532,519,13,4
"2011","Plymouth 023E","E01015051",521,205,118,87,1,8,3,5,304,292,12,3
"2011","Plymouth 024A","E01015169",860,379,167,212,3,84,20,64,386,362,24,8
"2011","Plymouth 024B","E01015170",748,314,146,168,4,233,113,120,189,179,10,8
"2011","Plymouth 024C","E01015173",760,461,206,255,22,38,10,28,227,210,17,12
"2011","Plymouth 024D","E01015174",681,558,248,310,9,15,6,9,92,78,14,7
"2011","Plymouth 025A","E01015061",614,286,111,175,1,61,45,16,238,207,31,28
"2011","Plymouth 025B","E01015062",711,275,107,168,4,30,3,27,398,370,28,4
"2011","Plymouth 025C","E01015175",660,352,132,220,3,35,10,25,265,241,24,5
"2011","Plymouth 025D","E01015177",727,464,187,277,3,4,1,3,255,231,24,1
"2011","Plymouth 025E","E01015178",810,355,145,210,8,20,4,16,420,407,13,7
"2011","Plymouth 026A","E01015043",675,186,79,107,2,287,142,145,189,174,15,11
"2011","Plymouth 026B","E01015045",748,188,74,114,28,291,151,140,231,219,12,10
"2011","Plymouth 026C","E01015046",931,110,45,65,23,703,382,321,74,68,6,21
"2011","Plymouth 026D","E01015047",633,147,63,84,1,351,159,192,126,114,12,8
"2011","Plymouth 026E","E01015048",592,134,43,91,9,331,137,194,110,107,3,8
"2011","Plymouth 027A","E01015053",581,123,64,59,2,155,51,104,299,289,10,2
"2011","Plymouth 027B","E01015054",528,68,22,46,13,121,8,113,323,307,16,3
"2011","Plymouth 027C","E01015152",947,139,66,73,1,577,285,292,223,210,13,7
"2011","Plymouth 027E","E01015156",758,184,89,95,1,246,89,157,309,284,25,18
"2011","Plymouth 027F","E01032657",754,280,167,113,2,94,17,77,364,330,34,14
"2011","Plymouth 027G","E01032658",808,144,83,61,13,311,151,160,316,298,18,24
"2011","Plymouth 028A","E01015052",806,162,79,83,2,157,8,149,476,457,19,9
"2011","Plymouth 028B","E01015179",659,291,127,164,11,19,4,15,326,301,25,12
"2011","Plymouth 028C","E01015180",871,318,106,212,13,247,19,228,278,254,24,15
"2011","Plymouth 028D","E01015181",985,382,159,223,8,55,12,43,520,493,27,20
"2011","Plymouth 028E","E01015182",837,389,147,242,37,182,61,121,222,193,29,7
"2011","Plymouth 029A","E01015151",914,188,77,111,9,313,88,225,393,360,33,11
"2011","Plymouth 029B","E01015153",903,138,57,81,2,407,75,332,347,335,12,9
"2011","Plymouth 029C","E01015155",934,104,38,66,0,632,312,320,185,170,15,13
"2011","Plymouth 029D","E01015157",1193,387,164,223,28,228,59,169,534,512,22,16
"2011","Plymouth 029E","E01015158",1334,387,252,135,3,212,18,194,717,666,51,15
"2011","Plymouth 029F","E01015172",822,416,167,249,4,39,11,28,355,337,18,8
"2011","Plymouth 030A","E01015126",637,586,399,187,1,11,3,8,34,26,8,5
"2011","Plymouth 030B","E01015127",616,486,260,226,3,53,9,44,69,61,8,5
"2011","Plymouth 030C","E01015131",643,598,392,206,0,4,1,3,36,29,7,5
"2011","Plymouth 030D","E01015132",668,464,287,177,2,97,48,49,89,36,53,16
"2011","Plymouth 030E","E01015133",649,600,380,220,1,10,5,5,32,27,5,6
"2011","Plymouth 031A","E01015135",630,492,222,270,8,54,29,25,67,53,14,9
"2011","Plymouth 031B","E01015136",628,507,275,232,4,9,0,9,96,89,7,12
"2011","Plymouth 031C","E01015137",655,520,241,279,2,40,13,27,89,77,12,4
"2011","Plymouth 031D","E01015138",699,578,312,266,7,9,6,3,96,88,8,9
"2011","Plymouth 031E","E01015139",613,442,248,194,5,67,45,22,88,73,15,11
"2011","Plymouth 031F","E01015141",746,641,360,281,2,30,16,14,67,47,20,6
"2011","Plymouth 032A","E01015128",758,606,365,241,5,40,2,38,101,91,10,6
"2011","Plymouth 032B","E01015129",674,460,151,309,5,32,22,10,173,144,29,4
"2011","Plymouth 032C","E01015130",616,451,188,263,7,14,0,14,140,47,93,4
"2011","Plymouth 032D","E01015134",678,506,285,221,11,36,0,36,119,68,51,6
"2011","Plymouth 032E","E01015140",653,511,363,148,1,13,1,12,123,26,97,5
"2011","Poole 001A","E01015431",441,371,213,158,1,1,1,0,51,30,21,17
"2011","Poole 001B","E01015432",745,585,331,254,2,72,43,29,80,68,12,6
"2011","Poole 001C","E01015433",603,552,329,223,2,2,1,1,33,30,3,14
"2011","Poole 001D","E01015434",651,625,378,247,1,3,1,2,20,20,0,2
"2011","Poole 002A","E01015379",480,268,97,171,0,149,122,27,56,52,4,7
"2011","Poole 002B","E01015435",659,456,124,332,10,94,79,15,94,83,11,5
"2011","Poole 002C","E01015436",532,444,206,238,3,33,27,6,49,40,9,3
"2011","Poole 002D","E01015437",505,465,218,247,0,13,2,11,25,21,4,2
"2011","Poole 003A","E01015395",625,490,314,176,2,66,55,11,59,56,3,8
"2011","Poole 003B","E01015396",643,615,372,243,0,3,3,0,25,20,5,0
"2011","Poole 003C","E01015397",528,504,226,278,1,1,1,0,19,18,1,3
"2011","Poole 003D","E01015398",508,482,249,233,0,3,2,1,22,20,2,1
"2011","Poole 003E","E01015399",628,579,388,191,0,2,2,0,40,34,6,7
"2011","Poole 003F","E01015400",621,596,360,236,0,2,2,0,19,16,3,4
"2011","Poole 003G","E01015401",644,614,369,245,0,1,1,0,23,21,2,6
"2011","Poole 004A","E01015412",486,464,222,242,0,2,2,0,20,18,2,0
"2011","Poole 004B","E01015413",635,435,158,277,4,114,53,61,78,70,8,4
"2011","Poole 004C","E01015414",625,477,251,226,0,67,47,20,78,69,9,3
"2011","Poole 004D","E01015415",541,204,55,149,1,225,87,138,105,99,6,6
"2011","Poole 004E","E01015416",522,403,158,245,18,51,35,16,46,45,1,4
"2011","Poole 005A","E01015407",622,537,278,259,5,5,1,4,74,59,15,1
"2011","Poole 005B","E01015408",503,409,190,219,3,47,5,42,37,34,3,7
"2011","Poole 005C","E01015409",589,303,112,191,4,166,3,163,112,106,6,4
"2011","Poole 005D","E01015410",655,432,133,299,24,38,4,34,158,146,12,3
"2011","Poole 005E","E01015411",529,445,185,260,3,20,1,19,56,52,4,5
"2011","Poole 006A","E01015417",621,416,188,228,1,137,83,54,65,56,9,2
"2011","Poole 006B","E01015418",694,544,209,335,4,47,6,41,92,82,10,7
"2011","Poole 006C","E01015419",782,682,346,336,2,11,4,7,81,75,6,6
"2011","Poole 006D","E01015420",646,382,158,224,1,214,196,18,41,35,6,8
"2011","Poole 006E","E01015421",629,517,319,198,6,69,61,8,37,30,7,0
"2011","Poole 006F","E01015422",614,492,135,357,7,18,8,10,94,88,6,3
"2011","Poole 007A","E01015380",753,629,364,265,3,52,41,11,64,55,9,5
"2011","Poole 007B","E01015381",652,365,157,208,1,220,190,30,54,47,7,12
"2011","Poole 007C","E01015382",768,470,135,335,9,102,43,59,183,169,14,4
"2011","Poole 007D","E01015383",685,554,325,229,5,18,11,7,98,84,14,10
"2011","Poole 007E","E01015384",493,187,54,133,8,247,183,64,42,37,5,9
"2011","Poole 007F","E01015385",788,430,203,227,4,233,178,55,107,97,10,14
"2011","Poole 008A","E01015438",622,522,230,292,2,9,5,4,87,78,9,2
"2011","Poole 008B","E01015439",755,457,165,292,0,174,134,40,113,109,4,11
"2011","Poole 008C","E01015441",836,468,189,279,16,150,91,59,194,185,9,8
"2011","Poole 008D","E01015442",799,340,137,203,38,328,251,77,71,62,9,22
"2011","Poole 008E","E01015443",759,535,283,252,8,70,39,31,133,116,17,13
"2011","Poole 008F","E01015444",687,507,197,310,15,53,26,27,110,100,10,2
"2011","Poole 009A","E01015386",843,311,132,179,1,267,15,252,257,236,21,7
"2011","Poole 009B","E01015387",666,487,227,260,2,73,3,70,99,91,8,5
"2011","Poole 009C","E01015388",487,359,175,184,3,48,2,46,74,66,8,3
"2011","Poole 009D","E01015389",675,510,236,274,3,19,2,17,141,131,10,2
"2011","Poole 010A","E01015390",753,429,165,264,12,114,56,58,191,182,9,7
"2011","Poole 010B","E01015391",619,539,228,311,3,10,6,4,62,53,9,5
"2011","Poole 010C","E01015392",647,481,212,269,21,10,5,5,129,123,6,6
"2011","Poole 010D","E01015393",520,359,116,243,2,59,10,49,95,86,9,5
"2011","Poole 010E","E01015394",634,515,201,314,1,12,4,8,103,93,10,3
"2011","Poole 011A","E01015440",842,657,315,342,3,16,6,10,159,147,12,7
"2011","Poole 011B","E01015447",647,575,301,274,1,8,3,5,53,50,3,10
"2011","Poole 011C","E01015449",707,404,143,261,0,172,124,48,119,114,5,12
"2011","Poole 011D","E01015456",780,379,185,194,1,235,117,118,158,135,23,7
"2011","Poole 011E","E01015457",805,543,313,230,2,75,6,69,182,172,10,3
"2011","Poole 012A","E01015445",779,688,368,320,19,3,2,1,67,60,7,2
"2011","Poole 012B","E01015446",646,433,197,236,1,134,119,15,67,55,12,11
"2011","Poole 012C","E01015448",627,496,238,258,1,57,46,11,67,62,5,6
"2011","Poole 012D","E01015450",669,541,266,275,2,56,41,15,65,58,7,5
"2011","Poole 012E","E01015451",633,575,329,246,4,7,7,0,42,38,4,5
"2011","Poole 013A","E01015458",651,593,367,226,0,2,0,2,55,53,2,1
"2011","Poole 013B","E01015460",720,490,205,285,2,26,10,16,198,185,13,4
"2011","Poole 013C","E01015461",642,408,144,264,1,41,4,37,184,177,7,8
"2011","Poole 013D","E01015462",682,420,149,271,0,60,16,44,189,181,8,13
"2011","Poole 013E","E01015463",733,509,241,268,0,36,4,32,182,172,10,6
"2011","Poole 013F","E01015464",649,572,300,272,0,1,1,0,67,62,5,9
"2011","Poole 014A","E01015427",647,348,108,240,1,94,58,36,200,93,107,4
"2011","Poole 014B","E01015428",965,663,388,275,15,93,41,52,186,121,65,8
"2011","Poole 014C","E01015429",675,392,173,219,3,177,136,41,93,84,9,10
"2011","Poole 014D","E01015430",574,201,90,111,2,283,239,44,84,79,5,4
"2011","Poole 015A","E01015465",770,409,177,232,4,180,104,76,167,151,16,10
"2011","Poole 015B","E01015466",734,476,260,216,1,90,12,78,155,145,10,12
"2011","Poole 015D","E01015468",933,481,358,123,52,110,14,96,282,263,19,8
"2011","Poole 015F","E01032659",619,132,73,59,18,263,173,90,183,165,18,23
"2011","Poole 015G","E01032660",657,309,124,185,67,94,10,84,176,168,8,11
"2011","Poole 015H","E01032661",679,370,229,141,4,22,16,6,270,253,17,13
"2011","Poole 015I","E01032662",633,161,102,59,7,288,253,35,162,150,12,15
"2011","Poole 016A","E01015423",975,443,201,242,42,267,103,164,214,191,23,9
"2011","Poole 016B","E01015424",610,476,229,247,4,20,5,15,106,94,12,4
"2011","Poole 016C","E01015425",551,456,249,207,2,36,9,27,51,47,4,6
"2011","Poole 016D","E01015426",550,304,135,169,2,172,146,26,61,52,9,11
"2011","Poole 017A","E01015452",826,707,440,267,15,28,3,25,67,62,5,9
"2011","Poole 017B","E01015453",980,584,315,269,2,46,1,45,338,315,23,10
"2011","Poole 017C","E01015454",874,512,248,264,6,59,21,38,290,282,8,7
"2011","Poole 017D","E01015455",906,723,452,271,0,33,17,16,140,130,10,10
"2011","Poole 017E","E01015459",800,672,433,239,0,4,1,3,111,102,9,13
"2011","Poole 018A","E01015402",795,579,379,200,2,19,6,13,187,173,14,8
"2011","Poole 018B","E01015403",1095,873,717,156,2,7,4,3,200,186,14,13
"2011","Poole 018C","E01015404",855,683,525,158,1,10,2,8,146,137,9,15
"2011","Poole 018D","E01015405",766,608,388,220,0,3,2,1,145,142,3,10
"2011","Poole 018E","E01015406",902,615,463,152,6,53,28,25,211,194,17,17
"2011","South Gloucestershire 001A","E01014985",641,544,276,268,2,5,0,5,87,81,6,3
"2011","South Gloucestershire 001B","E01014986",663,420,264,156,0,156,36,120,76,66,10,11
"2011","South Gloucestershire 001C","E01014987",514,462,253,209,0,5,1,4,41,38,3,6
"2011","South Gloucestershire 001D","E01014988",543,487,279,208,1,5,0,5,46,40,6,4
"2011","South Gloucestershire 001E","E01014989",441,366,208,158,1,11,1,10,51,44,7,12
"2011","South Gloucestershire 002A","E01014990",640,597,362,235,3,5,0,5,31,24,7,4
"2011","South Gloucestershire 002B","E01014991",983,509,215,294,9,350,61,289,96,75,21,19
"2011","South Gloucestershire 002C","E01014992",582,517,260,257,1,20,2,18,43,35,8,1
"2011","South Gloucestershire 002D","E01014993",551,469,244,225,0,23,5,18,52,50,2,7
"2011","South Gloucestershire 003A","E01014884",589,396,158,238,8,88,24,64,86,71,15,11
"2011","South Gloucestershire 003B","E01014885",717,651,297,354,2,12,5,7,49,47,2,3
"2011","South Gloucestershire 003C","E01014929",786,616,330,286,7,71,14,57,72,65,7,20
"2011","South Gloucestershire 003D","E01014930",709,573,248,325,1,82,13,69,42,37,5,11
"2011","South Gloucestershire 004A","E01014863",660,529,333,196,3,88,18,70,31,27,4,9
"2011","South Gloucestershire 004B","E01014864",632,540,344,196,3,15,4,11,61,54,7,13
"2011","South Gloucestershire 004C","E01014962",666,533,310,223,3,16,1,15,109,101,8,5
"2011","South Gloucestershire 004D","E01014963",768,647,362,285,1,27,4,23,78,65,13,15
"2011","South Gloucestershire 005A","E01014861",747,582,301,281,9,58,12,46,88,73,15,10
"2011","South Gloucestershire 005B","E01014862",1065,846,384,462,16,104,21,83,91,79,12,8
"2011","South Gloucestershire 005C","E01014953",807,684,280,404,1,25,10,15,88,77,11,9
"2011","South Gloucestershire 005D","E01014954",700,519,237,282,3,52,15,37,120,104,16,6
"2011","South Gloucestershire 006A","E01015014",537,488,201,287,0,1,1,0,44,42,2,4
"2011","South Gloucestershire 006B","E01015015",575,421,123,298,3,7,0,7,142,130,12,2
"2011","South Gloucestershire 006C","E01015016",455,437,217,220,0,2,0,2,14,13,1,2
"2011","South Gloucestershire 006D","E01015017",585,469,241,228,2,51,9,42,55,51,4,8
"2011","South Gloucestershire 006E","E01015018",571,446,206,240,13,74,4,70,34,27,7,4
"2011","South Gloucestershire 007A","E01015019",758,504,166,338,0,117,45,72,131,123,8,6
"2011","South Gloucestershire 007B","E01015020",650,407,153,254,3,107,28,79,126,112,14,7
"2011","South Gloucestershire 007C","E01015021",636,559,240,319,1,12,2,10,60,50,10,4
"2011","South Gloucestershire 007D","E01015022",675,517,182,335,4,15,2,13,136,123,13,3
"2011","South Gloucestershire 008A","E01014886",836,516,291,225,0,202,46,156,104,95,9,14
"2011","South Gloucestershire 008B","E01014887",614,533,290,243,1,8,2,6,66,62,4,6
"2011","South Gloucestershire 008C","E01014888",618,517,308,209,26,25,3,22,46,43,3,4
"2011","South Gloucestershire 008D","E01014889",613,553,266,287,1,6,1,5,51,36,15,2
"2011","South Gloucestershire 009A","E01014872",723,392,67,325,1,15,1,14,306,298,8,9
"2011","South Gloucestershire 009B","E01014874",601,439,114,325,2,0,0,0,159,154,5,1
"2011","South Gloucestershire 009C","E01014876",746,458,81,377,5,12,1,11,268,259,9,3
"2011","South Gloucestershire 009D","E01014877",601,460,114,346,4,3,1,2,129,127,2,5
"2011","South Gloucestershire 009E","E01014879",757,595,299,296,1,1,0,1,148,142,6,12
"2011","South Gloucestershire 009F","E01014881",717,519,92,427,1,4,0,4,190,188,2,3
"2011","South Gloucestershire 010A","E01015009",616,503,277,226,2,51,10,41,54,49,5,6
"2011","South Gloucestershire 010B","E01015010",527,447,207,240,1,6,1,5,68,63,5,5
"2011","South Gloucestershire 010C","E01015011",659,434,210,224,1,131,15,116,84,68,16,9
"2011","South Gloucestershire 010D","E01015012",526,490,263,227,1,9,1,8,24,22,2,2
"2011","South Gloucestershire 010E","E01015013",514,421,155,266,2,10,2,8,80,69,11,1
"2011","South Gloucestershire 011A","E01014946",639,433,160,273,1,147,46,101,51,44,7,7
"2011","South Gloucestershire 011B","E01014947",632,571,370,201,1,29,11,18,27,24,3,4
"2011","South Gloucestershire 011C","E01014948",804,328,128,200,0,377,90,287,80,72,8,19
"2011","South Gloucestershire 011D","E01014949",544,453,174,279,4,31,2,29,51,45,6,5
"2011","South Gloucestershire 011E","E01014950",601,448,171,277,1,30,8,22,117,111,6,5
"2011","South Gloucestershire 011F","E01014951",586,380,127,253,5,130,12,118,66,62,4,5
"2011","South Gloucestershire 011G","E01014952",708,564,280,284,2,60,11,49,73,69,4,9
"2011","South Gloucestershire 012A","E01014873",558,489,159,330,1,7,1,6,59,53,6,2
"2011","South Gloucestershire 012B","E01014875",794,413,98,315,3,14,2,12,361,341,20,3
"2011","South Gloucestershire 012C","E01014878",853,581,142,439,1,9,0,9,259,251,8,3
"2011","South Gloucestershire 012D","E01014880",715,497,95,402,0,42,1,41,174,165,9,2
"2011","South Gloucestershire 012E","E01014882",834,399,79,320,6,221,2,219,203,197,6,5
"2011","South Gloucestershire 012F","E01014883",535,387,131,256,2,19,0,19,126,119,7,1
"2011","South Gloucestershire 013A","E01014911",548,488,290,198,1,19,8,11,33,28,5,7
"2011","South Gloucestershire 013B","E01014912",735,656,339,317,1,11,2,9,63,59,4,4
"2011","South Gloucestershire 013C","E01014913",655,603,326,277,1,12,1,11,35,33,2,4
"2011","South Gloucestershire 013D","E01014914",639,386,165,221,3,194,49,145,35,30,5,21
"2011","South Gloucestershire 014A","E01014892",679,470,151,319,3,56,6,50,147,141,6,3
"2011","South Gloucestershire 014B","E01014893",620,515,199,316,2,8,0,8,90,79,11,5
"2011","South Gloucestershire 014C","E01014894",490,425,167,258,0,2,0,2,63,55,8,0
"2011","South Gloucestershire 014D","E01014895",526,439,148,291,0,4,0,4,83,74,9,0
"2011","South Gloucestershire 014E","E01014896",478,399,117,282,0,3,1,2,75,64,11,1
"2011","South Gloucestershire 015A","E01014979",667,541,251,290,2,8,1,7,110,106,4,6
"2011","South Gloucestershire 015B","E01014980",641,563,231,332,0,8,0,8,66,58,8,4
"2011","South Gloucestershire 015C","E01014982",632,481,177,304,2,67,17,50,78,65,13,4
"2011","South Gloucestershire 015D","E01014983",648,385,146,239,4,189,54,135,63,59,4,7
"2011","South Gloucestershire 015E","E01014984",608,430,210,220,9,105,22,83,59,53,6,5
"2011","South Gloucestershire 016A","E01014998",643,495,293,202,2,107,24,83,36,33,3,3
"2011","South Gloucestershire 016B","E01014999",629,584,335,249,1,6,1,5,36,27,9,2
"2011","South Gloucestershire 016C","E01015000",654,431,234,197,5,127,28,99,81,73,8,10
"2011","South Gloucestershire 016D","E01015001",628,552,296,256,3,38,11,27,28,24,4,7
"2011","South Gloucestershire 017A","E01014978",589,476,166,310,1,36,6,30,63,56,7,13
"2011","South Gloucestershire 017B","E01014981",1168,697,243,454,13,130,7,123,313,299,14,15
"2011","South Gloucestershire 017C","E01014996",699,557,352,205,3,7,0,7,124,110,14,8
"2011","South Gloucestershire 017E","E01033331",588,279,42,237,18,45,1,44,226,179,47,20
"2011","South Gloucestershire 017F","E01033333",552,381,185,196,1,48,5,43,112,101,11,10
"2011","South Gloucestershire 018A","E01014904",648,409,256,153,8,126,32,94,98,94,4,7
"2011","South Gloucestershire 018B","E01014905",663,535,241,294,1,8,3,5,110,101,9,9
"2011","South Gloucestershire 018C","E01014906",742,292,144,148,6,308,52,256,123,114,9,13
"2011","South Gloucestershire 018D","E01014907",685,450,230,220,2,55,15,40,172,160,12,6
"2011","South Gloucestershire 018E","E01014908",559,450,240,210,1,8,2,6,92,86,6,8
"2011","South Gloucestershire 018F","E01014909",595,375,178,197,5,17,2,15,195,187,8,3
"2011","South Gloucestershire 018G","E01014910",622,401,167,234,3,89,24,65,119,113,6,10
"2011","South Gloucestershire 019A","E01014867",523,404,232,172,2,81,17,64,29,26,3,7
"2011","South Gloucestershire 019B","E01014868",630,546,199,347,3,24,5,19,52,44,8,5
"2011","South Gloucestershire 019D","E01014994",734,592,344,248,9,67,10,57,51,42,9,15
"2011","South Gloucestershire 019E","E01014995",689,641,375,266,1,7,2,5,36,29,7,4
"2011","South Gloucestershire 019F","E01033338",630,517,143,374,14,37,2,35,57,49,8,5
"2011","South Gloucestershire 019G","E01033339",607,347,121,226,12,135,19,116,104,94,10,9
"2011","South Gloucestershire 020A","E01014901",660,588,316,272,1,11,2,9,52,49,3,8
"2011","South Gloucestershire 020B","E01014902",537,508,280,228,0,1,1,0,26,25,1,2
"2011","South Gloucestershire 020C","E01014903",641,579,338,241,1,25,7,18,34,33,1,2
"2011","South Gloucestershire 020D","E01014965",607,555,321,234,2,21,7,14,25,22,3,4
"2011","South Gloucestershire 021A","E01014964",667,578,229,349,2,10,0,10,74,65,9,3
"2011","South Gloucestershire 021B","E01014966",640,461,128,333,1,10,0,10,164,153,11,4
"2011","South Gloucestershire 021C","E01014967",811,647,219,428,0,8,1,7,150,119,31,6
"2011","South Gloucestershire 021D","E01014969",634,559,247,312,1,6,0,6,62,53,9,6
"2011","South Gloucestershire 021F","E01033334",639,299,58,241,0,6,2,4,331,208,123,3
"2011","South Gloucestershire 021G","E01033336",607,512,126,386,0,27,0,27,64,56,8,4
"2011","South Gloucestershire 022A","E01014897",594,549,303,246,1,2,1,1,35,34,1,7
"2011","South Gloucestershire 022B","E01014898",720,609,300,309,4,47,7,40,55,50,5,5
"2011","South Gloucestershire 022C","E01014899",744,556,284,272,1,77,14,63,99,87,12,11
"2011","South Gloucestershire 022D","E01014900",631,462,226,236,0,75,8,67,89,83,6,5
"2011","South Gloucestershire 023A","E01014959",535,396,182,214,3,85,20,65,48,44,4,3
"2011","South Gloucestershire 023B","E01014960",685,434,190,244,3,134,30,104,99,86,13,15
"2011","South Gloucestershire 023C","E01014961",668,391,177,214,9,209,38,171,49,39,10,10
"2011","South Gloucestershire 023D","E01014968",747,394,200,194,2,282,57,225,57,44,13,12
"2011","South Gloucestershire 024A","E01014865",784,524,257,267,5,156,13,143,88,74,14,11
"2011","South Gloucestershire 024B","E01014869",719,525,286,239,4,64,14,50,107,98,9,19
"2011","South Gloucestershire 024C","E01014870",635,471,265,206,2,50,12,38,98,82,16,14
"2011","South Gloucestershire 024D","E01014871",518,399,226,173,0,68,10,58,43,37,6,8
"2011","South Gloucestershire 024E","E01014890",817,604,325,279,6,64,8,56,115,100,15,28
"2011","South Gloucestershire 024F","E01014891",688,420,225,195,1,42,9,33,164,140,24,61
"2011","South Gloucestershire 025A","E01014955",557,511,274,237,0,11,0,11,33,33,0,2
"2011","South Gloucestershire 025B","E01014956",658,574,323,251,1,30,6,24,46,44,2,7
"2011","South Gloucestershire 025C","E01014957",509,456,246,210,1,9,3,6,38,30,8,5
"2011","South Gloucestershire 025D","E01014974",713,562,289,273,4,62,10,52,79,73,6,6
"2011","South Gloucestershire 025E","E01014977",696,211,93,118,2,308,56,252,163,150,13,12
"2011","South Gloucestershire 026A","E01014922",547,463,204,259,1,11,3,8,65,59,6,7
"2011","South Gloucestershire 026B","E01014923",651,456,217,239,1,108,22,86,77,71,6,9
"2011","South Gloucestershire 026C","E01014924",792,482,196,286,10,52,14,38,235,219,16,13
"2011","South Gloucestershire 026D","E01014973",638,409,195,214,0,147,50,97,73,69,4,9
"2011","South Gloucestershire 026E","E01014975",706,482,225,257,7,38,8,30,176,163,13,3
"2011","South Gloucestershire 026F","E01014976",660,405,190,215,4,124,32,92,118,102,16,9
"2011","South Gloucestershire 027A","E01014925",625,475,238,237,0,91,23,68,55,47,8,4
"2011","South Gloucestershire 027B","E01014926",686,328,165,163,3,271,51,220,68,59,9,16
"2011","South Gloucestershire 027C","E01014927",826,451,214,237,7,175,33,142,174,158,16,19
"2011","South Gloucestershire 027D","E01014928",644,387,205,182,1,190,36,154,57,53,4,9
"2011","South Gloucestershire 027E","E01014958",483,313,148,165,3,126,32,94,35,34,1,6
"2011","South Gloucestershire 028A","E01014915",651,454,205,249,2,98,26,72,85,73,12,12
"2011","South Gloucestershire 028B","E01015003",657,575,301,274,1,21,2,19,56,55,1,4
"2011","South Gloucestershire 028C","E01015005",850,557,191,366,15,64,3,61,210,191,19,4
"2011","South Gloucestershire 028D","E01015007",794,442,200,242,3,172,27,145,160,145,15,17
"2011","South Gloucestershire 028E","E01015008",663,481,221,260,4,90,18,72,72,61,11,16
"2011","South Gloucestershire 029A","E01014943",815,589,125,464,2,48,1,47,176,167,9,0
"2011","South Gloucestershire 029B","E01014944",710,604,180,424,3,11,1,10,88,70,18,4
"2011","South Gloucestershire 029C","E01014972",701,572,252,320,9,69,9,60,48,45,3,3
"2011","South Gloucestershire 029D","E01015002",643,469,197,272,9,70,10,60,92,86,6,3
"2011","South Gloucestershire 029E","E01015004",716,557,217,340,9,63,12,51,83,77,6,4
"2011","South Gloucestershire 029F","E01015006",665,478,226,252,1,128,36,92,51,43,8,7
"2011","South Gloucestershire 030A","E01014936",554,414,183,231,1,74,12,62,56,49,7,9
"2011","South Gloucestershire 030B","E01014938",624,471,162,309,0,89,13,76,58,55,3,6
"2011","South Gloucestershire 030C","E01014939",498,390,148,242,1,53,6,47,53,41,12,1
"2011","South Gloucestershire 030D","E01014940",501,434,156,278,2,30,5,25,29,27,2,6
"2011","South Gloucestershire 030E","E01014941",645,298,152,146,0,290,69,221,38,29,9,19
"2011","South Gloucestershire 030F","E01014942",654,408,191,217,0,188,56,132,49,42,7,9
"2011","South Gloucestershire 030G","E01014945",687,530,247,283,0,101,21,80,48,46,2,8
"2011","South Gloucestershire 031A","E01014916",685,476,224,252,3,91,8,83,106,87,19,9
"2011","South Gloucestershire 031B","E01014917",616,479,265,214,0,66,15,51,64,62,2,7
"2011","South Gloucestershire 031C","E01014918",644,567,333,234,1,18,4,14,55,40,15,3
"2011","South Gloucestershire 031D","E01014919",501,474,295,179,0,4,1,3,19,17,2,4
"2011","South Gloucestershire 031E","E01014920",532,455,251,204,0,43,16,27,28,21,7,6
"2011","South Gloucestershire 031F","E01014921",553,479,249,230,8,39,1,38,22,19,3,5
"2011","South Gloucestershire 032A","E01014866",646,574,297,277,0,30,3,27,39,34,5,3
"2011","South Gloucestershire 032B","E01014931",613,525,303,222,0,22,7,15,59,54,5,7
"2011","South Gloucestershire 032C","E01014932",728,639,365,274,1,18,0,18,67,61,6,3
"2011","South Gloucestershire 032D","E01014933",623,534,237,297,1,2,1,1,85,78,7,1
"2011","South Gloucestershire 032E","E01014934",502,471,274,197,1,0,0,0,20,18,2,10
"2011","South Gloucestershire 032F","E01014935",664,573,255,318,7,8,2,6,73,66,7,3
"2011","South Gloucestershire 032G","E01014937",524,485,263,222,1,5,1,4,30,23,7,3
"2011","Swindon 001A","E01015519",691,313,133,180,2,306,246,60,55,32,23,15
"2011","Swindon 001B","E01015520",549,412,244,168,6,51,47,4,71,58,13,9
"2011","Swindon 001C","E01015521",604,552,274,278,3,11,8,3,36,34,2,2
"2011","Swindon 001D","E01015522",643,489,255,234,2,59,9,50,88,77,11,5
"2011","Swindon 001E","E01015523",655,510,301,209,1,38,34,4,94,86,8,12
"2011","Swindon 001F","E01015524",465,346,125,221,1,70,61,9,42,37,5,6
"2011","Swindon 003A","E01015543",605,389,207,182,0,175,169,6,31,23,8,10
"2011","Swindon 003B","E01015544",743,233,99,134,7,460,436,24,30,25,5,13
"2011","Swindon 003C","E01015545",698,180,75,105,0,480,465,15,30,24,6,8
"2011","Swindon 003D","E01015546",699,172,64,108,2,476,444,32,36,33,3,13
"2011","Swindon 004A","E01015513",672,524,130,394,2,9,4,5,132,123,9,5
"2011","Swindon 004B","E01015514",523,483,299,184,3,14,10,4,23,19,4,0
"2011","Swindon 004C","E01015515",580,528,220,308,1,1,0,1,47,45,2,3
"2011","Swindon 004D","E01015516",624,384,183,201,0,184,76,108,46,39,7,10
"2011","Swindon 004E","E01015517",669,616,396,220,1,11,5,6,39,31,8,2
"2011","Swindon 005A","E01015555",668,470,235,235,0,134,130,4,51,41,10,13
"2011","Swindon 005B","E01015556",669,546,242,304,1,34,18,16,85,69,16,3
"2011","Swindon 005C","E01015557",627,537,255,282,1,15,14,1,72,65,7,2
"2011","Swindon 005D","E01015558",640,190,86,104,1,406,291,115,37,31,6,6
"2011","Swindon 005E","E01015559",638,479,270,209,3,91,87,4,60,45,15,5
"2011","Swindon 005F","E01015560",669,579,266,313,7,19,16,3,64,52,12,0
"2011","Swindon 006A","E01015526",607,463,130,333,2,50,47,3,90,83,7,2
"2011","Swindon 006B","E01015528",794,311,106,205,13,398,315,83,61,54,7,11
"2011","Swindon 006C","E01015529",676,505,258,247,1,82,74,8,77,71,6,11
"2011","Swindon 006D","E01015530",698,365,132,233,0,289,280,9,37,34,3,7
"2011","Swindon 007A","E01015506",633,337,135,202,0,239,207,32,45,36,9,12
"2011","Swindon 007B","E01015507",644,188,49,139,1,415,367,48,24,23,1,16
"2011","Swindon 007C","E01015527",682,413,153,260,0,193,137,56,64,54,10,12
"2011","Swindon 007D","E01015580",637,418,185,233,0,173,165,8,35,30,5,11
"2011","Swindon 008A","E01015473",674,536,291,245,5,58,46,12,68,58,10,7
"2011","Swindon 008B","E01015474",649,474,231,243,2,92,79,13,66,57,9,15
"2011","Swindon 008C","E01015547",594,450,206,244,1,54,37,17,79,67,12,10
"2011","Swindon 008D","E01015548",619,499,234,265,3,29,26,3,75,60,15,13
"2011","Swindon 009A","E01015549",702,602,287,315,0,16,6,10,80,70,10,4
"2011","Swindon 009B","E01015550",876,732,383,349,10,38,10,28,90,77,13,6
"2011","Swindon 009C","E01015551",619,551,282,269,0,24,22,2,38,35,3,6
"2011","Swindon 009D","E01015552",814,633,218,415,0,58,40,18,120,112,8,3
"2011","Swindon 009E","E01015553",670,524,167,357,9,12,6,6,118,107,11,7
"2011","Swindon 009F","E01015554",640,450,255,195,2,162,75,87,22,20,2,4
"2011","Swindon 010A","E01015508",614,283,103,180,1,251,208,43,71,62,9,8
"2011","Swindon 010B","E01015509",705,491,171,320,1,60,31,29,150,139,11,3
"2011","Swindon 010C","E01015510",844,423,169,254,4,162,128,34,245,226,19,10
"2011","Swindon 010D","E01015511",709,495,193,302,1,40,4,36,168,155,13,5
"2011","Swindon 011A","E01015562",599,409,93,316,17,80,6,74,88,83,5,5
"2011","Swindon 011B","E01015563",601,515,129,386,1,6,4,2,79,75,4,0
"2011","Swindon 011C","E01015565",646,412,108,304,2,115,111,4,109,107,2,8
"2011","Swindon 011D","E01015566",679,526,140,386,1,9,2,7,142,133,9,1
"2011","Swindon 012B","E01015578",748,461,147,314,1,87,58,29,197,187,10,2
"2011","Swindon 012C","E01015579",696,510,166,344,5,27,1,26,150,130,20,4
"2011","Swindon 012D","E01015581",617,542,227,315,2,10,8,2,58,54,4,5
"2011","Swindon 012E","E01015582",832,588,246,342,3,39,16,23,200,191,9,2
"2011","Swindon 012F","E01032708",769,323,51,272,3,12,2,10,429,420,9,2
"2011","Swindon 012G","E01032716",644,455,151,304,2,40,12,28,143,135,8,4
"2011","Swindon 013A","E01015481",758,561,219,342,52,71,45,26,69,60,9,5
"2011","Swindon 013B","E01015482",512,481,223,258,1,3,3,0,25,22,3,2
"2011","Swindon 013C","E01015483",648,606,379,227,1,7,2,5,28,26,2,6
"2011","Swindon 013D","E01015484",621,564,311,253,2,8,5,3,43,39,4,4
"2011","Swindon 013E","E01015485",654,528,178,350,3,19,8,11,103,95,8,1
"2011","Swindon 013F","E01015486",621,489,258,231,4,65,30,35,61,55,6,2
"2011","Swindon 014A","E01015561",650,460,150,310,17,5,2,3,167,161,6,1
"2011","Swindon 014B","E01015564",607,512,178,334,0,6,3,3,85,80,5,4
"2011","Swindon 014C","E01015567",673,498,176,322,6,5,2,3,162,152,10,2
"2011","Swindon 014D","E01015568",622,440,148,292,1,24,21,3,154,142,12,3
"2011","Swindon 015A","E01015475",683,352,128,224,3,61,48,13,263,243,20,4
"2011","Swindon 015B","E01015476",1198,270,83,187,14,426,350,76,468,445,23,20
"2011","Swindon 015C","E01015477",713,337,103,234,1,106,95,11,261,237,24,8
"2011","Swindon 015D","E01015480",751,380,124,256,1,17,14,3,349,331,18,4
"2011","Swindon 016A","E01015538",841,275,115,160,31,470,430,40,46,42,4,19
"2011","Swindon 016B","E01015572",523,165,63,102,2,306,272,34,40,36,4,10
"2011","Swindon 016C","E01015573",936,240,83,157,89,532,396,136,65,59,6,10
"2011","Swindon 016D","E01015575",489,153,65,88,2,279,260,19,40,36,4,15
"2011","Swindon 017A","E01015479",661,452,165,287,5,26,5,21,176,163,13,2
"2011","Swindon 017B","E01015493",712,473,202,271,3,19,11,8,207,190,17,10
"2011","Swindon 017C","E01015574",644,511,245,266,1,55,5,50,70,62,8,7
"2011","Swindon 017D","E01015576",681,568,362,206,12,61,5,56,32,29,3,8
"2011","Swindon 018A","E01015499",463,422,123,299,1,3,1,2,37,33,4,0
"2011","Swindon 018B","E01015500",653,520,150,370,4,25,12,13,104,93,11,0
"2011","Swindon 018C","E01015504",516,391,115,276,46,38,1,37,39,33,6,2
"2011","Swindon 018D","E01015505",668,415,110,305,5,108,12,96,138,130,8,2
"2011","Swindon 019A","E01015494",811,407,148,259,2,15,8,7,385,366,19,2
"2011","Swindon 019C","E01015496",816,436,126,310,16,24,10,14,336,316,20,4
"2011","Swindon 019D","E01015497",711,460,165,295,1,33,3,30,216,204,12,1
"2011","Swindon 019E","E01032714",670,175,75,100,24,50,3,47,411,404,7,10
"2011","Swindon 019F","E01032715",540,231,80,151,0,48,7,41,252,237,15,9
"2011","Swindon 020A","E01015537",707,348,115,233,2,306,272,34,39,28,11,12
"2011","Swindon 020B","E01015539",630,394,149,245,4,175,158,17,47,39,8,10
"2011","Swindon 020C","E01015540",736,306,106,200,6,353,312,41,63,57,6,8
"2011","Swindon 020D","E01015541",749,287,100,187,15,369,322,47,72,59,13,6
"2011","Swindon 020E","E01015542",623,224,100,124,4,335,316,19,46,40,6,14
"2011","Swindon 021A","E01015478",657,422,158,264,9,59,52,7,162,142,20,5
"2011","Swindon 021B","E01015498",783,554,208,346,26,18,12,6,182,173,9,3
"2011","Swindon 021D","E01015532",636,422,166,256,29,18,4,14,165,157,8,2
"2011","Swindon 021E","E01032706",710,287,47,240,107,57,2,55,257,249,8,2
"2011","Swindon 021F","E01032707",736,632,289,343,14,5,1,4,81,78,3,4
"2011","Swindon 022A","E01015501",523,459,161,298,1,10,3,7,50,47,3,3
"2011","Swindon 022B","E01015502",640,322,84,238,2,228,126,102,80,75,5,8
"2011","Swindon 022C","E01015503",613,266,65,201,2,261,192,69,73,66,7,11
"2011","Swindon 022D","E01015569",643,333,146,187,1,256,164,92,41,37,4,12
"2011","Swindon 022E","E01015570",771,302,97,205,3,371,252,119,87,77,10,8
"2011","Swindon 022F","E01015571",648,513,250,263,4,47,37,10,78,70,8,6
"2011","Swindon 023A","E01015487",608,535,250,285,4,15,8,7,52,51,1,2
"2011","Swindon 023B","E01015488",654,338,139,199,0,267,71,196,48,41,7,1
"2011","Swindon 023C","E01015489",549,487,218,269,0,17,8,9,42,40,2,3
"2011","Swindon 023D","E01015490",543,424,153,271,1,50,39,11,67,59,8,1
"2011","Swindon 023E","E01015491",721,325,122,203,4,331,122,209,48,44,4,13
"2011","Swindon 023F","E01015492",540,366,136,230,1,124,101,23,41,31,10,8
"2011","Swindon 024A","E01015533",673,617,392,225,1,9,5,4,39,37,2,7
"2011","Swindon 024B","E01015534",1046,606,339,267,19,143,5,138,269,258,11,9
"2011","Swindon 024C","E01015535",618,544,295,249,7,9,4,5,54,47,7,4
"2011","Swindon 024D","E01015536",1012,743,367,376,52,141,5,136,70,64,6,6
"2011","Swindon 025A","E01015583",860,614,228,386,22,94,29,65,123,84,39,7
"2011","Swindon 025B","E01015584",646,533,340,193,2,78,73,5,26,17,9,7
"2011","Swindon 025C","E01015585",661,523,239,284,11,51,26,25,68,63,5,8
"2011","Swindon 025D","E01015586",631,580,381,199,3,18,17,1,22,19,3,8
"2011","Swindon 025E","E01015587",865,494,259,235,14,268,181,87,73,67,6,16
"2011","Swindon 025F","E01015588",740,523,273,250,2,147,130,17,59,51,8,9
"2011","Swindon 026A","E01015525",664,552,147,405,6,11,1,10,91,84,7,4
"2011","Swindon 026B","E01032700",583,475,59,416,8,5,5,0,95,94,1,0
"2011","Swindon 026C","E01032703",555,419,53,366,14,34,3,31,88,83,5,0
"2011","Swindon 026D","E01032705",582,380,41,339,30,32,4,28,140,136,4,0
"2011","Swindon 026E","E01032709",545,304,42,262,72,36,2,34,133,127,6,0
"2011","Swindon 026F","E01032713",622,492,55,437,19,10,0,10,100,96,4,1
"2011","Swindon 027A","E01032701",543,330,41,289,4,12,4,8,193,179,14,4
"2011","Swindon 027B","E01032702",573,382,79,303,41,18,2,16,132,121,11,0
"2011","Swindon 027C","E01032704",584,339,40,299,5,82,3,79,158,146,12,0
"2011","Swindon 027D","E01032711",603,356,42,314,3,28,3,25,213,201,12,3
"2011","Swindon 027E","E01032712",589,314,40,274,46,70,6,64,157,145,12,2
"2011","Swindon 028A","E01015471",675,536,141,395,6,7,3,4,124,122,2,2
"2011","Swindon 028B","E01015472",1088,755,138,617,3,110,8,102,215,195,20,5
"2011","Swindon 028C","E01015512",612,509,98,411,0,4,2,2,97,90,7,2
"2011","Swindon 028D","E01015518",537,438,81,357,0,9,4,5,85,78,7,5
"2011","Swindon 028E","E01032710",525,410,75,335,2,5,1,4,105,101,4,3
"2011","Torbay 001A","E01015262",525,352,162,190,7,97,13,84,66,56,10,3
"2011","Torbay 001B","E01015263",624,298,112,186,4,234,48,186,85,71,14,3
"2011","Torbay 001C","E01015264",618,553,323,230,1,14,2,12,46,39,7,4
"2011","Torbay 001D","E01015265",653,508,299,209,6,73,11,62,64,55,9,2
"2011","Torbay 001E","E01015266",618,247,81,166,6,274,52,222,79,68,11,12
"2011","Torbay 002A","E01015236",647,474,257,217,7,34,6,28,121,114,7,11
"2011","Torbay 002B","E01015237",519,375,162,213,4,19,1,18,117,100,17,4
"2011","Torbay 002C","E01015238",611,410,206,204,6,14,0,14,177,156,21,4
"2011","Torbay 002D","E01015239",791,413,255,158,3,38,1,37,316,303,13,21
"2011","Torbay 003A","E01015249",619,343,144,199,27,180,14,166,57,48,9,12
"2011","Torbay 003B","E01015250",608,442,181,261,8,5,0,5,148,137,11,5
"2011","Torbay 003C","E01015251",461,376,173,203,0,34,3,31,49,40,9,2
"2011","Torbay 003D","E01015252",1001,609,244,365,18,82,6,76,287,262,25,5
"2011","Torbay 003E","E01015253",645,405,127,278,3,37,4,33,199,181,18,1
"2011","Torbay 003F","E01015254",610,523,304,219,2,37,5,32,43,37,6,5
"2011","Torbay 004A","E01015257",566,277,103,174,2,188,36,152,91,83,8,8
"2011","Torbay 004B","E01015258",885,472,245,227,46,180,13,167,183,169,14,4
"2011","Torbay 004C","E01015259",585,381,149,232,6,29,2,27,165,152,13,4
"2011","Torbay 004D","E01015260",783,353,165,188,4,52,2,50,368,347,21,6
"2011","Torbay 005A","E01015240",790,479,329,150,3,39,2,37,247,232,15,22
"2011","Torbay 005B","E01015241",627,456,240,216,1,30,6,24,131,120,11,9
"2011","Torbay 005C","E01015242",518,298,131,167,3,93,12,81,119,105,14,5
"2011","Torbay 005D","E01015243",594,491,285,206,1,15,1,14,82,70,12,5
"2011","Torbay 006A","E01015214",630,359,134,225,2,27,3,24,241,225,16,1
"2011","Torbay 006B","E01015215",608,453,185,268,2,6,0,6,143,122,21,4
"2011","Torbay 006C","E01015216",625,378,137,241,2,14,0,14,230,212,18,1
"2011","Torbay 006D","E01015218",586,407,176,231,4,37,1,36,133,122,11,5
"2011","Torbay 008A","E01015217",778,318,160,158,2,73,8,65,378,357,21,7
"2011","Torbay 008B","E01015255",823,175,70,105,0,87,3,84,542,525,17,19
"2011","Torbay 008C","E01015256",1034,352,202,150,4,52,0,52,612,592,20,14
"2011","Torbay 008D","E01015261",918,430,202,228,40,112,2,110,319,304,15,17
"2011","Torbay 010A","E01015267",852,447,283,164,3,5,0,5,386,367,19,11
"2011","Torbay 010B","E01015268",875,535,354,181,2,55,0,55,278,266,12,5
"2011","Torbay 010C","E01015269",796,492,299,193,14,31,1,30,252,244,8,7
"2011","Torbay 010D","E01015270",882,516,318,198,4,48,3,45,309,292,17,5
"2011","Torbay 010E","E01015271",704,607,430,177,2,0,0,0,83,80,3,12
"2011","Torbay 011A","E01015224",623,490,238,252,1,4,1,3,122,112,10,6
"2011","Torbay 011B","E01015225",597,458,234,224,1,62,5,57,70,60,10,6
"2011","Torbay 011C","E01015226",603,534,313,221,2,0,0,0,59,53,6,8
"2011","Torbay 011D","E01015227",622,556,298,258,0,4,1,3,55,48,7,7
"2011","Torbay 011E","E01015228",737,511,331,180,5,4,0,4,209,194,15,8
"2011","Torbay 011F","E01015230",639,588,374,214,4,2,0,2,34,31,3,11
"2011","Torbay 012A","E01015202",601,517,248,269,3,22,2,20,56,46,10,3
"2011","Torbay 012B","E01015203",547,488,294,194,2,7,4,3,47,42,5,3
"2011","Torbay 012C","E01015204",622,415,217,198,4,5,0,5,191,175,16,7
"2011","Torbay 012D","E01015205",639,545,264,281,2,11,0,11,79,68,11,2
"2011","Torbay 012E","E01015206",629,481,219,262,3,21,4,17,121,117,4,3
"2011","Torbay 013A","E01015190",708,507,319,188,8,70,8,62,119,112,7,4
"2011","Torbay 013B","E01015191",662,396,174,222,77,31,1,30,158,154,4,0
"2011","Torbay 013C","E01015192",589,345,140,205,2,142,15,127,92,82,10,8
"2011","Torbay 013D","E01015193",552,404,217,187,5,64,4,60,79,68,11,0
"2011","Torbay 013E","E01015194",606,415,219,196,4,129,8,121,55,49,6,3
"2011","Torbay 013F","E01015195",639,436,183,253,1,130,15,115,61,55,6,11
"2011","Torbay 013G","E01015196",593,246,97,149,8,278,52,226,57,52,5,4
"2011","Torbay 014A","E01015229",609,373,228,145,2,55,12,43,169,153,16,10
"2011","Torbay 014B","E01015231",856,211,88,123,1,188,12,176,452,430,22,4
"2011","Torbay 014C","E01015232",842,400,266,134,0,11,1,10,422,404,18,9
"2011","Torbay 014D","E01015233",701,348,188,160,7,16,1,15,321,304,17,9
"2011","Torbay 014E","E01015234",595,339,140,199,1,76,7,69,174,161,13,5
"2011","Torbay 014F","E01015235",845,518,388,130,5,15,2,13,300,284,16,7
"2011","Torbay 015A","E01015219",688,427,262,165,3,115,1,114,139,124,15,4
"2011","Torbay 015B","E01015220",618,533,304,229,1,14,2,12,67,49,18,3
"2011","Torbay 015C","E01015221",634,463,225,238,6,55,7,48,102,90,12,8
"2011","Torbay 015D","E01015222",631,477,277,200,41,10,1,9,97,88,9,6
"2011","Torbay 015E","E01015223",510,432,200,232,23,6,2,4,48,42,6,1
"2011","Torbay 016A","E01015197",637,592,408,184,0,2,0,2,37,33,4,6
"2011","Torbay 016B","E01015198",740,666,450,216,2,5,0,5,55,47,8,12
"2011","Torbay 016C","E01015199",628,585,438,147,0,5,0,5,36,27,9,2
"2011","Torbay 016D","E01015200",442,331,188,143,2,41,0,41,62,56,6,6
"2011","Torbay 016E","E01015201",580,450,295,155,1,47,6,41,75,69,6,7
"2011","Torbay 017A","E01015183",582,418,248,170,9,81,5,76,67,58,9,7
"2011","Torbay 017B","E01015184",620,551,417,134,10,8,1,7,45,42,3,6
"2011","Torbay 017C","E01015185",681,446,265,181,4,77,4,73,147,131,16,7
"2011","Torbay 017D","E01015186",681,369,198,171,3,32,4,28,272,252,20,5
"2011","Torbay 017E","E01015187",705,544,381,163,6,16,0,16,126,117,9,13
"2011","Torbay 017F","E01015188",667,518,338,180,1,35,2,33,110,92,18,3
"2011","Torbay 017G","E01015189",564,353,209,144,3,15,1,14,190,174,16,3
"2011","Torbay 018A","E01015244",641,548,308,240,8,18,2,16,62,55,7,5
"2011","Torbay 018B","E01015245",603,430,268,162,1,97,7,90,69,63,6,6
"2011","Torbay 018C","E01015246",600,477,285,192,2,17,1,16,96,82,14,8
"2011","Torbay 018D","E01015247",735,522,288,234,13,76,12,64,114,95,19,10
"2011","Torbay 018E","E01015248",657,400,199,201,6,74,9,65,167,152,15,10
"2011","Torbay 019E","E01015207",649,498,226,272,0,22,1,21,124,108,16,5
"2011","Torbay 019F","E01015208",847,769,525,244,1,7,0,7,65,62,3,5
"2011","Torbay 019A","E01015209",625,388,214,174,2,7,1,6,222,211,11,6
"2011","Torbay 019B","E01015210",639,363,149,214,2,129,15,114,142,128,14,3
"2011","Torbay 019G","E01015211",586,503,274,229,1,9,1,8,70,69,1,3
"2011","Torbay 019C","E01015212",586,401,162,239,1,8,2,6,169,155,14,7
"2011","Torbay 019D","E01015213",569,445,198,247,5,42,2,40,73,69,4,4
"2011","Wiltshire 012A","E01031841",783,550,311,239,8,110,10,100,91,79,12,24
"2011","Wiltshire 012B","E01031868",683,440,234,206,7,60,4,56,126,96,30,50
"2011","Wiltshire 012C","E01031873",738,466,233,233,6,110,7,103,106,89,17,50
"2011","Wiltshire 012D","E01031874",654,456,268,188,0,120,10,110,58,51,7,20
"2011","Wiltshire 012E","E01031884",675,455,283,172,1,81,12,69,106,82,24,32
"2011","Wiltshire 019A","E01031861",1024,692,403,289,7,202,28,174,112,99,13,11
"2011","Wiltshire 019B","E01031862",722,281,131,150,1,335,43,292,96,88,8,9
"2011","Wiltshire 019C","E01031863",576,296,182,114,0,83,11,72,161,128,33,36
"2011","Wiltshire 019D","E01031864",522,421,243,178,1,24,3,21,52,42,10,24
"2011","Wiltshire 019E","E01031865",571,365,246,119,6,89,12,77,75,54,21,36
"2011","Wiltshire 024A","E01031866",687,455,265,190,12,77,9,68,104,81,23,39
"2011","Wiltshire 024B","E01031869",850,417,227,190,19,335,48,287,64,53,11,15
"2011","Wiltshire 024C","E01031870",810,631,350,281,6,34,5,29,123,113,10,16
"2011","Wiltshire 024D","E01031871",712,503,282,221,1,90,10,80,96,80,16,22
"2011","Wiltshire 025A","E01031850",938,568,286,282,39,214,18,196,106,95,11,11
"2011","Wiltshire 025B","E01031851",630,312,126,186,3,245,30,215,65,58,7,5
"2011","Wiltshire 025C","E01031852",824,622,325,297,10,54,13,41,133,77,56,5
"2011","Wiltshire 025E","E01032688",501,323,100,223,17,73,5,68,83,76,7,5
"2011","Wiltshire 025F","E01032689",532,373,179,194,8,69,9,60,78,74,4,4
"2011","Wiltshire 025G","E01032692",509,308,92,216,21,80,4,76,99,94,5,1
"2011","Wiltshire 025H","E01032693",571,351,137,214,20,133,5,128,63,52,11,4
"2011","Wiltshire 026A","E01031853",657,398,225,173,3,198,27,171,50,47,3,8
"2011","Wiltshire 026B","E01031854",1024,418,269,149,6,403,31,372,187,165,22,10
"2011","Wiltshire 026C","E01031855",645,547,307,240,3,49,6,43,40,38,2,6
"2011","Wiltshire 026D","E01031856",750,378,235,143,2,290,27,263,71,65,6,9
"2011","Wiltshire 028A","E01031845",666,520,291,229,2,72,11,61,60,45,15,12
"2011","Wiltshire 028B","E01031846",704,434,203,231,12,164,17,147,84,66,18,10
"2011","Wiltshire 028C","E01031848",724,551,301,250,2,89,13,76,67,57,10,15
"2011","Wiltshire 028D","E01031872",675,434,250,184,4,174,21,153,57,50,7,6
"2011","Wiltshire 028E","E01031876",622,457,271,186,4,89,14,75,59,48,11,13
"2011","Wiltshire 029A","E01031843",774,493,277,216,7,144,14,130,114,90,24,16
"2011","Wiltshire 029B","E01031847",728,518,256,262,13,100,7,93,78,68,10,19
"2011","Wiltshire 029C","E01031849",672,427,190,237,14,97,15,82,114,90,24,20
"2011","Wiltshire 029D","E01031877",767,530,311,219,9,67,8,59,120,96,24,41
"2011","Wiltshire 034A","E01031844",830,548,243,305,7,140,10,130,128,101,27,7
"2011","Wiltshire 034B","E01031857",640,392,168,224,5,174,18,156,63,47,16,6
"2011","Wiltshire 034C","E01031858",713,547,271,276,2,35,3,32,93,79,14,36
"2011","Wiltshire 034D","E01031883",785,617,381,236,1,94,9,85,54,43,11,19
"2011","Wiltshire 038A","E01031842",768,549,297,252,5,98,15,83,99,85,14,17
"2011","Wiltshire 038B","E01031867",795,506,223,283,5,167,16,151,108,80,28,9
"2011","Wiltshire 038C","E01031882",849,507,269,238,2,115,14,101,211,83,128,14
"2011","Wiltshire 041A","E01031859",744,312,135,177,9,269,38,231,143,123,20,11
"2011","Wiltshire 041B","E01031860",634,375,167,208,6,153,21,132,91,73,18,9
"2011","Wiltshire 041C","E01031878",763,417,115,302,20,101,13,88,224,56,168,1
"2011","Wiltshire 041D","E01031879",597,57,10,47,2,110,11,99,427,59,368,1
"2011","Wiltshire 041E","E01031880",582,149,42,107,7,49,6,43,374,59,315,3
"2011","Wiltshire 041G","E01032697",574,83,21,62,12,188,31,157,291,158,133,0
"2011","Wiltshire 041H","E01032698",618,260,83,177,0,209,32,177,148,70,78,1
"2011","Wiltshire 001A","E01031887",714,574,304,270,15,63,8,55,49,40,9,13
"2011","Wiltshire 001B","E01031934",698,621,327,294,1,17,1,16,50,47,3,9
"2011","Wiltshire 001C","E01031935",736,582,276,306,1,34,6,28,103,96,7,16
"2011","Wiltshire 001D","E01031936",634,366,169,197,3,191,29,162,67,60,7,7
"2011","Wiltshire 002A","E01031885",634,467,249,218,1,64,3,61,85,81,4,17
"2011","Wiltshire 002B","E01031947",697,385,185,200,4,245,30,215,51,45,6,12
"2011","Wiltshire 002C","E01031948",828,627,251,376,17,54,4,50,123,110,13,7
"2011","Wiltshire 002D","E01031949",833,564,298,266,5,52,4,48,209,193,16,3
"2011","Wiltshire 003A","E01031954",530,461,233,228,2,16,1,15,44,36,8,7
"2011","Wiltshire 003B","E01031955",659,566,296,270,1,36,1,35,51,44,7,5
"2011","Wiltshire 003C","E01031956",512,284,153,131,4,157,17,140,57,48,9,10
"2011","Wiltshire 003D","E01031962",541,489,256,233,0,20,3,17,28,23,5,4
"2011","Wiltshire 004A","E01031886",566,482,262,220,1,16,1,15,54,48,6,13
"2011","Wiltshire 004B","E01031892",558,447,254,193,2,46,8,38,56,50,6,7
"2011","Wiltshire 004C","E01031893",612,510,263,247,3,31,3,28,58,49,9,10
"2011","Wiltshire 004D","E01031894",601,473,273,200,3,31,1,30,80,70,10,14
"2011","Wiltshire 005A","E01031957",619,436,226,210,5,75,6,69,93,87,6,10
"2011","Wiltshire 005B","E01031958",563,435,258,177,2,18,2,16,89,76,13,19
"2011","Wiltshire 005C","E01031959",690,539,323,216,4,56,6,50,79,72,7,12
"2011","Wiltshire 005D","E01031960",526,297,157,140,3,72,8,64,149,47,102,5
"2011","Wiltshire 006A","E01031963",737,332,171,161,11,324,33,291,62,53,9,8
"2011","Wiltshire 006B","E01031964",776,625,340,285,2,15,3,12,128,114,14,6
"2011","Wiltshire 006C","E01031967",880,542,257,285,15,179,19,160,133,124,9,11
"2011","Wiltshire 006D","E01031969",586,489,194,295,1,11,2,9,82,77,5,3
"2011","Wiltshire 007B","E01031944",457,323,134,189,1,25,6,19,93,56,37,15
"2011","Wiltshire 007D","E01031946",482,75,18,57,4,45,2,43,355,34,321,3
"2011","Wiltshire 007E","E01031961",526,435,223,212,3,28,2,26,51,35,16,9
"2011","Wiltshire 007F","E01031965",620,514,257,257,1,55,9,46,48,33,15,2
"2011","Wiltshire 007G","E01031966",628,555,296,259,2,9,0,9,56,51,5,6
"2011","Wiltshire 007H","E01031968",678,568,291,277,1,24,0,24,80,68,12,5
"2011","Wiltshire 007I","E01032699",996,633,360,273,4,91,8,83,257,88,169,11
"2011","Wiltshire 008A","E01031939",842,680,330,350,3,68,11,57,70,58,12,21
"2011","Wiltshire 008B","E01031940",917,696,388,308,3,76,6,70,113,101,12,29
"2011","Wiltshire 008C","E01031950",536,430,219,211,2,17,3,14,74,64,10,13
"2011","Wiltshire 008D","E01031951",465,317,165,152,4,55,2,53,78,31,47,11
"2011","Wiltshire 009A","E01031907",921,755,233,522,0,11,1,10,151,146,5,4
"2011","Wiltshire 009B","E01031910",586,439,185,254,5,79,6,73,57,51,6,6
"2011","Wiltshire 009C","E01031914",495,198,84,114,2,254,28,226,37,34,3,4
"2011","Wiltshire 009D","E01031915",603,492,233,259,1,36,3,33,70,66,4,4
"2011","Wiltshire 009E","E01031919",593,508,271,237,2,49,2,47,26,22,4,8
"2011","Wiltshire 009F","E01031920",505,380,146,234,0,22,2,20,100,93,7,3
"2011","Wiltshire 010A","E01031905",497,460,145,315,0,8,3,5,29,26,3,0
"2011","Wiltshire 010B","E01031906",643,463,133,330,2,16,2,14,160,151,9,2
"2011","Wiltshire 010C","E01031908",706,429,172,257,12,165,13,152,95,82,13,5
"2011","Wiltshire 010D","E01031909",526,440,237,203,2,51,4,47,31,27,4,2
"2011","Wiltshire 010E","E01031925",495,279,148,131,5,169,11,158,25,23,2,17
"2011","Wiltshire 010F","E01031926",620,452,202,250,3,89,14,75,68,64,4,8
"2011","Wiltshire 010G","E01031927",502,464,241,223,1,7,0,7,26,23,3,4
"2011","Wiltshire 011A","E01031911",572,265,99,166,3,246,16,230,55,49,6,3
"2011","Wiltshire 011B","E01031912",739,304,158,146,15,217,14,203,187,176,11,16
"2011","Wiltshire 011C","E01031913",556,455,220,235,3,27,3,24,70,63,7,1
"2011","Wiltshire 011D","E01031917",673,293,119,174,17,207,20,187,148,140,8,8
"2011","Wiltshire 011E","E01031918",1138,900,567,333,22,120,9,111,88,75,13,8
"2011","Wiltshire 011F","E01031928",613,234,93,141,3,324,32,292,38,34,4,14
"2011","Wiltshire 013A","E01031891",883,688,375,313,1,55,5,50,123,116,7,16
"2011","Wiltshire 013B","E01031904",808,593,290,303,1,63,6,57,130,119,11,21
"2011","Wiltshire 013C","E01031937",444,310,172,138,4,49,9,40,65,54,11,16
"2011","Wiltshire 013D","E01031938",568,466,203,263,2,22,2,20,66,60,6,12
"2011","Wiltshire 014A","E01031916",538,376,183,193,1,123,16,107,34,31,3,4
"2011","Wiltshire 014B","E01031921",533,450,132,318,3,18,1,17,62,57,5,0
"2011","Wiltshire 014C","E01031922",594,423,136,287,6,11,4,7,151,143,8,3
"2011","Wiltshire 014D","E01031923",536,432,144,288,2,18,0,18,81,71,10,3
"2011","Wiltshire 014E","E01031924",666,498,130,368,12,39,2,37,114,109,5,3
"2011","Wiltshire 015A","E01031895",628,415,198,217,8,141,18,123,58,45,13,6
"2011","Wiltshire 015B","E01031896",571,215,83,132,7,274,41,233,60,54,6,15
"2011","Wiltshire 015C","E01031897",842,638,211,427,2,83,15,68,107,100,7,12
"2011","Wiltshire 015D","E01031898",656,420,162,258,11,95,10,85,104,92,12,26
"2011","Wiltshire 015F","E01032690",659,440,74,366,30,81,4,77,104,100,4,4
"2011","Wiltshire 015G","E01032691",595,391,110,281,3,113,15,98,83,75,8,5
"2011","Wiltshire 016A","E01031900",1043,830,435,395,2,100,5,95,99,87,12,12
"2011","Wiltshire 016B","E01031901",645,364,154,210,5,170,16,154,92,79,13,14
"2011","Wiltshire 016C","E01031902",475,360,134,226,3,54,5,49,55,50,5,3
"2011","Wiltshire 016D","E01031903",999,847,395,452,6,39,5,34,104,92,12,3
"2011","Wiltshire 017A","E01031888",574,455,275,180,2,39,2,37,69,57,12,9
"2011","Wiltshire 017B","E01031889",762,428,159,269,8,140,16,124,176,68,108,10
"2011","Wiltshire 017C","E01031890",628,503,275,228,0,52,5,47,67,56,11,6
"2011","Wiltshire 017D","E01031929",548,447,261,186,1,46,6,40,45,33,12,9
"2011","Wiltshire 017E","E01031930",485,232,75,157,1,30,3,27,218,38,180,4
"2011","Wiltshire 018A","E01031931",729,588,354,234,6,34,8,26,94,83,11,7
"2011","Wiltshire 018B","E01031932",667,521,297,224,4,86,7,79,48,43,5,8
"2011","Wiltshire 018C","E01031933",620,395,176,219,3,167,33,134,53,44,9,2
"2011","Wiltshire 018D","E01031941",637,451,209,242,5,63,8,55,112,75,37,6
"2011","Wiltshire 018E","E01031942",549,329,195,134,1,98,2,96,96,65,31,25
"2011","Wiltshire 018F","E01031952",1094,485,226,259,3,341,41,300,233,212,21,32
"2011","Wiltshire 018G","E01031953",1185,850,334,516,36,150,8,142,143,132,11,6
"2011","Wiltshire 045B","E01031988",561,62,14,48,1,45,8,37,452,55,397,1
"2011","Wiltshire 045C","E01031998",719,56,19,37,2,79,6,73,578,45,533,4
"2011","Wiltshire 045D","E01032026",670,511,246,265,10,56,43,13,83,64,19,10
"2011","Wiltshire 045F","E01032696",858,453,225,228,6,154,119,35,229,92,137,16
"2011","Wiltshire 046A","E01031989",577,270,117,153,2,156,135,21,141,56,85,8
"2011","Wiltshire 046B","E01031996",556,315,140,175,4,191,149,42,40,30,10,6
"2011","Wiltshire 046C","E01031997",584,464,184,280,2,33,13,20,83,67,16,2
"2011","Wiltshire 046D","E01031999",650,532,264,268,4,39,21,18,69,61,8,6
"2011","Wiltshire 048A","E01031974",586,452,297,155,9,59,26,33,56,44,12,10
"2011","Wiltshire 048B","E01031975",531,225,120,105,1,274,263,11,27,16,11,4
"2011","Wiltshire 048C","E01031976",490,221,51,170,13,92,23,69,161,49,112,3
"2011","Wiltshire 048D","E01031977",1083,718,248,470,32,109,14,95,217,170,47,7
"2011","Wiltshire 048E","E01031978",693,395,101,294,16,170,32,138,109,97,12,3
"2011","Wiltshire 048F","E01031979",881,541,239,302,22,157,100,57,153,141,12,8
"2011","Wiltshire 049A","E01032013",829,481,297,184,0,126,116,10,180,151,29,42
"2011","Wiltshire 049B","E01032032",662,558,326,232,8,24,22,2,58,47,11,14
"2011","Wiltshire 049C","E01032033",609,454,239,215,2,53,44,9,91,61,30,9
"2011","Wiltshire 049D","E01032034",583,427,251,176,2,59,55,4,91,41,50,4
"2011","Wiltshire 050A","E01032010",931,659,421,238,4,92,75,17,147,123,24,29
"2011","Wiltshire 050B","E01032035",686,551,371,180,10,26,21,5,87,76,11,12
"2011","Wiltshire 050C","E01032036",638,384,227,157,2,104,65,39,120,104,16,28
"2011","Wiltshire 050D","E01032037",698,376,225,151,10,203,154,49,91,82,9,18
"2011","Wiltshire 051A","E01031984",602,505,206,299,5,32,6,26,56,53,3,4
"2011","Wiltshire 051B","E01031985",524,317,137,180,7,134,77,57,61,54,7,5
"2011","Wiltshire 051C","E01031986",603,306,166,140,3,219,206,13,60,49,11,15
"2011","Wiltshire 051D","E01032017",609,548,328,220,0,19,10,9,36,29,7,6
"2011","Wiltshire 052A","E01031980",600,302,101,201,14,201,154,47,77,64,13,6
"2011","Wiltshire 052B","E01031981",619,238,101,137,2,335,292,43,38,26,12,6
"2011","Wiltshire 052C","E01031982",567,354,168,186,1,161,140,21,44,32,12,7
"2011","Wiltshire 052D","E01031983",723,226,95,131,7,413,283,130,63,52,11,14
"2011","Wiltshire 053A","E01032018",634,552,306,246,1,33,28,5,45,35,10,3
"2011","Wiltshire 053B","E01032019",623,325,153,172,2,251,180,71,37,34,3,8
"2011","Wiltshire 053C","E01032020",634,482,276,206,3,79,74,5,63,53,10,7
"2011","Wiltshire 053D","E01032025",626,463,226,237,3,84,78,6,69,60,9,7
"2011","Wiltshire 054A","E01031990",809,498,300,198,3,112,72,40,171,152,19,25
"2011","Wiltshire 054B","E01032004",999,598,370,228,10,148,112,36,209,185,24,34
"2011","Wiltshire 054C","E01032027",612,417,256,161,0,62,57,5,112,94,18,21
"2011","Wiltshire 054D","E01032038",639,415,256,159,4,87,56,31,114,61,53,19
"2011","Wiltshire 054E","E01032039",674,354,165,189,14,116,62,54,182,120,62,8
"2011","Wiltshire 054F","E01032040",625,358,177,181,1,173,157,16,82,77,5,11
"2011","Wiltshire 055A","E01032001",609,459,222,237,5,32,5,27,104,93,11,9
"2011","Wiltshire 055B","E01032002",600,382,152,230,5,67,23,44,132,123,9,14
"2011","Wiltshire 055C","E01032003",734,402,199,203,8,103,53,50,208,193,15,13
"2011","Wiltshire 055D","E01032024",1125,581,251,330,15,128,31,97,386,349,37,15
"2011","Wiltshire 056A","E01032014",865,405,265,140,9,113,53,60,320,290,30,18
"2011","Wiltshire 056B","E01032015",602,321,146,175,2,133,118,15,137,130,7,9
"2011","Wiltshire 056C","E01032016",624,404,199,205,1,33,22,11,178,164,14,8
"2011","Wiltshire 056D","E01032021",700,458,231,227,10,19,10,9,199,176,23,14
"2011","Wiltshire 057A","E01032000",947,593,350,243,7,96,51,45,200,142,58,51
"2011","Wiltshire 057B","E01032011",1022,633,267,366,28,207,71,136,134,92,42,20
"2011","Wiltshire 057C","E01032012",759,692,460,232,4,16,7,9,43,32,11,4
"2011","Wiltshire 058A","E01032008",668,377,209,168,3,237,215,22,36,33,3,15
"2011","Wiltshire 058B","E01032009",836,667,438,229,7,69,18,51,79,64,15,14
"2011","Wiltshire 058C","E01032022",931,430,296,134,2,178,54,124,287,258,29,34
"2011","Wiltshire 059A","E01032005",532,423,231,192,0,41,9,32,64,58,6,4
"2011","Wiltshire 059B","E01032006",510,385,207,178,2,16,5,11,100,60,40,7
"2011","Wiltshire 059C","E01032007",543,312,115,197,30,112,27,85,86,80,6,3
"2011","Wiltshire 059D","E01032023",840,290,163,127,10,394,254,140,129,118,11,17
"2011","Wiltshire 060A","E01031970",658,548,300,248,4,9,3,6,77,67,10,20
"2011","Wiltshire 060B","E01031971",512,360,181,179,3,66,55,11,75,69,6,8
"2011","Wiltshire 060C","E01031972",598,461,270,191,1,66,45,21,65,55,10,5
"2011","Wiltshire 060D","E01032041",784,708,415,293,6,17,13,4,41,35,6,12
"2011","Wiltshire 060E","E01032042",677,549,278,271,1,50,29,21,65,53,12,12
"2011","Wiltshire 061A","E01031991",845,556,361,195,2,101,92,9,136,113,23,50
"2011","Wiltshire 061B","E01032029",605,438,290,148,6,41,37,4,98,88,10,22
"2011","Wiltshire 061C","E01032030",718,385,247,138,6,211,155,56,108,104,4,8
"2011","Wiltshire 061D","E01032031",490,371,229,142,1,53,49,4,55,46,9,10
"2011","Wiltshire 062A","E01031973",720,616,375,241,1,14,12,2,80,71,9,9
"2011","Wiltshire 062B","E01031992",623,528,334,194,2,11,8,3,67,59,8,15
"2011","Wiltshire 062C","E01031993",625,460,257,203,5,101,96,5,40,33,7,19
"2011","Wiltshire 062D","E01031994",512,378,212,166,0,85,69,16,45,43,2,4
"2011","Wiltshire 062E","E01031995",721,494,278,216,12,38,26,12,151,130,21,26
"2011","Wiltshire 020A","E01032063",776,593,287,306,1,89,8,81,88,83,5,5
"2011","Wiltshire 020B","E01032064",508,234,94,140,1,220,24,196,48,43,5,5
"2011","Wiltshire 020C","E01032065",646,479,209,270,0,89,10,79,70,65,5,8
"2011","Wiltshire 020D","E01032073",571,473,137,336,1,13,0,13,82,68,14,2
"2011","Wiltshire 020E","E01032074",532,470,291,179,1,21,7,14,37,31,6,3
"2011","Wiltshire 021A","E01032043",513,376,217,159,0,58,1,57,65,53,12,14
"2011","Wiltshire 021B","E01032044",555,471,292,179,1,40,4,36,38,33,5,5
"2011","Wiltshire 021C","E01032057",492,409,228,181,2,30,2,28,46,37,9,5
"2011","Wiltshire 021D","E01032070",685,428,208,220,8,187,14,173,55,50,5,7
"2011","Wiltshire 021E","E01032071",889,756,336,420,1,42,7,35,82,69,13,8
"2011","Wiltshire 021F","E01032072",738,585,165,420,7,50,5,45,91,81,10,5
"2011","Wiltshire 022A","E01032062",766,330,152,178,1,253,33,220,171,157,14,11
"2011","Wiltshire 022B","E01032066",626,399,150,249,1,148,15,133,71,68,3,7
"2011","Wiltshire 022C","E01032067",653,517,266,251,1,47,5,42,80,76,4,8
"2011","Wiltshire 022D","E01032068",707,460,265,195,16,98,28,70,125,113,12,8
"2011","Wiltshire 022E","E01032069",499,430,191,239,4,24,2,22,38,34,4,3
"2011","Wiltshire 023A","E01032058",595,434,219,215,0,87,10,77,68,59,9,6
"2011","Wiltshire 023B","E01032059",728,593,365,228,0,46,8,38,75,69,6,14
"2011","Wiltshire 023C","E01032060",701,585,384,201,2,53,3,50,49,41,8,12
"2011","Wiltshire 023D","E01032061",514,409,238,171,2,58,9,49,38,34,4,7
"2011","Wiltshire 027A","E01032045",604,535,313,222,0,16,4,12,50,47,3,3
"2011","Wiltshire 027B","E01032046",708,500,291,209,4,129,11,118,66,57,9,9
"2011","Wiltshire 027C","E01032047",608,503,303,200,2,66,8,58,32,29,3,5
"2011","Wiltshire 027D","E01032048",754,422,221,201,1,243,35,208,75,67,8,13
"2011","Wiltshire 027E","E01032049",701,549,343,206,3,77,11,66,69,65,4,3
"2011","Wiltshire 027F","E01032050",911,655,406,249,3,59,5,54,179,173,6,15
"2011","Wiltshire 030A","E01032077",671,556,272,284,1,41,6,35,62,55,7,11
"2011","Wiltshire 030B","E01032078",1173,775,242,533,4,222,21,201,163,154,9,9
"2011","Wiltshire 030C","E01032079",633,505,278,227,0,73,7,66,48,41,7,7
"2011","Wiltshire 030D","E01032080",617,549,188,361,2,8,1,7,58,50,8,0
"2011","Wiltshire 031A","E01032085",670,509,208,301,0,18,1,17,140,134,6,3
"2011","Wiltshire 031B","E01032086",1172,413,162,251,11,341,46,295,392,373,19,15
"2011","Wiltshire 031C","E01032087",936,666,371,295,4,103,20,83,155,142,13,8
"2011","Wiltshire 032A","E01032099",1131,868,336,532,11,99,11,88,151,122,29,2
"2011","Wiltshire 032B","E01032100",654,512,268,244,1,31,3,28,99,94,5,11
"2011","Wiltshire 032C","E01032101",792,412,189,223,5,159,9,150,205,194,11,11
"2011","Wiltshire 032D","E01032102",657,585,355,230,2,7,0,7,61,56,5,2
"2011","Wiltshire 033A","E01032096",758,245,111,134,6,435,50,385,66,56,10,6
"2011","Wiltshire 033B","E01032097",740,677,362,315,2,13,1,12,43,37,6,5
"2011","Wiltshire 033C","E01032098",632,530,265,265,0,51,6,45,48,41,7,3
"2011","Wiltshire 035A","E01032092",621,512,234,278,1,12,2,10,95,86,9,1
"2011","Wiltshire 035B","E01032093",718,358,145,213,3,291,43,248,63,59,4,3
"2011","Wiltshire 035C","E01032094",1009,517,192,325,21,261,31,230,202,190,12,8
"2011","Wiltshire 035D","E01032095",669,539,240,299,0,34,2,32,93,82,11,3
"2011","Wiltshire 036A","E01032088",632,560,306,254,3,9,3,6,58,49,9,2
"2011","Wiltshire 036B","E01032089",655,431,130,301,4,11,3,8,202,189,13,7
"2011","Wiltshire 036C","E01032090",616,411,171,240,3,121,16,105,74,62,12,7
"2011","Wiltshire 036D","E01032091",544,397,163,234,4,53,6,47,83,78,5,7
"2011","Wiltshire 037A","E01032053",583,514,277,237,2,21,3,18,44,37,7,2
"2011","Wiltshire 037B","E01032083",916,750,411,339,0,44,7,37,117,97,20,5
"2011","Wiltshire 037C","E01032084",1085,901,510,391,1,59,11,48,112,103,9,12
"2011","Wiltshire 039A","E01032052",562,478,277,201,3,23,3,20,55,45,10,3
"2011","Wiltshire 039B","E01032054",519,335,186,149,1,101,12,89,71,57,14,11
"2011","Wiltshire 039C","E01032055",542,496,286,210,0,8,1,7,35,29,6,3
"2011","Wiltshire 039D","E01032056",548,401,202,199,3,86,10,76,48,44,4,10
"2011","Wiltshire 039E","E01032121",694,586,266,320,2,18,3,15,79,68,11,9
"2011","Wiltshire 040A","E01032115",825,448,190,258,6,208,18,190,146,133,13,17
"2011","Wiltshire 040B","E01032116",1063,845,373,472,2,78,14,64,132,120,12,6
"2011","Wiltshire 040C","E01032117",1014,727,232,495,4,153,15,138,121,111,10,9
"2011","Wiltshire 040D","E01032118",564,235,94,141,12,256,23,233,56,45,11,5
"2011","Wiltshire 040E","E01032119",926,533,197,336,3,65,9,56,310,292,18,15
"2011","Wiltshire 040G","E01032694",601,400,84,316,1,93,9,84,104,98,6,3
"2011","Wiltshire 040H","E01032695",602,516,254,262,2,17,2,15,64,47,17,3
"2011","Wiltshire 042A","E01032104",510,198,88,110,2,258,31,227,38,25,13,14
"2011","Wiltshire 042B","E01032105",667,571,349,222,3,7,1,6,79,59,20,7
"2011","Wiltshire 042C","E01032107",493,57,20,37,2,38,3,35,394,35,359,2
"2011","Wiltshire 042D","E01032108",620,476,311,165,2,30,6,24,110,71,39,2
"2011","Wiltshire 043A","E01032110",696,604,322,282,5,20,3,17,62,49,13,5
"2011","Wiltshire 043B","E01032111",547,331,165,166,16,136,27,109,53,41,12,11
"2011","Wiltshire 043C","E01032112",618,461,154,307,3,25,4,21,125,118,7,4
"2011","Wiltshire 043D","E01032113",601,387,170,217,2,146,21,125,64,57,7,2
"2011","Wiltshire 044A","E01032103",874,489,289,200,8,96,5,91,267,245,22,14
"2011","Wiltshire 044B","E01032106",595,535,325,210,3,9,1,8,43,32,11,5
"2011","Wiltshire 044C","E01032109",676,443,208,235,1,145,16,129,84,74,10,3
"2011","Wiltshire 044D","E01032114",646,375,205,170,2,94,14,80,152,146,6,23
"2011","Wiltshire 047A","E01032051",582,475,286,189,0,28,2,26,61,50,11,18
"2011","Wiltshire 047B","E01032075",584,401,213,188,5,84,7,77,76,62,14,18
"2011","Wiltshire 047C","E01032076",533,295,177,118,1,72,6,66,145,125,20,20
"2011","Wiltshire 047D","E01032081",540,300,185,115,5,20,3,17,170,154,16,45
"2011","Wiltshire 047E","E01032082",523,391,219,172,2,37,1,36,81,69,12,12
"2011","East Devon 001A","E01019902",917,764,466,298,10,43,22,21,78,63,15,22
"2011","East Devon 001B","E01019938",905,743,498,245,3,42,32,10,101,74,27,16
"2011","East Devon 001C","E01019967",541,409,274,135,4,17,9,8,96,85,11,15
"2011","East Devon 002A","E01019927",625,311,188,123,2,155,126,29,147,140,7,10
"2011","East Devon 002B","E01019932",819,393,222,171,1,232,178,54,175,163,12,18
"2011","East Devon 002C","E01019933",604,419,237,182,2,66,38,28,107,99,8,10
"2011","East Devon 002D","E01019934",825,705,488,217,2,45,12,33,62,55,7,11
"2011","East Devon 003A","E01019928",597,430,222,208,2,101,57,44,55,50,5,9
"2011","East Devon 003B","E01019929",625,474,225,249,2,43,33,10,103,93,10,3
"2011","East Devon 003C","E01019930",667,556,349,207,6,16,12,4,86,77,9,3
"2011","East Devon 003D","E01019931",532,470,254,216,1,12,8,4,47,47,0,2
"2011","East Devon 004A","E01019925",522,445,203,242,1,21,10,11,51,42,9,4
"2011","East Devon 004D","E01019959",485,343,222,121,0,46,45,1,80,74,6,16
"2011","East Devon 004E","E01019960",530,415,248,167,2,21,18,3,78,65,13,14
"2011","East Devon 004F","E01019962",961,749,405,344,6,78,40,38,114,96,18,14
"2011","East Devon 004G","E01032628",851,701,410,291,5,38,34,4,91,85,6,16
"2011","East Devon 005A","E01019886",1112,731,432,299,9,254,185,69,98,82,16,20
"2011","East Devon 005B","E01019887",654,394,233,161,7,147,104,43,92,77,15,14
"2011","East Devon 005C","E01019888",817,566,387,179,3,29,10,19,205,181,24,14
"2011","East Devon 005D","E01019889",657,559,371,188,3,25,19,6,65,49,16,5
"2011","East Devon 005E","E01019966",471,396,279,117,2,38,25,13,30,29,1,5
"2011","East Devon 006A","E01019891",574,349,188,161,2,65,18,47,140,107,33,18
"2011","East Devon 006B","E01019892",617,450,191,259,2,80,66,14,73,63,10,12
"2011","East Devon 006C","E01019893",728,550,303,247,10,60,48,12,96,82,14,12
"2011","East Devon 006D","E01019903",891,672,407,265,2,78,72,6,125,111,14,14
"2011","East Devon 007A","E01019899",629,440,287,153,2,124,101,23,57,48,9,6
"2011","East Devon 007B","E01019900",812,704,527,177,1,38,11,27,59,56,3,10
"2011","East Devon 007C","E01019935",563,460,339,121,2,41,36,5,46,34,12,14
"2011","East Devon 007D","E01019936",507,383,266,117,1,56,44,12,59,52,7,8
"2011","East Devon 007E","E01019961",1093,878,601,277,5,60,46,14,123,104,19,27
"2011","East Devon 008A","E01019939",628,529,348,181,7,28,28,0,59,51,8,5
"2011","East Devon 008B","E01019940",659,591,417,174,2,17,17,0,41,37,4,8
"2011","East Devon 008C","E01019942",796,542,306,236,8,147,115,32,90,75,15,9
"2011","East Devon 008D","E01019943",630,559,322,237,0,28,26,2,37,31,6,6
"2011","East Devon 008E","E01019944",685,483,254,229,7,30,8,22,156,148,8,9
"2011","East Devon 009A","E01019890",821,575,403,172,8,98,71,27,124,99,25,16
"2011","East Devon 009B","E01019901",579,473,328,145,4,32,30,2,60,54,6,10
"2011","East Devon 009C","E01019951",975,814,613,201,3,58,49,9,80,68,12,20
"2011","East Devon 010A","E01019946",645,560,414,146,2,29,3,26,48,47,1,6
"2011","East Devon 010B","E01019947",982,639,463,176,8,10,6,4,316,292,24,9
"2011","East Devon 010C","E01019948",637,551,410,141,0,41,18,23,38,38,0,7
"2011","East Devon 010D","E01019949",703,619,447,172,1,6,5,1,71,60,11,6
"2011","East Devon 010E","E01019950",597,375,259,116,5,166,127,39,40,32,8,11
"2011","East Devon 011A","E01019952",842,684,475,209,5,73,48,25,74,67,7,6
"2011","East Devon 011B","E01019953",727,585,432,153,2,107,101,6,24,21,3,9
"2011","East Devon 011C","E01019954",688,442,273,169,33,162,84,78,41,34,7,10
"2011","East Devon 011D","E01019955",775,534,356,178,4,138,131,7,85,74,11,14
"2011","East Devon 012A","E01019956",879,610,474,136,2,44,30,14,198,179,19,25
"2011","East Devon 012B","E01019957",918,806,710,96,2,27,3,24,65,59,6,18
"2011","East Devon 012C","E01019958",809,692,484,208,0,44,34,10,63,55,8,10
"2011","East Devon 013A","E01019937",928,720,468,252,1,80,66,14,107,94,13,20
"2011","East Devon 013B","E01019945",835,579,363,216,2,57,50,7,167,149,18,30
"2011","East Devon 013C","E01019963",709,544,279,265,3,68,58,10,85,81,4,9
"2011","East Devon 014A","E01019898",1023,859,551,308,2,17,10,7,129,108,21,16
"2011","East Devon 014B","E01019964",428,350,214,136,1,6,6,0,56,48,8,15
"2011","East Devon 014C","E01019965",773,511,313,198,14,80,68,12,159,88,71,9
"2011","East Devon 015A","E01019904",603,411,198,213,3,135,115,20,46,42,4,8
"2011","East Devon 015B","E01019905",743,679,334,345,1,8,6,2,48,46,2,7
"2011","East Devon 015C","E01019906",658,577,300,277,4,9,3,6,63,57,6,5
"2011","East Devon 015D","E01019907",675,580,358,222,3,33,7,26,52,33,19,7
"2011","East Devon 016A","E01019908",709,502,166,336,1,87,5,82,112,104,8,7
"2011","East Devon 016B","E01019909",813,731,467,264,3,17,4,13,60,51,9,2
"2011","East Devon 016C","E01019910",668,560,290,270,2,32,27,5,68,55,13,6
"2011","East Devon 016D","E01019911",783,664,470,194,0,29,14,15,79,42,37,11
"2011","East Devon 017A","E01019894",786,654,529,125,4,32,27,5,84,78,6,12
"2011","East Devon 017B","E01019895",656,539,402,137,1,26,22,4,79,67,12,11
"2011","East Devon 017C","E01019896",757,632,488,144,2,23,19,4,91,82,9,9
"2011","East Devon 017D","E01019897",697,428,239,189,14,149,111,38,90,80,10,16
"2011","East Devon 018A","E01019920",626,445,201,244,0,103,60,43,76,55,21,2
"2011","East Devon 018B","E01019921",635,547,298,249,4,34,24,10,50,49,1,0
"2011","East Devon 018C","E01019922",643,296,130,166,20,276,198,78,41,29,12,10
"2011","East Devon 018D","E01019923",534,379,208,171,1,94,57,37,55,45,10,5
"2011","East Devon 018E","E01019924",605,370,130,240,3,139,98,41,89,81,8,4
"2011","East Devon 019A","E01019916",952,439,191,248,6,48,28,20,434,399,35,25
"2011","East Devon 019B","E01019917",650,474,238,236,5,12,2,10,149,131,18,10
"2011","East Devon 019C","E01019918",948,491,278,213,1,36,5,31,404,380,24,16
"2011","East Devon 019D","E01019919",778,458,210,248,5,51,1,50,251,223,28,13
"2011","East Devon 020A","E01019912",855,572,377,195,2,81,76,5,185,173,12,15
"2011","East Devon 020B","E01019913",794,676,532,144,3,13,5,8,94,86,8,8
"2011","East Devon 020C","E01019914",948,457,266,191,3,352,330,22,111,99,12,25
"2011","East Devon 020D","E01019915",753,637,439,198,2,32,20,12,78,75,3,4
"2011","Exeter 001C","E01019998",608,442,216,226,2,48,31,17,108,101,7,8
"2011","Exeter 001D","E01019999",503,377,225,152,1,18,4,14,103,97,6,4
"2011","Exeter 001E","E01020001",601,493,270,223,4,12,6,6,89,84,5,3
"2011","Exeter 001F","E01033233",969,771,527,244,28,72,6,66,88,82,6,10
"2011","Exeter 002A","E01019990",607,277,93,184,2,278,254,24,43,36,7,7
"2011","Exeter 002B","E01019991",620,314,145,169,1,225,181,44,79,68,11,1
"2011","Exeter 002C","E01019993",497,440,200,240,2,14,11,3,41,36,5,0
"2011","Exeter 002D","E01020000",604,283,122,161,2,221,205,16,84,75,9,14
"2011","Exeter 002E","E01020007",507,198,103,95,2,17,9,8,289,281,8,1
"2011","Exeter 003A","E01019992",616,433,217,216,12,108,95,13,52,48,4,11
"2011","Exeter 003B","E01020002",638,432,230,202,3,147,40,107,50,42,8,6
"2011","Exeter 003C","E01020003",695,608,378,230,0,39,14,25,46,42,4,2
"2011","Exeter 003D","E01020004",631,540,283,257,3,12,3,9,74,69,5,2
"2011","Exeter 003E","E01020005",704,387,202,185,15,243,96,147,45,35,10,14
"2011","Exeter 004A","E01019997",620,259,125,134,2,11,2,9,342,317,25,6
"2011","Exeter 004B","E01020019",558,216,140,76,6,18,2,16,316,311,5,2
"2011","Exeter 004C","E01020020",599,206,119,87,1,27,4,23,360,346,14,5
"2011","Exeter 004D","E01020021",536,286,166,120,6,11,5,6,228,216,12,5
"2011","Exeter 004E","E01020022",673,123,48,75,9,177,33,144,356,347,9,8
"2011","Exeter 005A","E01019980",738,369,107,262,15,191,19,172,160,143,17,3
"2011","Exeter 005B","E01019982",727,403,97,306,9,103,63,40,205,189,16,7
"2011","Exeter 005C","E01019983",626,485,268,217,2,82,3,79,53,48,5,4
"2011","Exeter 005D","E01019984",549,467,190,277,6,18,5,13,56,48,8,2
"2011","Exeter 005E","E01019985",579,212,75,137,30,288,27,261,41,41,0,8
"2011","Exeter 006A","E01019987",648,360,180,180,5,78,44,34,198,182,16,7
"2011","Exeter 006B","E01019989",528,399,164,235,4,5,0,5,120,112,8,0
"2011","Exeter 006C","E01020006",785,385,150,235,13,195,3,192,180,167,13,12
"2011","Exeter 006D","E01020008",607,249,112,137,2,28,11,17,328,315,13,0
"2011","Exeter 006E","E01020009",615,408,181,227,2,19,11,8,178,169,9,8
"2011","Exeter 007A","E01019986",627,523,274,249,0,13,11,2,86,76,10,5
"2011","Exeter 007B","E01020036",655,440,249,191,4,162,158,4,38,37,1,11
"2011","Exeter 007C","E01020037",602,308,168,140,2,249,230,19,32,26,6,11
"2011","Exeter 007D","E01020039",839,283,99,184,4,460,447,13,61,55,6,31
"2011","Exeter 007E","E01020040",582,395,213,182,2,139,133,6,35,27,8,11
"2011","Exeter 008A","E01019994",659,274,135,139,4,159,36,123,212,202,10,10
"2011","Exeter 008B","E01019995",816,179,91,88,17,435,185,250,168,163,5,17
"2011","Exeter 008C","E01020016",1166,259,137,122,6,426,202,224,431,413,18,44
"2011","Exeter 008D","E01020017",1009,309,142,167,29,145,19,126,511,493,18,15
"2011","Exeter 008E","E01020018",1116,314,189,125,22,316,96,220,443,426,17,21
"2011","Exeter 009A","E01019996",563,212,94,118,1,74,11,63,269,262,7,7
"2011","Exeter 009B","E01020023",1004,692,367,325,11,101,41,60,192,185,7,8
"2011","Exeter 009C","E01020024",667,488,298,190,1,39,24,15,131,123,8,8
"2011","Exeter 009D","E01020025",759,409,202,207,2,70,40,30,265,251,14,13
"2011","Exeter 010A","E01019975",500,303,116,187,0,138,59,79,51,45,6,8
"2011","Exeter 010B","E01020029",661,482,200,282,6,53,12,41,112,97,15,8
"2011","Exeter 010C","E01020030",889,488,195,293,8,129,80,49,249,227,22,15
"2011","Exeter 010D","E01020031",645,485,205,280,2,39,9,30,112,93,19,7
"2011","Exeter 010E","E01020032",622,430,195,235,6,20,10,10,161,153,8,5
"2011","Exeter 011A","E01020026",742,645,372,273,2,10,4,6,85,84,1,0
"2011","Exeter 011B","E01020027",695,550,250,300,2,57,53,4,84,80,4,2
"2011","Exeter 011D","E01020035",669,511,213,298,19,54,20,34,75,66,9,10
"2011","Exeter 011E","E01020038",606,497,247,250,0,35,23,12,71,66,5,3
"2011","Exeter 011F","E01033232",619,351,120,231,25,76,4,72,163,151,12,4
"2011","Exeter 011G","E01033234",608,429,169,260,11,38,2,36,123,117,6,7
"2011","Exeter 012A","E01019973",616,471,248,223,1,97,44,53,42,36,6,5
"2011","Exeter 012B","E01019974",648,500,292,208,0,84,63,21,55,46,9,9
"2011","Exeter 012C","E01019976",555,479,295,184,3,24,7,17,49,40,9,0
"2011","Exeter 012D","E01019977",612,507,268,239,2,68,54,14,31,27,4,4
"2011","Exeter 012E","E01019981",599,399,183,216,2,143,69,74,51,48,3,4
"2011","Exeter 013A","E01019988",645,501,277,224,16,51,32,19,68,51,17,9
"2011","Exeter 013B","E01020010",742,385,181,204,16,237,201,36,91,83,8,13
"2011","Exeter 013C","E01020013",558,328,159,169,0,88,60,28,134,103,31,8
"2011","Exeter 013D","E01020014",651,249,78,171,8,324,299,25,52,41,11,18
"2011","Exeter 013E","E01020015",717,228,65,163,1,404,393,11,75,63,12,9
"2011","Exeter 014A","E01019968",703,514,318,196,3,63,44,19,115,109,6,8
"2011","Exeter 014B","E01019969",612,460,230,230,3,41,36,5,102,92,10,6
"2011","Exeter 014C","E01019970",529,403,177,226,4,25,13,12,95,83,12,2
"2011","Exeter 014D","E01019971",801,336,156,180,10,117,16,101,335,325,10,3
"2011","Exeter 014E","E01019972",602,355,137,218,7,89,32,57,148,139,9,3
"2011","Exeter 015A","E01020011",514,410,240,170,1,43,40,3,51,42,9,9
"2011","Exeter 015B","E01020012",621,355,152,203,4,196,150,46,46,41,5,20
"2011","Exeter 015C","E01020033",739,612,442,170,4,53,40,13,59,47,12,11
"2011","Exeter 015E","E01033235",711,478,351,127,9,49,39,10,163,156,7,12
"2011","Exeter 015F","E01033236",559,395,287,108,1,48,41,7,102,96,6,13
"2011","Mid Devon 001A","E01020046",625,476,266,210,1,29,27,2,102,93,9,17
"2011","Mid Devon 001B","E01020049",547,446,286,160,5,14,14,0,69,54,15,13
"2011","Mid Devon 001C","E01020050",953,662,437,225,7,95,79,16,166,150,16,23
"2011","Mid Devon 001D","E01020077",622,510,297,213,0,31,25,6,70,60,10,11
"2011","Mid Devon 002A","E01020047",956,724,440,284,11,22,2,20,183,167,16,16
"2011","Mid Devon 002B","E01020051",826,707,461,246,5,17,0,17,92,87,5,5
"2011","Mid Devon 002C","E01020066",1115,791,331,460,8,30,2,28,278,259,19,8
"2011","Mid Devon 002D","E01020080",536,445,301,144,3,9,2,7,71,59,12,8
"2011","Mid Devon 003A","E01020063",1049,665,350,315,23,227,109,118,115,104,11,19
"2011","Mid Devon 003B","E01020074",876,680,387,293,7,45,22,23,113,98,15,31
"2011","Mid Devon 003C","E01020075",790,575,336,239,12,84,61,23,105,94,11,14
"2011","Mid Devon 004A","E01020052",867,419,201,218,8,225,113,112,203,191,12,12
"2011","Mid Devon 004B","E01020053",606,353,184,169,2,167,149,18,67,60,7,17
"2011","Mid Devon 004C","E01020065",758,407,165,242,3,170,115,55,145,134,11,33
"2011","Mid Devon 004D","E01020067",784,266,96,170,66,329,316,13,112,104,8,11
"2011","Mid Devon 005A","E01020048",965,484,263,221,1,109,27,82,349,326,23,22
"2011","Mid Devon 005B","E01020078",653,227,74,153,1,217,108,109,189,162,27,19
"2011","Mid Devon 005C","E01020079",603,338,158,180,2,221,205,16,32,29,3,10
"2011","Mid Devon 005D","E01020081",513,310,171,139,6,135,125,10,53,45,8,9
"2011","Mid Devon 006A","E01020045",665,536,311,225,8,46,38,8,60,55,5,15
"2011","Mid Devon 006B","E01020059",825,620,363,257,8,78,53,25,102,87,15,17
"2011","Mid Devon 006C","E01020062",643,568,288,280,1,11,9,2,58,50,8,5
"2011","Mid Devon 006D","E01020064",725,469,171,298,1,133,96,37,107,101,6,15
"2011","Mid Devon 007A","E01020054",840,646,282,364,12,75,26,49,100,88,12,7
"2011","Mid Devon 007B","E01020055",789,479,230,249,6,156,105,51,136,125,11,12
"2011","Mid Devon 007C","E01020057",757,416,182,234,4,206,124,82,120,113,7,11
"2011","Mid Devon 007D","E01020058",837,661,319,342,9,33,22,11,122,110,12,12
"2011","Mid Devon 008A","E01020043",831,549,271,278,1,134,107,27,137,127,10,10
"2011","Mid Devon 008B","E01020044",671,514,312,202,2,58,48,10,79,71,8,18
"2011","Mid Devon 008C","E01020056",803,617,354,263,3,37,29,8,122,109,13,24
"2011","Mid Devon 008D","E01020071",839,644,369,275,4,77,57,20,105,101,4,9
"2011","Mid Devon 009A","E01020072",676,548,314,234,4,42,37,5,67,57,10,15
"2011","Mid Devon 009B","E01020073",715,556,342,214,5,73,66,7,71,65,6,10
"2011","Mid Devon 009C","E01020076",699,523,283,240,0,45,39,6,117,104,13,14
"2011","Mid Devon 009D","E01020082",481,372,225,147,6,35,25,10,60,51,9,8
"2011","Mid Devon 010A","E01020068",655,454,276,178,2,78,72,6,102,78,24,19
"2011","Mid Devon 010B","E01020069",597,452,269,183,1,56,49,7,75,65,10,13
"2011","Mid Devon 010C","E01020070",760,600,368,232,3,39,36,3,100,92,8,18
"2011","Mid Devon 010D","E01020083",910,689,304,385,10,65,54,11,136,123,13,10
"2011","Mid Devon 011A","E01020041",916,509,213,296,23,222,163,59,148,135,13,14
"2011","Mid Devon 011B","E01020042",726,619,342,277,1,10,7,3,93,86,7,3
"2011","Mid Devon 011C","E01020060",888,452,262,190,4,173,46,127,248,233,15,11
"2011","Mid Devon 011D","E01020061",866,648,352,296,16,77,34,43,112,103,9,13
"2011","North Devon 001A","E01020111",667,279,144,135,0,186,39,147,192,181,11,10
"2011","North Devon 001B","E01020112",799,296,142,154,0,63,7,56,424,406,18,16
"2011","North Devon 001C","E01020114",502,322,162,160,10,13,1,12,155,146,9,2
"2011","North Devon 001D","E01020115",523,410,225,185,0,4,1,3,99,87,12,10
"2011","North Devon 002A","E01020099",600,454,307,147,0,5,3,2,120,102,18,21
"2011","North Devon 002B","E01020100",464,376,265,111,2,27,5,22,51,45,6,8
"2011","North Devon 002C","E01020101",642,470,302,168,1,34,5,29,124,113,11,13
"2011","North Devon 002D","E01020126",715,497,302,195,3,63,9,54,132,115,17,20
"2011","North Devon 003A","E01020113",644,319,184,135,1,28,0,28,289,281,8,7
"2011","North Devon 003B","E01020116",685,473,228,245,3,71,7,64,126,112,14,12
"2011","North Devon 003C","E01020117",670,563,323,240,2,34,3,31,61,56,5,10
"2011","North Devon 003D","E01020118",542,320,145,175,3,134,35,99,79,72,7,6
"2011","North Devon 004A","E01020090",676,589,371,218,3,8,2,6,63,55,8,13
"2011","North Devon 004B","E01020108",964,720,453,267,2,33,8,25,180,145,35,29
"2011","North Devon 004C","E01020109",620,487,294,193,2,30,5,25,89,69,20,12
"2011","North Devon 005A","E01020089",960,696,373,323,4,69,12,57,179,161,18,12
"2011","North Devon 005B","E01020091",574,480,284,196,3,2,0,2,78,65,13,11
"2011","North Devon 005C","E01020092",634,543,385,158,2,18,2,16,62,48,14,9
"2011","North Devon 005D","E01020093",708,433,257,176,20,130,20,110,111,99,12,14
"2011","North Devon 005E","E01020110",841,428,254,174,2,128,31,97,272,77,195,11
"2011","North Devon 006A","E01020088",819,608,368,240,5,66,14,52,123,93,30,17
"2011","North Devon 006B","E01020120",737,626,353,273,1,7,2,5,92,84,8,11
"2011","North Devon 006C","E01020127",717,584,353,231,6,17,6,11,93,74,19,17
"2011","North Devon 007A","E01020132",827,628,339,289,18,58,6,52,112,93,19,11
"2011","North Devon 007B","E01020133",624,468,262,206,13,28,3,25,107,94,13,8
"2011","North Devon 007C","E01020134",495,230,99,131,0,169,27,142,93,65,28,3
"2011","North Devon 007D","E01020139",625,364,174,190,3,150,38,112,96,82,14,12
"2011","North Devon 008A","E01020094",1012,258,137,121,4,394,58,336,338,313,25,18
"2011","North Devon 008B","E01020095",658,336,118,218,3,134,31,103,177,161,16,8
"2011","North Devon 008C","E01020140",516,384,242,142,2,41,9,32,85,78,7,4
"2011","North Devon 008D","E01020141",710,328,100,228,1,224,82,142,151,145,6,6
"2011","North Devon 009A","E01020096",864,483,289,194,3,113,15,98,252,222,30,13
"2011","North Devon 009B","E01020123",601,418,267,151,3,117,35,82,51,44,7,12
"2011","North Devon 009C","E01020124",592,490,289,201,2,4,2,2,89,82,7,7
"2011","North Devon 009D","E01020125",597,513,342,171,0,4,2,2,73,63,10,7
"2011","North Devon 010A","E01020102",654,483,167,316,3,24,4,20,139,131,8,5
"2011","North Devon 010B","E01020103",569,261,105,156,4,248,100,148,47,43,4,9
"2011","North Devon 010C","E01020104",577,260,92,168,2,139,61,78,174,164,10,2
"2011","North Devon 010D","E01020128",522,453,267,186,2,14,1,13,49,43,6,4
"2011","North Devon 010E","E01020129",523,306,140,166,1,150,31,119,62,55,7,4
"2011","North Devon 010F","E01020130",687,403,145,258,3,75,18,57,202,192,10,4
"2011","North Devon 011A","E01020105",616,483,250,233,3,83,20,63,44,40,4,3
"2011","North Devon 011B","E01020106",513,486,323,163,0,3,0,3,20,16,4,4
"2011","North Devon 011C","E01020107",708,617,409,208,18,25,7,18,42,33,9,6
"2011","North Devon 011D","E01020119",673,484,320,164,3,27,9,18,149,136,13,10
"2011","North Devon 012A","E01020084",672,458,269,189,5,105,16,89,94,87,7,10
"2011","North Devon 012B","E01020085",628,410,168,242,32,33,5,28,149,144,5,4
"2011","North Devon 012C","E01020086",638,557,331,226,1,11,5,6,64,59,5,5
"2011","North Devon 012D","E01020121",794,614,295,319,0,76,20,56,93,73,20,11
"2011","North Devon 012E","E01020122",694,529,319,210,0,31,7,24,122,102,20,12
"2011","North Devon 013A","E01020097",913,673,411,262,6,42,14,28,155,126,29,37
"2011","North Devon 013B","E01020131",882,572,354,218,3,80,13,67,188,167,21,39
"2011","North Devon 013C","E01020135",697,398,201,197,11,153,36,117,117,103,14,18
"2011","North Devon 013D","E01020136",775,550,349,201,29,74,10,64,105,93,12,17
"2011","North Devon 013E","E01020137",699,417,237,180,3,63,18,45,198,180,18,18
"2011","North Devon 014A","E01020087",840,653,444,209,3,69,18,51,89,76,13,26
"2011","North Devon 014B","E01020098",921,693,456,237,6,85,16,69,115,100,15,22
"2011","North Devon 014C","E01020138",982,750,454,296,6,100,17,83,106,86,20,20
"2011","South Hams 001A","E01020144",616,501,142,359,0,9,1,8,98,85,13,8
"2011","South Hams 001B","E01020145",749,582,282,300,7,44,10,34,106,95,11,10
"2011","South Hams 001C","E01020146",525,376,126,250,5,6,0,6,136,129,7,2
"2011","South Hams 001D","E01020149",527,332,166,166,6,72,13,59,106,96,10,11
"2011","South Hams 002A","E01020148",483,353,199,154,2,44,6,38,77,68,9,7
"2011","South Hams 002B","E01020157",941,706,450,256,7,59,5,54,148,127,21,21
"2011","South Hams 002C","E01020160",754,568,295,273,2,60,6,54,110,95,15,14
"2011","South Hams 002D","E01020176",505,379,234,145,1,34,7,27,81,75,6,10
"2011","South Hams 002E","E01020177",602,375,233,142,22,151,28,123,44,42,2,10
"2011","South Hams 003A","E01020180",834,468,290,178,2,238,30,208,109,105,4,17
"2011","South Hams 003B","E01020181",778,519,315,204,3,187,21,166,57,44,13,12
"2011","South Hams 003C","E01020182",624,382,191,191,23,119,13,106,98,90,8,2
"2011","South Hams 003D","E01020183",766,440,311,129,5,41,9,32,268,250,18,12
"2011","South Hams 003E","E01020184",846,430,282,148,24,208,21,187,174,164,10,10
"2011","South Hams 004A","E01020153",615,486,331,155,3,14,2,12,88,70,18,24
"2011","South Hams 004B","E01020156",836,652,450,202,1,25,3,22,136,127,9,22
"2011","South Hams 004C","E01020170",942,823,479,344,2,43,8,35,63,55,8,11
"2011","South Hams 004D","E01020188",837,655,431,224,4,46,7,39,112,95,17,20
"2011","South Hams 005A","E01020161",1074,724,381,343,18,186,37,149,131,115,16,15
"2011","South Hams 005B","E01020162",644,547,227,320,5,16,3,13,66,59,7,10
"2011","South Hams 005C","E01020163",679,580,228,352,1,35,2,33,60,49,11,3
"2011","South Hams 005D","E01020164",643,429,181,248,12,118,7,111,77,69,8,7
"2011","South Hams 005E","E01020165",621,481,176,305,11,24,5,19,102,96,6,3
"2011","South Hams 005F","E01020166",577,525,259,266,4,5,0,5,40,37,3,3
"2011","South Hams 005G","E01020167",503,445,200,245,6,6,1,5,41,38,3,5
"2011","South Hams 006A","E01020142",973,696,397,299,22,74,14,60,160,141,19,21
"2011","South Hams 006B","E01020143",933,650,419,231,12,68,11,57,190,171,19,13
"2011","South Hams 006C","E01020150",749,533,339,194,2,109,4,105,94,72,22,11
"2011","South Hams 007A","E01020151",796,634,428,206,2,39,1,38,108,93,15,13
"2011","South Hams 007B","E01020152",857,480,323,157,2,153,18,135,204,184,20,18
"2011","South Hams 007C","E01020154",500,257,117,140,11,141,15,126,88,52,36,3
"2011","South Hams 007D","E01020155",482,192,99,93,10,237,77,160,36,28,8,7
"2011","South Hams 008A","E01020147",869,653,443,210,0,95,13,82,108,89,19,13
"2011","South Hams 008B","E01020158",745,530,324,206,14,82,15,67,110,95,15,9
"2011","South Hams 008C","E01020159",597,406,239,167,5,38,5,33,126,118,8,22
"2011","South Hams 008D","E01020190",900,663,412,251,7,109,16,93,109,105,4,12
"2011","South Hams 009A","E01020171",853,661,460,201,7,59,8,51,111,101,10,15
"2011","South Hams 009B","E01020185",594,524,351,173,1,25,0,25,41,30,11,3
"2011","South Hams 009C","E01020186",691,625,426,199,5,4,2,2,52,47,5,5
"2011","South Hams 009D","E01020187",736,460,238,222,50,135,24,111,88,73,15,3
"2011","South Hams 010A","E01020168",924,685,470,215,11,108,33,75,112,99,13,8
"2011","South Hams 010B","E01020169",1067,666,368,298,10,103,27,76,266,231,35,22
"2011","South Hams 010C","E01020189",989,484,277,207,16,344,43,301,130,120,10,15
"2011","South Hams 011A","E01020174",724,537,391,146,3,74,12,62,98,86,12,12
"2011","South Hams 011B","E01020175",926,721,536,185,7,73,10,63,106,94,12,19
"2011","South Hams 011C","E01020178",900,736,522,214,7,48,13,35,97,89,8,12
"2011","South Hams 012A","E01020172",855,652,460,192,16,69,13,56,101,91,10,17
"2011","South Hams 012B","E01020173",800,567,408,159,1,129,12,117,92,72,20,11
"2011","South Hams 012C","E01020179",877,670,469,201,3,89,11,78,104,82,22,11
"2011","Teignbridge 001A","E01020243",498,375,212,163,5,36,20,16,78,70,8,4
"2011","Teignbridge 001B","E01020262",506,414,284,130,2,19,9,10,65,56,9,6
"2011","Teignbridge 001C","E01020263",691,587,449,138,4,32,11,21,60,57,3,8
"2011","Teignbridge 001D","E01020274",536,428,280,148,1,13,4,9,81,74,7,13
"2011","Teignbridge 002A","E01020240",671,459,233,226,3,103,25,78,90,82,8,16
"2011","Teignbridge 002B","E01020241",738,529,274,255,2,25,4,21,173,161,12,9
"2011","Teignbridge 002C","E01020242",587,510,239,271,5,12,2,10,57,54,3,3
"2011","Teignbridge 002D","E01020244",640,427,207,220,3,104,19,85,97,89,8,9
"2011","Teignbridge 002E","E01020245",696,534,309,225,2,31,11,20,116,111,5,13
"2011","Teignbridge 003A","E01020205",612,540,361,179,2,12,3,9,44,42,2,14
"2011","Teignbridge 003B","E01020258",727,522,289,233,0,80,21,59,109,91,18,16
"2011","Teignbridge 003C","E01020259",491,349,241,108,6,21,1,20,100,76,24,15
"2011","Teignbridge 003D","E01020273",595,464,296,168,4,70,17,53,52,45,7,5
"2011","Teignbridge 004A","E01020203",794,683,465,218,5,17,3,14,80,68,12,9
"2011","Teignbridge 004B","E01020206",710,483,249,234,2,84,11,73,123,114,9,18
"2011","Teignbridge 004C","E01020220",542,345,162,183,1,127,27,100,64,61,3,5
"2011","Teignbridge 004D","E01020221",710,502,232,270,15,60,16,44,122,109,13,11
"2011","Teignbridge 004E","E01020222",539,450,211,239,2,4,1,3,79,68,11,4
"2011","Teignbridge 004F","E01020223",743,583,298,285,1,53,19,34,103,90,13,3
"2011","Teignbridge 005A","E01020229",750,582,386,196,4,20,7,13,133,118,15,11
"2011","Teignbridge 005B","E01020230",740,591,331,260,3,17,4,13,122,109,13,7
"2011","Teignbridge 005C","E01020231",639,523,309,214,8,14,1,13,84,75,9,10
"2011","Teignbridge 005D","E01020232",630,455,208,247,19,58,9,49,93,80,13,5
"2011","Teignbridge 006A","E01020228",945,461,307,154,25,122,12,110,316,298,18,21
"2011","Teignbridge 006B","E01020233",832,691,474,217,27,9,1,8,91,77,14,14
"2011","Teignbridge 006C","E01020234",598,364,194,170,4,156,55,101,66,58,8,8
"2011","Teignbridge 006D","E01020235",841,499,317,182,3,88,6,82,227,212,15,24
"2011","Teignbridge 007A","E01020202",734,623,451,172,0,58,15,43,43,40,3,10
"2011","Teignbridge 007B","E01020204",624,381,104,277,12,95,22,73,134,122,12,2
"2011","Teignbridge 007C","E01020236",539,493,279,214,6,6,1,5,29,27,2,5
"2011","Teignbridge 007D","E01020237",637,522,294,228,4,34,8,26,71,67,4,6
"2011","Teignbridge 008A","E01020265",749,654,380,274,6,13,1,12,67,63,4,9
"2011","Teignbridge 008B","E01020266",671,548,279,269,3,19,2,17,95,89,6,6
"2011","Teignbridge 008C","E01020267",646,517,300,217,1,1,1,0,120,107,13,7
"2011","Teignbridge 008D","E01020268",641,555,377,178,0,23,0,23,61,52,9,2
"2011","Teignbridge 008E","E01020270",716,622,323,299,9,8,2,6,71,60,11,6
"2011","Teignbridge 009A","E01020250",695,604,321,283,4,24,3,21,59,48,11,4
"2011","Teignbridge 009B","E01020252",639,384,186,198,12,142,8,134,88,76,12,13
"2011","Teignbridge 009C","E01020253",593,461,153,308,1,27,2,25,99,92,7,5
"2011","Teignbridge 009D","E01020254",557,357,152,205,0,124,46,78,70,61,9,6
"2011","Teignbridge 009E","E01020255",568,431,240,191,1,40,1,39,93,82,11,3
"2011","Teignbridge 009F","E01020257",501,440,236,204,4,6,0,6,46,40,6,5
"2011","Teignbridge 010A","E01020264",677,414,258,156,7,84,23,61,165,155,10,7
"2011","Teignbridge 010B","E01020269",1158,525,380,145,9,105,22,83,490,460,30,29
"2011","Teignbridge 010C","E01020271",674,390,175,215,9,134,15,119,130,118,12,11
"2011","Teignbridge 010D","E01020272",759,432,186,246,11,217,73,144,85,73,12,14
"2011","Teignbridge 011A","E01020200",521,441,267,174,2,8,1,7,66,61,5,4
"2011","Teignbridge 011B","E01020201",695,605,438,167,23,28,4,24,34,29,5,5
"2011","Teignbridge 011C","E01020251",576,483,220,263,1,5,3,2,81,69,12,6
"2011","Teignbridge 011D","E01020260",628,496,354,142,0,13,4,9,112,100,12,7
"2011","Teignbridge 011E","E01020261",526,442,271,171,1,10,3,7,64,57,7,9
"2011","Teignbridge 012A","E01020208",523,324,133,191,2,144,42,102,43,40,3,10
"2011","Teignbridge 012B","E01020209",627,472,232,240,9,27,14,13,115,101,14,4
"2011","Teignbridge 012C","E01020210",499,453,265,188,0,9,4,5,32,27,5,5
"2011","Teignbridge 012D","E01020219",845,602,258,344,31,94,6,88,117,106,11,1
"2011","Teignbridge 013A","E01020191",431,344,203,141,1,8,3,5,75,65,10,3
"2011","Teignbridge 013B","E01020194",589,509,239,270,8,5,3,2,66,59,7,1
"2011","Teignbridge 013C","E01020207",427,327,156,171,4,2,0,2,89,81,8,5
"2011","Teignbridge 013D","E01020256",602,480,249,231,7,8,2,6,103,96,7,4
"2011","Teignbridge 014A","E01020211",675,297,102,195,15,279,94,185,73,60,13,11
"2011","Teignbridge 014B","E01020217",879,518,287,231,17,40,13,27,292,268,24,12
"2011","Teignbridge 014C","E01020218",746,354,128,226,3,149,15,134,229,211,18,11
"2011","Teignbridge 014D","E01020224",521,329,105,224,6,16,3,13,169,149,20,1
"2011","Teignbridge 015A","E01020216",675,370,149,221,4,198,50,148,91,83,8,12
"2011","Teignbridge 015B","E01020225",603,320,113,207,2,120,7,113,154,144,10,7
"2011","Teignbridge 015C","E01020226",469,396,220,176,1,15,1,14,54,51,3,3
"2011","Teignbridge 015D","E01020227",643,474,283,191,2,48,1,47,111,102,9,8
"2011","Teignbridge 016A","E01020212",497,287,126,161,4,155,65,90,46,40,6,5
"2011","Teignbridge 016B","E01020213",637,477,264,213,6,72,21,51,80,72,8,2
"2011","Teignbridge 016C","E01020214",674,572,325,247,1,37,12,25,60,50,10,4
"2011","Teignbridge 016D","E01020215",575,538,315,223,2,7,2,5,24,21,3,4
"2011","Teignbridge 017A","E01020195",716,537,298,239,6,69,18,51,92,81,11,12
"2011","Teignbridge 017B","E01020196",794,455,245,210,6,161,51,110,166,151,15,6
"2011","Teignbridge 017C","E01020197",543,425,282,143,2,32,10,22,73,51,22,11
"2011","Teignbridge 017D","E01020198",618,296,136,160,12,162,38,124,141,131,10,7
"2011","Teignbridge 017E","E01020199",711,455,236,219,15,79,28,51,154,139,15,8
"2011","Teignbridge 018A","E01020246",460,377,190,187,7,19,5,14,51,44,7,6
"2011","Teignbridge 018B","E01020247",689,467,270,197,17,113,38,75,85,76,9,7
"2011","Teignbridge 018C","E01020248",701,616,344,272,3,5,1,4,69,61,8,8
"2011","Teignbridge 018D","E01020249",612,546,318,228,3,2,1,1,59,49,10,2
"2011","Teignbridge 019A","E01020192",648,559,313,246,2,32,9,23,49,44,5,6
"2011","Teignbridge 019B","E01020193",571,457,264,193,7,28,14,14,75,67,8,4
"2011","Teignbridge 019C","E01020238",538,403,228,175,6,58,16,42,70,64,6,1
"2011","Teignbridge 019D","E01020239",540,472,298,174,0,9,3,6,53,49,4,6
"2011","Torridge 001A","E01020275",672,453,283,170,2,63,19,44,135,113,22,19
"2011","Torridge 001B","E01020276",682,536,347,189,21,53,9,44,67,61,6,5
"2011","Torridge 001C","E01020297",765,412,240,172,4,206,56,150,132,124,8,11
"2011","Torridge 001D","E01020299",908,717,451,266,3,14,1,13,161,147,14,13
"2011","Torridge 002A","E01020298",940,798,545,253,7,39,4,35,91,85,6,5
"2011","Torridge 002B","E01020300",738,631,405,226,2,5,2,3,94,83,11,6
"2011","Torridge 002C","E01020310",1089,778,554,224,3,19,0,19,271,255,16,18
"2011","Torridge 003A","E01020280",1166,523,249,274,4,86,7,79,541,509,32,12
"2011","Torridge 003B","E01020281",794,680,373,307,1,7,2,5,87,77,10,19
"2011","Torridge 003C","E01020282",802,447,278,169,0,184,18,166,147,136,11,24
"2011","Torridge 004A","E01020277",859,381,195,186,1,333,80,253,124,116,8,20
"2011","Torridge 004B","E01020278",637,495,261,234,15,36,9,27,82,70,12,9
"2011","Torridge 004C","E01020279",993,679,302,377,25,129,35,94,152,140,12,8
"2011","Torridge 004D","E01020283",653,547,322,225,7,41,10,31,51,44,7,7
"2011","Torridge 004E","E01020284",827,525,237,288,18,122,14,108,159,148,11,3
"2011","Torridge 004F","E01020285",824,462,205,257,12,215,74,141,120,109,11,15
"2011","Torridge 005A","E01020288",709,448,278,170,2,29,4,25,201,175,26,29
"2011","Torridge 005B","E01020292",646,421,273,148,2,65,14,51,139,120,19,19
"2011","Torridge 005C","E01020295",669,537,350,187,4,28,6,22,81,66,15,19
"2011","Torridge 005D","E01020296",616,499,282,217,6,20,5,15,81,71,10,10
"2011","Torridge 006A","E01020304",739,492,258,234,0,101,24,77,136,119,17,10
"2011","Torridge 006B","E01020305",524,297,173,124,2,38,2,36,179,167,12,8
"2011","Torridge 006C","E01020306",521,437,238,199,3,19,3,16,57,53,4,5
"2011","Torridge 006D","E01020307",654,395,193,202,0,148,26,122,105,94,11,6
"2011","Torridge 007A","E01020287",650,508,331,177,2,18,3,15,102,89,13,20
"2011","Torridge 007B","E01020303",754,609,405,204,4,32,8,24,85,77,8,24
"2011","Torridge 007C","E01020308",703,585,354,231,5,19,6,13,81,66,15,13
"2011","Torridge 007D","E01020311",940,708,448,260,10,73,13,60,135,124,11,14
"2011","Torridge 008A","E01020291",640,494,306,188,3,34,10,24,99,82,17,10
"2011","Torridge 008B","E01020293",938,671,422,249,7,45,8,37,196,177,19,19
"2011","Torridge 008C","E01020294",761,500,324,176,2,124,23,101,120,110,10,15
"2011","Torridge 008D","E01020302",680,530,328,202,1,30,10,20,106,96,10,13
"2011","Torridge 008E","E01020309",663,543,350,193,6,28,8,20,64,55,9,22
"2011","Torridge 009A","E01020286",670,505,317,188,2,25,7,18,120,109,11,18
"2011","Torridge 009B","E01020289",659,547,369,178,3,22,4,18,69,62,7,18
"2011","Torridge 009C","E01020290",711,580,370,210,4,27,6,21,87,72,15,13
"2011","Torridge 009D","E01020301",790,628,382,246,4,47,12,35,89,74,15,22
"2011","West Devon 001A","E01020320",706,567,378,189,4,21,5,16,94,81,13,20
"2011","West Devon 001B","E01020321",905,629,369,260,14,87,16,71,162,147,15,13
"2011","West Devon 001C","E01020322",798,649,418,231,3,45,10,35,89,72,17,12
"2011","West Devon 001D","E01020326",863,639,383,256,4,66,20,46,145,122,23,9
"2011","West Devon 002A","E01020327",807,606,330,276,7,72,10,62,117,99,18,5
"2011","West Devon 002B","E01020328",934,579,246,333,11,124,26,98,211,200,11,9
"2011","West Devon 002C","E01020329",671,498,315,183,1,83,21,62,75,70,5,14
"2011","West Devon 002D","E01020330",830,469,303,166,4,134,32,102,215,202,13,8
"2011","West Devon 003A","E01020318",685,457,328,129,7,64,18,46,141,121,20,16
"2011","West Devon 003B","E01020319",679,511,327,184,1,44,14,30,103,96,7,20
"2011","West Devon 003C","E01020323",642,429,244,185,5,80,33,47,123,104,19,5
"2011","West Devon 003D","E01020339",704,509,295,214,2,66,16,50,101,85,16,26
"2011","West Devon 004A","E01020314",662,516,353,163,2,27,8,19,102,86,16,15
"2011","West Devon 004B","E01020325",643,473,253,220,1,16,7,9,136,127,9,17
"2011","West Devon 004C","E01020331",628,486,291,195,0,39,14,25,96,90,6,7
"2011","West Devon 004D","E01020340",706,530,320,210,5,53,25,28,95,82,13,23
"2011","West Devon 005A","E01020332",932,530,303,227,4,76,24,52,302,290,12,20
"2011","West Devon 005B","E01020333",811,653,382,271,9,50,0,50,94,84,10,5
"2011","West Devon 005C","E01020334",840,532,273,259,6,136,37,99,152,137,15,14
"2011","West Devon 005D","E01020335",668,550,366,184,1,75,30,45,35,30,5,7
"2011","West Devon 005E","E01020336",606,551,378,173,0,6,1,5,34,31,3,15
"2011","West Devon 005F","E01020337",581,366,222,144,2,134,45,89,60,57,3,19
"2011","West Devon 005G","E01020338",1029,665,345,320,29,164,40,124,159,147,12,12
"2011","West Devon 006A","E01020317",648,545,354,191,2,21,5,16,71,61,10,9
"2011","West Devon 006B","E01020324",661,566,371,195,3,36,12,24,47,39,8,9
"2011","West Devon 006C","E01020341",668,589,381,208,3,12,4,8,57,51,6,7
"2011","West Devon 006D","E01020342",653,433,227,206,2,152,43,109,58,44,14,8
"2011","West Devon 007A","E01020312",714,606,387,219,6,21,5,16,74,66,8,7
"2011","West Devon 007B","E01020313",632,418,213,205,3,120,35,85,85,70,15,6
"2011","West Devon 007C","E01020315",645,438,260,178,1,108,21,87,88,79,9,10
"2011","West Devon 007D","E01020316",774,641,388,253,6,26,5,21,88,55,33,13
"2011","Christchurch 001A","E01020343",641,510,298,212,0,77,2,75,50,44,6,4
"2011","Christchurch 001B","E01020344",562,444,164,280,13,42,2,40,62,57,5,1
"2011","Christchurch 001C","E01020345",528,375,184,191,8,77,5,72,54,47,7,14
"2011","Christchurch 001D","E01020365",709,581,380,201,1,53,4,49,67,61,6,7
"2011","Christchurch 002A","E01020351",511,433,240,193,2,23,2,21,48,41,7,5
"2011","Christchurch 002B","E01020352",518,430,212,218,4,41,0,41,38,37,1,5
"2011","Christchurch 002C","E01020353",674,416,220,196,11,189,15,174,51,44,7,7
"2011","Christchurch 002D","E01020359",496,348,142,206,3,101,3,98,43,40,3,1
"2011","Christchurch 002E","E01020366",906,835,536,299,0,9,0,9,51,46,5,11
"2011","Christchurch 003A","E01020349",1046,699,573,126,16,148,6,142,171,157,14,12
"2011","Christchurch 003B","E01020350",919,811,667,144,6,6,2,4,87,77,10,9
"2011","Christchurch 003C","E01020357",867,663,352,311,0,116,32,84,82,66,16,6
"2011","Christchurch 003D","E01020358",671,619,433,186,1,11,3,8,35,31,4,5
"2011","Christchurch 004A","E01020369",630,546,376,170,4,3,0,3,70,62,8,7
"2011","Christchurch 004B","E01020370",649,549,271,278,5,18,0,18,69,65,4,8
"2011","Christchurch 004C","E01020371",742,710,511,199,0,4,0,4,20,17,3,8
"2011","Christchurch 004D","E01020372",606,524,369,155,12,16,2,14,43,36,7,11
"2011","Christchurch 005A","E01020346",704,406,202,204,6,227,13,214,57,50,7,8
"2011","Christchurch 005B","E01020347",740,286,146,140,3,393,31,362,49,43,6,9
"2011","Christchurch 005C","E01020348",633,264,116,148,9,315,25,290,40,36,4,5
"2011","Christchurch 005D","E01020363",499,277,113,164,15,153,5,148,53,49,4,1
"2011","Christchurch 006A","E01020360",654,468,228,240,5,70,6,64,104,91,13,7
"2011","Christchurch 006B","E01020361",647,437,205,232,31,37,2,35,133,128,5,9
"2011","Christchurch 006C","E01020364",773,474,293,181,3,160,14,146,130,119,11,6
"2011","Christchurch 006D","E01020367",913,682,440,242,4,36,5,31,175,163,12,16
"2011","Christchurch 006E","E01020368",1145,610,346,264,5,300,14,286,213,198,15,17
"2011","Christchurch 007A","E01020354",719,503,297,206,3,98,3,95,111,109,2,4
"2011","Christchurch 007B","E01020355",913,842,635,207,3,10,0,10,56,51,5,2
"2011","Christchurch 007C","E01020356",782,626,449,177,5,35,3,32,104,98,6,12
"2011","Christchurch 007D","E01020362",678,599,416,183,4,16,1,15,55,52,3,4
"2011","East Dorset 001A","E01020373",495,384,139,245,0,56,2,54,46,40,6,9
"2011","East Dorset 001B","E01020374",646,606,361,245,3,10,0,10,24,19,5,3
"2011","East Dorset 001C","E01020389",851,465,268,197,0,108,8,100,214,181,33,64
"2011","East Dorset 001D","E01020397",613,412,213,199,2,94,12,82,90,81,9,15
"2011","East Dorset 002A","E01020416",674,553,195,358,3,6,1,5,108,96,12,4
"2011","East Dorset 002B","E01020417",447,396,204,192,0,7,2,5,37,32,5,7
"2011","East Dorset 002C","E01020418",673,634,419,215,1,4,1,3,25,17,8,9
"2011","East Dorset 002D","E01020419",776,712,361,351,6,4,0,4,50,42,8,4
"2011","East Dorset 002E","E01020420",526,470,240,230,0,20,3,17,34,33,1,2
"2011","East Dorset 003A","E01020411",422,296,170,126,5,95,9,86,22,19,3,4
"2011","East Dorset 003B","E01020412",567,321,115,206,0,190,21,169,45,39,6,11
"2011","East Dorset 003C","E01020413",571,523,245,278,1,12,1,11,29,27,2,6
"2011","East Dorset 003D","E01020414",808,630,329,301,1,89,17,72,82,74,8,6
"2011","East Dorset 003E","E01020415",597,546,305,241,0,25,2,23,24,21,3,2
"2011","East Dorset 004A","E01020403",628,592,401,191,0,3,0,3,26,22,4,7
"2011","East Dorset 004B","E01020404",689,600,370,230,2,43,1,42,34,28,6,10
"2011","East Dorset 004C","E01020405",675,599,434,165,2,9,1,8,57,47,10,8
"2011","East Dorset 004D","E01020406",1048,996,715,281,0,2,0,2,44,40,4,6
"2011","East Dorset 005A","E01020396",450,240,139,101,0,33,1,32,147,127,20,30
"2011","East Dorset 005B","E01020398",913,743,467,276,1,47,0,47,93,81,12,29
"2011","East Dorset 005C","E01020409",482,400,201,199,1,16,0,16,58,52,6,7
"2011","East Dorset 005D","E01020410",528,234,124,110,1,127,8,119,127,101,26,39
"2011","East Dorset 006A","E01020421",529,415,262,153,1,36,4,32,73,21,52,4
"2011","East Dorset 006B","E01020422",867,619,458,161,0,158,19,139,77,69,8,13
"2011","East Dorset 006C","E01020423",637,567,372,195,1,36,2,34,29,26,3,4
"2011","East Dorset 006D","E01020424",643,560,328,232,5,52,4,48,23,20,3,3
"2011","East Dorset 006E","E01020425",816,719,546,173,4,38,5,33,52,47,5,3
"2011","East Dorset 007A","E01020377",631,593,304,289,3,5,0,5,30,26,4,0
"2011","East Dorset 007B","E01020379",642,480,270,210,1,136,9,127,24,23,1,1
"2011","East Dorset 007C","E01020380",447,398,237,161,0,9,2,7,34,31,3,6
"2011","East Dorset 007D","E01020381",503,478,295,183,0,2,0,2,18,17,1,5
"2011","East Dorset 008A","E01020390",732,601,462,139,7,77,9,68,42,38,4,5
"2011","East Dorset 008B","E01020391",668,592,413,179,5,12,2,10,55,52,3,4
"2011","East Dorset 008C","E01020392",786,604,461,143,5,45,4,41,120,109,11,12
"2011","East Dorset 008D","E01020393",563,321,95,226,1,163,12,151,75,67,8,3
"2011","East Dorset 008E","E01020394",820,571,407,164,3,195,20,175,49,37,12,2
"2011","East Dorset 009A","E01020375",642,533,289,244,5,61,5,56,40,38,2,3
"2011","East Dorset 009B","E01020376",483,442,263,179,3,11,0,11,25,23,2,2
"2011","East Dorset 009C","E01020378",634,547,279,268,0,21,2,19,61,52,9,5
"2011","East Dorset 009D","E01020407",518,474,275,199,1,5,0,5,32,30,2,6
"2011","East Dorset 009E","E01020408",480,407,234,173,1,34,3,31,34,31,3,4
"2011","East Dorset 010A","E01020426",806,648,432,216,2,35,4,31,107,100,7,14
"2011","East Dorset 010B","E01020427",725,347,196,151,8,315,26,289,45,41,4,10
"2011","East Dorset 010C","E01020428",1095,605,418,187,6,221,16,205,243,224,19,20
"2011","East Dorset 010D","E01020429",796,488,255,233,7,131,10,121,156,147,9,14
"2011","East Dorset 011A","E01020395",904,802,584,218,1,22,3,19,76,71,5,3
"2011","East Dorset 011B","E01020399",1014,883,458,425,0,25,3,22,94,82,12,12
"2011","East Dorset 011C","E01020400",671,618,389,229,2,5,1,4,40,34,6,6
"2011","East Dorset 011D","E01020401",722,674,491,183,3,4,1,3,35,33,2,6
"2011","East Dorset 011E","E01020402",633,598,346,252,0,6,0,6,23,19,4,6
"2011","East Dorset 012A","E01020382",628,531,258,273,1,11,1,10,82,72,10,3
"2011","East Dorset 012B","E01020383",741,675,391,284,1,19,2,17,41,33,8,5
"2011","East Dorset 012C","E01020384",638,521,210,311,3,37,8,29,74,64,10,3
"2011","East Dorset 012D","E01020385",481,375,190,185,0,55,2,53,41,34,7,10
"2011","East Dorset 012E","E01020386",477,435,227,208,0,15,4,11,26,25,1,1
"2011","East Dorset 012F","E01020387",470,451,290,161,1,3,1,2,13,13,0,2
"2011","East Dorset 012G","E01020388",643,447,217,230,1,120,18,102,66,60,6,9
"2011","North Dorset 001A","E01020443",1106,588,267,321,16,218,18,200,268,255,13,16
"2011","North Dorset 001B","E01020447",846,624,394,230,4,154,14,140,55,47,8,9
"2011","North Dorset 001C","E01020463",756,643,345,298,1,28,3,25,84,76,8,0
"2011","North Dorset 001D","E01020464",691,556,327,229,1,52,0,52,75,64,11,7
"2011","North Dorset 002A","E01020440",826,653,411,242,4,76,2,74,75,69,6,18
"2011","North Dorset 002B","E01020450",956,742,349,393,20,44,4,40,140,126,14,10
"2011","North Dorset 002D","E01020462",767,629,408,221,3,59,7,52,65,53,12,11
"2011","North Dorset 002E","E01033156",656,467,174,293,27,45,2,43,112,99,13,5
"2011","North Dorset 002F","E01033158",564,439,270,169,7,28,2,26,69,61,8,21
"2011","North Dorset 003A","E01020454",968,538,312,226,9,236,16,220,171,158,13,14
"2011","North Dorset 003B","E01020455",780,592,268,324,9,80,6,74,89,83,6,10
"2011","North Dorset 003C","E01020456",761,523,231,292,2,104,5,99,128,119,9,4
"2011","North Dorset 003D","E01020457",726,561,369,192,2,71,3,68,80,66,14,12
"2011","North Dorset 004A","E01020433",745,569,338,231,3,53,4,49,108,96,12,12
"2011","North Dorset 004B","E01020434",788,558,347,211,4,160,8,152,60,51,9,6
"2011","North Dorset 004C","E01020449",905,716,506,210,5,111,6,105,61,55,6,12
"2011","North Dorset 004D","E01020458",940,743,458,285,15,33,5,28,138,121,17,11
"2011","North Dorset 004E","E01020459",1167,656,355,301,12,313,22,291,168,148,20,18
"2011","North Dorset 005A","E01020444",752,462,274,188,6,185,11,174,87,64,23,12
"2011","North Dorset 005B","E01020445",513,387,252,135,0,45,3,42,56,41,15,25
"2011","North Dorset 005C","E01020446",652,531,333,198,5,53,5,48,55,39,16,8
"2011","North Dorset 005D","E01020460",842,653,429,224,1,89,12,77,85,74,11,14
"2011","North Dorset 006A","E01020442",888,634,389,245,3,59,5,54,172,143,29,20
"2011","North Dorset 006B","E01020452",826,434,212,222,6,205,16,189,131,90,41,50
"2011","North Dorset 006C","E01020453",716,577,330,247,4,50,4,46,74,59,15,11
"2011","North Dorset 006E","E01033154",469,93,37,56,2,34,0,34,324,40,284,16
"2011","North Dorset 006F","E01033159",429,226,160,66,2,31,3,28,157,50,107,13
"2011","North Dorset 007A","E01020435",782,589,241,348,2,68,3,65,115,109,6,8
"2011","North Dorset 007B","E01020436",809,598,228,370,18,104,8,96,83,70,13,6
"2011","North Dorset 007C","E01020437",774,576,301,275,6,140,12,128,49,44,5,3
"2011","North Dorset 007D","E01020438",1086,534,315,219,3,267,20,247,267,251,16,15
"2011","North Dorset 007E","E01020439",987,591,239,352,1,251,21,230,133,119,14,11
"2011","North Dorset 008A","E01020430",618,492,313,179,4,62,8,54,51,44,7,9
"2011","North Dorset 008B","E01020431",438,298,189,109,1,54,2,52,68,58,10,17
"2011","North Dorset 008C","E01020432",539,346,185,161,1,75,4,71,97,79,18,20
"2011","North Dorset 008D","E01020441",786,569,336,233,2,122,9,113,74,63,11,19
"2011","North Dorset 008E","E01020448",816,615,394,221,6,106,9,97,70,63,7,19
"2011","Purbeck 001A","E01020465",883,517,287,230,7,170,38,132,165,149,16,24
"2011","Purbeck 001B","E01020469",840,519,259,260,4,172,39,133,123,102,21,22
"2011","Purbeck 001C","E01020470",740,671,392,279,1,13,2,11,45,45,0,10
"2011","Purbeck 002A","E01020471",537,348,118,230,18,84,20,64,82,80,2,5
"2011","Purbeck 002B","E01020472",604,398,192,206,19,95,15,80,89,77,12,3
"2011","Purbeck 002C","E01020473",640,528,287,241,5,10,3,7,96,87,9,1
"2011","Purbeck 002D","E01020474",746,624,382,242,1,21,7,14,85,71,14,15
"2011","Purbeck 002E","E01020475",845,697,373,324,6,53,15,38,76,66,10,13
"2011","Purbeck 003A","E01020476",544,431,295,136,5,22,5,17,74,60,14,12
"2011","Purbeck 003B","E01020477",589,416,202,214,2,127,32,95,36,33,3,8
"2011","Purbeck 003C","E01020485",745,366,263,103,0,202,28,174,162,148,14,15
"2011","Purbeck 003D","E01020486",643,463,329,134,1,80,9,71,90,83,7,9
"2011","Purbeck 003E","E01020487",516,442,247,195,6,19,3,16,49,45,4,0
"2011","Purbeck 003F","E01020488",653,471,283,188,7,106,19,87,67,56,11,2
"2011","Purbeck 004A","E01020489",581,291,189,102,1,62,11,51,198,113,85,29
"2011","Purbeck 004B","E01020490",717,472,283,189,2,71,12,59,142,111,31,30
"2011","Purbeck 004C","E01020491",669,469,281,188,18,98,7,91,74,51,23,10
"2011","Purbeck 004D","E01020492",538,362,231,131,9,100,26,74,57,42,15,10
"2011","Purbeck 004E","E01020493",808,311,102,209,3,200,39,161,287,85,202,7
"2011","Purbeck 005A","E01020466",794,464,338,126,12,128,13,115,152,134,18,38
"2011","Purbeck 005B","E01020467",781,580,389,191,6,53,12,41,125,103,22,17
"2011","Purbeck 005C","E01020468",666,541,382,159,7,44,7,37,63,50,13,11
"2011","Purbeck 006A","E01020478",477,407,265,142,1,11,1,10,52,43,9,6
"2011","Purbeck 006B","E01020479",648,434,357,77,4,65,6,59,137,122,15,8
"2011","Purbeck 006C","E01020480",730,583,442,141,1,64,14,50,76,72,4,6
"2011","Purbeck 006D","E01020481",748,558,380,178,3,44,8,36,135,122,13,8
"2011","Purbeck 006E","E01020482",778,505,300,205,6,75,9,66,174,158,16,18
"2011","Purbeck 006F","E01020483",498,326,174,152,4,117,12,105,44,38,6,7
"2011","Purbeck 006G","E01020484",625,419,284,135,6,140,32,108,50,45,5,10
"2011","West Dorset 001A","E01020542",665,455,326,129,1,102,4,98,95,87,8,12
"2011","West Dorset 001B","E01020543",614,340,207,133,7,206,13,193,52,48,4,9
"2011","West Dorset 001C","E01020544",821,539,389,150,3,74,3,71,180,170,10,25
"2011","West Dorset 001E","E01020546",582,225,158,67,5,108,4,104,201,184,17,43
"2011","West Dorset 001F","E01020547",510,297,159,138,1,165,11,154,44,43,1,3
"2011","West Dorset 001H","E01032642",1021,729,508,221,6,128,6,122,132,114,18,26
"2011","West Dorset 002A","E01020497",811,634,401,233,6,64,4,60,90,76,14,17
"2011","West Dorset 002B","E01020508",840,641,448,193,5,52,2,50,113,99,14,29
"2011","West Dorset 002C","E01020541",863,543,366,177,5,102,4,98,182,164,18,31
"2011","West Dorset 002D","E01020550",712,554,366,188,5,79,7,72,57,51,6,17
"2011","West Dorset 003A","E01020494",490,372,244,128,2,35,3,32,65,60,5,16
"2011","West Dorset 003B","E01020495",665,494,351,143,3,55,3,52,106,86,20,7
"2011","West Dorset 003C","E01020496",792,468,357,111,3,226,19,207,70,63,7,25
"2011","West Dorset 003D","E01020506",771,585,411,174,1,86,5,81,82,69,13,17
"2011","West Dorset 003E","E01020530",785,541,368,173,6,48,2,46,157,140,17,33
"2011","West Dorset 003F","E01020534",905,600,338,262,6,108,5,103,170,155,15,21
"2011","West Dorset 004A","E01020509",1146,885,538,347,13,68,3,65,143,123,20,37
"2011","West Dorset 004B","E01020510",901,566,298,268,7,194,16,178,123,112,11,11
"2011","West Dorset 004C","E01020529",974,699,434,265,9,83,3,80,152,140,12,31
"2011","West Dorset 004D","E01020539",856,594,355,239,11,90,13,77,131,101,30,30
"2011","West Dorset 004E","E01020540",1048,744,409,335,15,109,2,107,150,132,18,30
"2011","West Dorset 005A","E01020511",815,589,431,158,9,135,3,132,70,59,11,12
"2011","West Dorset 005B","E01020532",835,664,491,173,2,29,0,29,126,119,7,14
"2011","West Dorset 005C","E01020533",935,571,382,189,13,252,14,238,78,59,19,21
"2011","West Dorset 005D","E01020535",753,593,427,166,5,49,1,48,82,70,12,24
"2011","West Dorset 006A","E01020498",933,747,484,263,3,98,5,93,73,67,6,12
"2011","West Dorset 006B","E01020499",619,260,115,145,2,286,20,266,57,52,5,14
"2011","West Dorset 006C","E01020500",850,536,371,165,8,125,9,116,170,151,19,11
"2011","West Dorset 006D","E01020501",599,510,325,185,2,40,0,40,42,35,7,5
"2011","West Dorset 007A","E01020507",912,708,548,160,11,84,0,84,96,80,16,13
"2011","West Dorset 007B","E01020517",811,658,487,171,2,30,1,29,107,93,14,14
"2011","West Dorset 007C","E01020531",762,583,398,185,4,50,3,47,103,87,16,22
"2011","West Dorset 007D","E01020536",881,626,409,217,13,104,14,90,122,98,24,16
"2011","West Dorset 008A","E01020502",819,386,239,147,8,325,12,313,87,79,8,13
"2011","West Dorset 008B","E01020503",902,561,376,185,3,117,6,111,210,195,15,11
"2011","West Dorset 008C","E01020504",1092,914,702,212,20,37,2,35,113,97,16,8
"2011","West Dorset 009C","E01020526",509,380,200,180,3,74,4,70,42,34,8,10
"2011","West Dorset 009D","E01020527",584,371,158,213,10,101,4,97,94,87,7,8
"2011","West Dorset 009E","E01020528",853,484,270,214,14,219,14,205,125,119,6,11
"2011","West Dorset 009F","E01032641",694,385,201,184,19,158,4,154,128,121,7,4
"2011","West Dorset 009G","E01032643",704,476,243,233,14,74,2,72,132,123,9,8
"2011","West Dorset 009H","E01032644",669,317,226,91,1,168,8,160,168,157,11,15
"2011","West Dorset 009I","E01032645",560,278,194,84,2,182,11,171,89,81,8,9
"2011","West Dorset 010A","E01020518",746,367,196,171,6,278,8,270,86,77,9,9
"2011","West Dorset 010B","E01020519",809,565,333,232,6,100,1,99,132,125,7,6
"2011","West Dorset 010C","E01020520",657,477,258,219,6,82,4,78,82,74,8,10
"2011","West Dorset 010D","E01020523",514,416,200,216,1,15,3,12,80,73,7,2
"2011","West Dorset 010E","E01020524",629,538,332,206,4,46,1,45,34,30,4,7
"2011","West Dorset 010F","E01020525",521,477,297,180,2,14,1,13,23,18,5,5
"2011","West Dorset 011A","E01020505",807,639,365,274,15,76,6,70,61,46,15,16
"2011","West Dorset 011B","E01020537",807,624,387,237,4,52,5,47,102,82,20,25
"2011","West Dorset 011C","E01020538",813,590,321,269,7,141,9,132,65,59,6,10
"2011","West Dorset 011D","E01020549",896,624,373,251,9,72,5,67,150,136,14,41
"2011","West Dorset 012A","E01020512",938,601,400,201,12,77,6,71,207,190,17,41
"2011","West Dorset 012B","E01020513",676,454,248,206,2,142,4,138,74,67,7,4
"2011","West Dorset 012C","E01020514",531,406,205,201,1,34,3,31,81,72,9,9
"2011","West Dorset 012D","E01020515",505,400,208,192,4,36,2,34,62,55,7,3
"2011","West Dorset 012E","E01020516",674,543,332,211,3,75,40,35,45,35,10,8
"2011","Weymouth and Portland 001A","E01020551",836,519,198,321,12,122,54,68,174,161,13,9
"2011","Weymouth and Portland 001B","E01020552",739,232,76,156,5,432,166,266,58,49,9,12
"2011","Weymouth and Portland 001C","E01020570",705,587,348,239,5,15,4,11,87,83,4,11
"2011","Weymouth and Portland 001D","E01020571",896,547,210,337,7,210,69,141,126,111,15,6
"2011","Weymouth and Portland 002A","E01020557",754,682,478,204,2,4,0,4,59,54,5,7
"2011","Weymouth and Portland 002B","E01020558",787,692,456,236,1,6,2,4,80,74,6,8
"2011","Weymouth and Portland 002C","E01020559",739,695,528,167,0,6,4,2,34,30,4,4
"2011","Weymouth and Portland 002D","E01020560",820,719,435,284,2,12,3,9,81,70,11,6
"2011","Weymouth and Portland 002E","E01020561",812,509,243,266,11,99,23,76,173,154,19,20
"2011","Weymouth and Portland 003A","E01020574",766,536,299,237,12,136,41,95,77,67,10,5
"2011","Weymouth and Portland 003B","E01020575",730,292,97,195,1,358,147,211,63,48,15,16
"2011","Weymouth and Portland 003C","E01020576",779,667,428,239,1,51,5,46,54,48,6,6
"2011","Weymouth and Portland 003D","E01020579",829,686,413,273,4,17,0,17,109,97,12,13
"2011","Weymouth and Portland 003E","E01020580",605,532,304,228,1,21,4,17,41,37,4,10
"2011","Weymouth and Portland 004A","E01020553",579,244,134,110,8,94,23,71,221,203,18,12
"2011","Weymouth and Portland 004B","E01020554",991,300,192,108,13,73,15,58,588,543,45,17
"2011","Weymouth and Portland 004C","E01020555",669,320,169,151,5,47,16,31,289,272,17,8
"2011","Weymouth and Portland 004D","E01020556",744,405,277,128,3,44,3,41,280,267,13,12
"2011","Weymouth and Portland 004E","E01020581",992,651,438,213,2,40,5,35,272,254,18,27
"2011","Weymouth and Portland 004F","E01020582",768,356,207,149,1,221,80,141,172,163,9,18
"2011","Weymouth and Portland 005A","E01020572",850,593,243,350,1,29,5,24,218,202,16,9
"2011","Weymouth and Portland 005B","E01020573",869,464,255,209,13,181,55,126,195,183,12,16
"2011","Weymouth and Portland 005C","E01020577",640,475,221,254,2,78,24,54,81,75,6,4
"2011","Weymouth and Portland 005D","E01020578",940,566,275,291,0,282,115,167,80,75,5,12
"2011","Weymouth and Portland 006A","E01020583",800,624,356,268,2,38,13,25,129,118,11,7
"2011","Weymouth and Portland 006B","E01020584",719,490,218,272,1,100,33,67,117,109,8,11
"2011","Weymouth and Portland 006C","E01020585",603,383,177,206,6,175,59,116,35,31,4,4
"2011","Weymouth and Portland 007A","E01020586",533,429,247,182,0,54,16,38,46,43,3,4
"2011","Weymouth and Portland 007B","E01020587",675,438,219,219,5,110,25,85,117,108,9,5
"2011","Weymouth and Portland 007C","E01020588",545,463,258,205,0,12,4,8,68,61,7,2
"2011","Weymouth and Portland 007D","E01020589",646,441,222,219,3,124,43,81,73,59,14,5
"2011","Weymouth and Portland 008A","E01020563",516,384,191,193,1,56,20,36,72,63,9,3
"2011","Weymouth and Portland 008D","E01020569",640,190,103,87,2,321,107,214,124,117,7,3
"2011","Weymouth and Portland 008E","E01033200",938,603,324,279,5,91,33,58,231,213,18,8
"2011","Weymouth and Portland 009A","E01020562",876,675,344,331,2,28,7,21,157,147,10,14
"2011","Weymouth and Portland 009B","E01020564",659,391,154,237,15,145,43,102,106,96,10,2
"2011","Weymouth and Portland 009C","E01020565",646,511,268,243,0,40,16,24,90,82,8,5
"2011","Weymouth and Portland 009D","E01020566",900,770,416,354,7,22,11,11,96,84,12,5
"2011","Cheltenham 001A","E01022163",605,501,210,291,0,28,7,21,70,58,12,6
"2011","Cheltenham 001B","E01022164",597,273,101,172,0,197,181,16,114,108,6,13
"2011","Cheltenham 001C","E01022165",709,560,292,268,6,12,9,3,125,115,10,6
"2011","Cheltenham 001D","E01022166",540,465,248,217,3,10,7,3,59,54,5,3
"2011","Cheltenham 002A","E01022143",667,588,376,212,0,10,5,5,62,55,7,7
"2011","Cheltenham 002B","E01022144",536,402,241,161,0,80,50,30,47,41,6,7
"2011","Cheltenham 002C","E01022145",512,465,253,212,0,11,10,1,28,26,2,8
"2011","Cheltenham 002D","E01022146",626,562,363,199,1,12,9,3,48,40,8,3
"2011","Cheltenham 003A","E01022122",572,179,56,123,2,324,185,139,64,59,5,3
"2011","Cheltenham 003B","E01022160",879,331,90,241,38,364,196,168,132,122,10,14
"2011","Cheltenham 003C","E01022161",631,413,134,279,6,79,59,20,130,122,8,3
"2011","Cheltenham 003D","E01022162",689,565,292,273,4,58,25,33,58,53,5,4
"2011","Cheltenham 004A","E01022139",526,442,281,161,1,33,5,28,48,43,5,2
"2011","Cheltenham 004B","E01022151",640,275,114,161,8,98,58,40,255,239,16,4
"2011","Cheltenham 004C","E01022152",434,98,46,52,2,215,171,44,109,105,4,10
"2011","Cheltenham 004D","E01022153",658,162,47,115,2,126,16,110,368,351,17,0
"2011","Cheltenham 004E","E01022154",700,231,91,140,5,59,42,17,399,377,22,6
"2011","Cheltenham 005A","E01022120",691,249,102,147,9,386,307,79,38,29,9,9
"2011","Cheltenham 005B","E01022121",732,255,91,164,25,298,191,107,145,129,16,9
"2011","Cheltenham 005C","E01022147",768,212,93,119,12,465,356,109,70,61,9,9
"2011","Cheltenham 005D","E01022157",643,303,127,176,18,242,231,11,72,66,6,8
"2011","Cheltenham 005E","E01022159",603,348,138,210,3,185,171,14,60,54,6,7
"2011","Cheltenham 006A","E01022131",572,285,135,150,3,226,211,15,44,40,4,14
"2011","Cheltenham 006B","E01022132",596,333,140,193,1,200,161,39,46,40,6,16
"2011","Cheltenham 006C","E01022133",508,216,66,150,2,230,216,14,49,46,3,11
"2011","Cheltenham 006D","E01022134",767,439,232,207,4,188,151,37,125,118,7,11
"2011","Cheltenham 007A","E01022148",648,454,201,253,3,96,83,13,89,79,10,6
"2011","Cheltenham 007B","E01022149",525,351,132,219,2,117,88,29,45,35,10,10
"2011","Cheltenham 007C","E01022150",657,431,167,264,3,94,87,7,121,111,10,8
"2011","Cheltenham 007D","E01022155",612,449,230,219,1,39,33,6,121,109,12,2
"2011","Cheltenham 007E","E01022156",657,332,109,223,10,115,77,38,193,181,12,7
"2011","Cheltenham 007F","E01022158",1048,446,179,267,4,52,23,29,540,518,22,6
"2011","Cheltenham 008A","E01022100",770,536,242,294,0,30,16,14,198,189,9,6
"2011","Cheltenham 008B","E01022101",857,543,233,310,24,63,7,56,223,210,13,4
"2011","Cheltenham 008C","E01022102",1038,336,115,221,4,65,9,56,622,602,20,11
"2011","Cheltenham 008D","E01022140",570,466,243,223,7,6,4,2,85,77,8,6
"2011","Cheltenham 008E","E01022141",787,380,190,190,6,20,6,14,374,365,9,7
"2011","Cheltenham 008F","E01022142",772,314,105,209,0,131,73,58,308,297,11,19
"2011","Cheltenham 009A","E01022116",554,275,153,122,3,25,4,21,246,232,14,5
"2011","Cheltenham 009B","E01022117",967,356,203,153,1,40,2,38,563,551,12,7
"2011","Cheltenham 009C","E01022119",577,399,174,225,3,7,3,4,152,135,17,16
"2011","Cheltenham 009D","E01022124",761,263,152,111,12,169,6,163,304,289,15,13
"2011","Cheltenham 009E","E01022125",592,368,201,167,1,6,4,2,212,201,11,5
"2011","Cheltenham 009F","E01022126",943,315,166,149,0,76,4,72,541,524,17,11
"2011","Cheltenham 009G","E01022127",678,224,109,115,0,35,28,7,412,398,14,7
"2011","Cheltenham 010A","E01022106",747,646,347,299,6,6,4,2,81,72,9,8
"2011","Cheltenham 010B","E01022107",656,558,287,271,1,6,2,4,87,76,11,4
"2011","Cheltenham 010C","E01022108",734,620,344,276,7,50,31,19,51,46,5,6
"2011","Cheltenham 010D","E01022123",988,688,274,414,26,52,26,26,216,201,15,6
"2011","Cheltenham 011A","E01022135",624,482,283,199,0,35,2,33,89,84,5,18
"2011","Cheltenham 011B","E01022136",742,501,300,201,3,61,5,56,164,157,7,13
"2011","Cheltenham 011C","E01022137",879,544,291,253,2,16,13,3,301,290,11,16
"2011","Cheltenham 011D","E01022138",776,563,304,259,1,14,14,0,191,179,12,7
"2011","Cheltenham 011E","E01022174",597,523,298,225,3,8,3,5,56,50,6,7
"2011","Cheltenham 012A","E01022103",1001,770,328,442,19,56,9,47,150,138,12,6
"2011","Cheltenham 012B","E01022104",721,549,243,306,5,37,29,8,120,103,17,10
"2011","Cheltenham 012C","E01022105",584,518,293,225,0,8,5,3,51,47,4,7
"2011","Cheltenham 012D","E01022109",606,545,316,229,2,10,8,2,45,36,9,4
"2011","Cheltenham 012E","E01022110",616,424,166,258,2,114,102,12,68,62,6,8
"2011","Cheltenham 012F","E01022111",589,476,254,222,1,28,21,7,80,75,5,4
"2011","Cheltenham 012G","E01022112",469,421,201,220,0,9,8,1,38,36,2,1
"2011","Cheltenham 013A","E01022167",509,479,293,186,4,2,2,0,21,17,4,3
"2011","Cheltenham 013B","E01022168",476,406,231,175,1,17,12,5,49,45,4,3
"2011","Cheltenham 013C","E01022169",667,492,202,290,5,80,59,21,88,76,12,2
"2011","Cheltenham 013D","E01022170",628,535,240,295,1,17,7,10,75,73,2,0
"2011","Cheltenham 013E","E01022171",551,448,156,292,2,8,6,2,93,89,4,0
"2011","Cheltenham 013F","E01022172",711,626,401,225,20,6,4,2,53,50,3,6
"2011","Cheltenham 013G","E01022173",613,405,202,203,5,112,83,29,83,72,11,8
"2011","Cheltenham 014A","E01022113",714,638,407,231,1,38,1,37,31,30,1,6
"2011","Cheltenham 014B","E01022114",662,605,365,240,0,6,0,6,47,47,0,4
"2011","Cheltenham 014C","E01022115",807,606,345,261,0,37,2,35,155,149,6,9
"2011","Cheltenham 014D","E01022118",572,479,244,235,0,17,2,15,73,69,4,3
"2011","Cheltenham 015A","E01022128",670,604,359,245,1,1,0,1,57,54,3,7
"2011","Cheltenham 015B","E01022129",874,762,420,342,0,48,42,6,60,56,4,4
"2011","Cheltenham 015C","E01022130",732,576,306,270,3,6,2,4,138,127,11,9
"2011","Cotswold 001A","E01022179",905,642,371,271,14,139,11,128,88,85,3,22
"2011","Cotswold 001B","E01022182",689,498,335,163,2,78,15,63,84,73,11,27
"2011","Cotswold 001C","E01022183",694,451,302,149,33,123,10,113,73,62,11,14
"2011","Cotswold 001D","E01022184",674,469,309,160,9,81,7,74,92,76,16,23
"2011","Cotswold 001E","E01022185",627,452,261,191,4,97,10,87,64,57,7,10
"2011","Cotswold 002A","E01022177",966,619,420,199,5,211,22,189,111,95,16,20
"2011","Cotswold 002B","E01022178",595,409,236,173,1,47,3,44,104,88,16,34
"2011","Cotswold 002C","E01022205",841,507,322,185,7,99,12,87,164,137,27,64
"2011","Cotswold 002D","E01022211",931,527,336,191,30,220,23,197,142,131,11,12
"2011","Cotswold 002E","E01022212",722,528,299,229,5,76,10,66,99,74,25,14
"2011","Cotswold 003A","E01022180",923,531,292,239,30,246,23,223,100,89,11,16
"2011","Cotswold 003B","E01022181",782,631,459,172,3,22,3,19,116,104,12,10
"2011","Cotswold 003C","E01022214",848,635,276,359,20,65,2,63,102,91,11,26
"2011","Cotswold 003D","E01022222",875,542,343,199,6,86,3,83,178,145,33,63
"2011","Cotswold 004A","E01022186",721,473,267,206,0,44,9,35,128,118,10,76
"2011","Cotswold 004B","E01022187",732,467,287,180,0,63,7,56,162,138,24,40
"2011","Cotswold 004C","E01022201",749,509,294,215,2,43,5,38,155,130,25,40
"2011","Cotswold 004D","E01022216",788,535,300,235,2,54,6,48,155,141,14,42
"2011","Cotswold 005A","E01022175",818,514,317,197,3,96,13,83,144,125,19,61
"2011","Cotswold 005B","E01022207",751,550,312,238,5,75,11,64,100,90,10,21
"2011","Cotswold 005C","E01022213",787,536,288,248,2,107,19,88,118,103,15,24
"2011","Cotswold 005D","E01022215",815,419,265,154,1,98,10,88,236,198,38,61
"2011","Cotswold 006A","E01022188",601,301,137,164,9,243,26,217,41,39,2,7
"2011","Cotswold 006B","E01022189",512,434,211,223,1,43,8,35,28,25,3,6
"2011","Cotswold 006C","E01022190",529,388,155,233,7,82,12,70,49,45,4,3
"2011","Cotswold 006D","E01022196",731,552,290,262,6,88,12,76,76,65,11,9
"2011","Cotswold 006E","E01022197",776,678,360,318,1,23,1,22,67,57,10,7
"2011","Cotswold 007A","E01022194",995,483,358,125,4,191,23,168,288,265,23,29
"2011","Cotswold 007B","E01022195",641,396,248,148,0,82,11,71,149,127,22,14
"2011","Cotswold 007C","E01022199",860,509,280,229,3,160,12,148,178,166,12,10
"2011","Cotswold 007D","E01022200",607,180,77,103,9,352,35,317,61,58,3,5
"2011","Cotswold 008A","E01022191",653,357,140,217,6,112,15,97,172,159,13,6
"2011","Cotswold 008B","E01022192",532,250,115,135,4,205,21,184,68,62,6,5
"2011","Cotswold 008C","E01022193",417,338,205,133,22,28,4,24,27,22,5,2
"2011","Cotswold 008D","E01022198",563,341,159,182,1,109,17,92,108,91,17,4
"2011","Cotswold 008E","E01022225",633,359,240,119,3,118,16,102,147,56,91,6
"2011","Cotswold 009A","E01022202",429,322,183,139,0,41,4,37,53,48,5,13
"2011","Cotswold 009B","E01022203",642,502,336,166,4,39,9,30,81,69,12,16
"2011","Cotswold 009C","E01022204",611,395,178,217,3,139,24,115,61,52,9,13
"2011","Cotswold 009D","E01022208",671,553,332,221,30,7,2,5,72,64,8,9
"2011","Cotswold 009E","E01022209",447,330,156,174,3,70,9,61,35,30,5,9
"2011","Cotswold 009F","E01022210",651,376,263,113,7,183,23,160,63,55,8,22
"2011","Cotswold 010A","E01022221",782,482,260,222,18,116,9,107,152,136,16,14
"2011","Cotswold 010B","E01022223",1020,682,316,366,59,158,10,148,111,97,14,10
"2011","Cotswold 010C","E01022224",686,543,327,216,1,31,6,25,103,93,10,8
"2011","Cotswold 011A","E01022176",815,494,285,209,9,93,8,85,195,176,19,24
"2011","Cotswold 011B","E01022206",796,501,310,191,4,55,9,46,168,135,33,68
"2011","Cotswold 011C","E01022217",561,392,192,200,17,99,19,80,43,40,3,10
"2011","Cotswold 011D","E01022218",525,238,116,122,6,233,25,208,38,34,4,10
"2011","Cotswold 011E","E01022219",522,434,239,195,12,37,5,32,32,23,9,7
"2011","Cotswold 011F","E01022220",795,549,332,217,8,81,14,67,137,128,9,20
"2011","Forest of Dean 001A","E01022233",785,600,331,269,8,73,15,58,88,76,12,16
"2011","Forest of Dean 001B","E01022235",735,606,395,211,5,42,10,32,75,61,14,7
"2011","Forest of Dean 001C","E01022247",673,552,343,209,6,25,7,18,73,65,8,17
"2011","Forest of Dean 001D","E01022270",749,594,326,268,6,65,8,57,73,63,10,11
"2011","Forest of Dean 001E","E01022271",703,579,373,206,3,29,7,22,74,64,10,18
"2011","Forest of Dean 002A","E01022261",781,555,303,252,8,123,24,99,84,74,10,11
"2011","Forest of Dean 002B","E01022262",861,504,252,252,1,153,31,122,184,173,11,19
"2011","Forest of Dean 002C","E01022267",660,546,370,176,4,22,3,19,80,63,17,8
"2011","Forest of Dean 003A","E01022251",629,426,215,211,1,146,27,119,47,42,5,9
"2011","Forest of Dean 003B","E01022252",710,642,357,285,0,28,5,23,32,26,6,8
"2011","Forest of Dean 003C","E01022258",470,265,136,129,21,116,23,93,59,48,11,9
"2011","Forest of Dean 003D","E01022259",640,567,298,269,7,20,7,13,39,30,9,7
"2011","Forest of Dean 003E","E01022260",752,544,285,259,11,128,19,109,60,49,11,9
"2011","Forest of Dean 004A","E01022236",898,675,351,324,5,77,13,64,135,123,12,6
"2011","Forest of Dean 004B","E01022237",628,346,164,182,0,189,51,138,76,65,11,17
"2011","Forest of Dean 004C","E01022238",607,280,151,129,0,276,48,228,42,35,7,9
"2011","Forest of Dean 004D","E01022239",691,559,287,272,1,54,8,46,64,60,4,13
"2011","Forest of Dean 004E","E01022240",930,597,304,293,4,82,21,61,239,230,9,8
"2011","Forest of Dean 004F","E01022249",817,702,399,303,4,52,10,42,53,47,6,6
"2011","Forest of Dean 004G","E01022250",762,507,272,235,2,176,29,147,64,55,9,13
"2011","Forest of Dean 005A","E01022228",686,518,272,246,7,65,15,50,76,66,10,20
"2011","Forest of Dean 005B","E01022230",689,591,342,249,4,22,3,19,65,56,9,7
"2011","Forest of Dean 005C","E01022265",704,548,328,220,4,45,9,36,93,83,10,14
"2011","Forest of Dean 005D","E01022266",526,408,243,165,0,32,12,20,72,57,15,14
"2011","Forest of Dean 006A","E01022234",639,564,350,214,2,27,6,21,35,27,8,11
"2011","Forest of Dean 006B","E01022253",713,602,307,295,0,50,10,40,55,38,17,6
"2011","Forest of Dean 006C","E01022263",778,631,367,264,0,43,8,35,93,83,10,11
"2011","Forest of Dean 007A","E01022229",677,493,244,249,1,128,23,105,48,43,5,7
"2011","Forest of Dean 007B","E01022241",819,530,316,214,0,95,14,81,177,165,12,17
"2011","Forest of Dean 007C","E01022242",592,400,205,195,1,124,29,95,52,43,9,15
"2011","Forest of Dean 007D","E01022243",532,365,200,165,1,128,25,103,35,31,4,3
"2011","Forest of Dean 007E","E01022244",616,403,190,213,3,157,24,133,43,40,3,10
"2011","Forest of Dean 007F","E01022245",594,354,157,197,0,119,17,102,112,104,8,9
"2011","Forest of Dean 007G","E01022246",532,466,246,220,1,8,1,7,49,43,6,8
"2011","Forest of Dean 008A","E01022231",692,447,231,216,14,175,16,159,49,46,3,7
"2011","Forest of Dean 008B","E01022232",643,523,278,245,6,28,4,24,74,68,6,12
"2011","Forest of Dean 008C","E01022264",613,473,278,195,2,60,6,54,71,60,11,7
"2011","Forest of Dean 008D","E01022268",674,508,277,231,2,119,16,103,32,25,7,13
"2011","Forest of Dean 008E","E01022269",801,675,361,314,10,57,10,47,50,41,9,9
"2011","Forest of Dean 009A","E01022226",690,441,230,211,11,114,9,105,113,102,11,11
"2011","Forest of Dean 009B","E01022227",682,500,283,217,0,60,7,53,97,91,6,25
"2011","Forest of Dean 009C","E01022254",757,464,226,238,2,210,42,168,75,66,9,6
"2011","Forest of Dean 009D","E01022255",622,518,241,277,1,27,7,20,69,60,9,7
"2011","Forest of Dean 009E","E01022256",742,397,203,194,6,226,45,181,98,87,11,15
"2011","Forest of Dean 009F","E01022257",770,701,402,299,0,7,2,5,54,43,11,8
"2011","Forest of Dean 010A","E01022248",711,610,381,229,5,45,7,38,39,33,6,12
"2011","Forest of Dean 010B","E01022272",564,352,177,175,1,142,32,110,62,55,7,7
"2011","Forest of Dean 010C","E01022273",457,271,157,114,2,20,2,18,163,37,126,1
"2011","Forest of Dean 010D","E01022274",496,424,241,183,1,5,0,5,54,47,7,12
"2011","Forest of Dean 010E","E01022275",675,548,321,227,2,23,6,17,89,72,17,13
"2011","Gloucester 001A","E01022313",702,592,270,322,2,14,3,11,86,73,13,8
"2011","Gloucester 001B","E01022315",628,557,289,268,1,2,1,1,62,58,4,6
"2011","Gloucester 001C","E01022316",676,546,232,314,3,18,11,7,104,94,10,5
"2011","Gloucester 001D","E01022317",610,550,265,285,1,17,12,5,38,31,7,4
"2011","Gloucester 001E","E01022318",656,613,353,260,2,4,3,1,32,30,2,5
"2011","Gloucester 002A","E01022309",618,429,217,212,1,53,18,35,133,122,11,2
"2011","Gloucester 002B","E01022310",742,431,227,204,3,99,15,84,195,188,7,14
"2011","Gloucester 002C","E01022311",1000,271,137,134,29,309,201,108,374,359,15,17
"2011","Gloucester 002D","E01022312",958,427,197,230,8,79,19,60,436,415,21,8
"2011","Gloucester 002E","E01022314",647,584,356,228,5,8,4,4,46,40,6,4
"2011","Gloucester 003A","E01022295",590,541,293,248,1,14,12,2,32,30,2,2
"2011","Gloucester 003B","E01022296",597,420,175,245,2,84,77,7,88,80,8,3
"2011","Gloucester 003C","E01022297",496,475,251,224,0,2,1,1,18,16,2,1
"2011","Gloucester 003D","E01022298",602,500,196,304,4,28,8,20,68,65,3,2
"2011","Gloucester 004A","E01022332",671,320,123,197,2,79,44,35,265,255,10,5
"2011","Gloucester 004B","E01022347",919,207,95,112,7,106,29,77,594,577,17,5
"2011","Gloucester 004C","E01022348",1113,662,300,362,10,100,11,89,329,301,28,12
"2011","Gloucester 004E","E01032932",628,322,196,126,56,153,97,56,89,84,5,8
"2011","Gloucester 004F","E01032937",604,102,37,65,4,264,120,144,212,182,30,22
"2011","Gloucester 005A","E01022288",705,379,132,247,2,84,30,54,225,213,12,15
"2011","Gloucester 005B","E01022289",625,296,164,132,1,134,69,65,175,162,13,19
"2011","Gloucester 005C","E01022290",529,299,140,159,0,112,9,103,111,106,5,7
"2011","Gloucester 005D","E01022291",635,299,153,146,6,71,19,52,251,232,19,8
"2011","Gloucester 005E","E01022292",493,291,145,146,3,28,6,22,166,155,11,5
"2011","Gloucester 006A","E01022283",635,535,317,218,2,41,22,19,46,43,3,11
"2011","Gloucester 006B","E01022303",622,457,269,188,3,94,65,29,61,55,6,7
"2011","Gloucester 006C","E01022304",765,669,413,256,2,5,4,1,85,74,11,4
"2011","Gloucester 006D","E01022305",589,531,297,234,3,14,9,5,39,35,4,2
"2011","Gloucester 006E","E01022308",649,574,347,227,4,5,3,2,64,54,10,2
"2011","Gloucester 007A","E01022278",638,526,235,291,3,51,7,44,53,46,7,5
"2011","Gloucester 007B","E01022279",569,494,195,299,2,9,6,3,60,51,9,4
"2011","Gloucester 007C","E01022282",1043,836,235,601,36,55,7,48,114,105,9,2
"2011","Gloucester 007D","E01022284",511,317,118,199,4,104,57,47,82,77,5,4
"2011","Gloucester 007E","E01022285",497,312,134,178,0,157,108,49,26,19,7,2
"2011","Gloucester 007F","E01022286",611,399,145,254,2,127,110,17,80,71,9,3
"2011","Gloucester 007G","E01022287",711,550,270,280,12,57,38,19,87,72,15,5
"2011","Gloucester 008A","E01022293",633,331,147,184,13,53,13,40,231,223,8,5
"2011","Gloucester 008B","E01022294",634,399,157,242,4,24,8,16,201,192,9,6
"2011","Gloucester 008C","E01022323",633,240,74,166,2,334,144,190,50,45,5,7
"2011","Gloucester 008D","E01022328",501,277,85,192,3,148,102,46,62,53,9,11
"2011","Gloucester 008E","E01022329",599,294,91,203,2,180,128,52,115,110,5,8
"2011","Gloucester 009A","E01022326",555,366,111,255,6,21,6,15,159,148,11,3
"2011","Gloucester 009B","E01022327",618,444,177,267,1,46,11,35,123,109,14,4
"2011","Gloucester 009C","E01022330",587,424,152,272,1,22,9,13,137,130,7,3
"2011","Gloucester 009D","E01022331",496,359,132,227,3,80,54,26,48,44,4,6
"2011","Gloucester 009E","E01022333",641,173,80,93,0,413,325,88,46,42,4,9
"2011","Gloucester 009F","E01022334",650,452,210,242,2,125,57,68,65,54,11,6
"2011","Gloucester 010A","E01022276",685,615,306,309,3,6,2,4,55,46,9,6
"2011","Gloucester 010B","E01022277",659,533,271,262,8,54,41,13,56,52,4,8
"2011","Gloucester 010C","E01022280",685,480,111,369,11,22,1,21,170,154,16,2
"2011","Gloucester 010D","E01022281",690,602,220,382,1,27,1,26,59,54,5,1
"2011","Gloucester 010E","E01022306",584,503,179,324,0,3,2,1,73,66,7,5
"2011","Gloucester 010F","E01022307",638,541,157,384,2,4,1,3,86,82,4,5
"2011","Gloucester 011A","E01022319",703,182,74,108,1,467,432,35,38,35,3,15
"2011","Gloucester 011B","E01022320",626,412,178,234,6,157,143,14,39,37,2,12
"2011","Gloucester 011C","E01022321",609,448,190,258,1,82,71,11,71,61,10,7
"2011","Gloucester 011D","E01022322",609,306,147,159,1,250,208,42,46,40,6,6
"2011","Gloucester 011E","E01022324",649,319,149,170,3,260,225,35,52,46,6,15
"2011","Gloucester 011F","E01022325",586,410,197,213,6,114,96,18,53,47,6,3
"2011","Gloucester 012A","E01022343",510,405,230,175,2,59,53,6,40,37,3,4
"2011","Gloucester 012B","E01022344",625,474,236,238,4,99,86,13,40,32,8,8
"2011","Gloucester 012C","E01022345",630,489,255,234,21,74,50,24,40,31,9,6
"2011","Gloucester 012D","E01022346",658,248,92,156,3,353,264,89,41,38,3,13
"2011","Gloucester 013A","E01022299",629,551,307,244,4,11,5,6,61,53,8,2
"2011","Gloucester 013B","E01022300",635,561,347,214,2,4,3,1,66,58,8,2
"2011","Gloucester 013C","E01022301",660,450,181,269,9,85,67,18,112,102,10,4
"2011","Gloucester 013D","E01022302",625,532,286,246,3,19,9,10,62,55,7,9
"2011","Gloucester 014A","E01022339",660,569,166,403,4,11,2,9,74,62,12,2
"2011","Gloucester 014B","E01022340",622,433,91,342,2,10,2,8,177,161,16,0
"2011","Gloucester 014C","E01022341",853,569,160,409,19,83,3,80,174,155,19,8
"2011","Gloucester 014D","E01022342",677,544,98,446,1,3,0,3,124,118,6,5
"2011","Gloucester 015A","E01022335",612,481,196,285,4,39,23,16,73,68,5,15
"2011","Gloucester 015B","E01022336",496,416,198,218,3,7,2,5,69,62,7,1
"2011","Gloucester 015D","E01022338",630,394,101,293,3,11,0,11,221,208,13,1
"2011","Gloucester 015E","E01032933",535,271,30,241,52,95,7,88,117,100,17,0
"2011","Gloucester 015F","E01032934",573,455,177,278,13,17,2,15,82,76,6,6
"2011","Gloucester 015G","E01032935",556,360,41,319,38,61,2,59,97,88,9,0
"2011","Gloucester 015H","E01032936",623,233,24,209,64,200,6,194,124,68,56,2
"2011","Stroud 001A","E01022378",739,608,196,412,4,9,6,3,114,105,9,4
"2011","Stroud 001B","E01022379",665,414,126,288,6,72,65,7,171,165,6,2
"2011","Stroud 001C","E01022380",606,494,261,233,12,16,11,5,77,72,5,7
"2011","Stroud 001D","E01022412",1163,882,448,434,23,82,31,51,167,144,23,9
"2011","Stroud 002A","E01022354",936,777,496,281,7,55,36,19,82,75,7,15
"2011","Stroud 002B","E01022390",594,403,286,117,4,74,68,6,104,89,15,9
"2011","Stroud 002C","E01022391",640,549,378,171,0,8,6,2,72,66,6,11
"2011","Stroud 002D","E01022392",658,518,338,180,3,15,10,5,107,96,11,15
"2011","Stroud 003A","E01022376",736,542,303,239,18,91,71,20,71,68,3,14
"2011","Stroud 003B","E01022396",667,516,255,261,6,35,23,12,95,82,13,15
"2011","Stroud 003C","E01022397",717,558,267,291,0,86,77,9,66,51,15,7
"2011","Stroud 003D","E01022398",449,365,207,158,2,36,29,7,38,32,6,8
"2011","Stroud 004A","E01022355",641,495,248,247,1,87,83,4,53,50,3,5
"2011","Stroud 004B","E01022356",952,611,263,348,4,101,40,61,225,207,18,11
"2011","Stroud 004C","E01022357",778,612,314,298,1,75,47,28,84,82,2,6
"2011","Stroud 004D","E01022358",656,353,188,165,1,249,232,17,39,32,7,14
"2011","Stroud 004E","E01022377",987,621,342,279,4,258,230,28,94,85,9,10
"2011","Stroud 004F","E01022389",717,613,346,267,2,43,41,2,53,49,4,6
"2011","Stroud 005A","E01022400",789,568,300,268,2,81,73,8,129,120,9,9
"2011","Stroud 005B","E01022401",596,367,130,237,7,157,135,22,56,51,5,9
"2011","Stroud 005C","E01022402",648,487,193,294,2,58,51,7,94,88,6,7
"2011","Stroud 005D","E01022403",609,305,142,163,0,262,238,24,30,27,3,12
"2011","Stroud 005E","E01022404",551,416,208,208,1,32,28,4,84,79,5,18
"2011","Stroud 006A","E01022365",1005,628,322,306,10,96,30,66,260,243,17,11
"2011","Stroud 006B","E01022399",917,547,241,306,5,228,186,42,124,109,15,13
"2011","Stroud 006C","E01022410",986,613,329,284,11,175,73,102,175,168,7,12
"2011","Stroud 006D","E01022411",950,660,304,356,5,153,142,11,112,107,5,20
"2011","Stroud 006E","E01022414",1109,669,304,365,7,199,110,89,221,205,16,13
"2011","Stroud 007A","E01022393",619,567,316,251,2,18,15,3,27,22,5,5
"2011","Stroud 007B","E01022394",672,450,175,275,1,62,33,29,156,148,8,3
"2011","Stroud 007C","E01022395",635,568,294,274,1,13,4,9,47,42,5,6
"2011","Stroud 007D","E01022408",435,387,186,201,1,14,13,1,32,29,3,1
"2011","Stroud 007E","E01022409",499,407,188,219,4,35,18,17,49,46,3,4
"2011","Stroud 008A","E01022366",676,599,272,327,2,7,6,1,62,51,11,6
"2011","Stroud 008B","E01022367",674,582,310,272,2,33,32,1,52,49,3,5
"2011","Stroud 008C","E01022368",587,535,306,229,0,16,14,2,29,27,2,7
"2011","Stroud 008D","E01022369",744,502,166,336,1,52,40,12,182,173,9,7
"2011","Stroud 009A","E01022370",534,389,212,177,3,81,72,9,47,39,8,14
"2011","Stroud 009B","E01022371",413,354,210,144,1,26,24,2,26,23,3,6
"2011","Stroud 009C","E01022405",625,393,215,178,4,181,168,13,37,32,5,10
"2011","Stroud 009D","E01022406",521,460,254,206,1,16,15,1,37,33,4,7
"2011","Stroud 009E","E01022407",547,438,276,162,1,51,45,6,45,41,4,12
"2011","Stroud 010A","E01022350",888,750,473,277,1,53,47,6,72,63,9,12
"2011","Stroud 010B","E01022382",662,606,384,222,0,12,10,2,37,32,5,7
"2011","Stroud 010C","E01022383",593,338,209,129,2,209,169,40,29,27,2,15
"2011","Stroud 010D","E01022384",617,495,314,181,3,29,26,3,84,78,6,6
"2011","Stroud 011A","E01022359",638,557,287,270,5,29,24,5,42,37,5,5
"2011","Stroud 011B","E01022360",567,491,266,225,6,34,10,24,34,32,2,2
"2011","Stroud 011C","E01022361",603,365,194,171,3,185,169,16,36,30,6,14
"2011","Stroud 011D","E01022362",512,431,254,177,4,43,41,2,27,22,5,7
"2011","Stroud 011E","E01022363",765,630,318,312,2,75,71,4,52,46,6,6
"2011","Stroud 011F","E01022364",488,214,89,125,3,233,214,19,29,24,5,9
"2011","Stroud 012A","E01022351",592,380,182,198,3,123,102,21,75,66,9,11
"2011","Stroud 012B","E01022352",578,466,290,176,3,30,26,4,73,59,14,6
"2011","Stroud 012C","E01022353",643,412,214,198,7,100,93,7,117,106,11,7
"2011","Stroud 012D","E01022413",727,556,303,253,1,45,37,8,110,104,6,15
"2011","Stroud 013A","E01022385",663,499,282,217,2,82,73,9,66,57,9,14
"2011","Stroud 013B","E01022386",746,501,273,228,2,86,43,43,145,133,12,12
"2011","Stroud 013C","E01022387",722,457,212,245,25,115,41,74,115,110,5,10
"2011","Stroud 013D","E01022388",696,479,217,262,5,138,121,17,70,61,9,4
"2011","Stroud 014A","E01022372",755,584,286,298,3,33,10,23,125,118,7,10
"2011","Stroud 014B","E01022373",737,518,233,285,0,133,124,9,73,64,9,13
"2011","Stroud 014C","E01022374",932,575,285,290,28,191,121,70,130,120,10,8
"2011","Stroud 014D","E01022375",485,210,86,124,2,228,193,35,40,36,4,5
"2011","Stroud 015A","E01022381",784,650,326,324,0,51,41,10,70,68,2,13
"2011","Stroud 015B","E01022415",628,529,330,199,0,19,18,1,72,69,3,8
"2011","Stroud 015C","E01022416",585,380,193,187,0,164,162,2,34,31,3,7
"2011","Stroud 015D","E01022417",727,604,328,276,0,49,32,17,65,62,3,9
"2011","Stroud 015E","E01022418",819,489,244,245,3,170,134,36,144,131,13,13
"2011","Tewkesbury 001B","E01022450",885,459,134,325,12,263,33,230,141,130,11,10
"2011","Tewkesbury 001C","E01022451",636,520,195,325,6,46,4,42,59,48,11,5
"2011","Tewkesbury 001D","E01022452",534,465,163,302,1,15,1,14,53,43,10,0
"2011","Tewkesbury 001E","E01022455",812,714,370,344,16,30,3,27,48,38,10,4
"2011","Tewkesbury 001F","E01032938",608,390,133,257,16,56,7,49,139,103,36,7
"2011","Tewkesbury 001G","E01032939",584,414,92,322,4,33,1,32,130,117,13,3
"2011","Tewkesbury 001H","E01032940",541,386,59,327,9,28,0,28,118,79,39,0
"2011","Tewkesbury 002A","E01022456",539,423,201,222,1,46,6,40,64,58,6,5
"2011","Tewkesbury 002B","E01022457",600,340,174,166,2,214,31,183,42,36,6,2
"2011","Tewkesbury 002C","E01022458",668,207,87,120,8,402,70,332,39,35,4,12
"2011","Tewkesbury 002D","E01022459",850,412,245,167,4,98,4,94,318,282,36,18
"2011","Tewkesbury 002E","E01022460",832,514,240,274,29,175,24,151,105,98,7,9
"2011","Tewkesbury 002F","E01022461",635,551,352,199,1,37,0,37,43,38,5,3
"2011","Tewkesbury 002G","E01022462",695,610,380,230,0,42,13,29,39,30,9,4
"2011","Tewkesbury 003A","E01022449",848,661,392,269,5,38,8,30,119,106,13,25
"2011","Tewkesbury 003B","E01022463",718,480,311,169,2,76,13,63,133,117,16,27
"2011","Tewkesbury 003C","E01022464",743,439,297,142,12,225,40,185,53,47,6,14
"2011","Tewkesbury 003D","E01022465",627,546,322,224,0,28,3,25,45,40,5,8
"2011","Tewkesbury 003E","E01022466",748,545,339,206,57,26,0,26,108,100,8,12
"2011","Tewkesbury 004A","E01022434",852,779,487,292,13,11,2,9,40,37,3,9
"2011","Tewkesbury 004B","E01022441",667,489,249,240,7,48,25,23,104,92,12,19
"2011","Tewkesbury 004C","E01022445",564,396,231,165,1,65,8,57,86,77,9,16
"2011","Tewkesbury 004D","E01022453",648,580,364,216,3,12,1,11,46,42,4,7
"2011","Tewkesbury 005A","E01022432",950,773,451,322,3,66,2,64,98,90,8,10
"2011","Tewkesbury 005B","E01022433",854,739,434,305,15,48,4,44,48,44,4,4
"2011","Tewkesbury 005C","E01022435",958,601,323,278,2,293,27,266,48,43,5,14
"2011","Tewkesbury 005D","E01022436",914,695,411,284,26,87,4,83,101,84,17,5
"2011","Tewkesbury 005E","E01022437",584,423,175,248,0,89,9,80,65,57,8,7
"2011","Tewkesbury 005F","E01022438",604,504,196,308,2,11,1,10,83,78,5,4
"2011","Tewkesbury 005G","E01022439",710,543,201,342,3,17,0,17,144,134,10,3
"2011","Tewkesbury 006A","E01022440",735,479,237,242,3,58,22,36,187,179,8,8
"2011","Tewkesbury 006B","E01022442",618,506,299,207,4,44,8,36,49,42,7,15
"2011","Tewkesbury 006C","E01022443",548,481,276,205,1,29,4,25,31,29,2,6
"2011","Tewkesbury 006D","E01022444",579,523,312,211,1,8,3,5,44,41,3,3
"2011","Tewkesbury 007A","E01022425",499,430,217,213,0,33,7,26,31,22,9,5
"2011","Tewkesbury 007B","E01022426",642,599,428,171,0,5,1,4,34,29,5,4
"2011","Tewkesbury 007C","E01022427",643,470,265,205,2,37,3,34,126,98,28,8
"2011","Tewkesbury 007D","E01022428",797,420,156,264,7,256,57,199,105,85,20,9
"2011","Tewkesbury 007E","E01022429",672,557,254,303,2,17,1,16,91,80,11,5
"2011","Tewkesbury 007F","E01022430",632,575,302,273,0,24,7,17,30,26,4,3
"2011","Tewkesbury 007G","E01022431",893,709,239,470,1,10,1,9,163,151,12,10
"2011","Tewkesbury 007H","E01022447",473,130,31,99,0,83,20,63,257,60,197,3
"2011","Tewkesbury 008A","E01022420",910,759,518,241,6,52,16,36,79,65,14,14
"2011","Tewkesbury 008B","E01022448",580,411,258,153,2,92,9,83,63,34,29,12
"2011","Tewkesbury 008C","E01022454",861,585,359,226,1,217,51,166,43,36,7,15
"2011","Tewkesbury 009A","E01022421",735,442,209,233,4,214,54,160,70,63,7,5
"2011","Tewkesbury 009B","E01022422",642,516,206,310,9,35,9,26,76,63,13,6
"2011","Tewkesbury 009C","E01022423",839,684,365,319,18,79,14,65,53,45,8,5
"2011","Tewkesbury 009D","E01022424",658,361,201,160,4,226,85,141,60,55,5,7
"2011","Tewkesbury 009E","E01022446",762,609,251,358,5,46,11,35,100,85,15,2
"2011","Mendip 001A","E01029022",584,472,255,217,0,28,6,22,72,59,13,12
"2011","Mendip 001B","E01029023",481,360,210,150,0,55,20,35,65,60,5,1
"2011","Mendip 001C","E01029044",570,385,137,248,2,72,32,40,101,89,12,10
"2011","Mendip 001D","E01029053",953,693,426,267,2,47,13,34,185,158,27,26
"2011","Mendip 001E","E01029057",830,621,339,282,0,62,18,44,110,102,8,37
"2011","Mendip 002A","E01029024",823,628,352,276,5,96,18,78,87,70,17,7
"2011","Mendip 002B","E01029025",544,343,154,189,3,142,39,103,52,48,4,4
"2011","Mendip 002C","E01029026",417,359,186,173,0,14,6,8,38,30,8,6
"2011","Mendip 002D","E01029068",485,245,132,113,1,105,13,92,107,89,18,27
"2011","Mendip 002E","E01029069",445,346,193,153,1,42,12,30,51,48,3,5
"2011","Mendip 003A","E01029030",784,702,302,400,4,5,1,4,71,61,10,2
"2011","Mendip 003B","E01029031",676,595,325,270,1,10,2,8,66,56,10,4
"2011","Mendip 003C","E01029032",497,469,345,124,0,3,1,2,23,19,4,2
"2011","Mendip 003D","E01029033",628,501,223,278,2,6,2,4,116,103,13,3
"2011","Mendip 003E","E01029034",582,465,215,250,2,6,2,4,109,104,5,0
"2011","Mendip 004A","E01029036",713,394,164,230,3,117,43,74,190,180,10,9
"2011","Mendip 004B","E01029041",950,457,214,243,8,287,44,243,185,172,13,13
"2011","Mendip 004C","E01029042",673,259,111,148,2,271,69,202,134,123,11,7
"2011","Mendip 004D","E01029043",620,418,182,236,11,107,22,85,82,76,6,2
"2011","Mendip 004E","E01029045",657,431,210,221,7,91,15,76,125,116,9,3
"2011","Mendip 005A","E01029052",862,634,395,239,2,128,22,106,83,74,9,15
"2011","Mendip 005B","E01029060",764,611,359,252,1,40,7,33,92,78,14,20
"2011","Mendip 005C","E01029061",930,729,427,302,5,74,11,63,101,83,18,21
"2011","Mendip 005D","E01029083",543,439,324,115,0,12,1,11,52,47,5,40
"2011","Mendip 006A","E01029018",921,746,399,347,2,42,10,32,116,97,19,15
"2011","Mendip 006B","E01029056",963,718,387,331,1,12,1,11,210,189,21,22
"2011","Mendip 006C","E01029064",633,455,204,251,2,29,2,27,141,134,7,6
"2011","Mendip 006D","E01029084",670,485,280,205,4,106,41,65,65,58,7,10
"2011","Mendip 007A","E01029029",708,369,188,181,12,225,88,137,87,79,8,15
"2011","Mendip 007B","E01029035",623,465,185,280,2,14,4,10,137,126,11,5
"2011","Mendip 007C","E01029037",597,414,171,243,2,85,31,54,91,90,1,5
"2011","Mendip 007D","E01029038",568,346,128,218,9,142,65,77,67,64,3,4
"2011","Mendip 007E","E01029039",635,499,289,210,1,71,17,54,60,52,8,4
"2011","Mendip 007F","E01029040",717,525,255,270,11,65,21,44,110,103,7,6
"2011","Mendip 008A","E01029078",929,624,442,182,9,101,10,91,179,161,18,16
"2011","Mendip 008B","E01029079",763,401,207,194,10,232,60,172,110,104,6,10
"2011","Mendip 008C","E01029080",634,483,273,210,5,65,16,49,71,61,10,10
"2011","Mendip 008D","E01029081",728,469,288,181,14,65,19,46,173,159,14,7
"2011","Mendip 008E","E01029082",645,529,380,149,7,15,5,10,92,85,7,2
"2011","Mendip 009A","E01029062",685,181,71,110,12,192,46,146,292,283,9,8
"2011","Mendip 009B","E01029063",995,675,261,414,32,108,15,93,175,163,12,5
"2011","Mendip 009C","E01029065",660,558,238,320,17,15,1,14,67,58,9,3
"2011","Mendip 009D","E01029066",739,501,252,249,8,72,12,60,150,141,9,8
"2011","Mendip 009E","E01029067",665,395,192,203,0,195,49,146,60,47,13,15
"2011","Mendip 010A","E01029020",592,408,215,193,5,90,20,70,76,66,10,13
"2011","Mendip 010B","E01029021",488,419,208,211,2,14,2,12,46,37,9,7
"2011","Mendip 010C","E01029027",490,388,226,162,4,25,9,16,62,49,13,11
"2011","Mendip 010D","E01029028",552,369,178,191,0,69,23,46,96,89,7,18
"2011","Mendip 010E","E01029058",946,700,392,308,0,97,20,77,122,103,19,27
"2011","Mendip 011A","E01029046",771,311,185,126,21,135,13,122,291,279,12,13
"2011","Mendip 011D","E01029050",965,649,351,298,17,168,35,133,120,101,19,11
"2011","Mendip 011E","E01029051",707,554,337,217,7,45,6,39,90,74,16,11
"2011","Mendip 011F","E01032627",967,646,406,240,3,158,48,110,137,117,20,23
"2011","Mendip 012A","E01029047",626,424,213,211,5,73,10,63,120,112,8,4
"2011","Mendip 012B","E01029054",624,486,255,231,0,42,8,34,83,72,11,13
"2011","Mendip 012C","E01029055",499,419,242,177,3,20,5,15,52,45,7,5
"2011","Mendip 012D","E01029074",513,438,264,174,1,13,6,7,52,52,0,9
"2011","Mendip 012E","E01029076",823,719,373,346,7,28,9,19,60,51,9,9
"2011","Mendip 013A","E01029019",973,795,496,299,5,38,11,27,115,105,10,20
"2011","Mendip 013B","E01029059",872,689,422,267,3,61,11,50,93,85,8,26
"2011","Mendip 013C","E01029077",828,621,370,251,3,38,9,29,119,101,18,47
"2011","Mendip 014A","E01029070",825,520,251,269,4,65,4,61,227,218,9,9
"2011","Mendip 014B","E01029071",683,407,184,223,7,144,39,105,117,108,9,8
"2011","Mendip 014C","E01029072",767,332,124,208,27,278,44,234,126,120,6,4
"2011","Mendip 014D","E01029073",545,327,164,163,2,108,33,75,99,91,8,9
"2011","Mendip 014E","E01029075",612,423,261,162,1,93,23,70,83,75,8,12
"2011","Sedgemoor 001A","E01029085",878,604,291,313,1,110,66,44,149,140,9,14
"2011","Sedgemoor 001B","E01029126",658,522,285,237,2,51,44,7,74,64,10,9
"2011","Sedgemoor 001C","E01029127",782,499,313,186,12,115,74,41,140,123,17,16
"2011","Sedgemoor 001D","E01029128",754,677,361,316,1,15,13,2,53,43,10,8
"2011","Sedgemoor 001E","E01029129",719,613,310,303,8,37,18,19,56,49,7,5
"2011","Sedgemoor 002C","E01029089",846,715,355,360,7,52,39,13,60,51,9,12
"2011","Sedgemoor 002D","E01029113",736,637,418,219,8,36,0,36,49,42,7,6
"2011","Sedgemoor 002E","E01029115",734,652,373,279,0,7,2,5,69,60,9,6
"2011","Sedgemoor 002F","E01029140",1140,903,468,435,11,85,18,67,130,117,13,11
"2011","Sedgemoor 002G","E01032633",967,753,479,274,6,33,26,7,158,137,21,17
"2011","Sedgemoor 003A","E01029086",864,762,425,337,3,18,14,4,71,59,12,10
"2011","Sedgemoor 003B","E01029147",679,601,354,247,2,19,13,6,45,36,9,12
"2011","Sedgemoor 003C","E01029148",651,524,324,200,4,47,28,19,64,57,7,12
"2011","Sedgemoor 003D","E01029149",554,477,250,227,1,27,26,1,43,35,8,6
"2011","Sedgemoor 004A","E01029114",710,611,416,195,1,24,2,22,70,56,14,4
"2011","Sedgemoor 004B","E01029116",817,448,266,182,0,83,27,56,272,261,11,14
"2011","Sedgemoor 004C","E01029117",791,545,338,207,3,10,4,6,219,201,18,14
"2011","Sedgemoor 004D","E01029119",764,491,278,213,1,173,121,52,89,82,7,10
"2011","Sedgemoor 004E","E01029120",658,523,253,270,1,5,1,4,124,118,6,5
"2011","Sedgemoor 005A","E01029118",717,605,296,309,5,23,15,8,82,75,7,2
"2011","Sedgemoor 005B","E01029131",936,399,149,250,25,208,87,121,299,278,21,5
"2011","Sedgemoor 005C","E01029132",636,237,106,131,8,339,260,79,38,34,4,14
"2011","Sedgemoor 005D","E01029133",597,491,316,175,0,41,32,9,57,48,9,8
"2011","Sedgemoor 005E","E01029134",857,602,335,267,6,145,46,99,95,82,13,9
"2011","Sedgemoor 006A","E01029135",716,595,354,241,24,34,28,6,56,52,4,7
"2011","Sedgemoor 006B","E01029136",809,634,344,290,10,95,81,14,59,48,11,11
"2011","Sedgemoor 006C","E01029145",843,717,385,332,6,43,28,15,68,58,10,9
"2011","Sedgemoor 006D","E01029152",941,708,401,307,2,174,121,53,47,39,8,10
"2011","Sedgemoor 007A","E01029121",535,451,258,193,1,17,16,1,47,37,10,19
"2011","Sedgemoor 007B","E01029122",589,467,278,189,4,21,12,9,83,64,19,14
"2011","Sedgemoor 007C","E01029123",488,307,182,125,5,112,78,34,53,41,12,11
"2011","Sedgemoor 007D","E01029124",792,608,376,232,1,89,67,22,72,62,10,22
"2011","Sedgemoor 007E","E01029125",568,456,279,177,5,34,23,11,62,51,11,11
"2011","Sedgemoor 008A","E01029093",728,351,125,226,0,140,17,123,231,220,11,6
"2011","Sedgemoor 008B","E01029096",597,376,165,211,0,66,37,29,148,128,20,7
"2011","Sedgemoor 008C","E01029106",617,191,99,92,2,359,326,33,55,44,11,10
"2011","Sedgemoor 008D","E01029107",633,296,154,142,0,269,211,58,54,44,10,14
"2011","Sedgemoor 008E","E01029109",517,290,127,163,0,166,133,33,54,48,6,7
"2011","Sedgemoor 009A","E01029094",722,474,181,293,4,11,2,9,230,220,10,3
"2011","Sedgemoor 009B","E01029095",741,302,123,179,1,121,34,87,308,278,30,9
"2011","Sedgemoor 009C","E01029110",999,506,192,314,5,250,98,152,226,211,15,12
"2011","Sedgemoor 009D","E01029111",966,505,156,349,3,223,155,68,214,207,7,21
"2011","Sedgemoor 009E","E01029112",1007,508,314,194,2,101,9,92,377,344,33,19
"2011","Sedgemoor 010A","E01029090",656,513,255,258,1,22,19,3,117,102,15,3
"2011","Sedgemoor 010B","E01029091",740,536,176,360,1,5,1,4,195,178,17,3
"2011","Sedgemoor 010C","E01029092",615,500,148,352,13,2,1,1,97,86,11,3
"2011","Sedgemoor 010D","E01029108",944,710,419,291,4,85,53,32,137,124,13,8
"2011","Sedgemoor 011A","E01029102",626,430,201,229,0,94,55,39,97,92,5,5
"2011","Sedgemoor 011B","E01029103",629,577,361,216,0,1,1,0,44,35,9,7
"2011","Sedgemoor 011C","E01029104",618,549,303,246,1,32,3,29,30,30,0,6
"2011","Sedgemoor 011E","E01032631",543,314,87,227,1,6,1,5,217,203,14,5
"2011","Sedgemoor 011F","E01032632",491,399,183,216,0,23,13,10,66,57,9,3
"2011","Sedgemoor 011G","E01032634",501,465,274,191,0,4,3,1,30,27,3,2
"2011","Sedgemoor 012A","E01029130",862,704,417,287,4,59,44,15,80,67,13,15
"2011","Sedgemoor 012B","E01029137",631,549,294,255,1,32,23,9,39,36,3,10
"2011","Sedgemoor 012C","E01029138",584,464,253,211,8,49,32,17,56,49,7,7
"2011","Sedgemoor 012D","E01029139",607,510,318,192,2,25,14,11,57,49,8,13
"2011","Sedgemoor 012E","E01029150",514,444,265,179,0,11,8,3,53,47,6,6
"2011","Sedgemoor 012F","E01029151",560,460,283,177,5,43,21,22,46,41,5,6
"2011","Sedgemoor 013A","E01029097",596,282,96,186,4,178,97,81,124,119,5,8
"2011","Sedgemoor 013B","E01029098",638,373,175,198,1,131,84,47,124,110,14,9
"2011","Sedgemoor 013C","E01029099",507,260,104,156,0,192,147,45,43,35,8,12
"2011","Sedgemoor 013D","E01029100",491,249,78,171,1,175,120,55,55,48,7,11
"2011","Sedgemoor 013E","E01029105",728,259,138,121,0,367,282,85,89,76,13,13
"2011","Sedgemoor 014A","E01029101",462,344,148,196,7,68,45,23,36,34,2,7
"2011","Sedgemoor 014C","E01029142",642,555,316,239,1,7,2,5,73,62,11,6
"2011","Sedgemoor 014D","E01029143",630,380,191,189,0,165,129,36,73,67,6,12
"2011","Sedgemoor 014E","E01029144",498,412,221,191,3,21,11,10,48,40,8,14
"2011","Sedgemoor 014F","E01032629",624,450,234,216,2,80,7,73,79,67,12,13
"2011","Sedgemoor 014G","E01032630",611,481,130,351,22,46,2,44,58,55,3,4
"2011","South Somerset 001A","E01029157",577,320,190,130,4,133,21,112,99,88,11,21
"2011","South Somerset 001B","E01029158",505,383,192,191,5,37,9,28,62,53,9,18
"2011","South Somerset 001C","E01029221",1017,776,502,274,3,38,16,22,146,121,25,54
"2011","South Somerset 002A","E01029166",946,739,441,298,5,40,9,31,128,97,31,34
"2011","South Somerset 002B","E01029167",740,369,202,167,9,222,53,169,126,115,11,14
"2011","South Somerset 002C","E01029168",742,614,398,216,10,18,7,11,91,79,12,9
"2011","South Somerset 002D","E01029210",639,522,280,242,5,25,2,23,77,61,16,10
"2011","South Somerset 002E","E01029211",593,455,281,174,9,61,15,46,52,41,11,16
"2011","South Somerset 003A","E01029224",702,585,374,211,3,31,7,24,64,56,8,19
"2011","South Somerset 003B","E01029225",933,760,453,307,6,75,16,59,87,79,8,5
"2011","South Somerset 003C","E01029226",809,454,277,177,2,200,63,137,131,120,11,22
"2011","South Somerset 004A","E01029200",640,374,197,177,2,116,35,81,141,131,10,7
"2011","South Somerset 004B","E01029201",611,503,286,217,6,33,10,23,63,56,7,6
"2011","South Somerset 004C","E01029222",646,514,295,219,10,57,14,43,49,40,9,16
"2011","South Somerset 004D","E01029223",513,422,278,144,3,36,7,29,41,32,9,11
"2011","South Somerset 005A","E01029155",789,645,428,217,1,46,12,34,76,63,13,21
"2011","South Somerset 005B","E01029227",658,491,250,241,3,90,23,67,63,54,9,11
"2011","South Somerset 005C","E01029228",719,534,299,235,1,74,16,58,99,88,11,11
"2011","South Somerset 005D","E01029229",948,490,245,245,2,174,51,123,260,239,21,22
"2011","South Somerset 006A","E01029164",613,450,266,184,0,64,19,45,80,61,19,19
"2011","South Somerset 006B","E01029165",522,408,274,134,1,52,13,39,52,46,6,9
"2011","South Somerset 006C","E01029198",486,144,47,97,1,82,11,71,254,56,198,5
"2011","South Somerset 006D","E01029199",881,643,308,335,4,81,18,63,139,115,24,14
"2011","South Somerset 007A","E01029187",443,283,174,109,6,99,23,76,40,37,3,15
"2011","South Somerset 007B","E01029188",654,571,353,218,1,12,3,9,56,52,4,14
"2011","South Somerset 007C","E01029196",619,466,264,202,5,77,16,61,55,48,7,16
"2011","South Somerset 007D","E01029197",537,429,250,179,1,44,10,34,51,43,8,12
"2011","South Somerset 008A","E01029154",773,506,284,222,9,149,37,112,101,93,8,8
"2011","South Somerset 008B","E01029156",816,580,279,301,7,109,20,89,101,86,15,19
"2011","South Somerset 008C","E01029206",645,425,250,175,8,128,25,103,75,64,11,9
"2011","South Somerset 008D","E01029207",606,499,302,197,6,40,3,37,54,45,9,7
"2011","South Somerset 009A","E01029202",557,310,137,173,6,187,54,133,43,37,6,11
"2011","South Somerset 009B","E01029203",645,524,289,235,2,47,9,38,65,56,9,7
"2011","South Somerset 009C","E01029204",537,442,263,179,1,25,9,16,63,50,13,6
"2011","South Somerset 009D","E01029205",765,536,270,266,13,85,37,48,116,107,9,15
"2011","South Somerset 010A","E01029163",946,734,413,321,0,89,15,74,105,86,19,18
"2011","South Somerset 010B","E01029216",660,545,364,181,2,31,12,19,73,57,16,9
"2011","South Somerset 010C","E01029217",679,534,313,221,3,60,12,48,72,64,8,10
"2011","South Somerset 010D","E01029218",880,561,338,223,18,202,49,153,75,65,10,24
"2011","South Somerset 011A","E01029238",651,379,148,231,13,193,79,114,60,53,7,6
"2011","South Somerset 011B","E01029252",601,467,226,241,3,24,4,20,104,48,56,3
"2011","South Somerset 011C","E01029253",704,471,200,271,5,125,37,88,95,82,13,8
"2011","South Somerset 011D","E01029254",593,556,355,201,2,9,6,3,25,23,2,1
"2011","South Somerset 012A","E01029160",960,736,196,540,13,49,12,37,156,116,40,6
"2011","South Somerset 012B","E01029248",641,368,168,200,2,168,65,103,95,79,16,8
"2011","South Somerset 012C","E01029250",549,481,277,204,1,9,3,6,53,43,10,5
"2011","South Somerset 012D","E01029251",556,476,278,198,3,31,9,22,41,34,7,5
"2011","South Somerset 013A","E01029161",660,417,114,303,38,82,13,69,121,108,13,2
"2011","South Somerset 013B","E01029162",754,467,197,270,12,61,13,48,211,200,11,3
"2011","South Somerset 013C","E01029247",626,203,68,135,4,362,145,217,49,41,8,8
"2011","South Somerset 013D","E01029255",600,373,217,156,1,83,36,47,137,49,88,6
"2011","South Somerset 014A","E01029231",676,452,227,225,3,120,31,89,97,80,17,4
"2011","South Somerset 014B","E01029233",571,299,122,177,1,186,85,101,74,65,9,11
"2011","South Somerset 014C","E01029235",625,378,195,183,10,133,58,75,95,85,10,9
"2011","South Somerset 014D","E01029236",613,265,122,143,11,287,115,172,41,40,1,9
"2011","South Somerset 014E","E01029237",664,281,116,165,15,302,104,198,55,47,8,11
"2011","South Somerset 015A","E01029232",620,398,132,266,2,49,7,42,165,149,16,6
"2011","South Somerset 015B","E01029234",995,408,243,165,1,202,49,153,371,346,25,13
"2011","South Somerset 015C","E01029239",700,325,180,145,1,194,55,139,167,155,12,13
"2011","South Somerset 015D","E01029240",624,458,177,281,1,29,10,19,133,120,13,3
"2011","South Somerset 016A","E01029241",813,484,179,305,17,126,31,95,176,162,14,10
"2011","South Somerset 016B","E01029245",925,696,306,390,11,75,8,67,134,121,13,9
"2011","South Somerset 016C","E01029246",612,489,252,237,1,26,5,21,88,84,4,8
"2011","South Somerset 016D","E01029249",635,374,202,172,0,176,67,109,70,63,7,15
"2011","South Somerset 017A","E01029189",481,339,173,166,1,105,26,79,26,22,4,10
"2011","South Somerset 017B","E01029190",584,462,298,164,1,19,2,17,89,77,12,13
"2011","South Somerset 017C","E01029191",548,367,208,159,5,106,32,74,61,46,15,9
"2011","South Somerset 017D","E01029192",621,438,213,225,10,93,34,59,73,65,8,7
"2011","South Somerset 017E","E01029212",479,400,253,147,2,21,11,10,41,33,8,15
"2011","South Somerset 017F","E01029213",552,398,252,146,7,86,27,59,44,39,5,17
"2011","South Somerset 017G","E01029214",483,379,223,156,0,44,18,26,53,47,6,7
"2011","South Somerset 017H","E01029215",506,299,173,126,6,140,41,99,45,39,6,16
"2011","South Somerset 018A","E01029159",634,514,162,352,12,11,2,9,94,88,6,3
"2011","South Somerset 018B","E01029242",631,499,203,296,2,45,12,33,81,69,12,4
"2011","South Somerset 018C","E01029243",775,644,441,203,2,61,13,48,66,62,4,2
"2011","South Somerset 018D","E01029244",619,565,300,265,0,3,2,1,47,43,4,4
"2011","South Somerset 019A","E01029193",911,543,297,246,7,156,31,125,187,174,13,18
"2011","South Somerset 019B","E01029194",1080,844,449,395,2,83,14,69,137,121,16,14
"2011","South Somerset 019C","E01029195",704,475,278,197,11,146,41,105,67,57,10,5
"2011","South Somerset 019D","E01029208",488,331,199,132,2,102,32,70,45,36,9,8
"2011","South Somerset 019E","E01029209",564,492,310,182,0,7,3,4,60,50,10,5
"2011","South Somerset 020A","E01029178",642,529,324,205,0,44,6,38,58,55,3,11
"2011","South Somerset 020B","E01029179",504,306,156,150,0,138,53,85,54,47,7,6
"2011","South Somerset 020C","E01029180",591,427,257,170,2,88,37,51,62,55,7,12
"2011","South Somerset 020D","E01029181",620,478,299,179,1,62,10,52,70,61,9,9
"2011","South Somerset 021A","E01029182",618,512,298,214,7,44,14,30,47,44,3,8
"2011","South Somerset 021B","E01029183",602,417,202,215,5,122,42,80,51,43,8,7
"2011","South Somerset 021C","E01029184",831,689,414,275,15,30,7,23,86,79,7,11
"2011","South Somerset 021D","E01029185",812,522,277,245,2,78,10,68,203,193,10,7
"2011","South Somerset 021E","E01029186",722,415,224,191,4,200,56,144,91,85,6,12
"2011","South Somerset 022A","E01029169",621,481,242,239,13,50,6,44,69,58,11,8
"2011","South Somerset 022B","E01029172",624,556,310,246,2,25,6,19,37,36,1,4
"2011","South Somerset 022C","E01029173",522,360,145,215,15,79,9,70,66,60,6,2
"2011","South Somerset 022D","E01029176",556,471,251,220,0,17,9,8,64,56,8,4
"2011","South Somerset 022E","E01029177",526,221,114,107,11,240,77,163,44,33,11,10
"2011","South Somerset 023A","E01029170",493,246,120,126,1,181,68,113,61,57,4,4
"2011","South Somerset 023B","E01029171",995,644,379,265,6,204,70,134,127,118,9,14
"2011","South Somerset 023C","E01029174",501,401,253,148,2,55,18,37,40,36,4,3
"2011","South Somerset 023D","E01029175",944,452,240,212,21,296,74,222,165,148,17,10
"2011","South Somerset 024A","E01029153",1067,836,546,290,6,71,22,49,132,111,21,22
"2011","South Somerset 024B","E01029219",583,501,306,195,2,15,3,12,59,55,4,6
"2011","South Somerset 024C","E01029220",525,414,222,192,2,81,28,53,23,19,4,5
"2011","South Somerset 024D","E01029230",983,747,504,243,1,79,17,62,109,90,19,47
"2011","Taunton Deane 001A","E01029258",605,488,258,230,2,18,7,11,84,76,8,13
"2011","Taunton Deane 001B","E01029259",610,375,200,175,1,140,124,16,84,74,10,10
"2011","Taunton Deane 001C","E01029260",863,643,183,460,10,52,9,43,152,144,8,6
"2011","Taunton Deane 001D","E01029268",658,492,276,216,2,47,32,15,103,91,12,14
"2011","Taunton Deane 002A","E01029276",584,438,264,174,3,43,40,3,85,79,6,15
"2011","Taunton Deane 002B","E01029278",540,375,249,126,2,56,44,12,95,76,19,12
"2011","Taunton Deane 002C","E01029290",632,443,217,226,0,76,18,58,107,93,14,6
"2011","Taunton Deane 002D","E01029306",617,449,244,205,1,120,109,11,42,37,5,5
"2011","Taunton Deane 002E","E01029319",582,399,108,291,0,42,4,38,136,132,4,5
"2011","Taunton Deane 003A","E01029267",744,537,321,216,3,102,97,5,85,75,10,17
"2011","Taunton Deane 003B","E01029320",704,420,224,196,11,161,119,42,101,86,15,11
"2011","Taunton Deane 003C","E01029321",972,778,486,292,7,31,29,2,138,124,14,18
"2011","Taunton Deane 004A","E01029297",606,232,94,138,0,310,298,12,50,46,4,14
"2011","Taunton Deane 004B","E01029298",610,360,165,195,4,191,185,6,47,36,11,8
"2011","Taunton Deane 004C","E01029304",658,265,134,131,3,323,226,97,50,48,2,17
"2011","Taunton Deane 004D","E01029305",599,410,187,223,4,129,122,7,48,47,1,8
"2011","Taunton Deane 004E","E01029307",610,254,124,130,1,311,273,38,35,30,5,9
"2011","Taunton Deane 005A","E01029271",769,581,355,226,13,56,51,5,105,99,6,14
"2011","Taunton Deane 005B","E01029273",497,425,230,195,3,26,23,3,42,34,8,1
"2011","Taunton Deane 005C","E01029274",647,576,342,234,2,28,17,11,32,23,9,9
"2011","Taunton Deane 005D","E01029275",565,464,308,156,3,46,42,4,49,42,7,3
"2011","Taunton Deane 005E","E01029279",601,457,247,210,10,66,46,20,60,56,4,8
"2011","Taunton Deane 006A","E01029282",639,417,107,310,2,28,23,5,185,176,9,7
"2011","Taunton Deane 006B","E01029291",763,412,206,206,4,208,194,14,132,122,10,7
"2011","Taunton Deane 006C","E01029294",716,571,218,353,1,9,7,2,133,127,6,2
"2011","Taunton Deane 006D","E01029317",523,348,144,204,1,121,105,16,43,40,3,10
"2011","Taunton Deane 006E","E01029318",623,541,313,228,1,9,2,7,61,51,10,11
"2011","Taunton Deane 007A","E01029285",1066,520,225,295,5,31,4,27,490,466,24,20
"2011","Taunton Deane 007B","E01029287",678,392,116,276,1,18,5,13,260,247,13,7
"2011","Taunton Deane 007C","E01029288",655,477,213,264,6,22,8,14,143,133,10,7
"2011","Taunton Deane 007D","E01029289",897,523,270,253,3,46,18,28,315,294,21,10
"2011","Taunton Deane 007E","E01029299",718,391,223,168,5,130,98,32,177,166,11,15
"2011","Taunton Deane 007F","E01029300",666,416,170,246,9,53,6,47,183,164,19,5
"2011","Taunton Deane 008A","E01029256",625,458,270,188,2,115,77,38,42,36,6,8
"2011","Taunton Deane 008B","E01029257",867,544,244,300,3,230,182,48,84,73,11,6
"2011","Taunton Deane 008D","E01029277",473,317,134,183,1,73,50,23,78,70,8,4
"2011","Taunton Deane 008E","E01032651",536,410,150,260,3,53,24,29,68,59,9,2
"2011","Taunton Deane 008F","E01032652",490,275,124,151,2,136,109,27,73,27,46,4
"2011","Taunton Deane 009A","E01029280",690,348,166,182,1,266,215,51,62,54,8,13
"2011","Taunton Deane 009B","E01029281",758,421,182,239,3,250,175,75,77,71,6,7
"2011","Taunton Deane 009C","E01029283",769,426,166,260,11,273,218,55,50,44,6,9
"2011","Taunton Deane 009D","E01029292",630,183,69,114,0,357,255,102,72,66,6,18
"2011","Taunton Deane 009E","E01029293",611,112,38,74,0,457,435,22,28,26,2,14
"2011","Taunton Deane 010A","E01029266",586,399,266,133,1,59,41,18,107,95,12,20
"2011","Taunton Deane 010B","E01029284",881,292,173,119,20,246,97,149,299,285,14,24
"2011","Taunton Deane 010C","E01029286",710,328,116,212,6,109,40,69,260,236,24,7
"2011","Taunton Deane 010D","E01029301",1016,580,383,197,0,167,66,101,247,226,21,22
"2011","Taunton Deane 010E","E01029303",836,721,496,225,2,4,1,3,104,64,40,5
"2011","Taunton Deane 011A","E01029263",593,453,215,238,4,12,11,1,118,104,14,6
"2011","Taunton Deane 011B","E01029264",575,523,327,196,1,5,4,1,40,39,1,6
"2011","Taunton Deane 011C","E01029265",611,549,340,209,2,3,2,1,52,46,6,5
"2011","Taunton Deane 011D","E01029302",716,599,397,202,2,22,20,2,80,69,11,13
"2011","Taunton Deane 011E","E01029308",860,733,482,251,4,36,24,12,71,66,5,16
"2011","Taunton Deane 012A","E01029309",899,431,175,256,9,328,225,103,116,104,12,15
"2011","Taunton Deane 012B","E01029311",593,225,105,120,1,285,211,74,68,62,6,14
"2011","Taunton Deane 012C","E01029312",600,438,190,248,0,103,80,23,57,51,6,2
"2011","Taunton Deane 012D","E01029313",560,395,137,258,0,67,41,26,93,86,7,5
"2011","Taunton Deane 012E","E01029316",789,493,221,272,2,121,88,33,157,149,8,16
"2011","Taunton Deane 013A","E01029262",971,794,459,335,3,48,47,1,108,89,19,18
"2011","Taunton Deane 013B","E01029269",859,694,374,320,14,42,31,11,90,74,16,19
"2011","Taunton Deane 013C","E01029310",785,637,418,219,3,7,6,1,115,106,9,23
"2011","Taunton Deane 013D","E01029314",1059,716,364,352,11,203,131,72,120,106,14,9
"2011","Taunton Deane 013E","E01029315",648,582,364,218,2,10,3,7,46,42,4,8
"2011","Taunton Deane 014A","E01029261",846,687,411,276,3,57,43,14,86,72,14,13
"2011","Taunton Deane 014B","E01029270",921,675,377,298,5,64,46,18,157,136,21,20
"2011","Taunton Deane 014C","E01029295",699,575,281,294,5,8,7,1,110,102,8,1
"2011","Taunton Deane 014D","E01029296",628,511,294,217,2,56,49,7,40,37,3,19
"2011","West Somerset 001B","E01029324",687,448,217,231,2,154,18,136,75,64,11,8
"2011","West Somerset 001C","E01029329",735,489,311,178,5,30,1,29,196,177,19,15
"2011","West Somerset 001D","E01029330",993,678,493,185,7,28,2,26,266,244,22,14
"2011","West Somerset 001F","E01032636",925,670,437,233,5,44,3,41,191,170,21,15
"2011","West Somerset 002A","E01029322",625,354,245,109,8,159,14,145,95,83,12,9
"2011","West Somerset 002B","E01029331",722,624,503,121,4,30,1,29,60,55,5,4
"2011","West Somerset 002C","E01029333",557,300,187,113,1,175,14,161,75,68,7,6
"2011","West Somerset 002D","E01029336",983,553,424,129,3,219,7,212,180,146,34,28
"2011","West Somerset 003A","E01029326",539,335,236,99,2,115,7,108,73,54,19,14
"2011","West Somerset 003B","E01029334",530,368,240,128,0,77,5,72,73,63,10,12
"2011","West Somerset 003C","E01029339",671,363,203,160,13,209,18,191,80,70,10,6
"2011","West Somerset 003E","E01029341",619,409,251,158,0,69,6,63,134,127,7,7
"2011","West Somerset 003G","E01032635",895,535,307,228,2,292,29,263,53,43,10,13
"2011","West Somerset 004A","E01029327",875,668,426,242,1,71,7,64,110,93,17,25
"2011","West Somerset 004B","E01029335",497,377,256,121,1,30,2,28,77,66,11,12
"2011","West Somerset 004C","E01029337",931,627,382,245,8,116,9,107,150,133,17,30
"2011","West Somerset 004D","E01029342",530,420,320,100,3,7,0,7,88,74,14,12
"2011","West Somerset 004E","E01029343",686,450,324,126,1,57,4,53,167,157,10,11
"2011","West Somerset 005A","E01029325",887,629,454,175,1,131,12,119,106,88,18,20
"2011","West Somerset 005B","E01029328",971,610,434,176,2,200,19,181,132,108,24,27
"2011","West Somerset 005C","E01029338",765,514,374,140,3,75,3,72,129,106,23,44
"2011","Isle of Anglesey 001A","W01000003",1131,666,363,303,2,235,200,35,200,180,20,28
"2011","Isle of Anglesey 001B","W01000004",555,428,279,149,0,59,53,6,53,32,21,15
"2011","Isle of Anglesey 001C","W01000018",646,460,287,173,1,77,72,5,96,81,15,12
"2011","Isle of Anglesey 001D","W01000028",802,521,302,219,1,167,159,8,88,81,7,25
"2011","Isle of Anglesey 001E","W01000031",659,497,292,205,0,67,58,9,81,71,10,14
"2011","Isle of Anglesey 002A","W01000010",899,722,472,250,1,31,31,0,129,101,28,16
"2011","Isle of Anglesey 002B","W01000020",558,446,286,160,4,18,17,1,68,55,13,22
"2011","Isle of Anglesey 002C","W01000021",968,744,477,267,1,91,90,1,112,93,19,20
"2011","Isle of Anglesey 002D","W01000032",491,386,258,128,2,48,48,0,44,39,5,11
"2011","Isle of Anglesey 003A","W01000016",579,263,112,151,0,69,48,21,228,208,20,19
"2011","Isle of Anglesey 003B","W01000017",642,427,219,208,0,116,100,16,90,82,8,9
"2011","Isle of Anglesey 003C","W01000029",718,362,201,161,2,209,186,23,126,105,21,19
"2011","Isle of Anglesey 003D","W01000030",997,492,241,251,2,309,229,80,174,153,21,20
"2011","Isle of Anglesey 003E","W01000033",697,293,167,126,1,342,311,31,47,42,5,14
"2011","Isle of Anglesey 003F","W01000036",522,255,135,120,0,163,144,19,95,92,3,9
"2011","Isle of Anglesey 003G","W01000037",518,352,191,161,0,84,79,5,72,68,4,10
"2011","Isle of Anglesey 004A","W01000022",689,498,328,170,3,69,64,5,90,77,13,29
"2011","Isle of Anglesey 004B","W01000034",520,386,205,181,1,82,73,9,45,33,12,6
"2011","Isle of Anglesey 004C","W01000039",472,391,272,119,3,15,15,0,51,43,8,12
"2011","Isle of Anglesey 004D","W01000040",537,447,306,141,1,2,2,0,78,67,11,9
"2011","Isle of Anglesey 004E","W01000043",528,358,199,159,0,109,99,10,47,45,2,14
"2011","Isle of Anglesey 004F","W01000044",495,452,266,186,1,9,7,2,30,18,12,3
"2011","Isle of Anglesey 005A","W01000005",980,602,410,192,4,142,131,11,200,176,24,32
"2011","Isle of Anglesey 005B","W01000013",942,802,511,291,2,42,35,7,83,76,7,13
"2011","Isle of Anglesey 005C","W01000019",691,555,382,173,3,34,15,19,88,79,9,11
"2011","Isle of Anglesey 005D","W01000026",580,434,299,135,4,59,52,7,66,59,7,17
"2011","Isle of Anglesey 005E","W01000035",804,581,352,229,1,81,79,2,110,100,10,31
"2011","Isle of Anglesey 006A","W01000006",654,489,299,190,5,68,64,4,74,62,12,18
"2011","Isle of Anglesey 006B","W01000012",665,527,315,212,1,81,54,27,42,34,8,14
"2011","Isle of Anglesey 006C","W01000014",891,592,299,293,1,176,121,55,105,93,12,17
"2011","Isle of Anglesey 006D","W01000041",637,224,99,125,1,345,308,37,47,41,6,20
"2011","Isle of Anglesey 007A","W01000001",559,328,222,106,2,90,82,8,108,99,9,31
"2011","Isle of Anglesey 007B","W01000002",559,409,249,160,0,48,41,7,90,70,20,12
"2011","Isle of Anglesey 007C","W01000009",778,533,305,228,2,127,114,13,102,90,12,14
"2011","Isle of Anglesey 007D","W01000023",599,391,215,176,2,107,96,11,79,69,10,20
"2011","Isle of Anglesey 007E","W01000024",508,251,98,153,0,49,22,27,204,106,98,4
"2011","Isle of Anglesey 008A","W01000008",617,471,266,205,1,49,48,1,82,72,10,14
"2011","Isle of Anglesey 008B","W01000011",609,360,232,128,1,62,56,6,164,149,15,22
"2011","Isle of Anglesey 008C","W01000015",653,513,311,202,0,49,40,9,74,57,17,17
"2011","Isle of Anglesey 008D","W01000042",910,665,372,293,0,128,105,23,101,88,13,16
"2011","Isle of Anglesey 009A","W01000007",717,521,316,205,2,62,58,4,115,107,8,17
"2011","Isle of Anglesey 009B","W01000025",859,671,346,325,0,80,74,6,91,85,6,17
"2011","Isle of Anglesey 009C","W01000027",773,506,273,233,5,106,98,8,129,114,15,27
"2011","Isle of Anglesey 009D","W01000038",986,700,415,285,0,131,121,10,126,107,19,29
"2011","Gwynedd 001A","W01000062",553,117,67,50,2,101,37,64,316,298,18,17
"2011","Gwynedd 001B","W01000076",439,233,151,82,0,68,31,37,127,118,9,11
"2011","Gwynedd 001C","W01000077",586,218,114,104,6,171,80,91,182,168,14,9
"2011","Gwynedd 001D","W01000091",510,154,77,77,2,285,177,108,53,47,6,16
"2011","Gwynedd 001E","W01000092",697,206,130,76,5,62,20,42,405,392,13,19
"2011","Gwynedd 002A","W01000064",693,416,187,229,2,154,93,61,113,99,14,8
"2011","Gwynedd 002B","W01000072",700,470,285,185,1,141,59,82,74,66,8,14
"2011","Gwynedd 002C","W01000075",622,233,106,127,2,209,121,88,159,143,16,19
"2011","Gwynedd 002D","W01000090",519,186,67,119,2,297,179,118,26,21,5,8
"2011","Gwynedd 002E","W01000102",477,344,194,150,0,24,14,10,78,52,26,31
"2011","Gwynedd 003A","W01000050",580,379,223,156,0,49,29,20,126,115,11,26
"2011","Gwynedd 003B","W01000071",1016,709,307,402,2,121,62,59,171,138,33,13
"2011","Gwynedd 003C","W01000096",513,308,142,166,1,137,67,70,55,46,9,12
"2011","Gwynedd 003D","W01000097",529,332,176,156,2,86,23,63,100,89,11,9
"2011","Gwynedd 003E","W01000115",908,696,354,342,1,109,65,44,85,73,12,17
"2011","Gwynedd 004A","W01000052",461,378,191,187,1,38,16,22,35,31,4,9
"2011","Gwynedd 004B","W01000053",497,389,205,184,0,21,11,10,71,55,16,16
"2011","Gwynedd 004C","W01000087",756,566,295,271,1,103,54,49,65,52,13,21
"2011","Gwynedd 004D","W01000119",1006,691,344,347,1,66,31,35,233,205,28,15
"2011","Gwynedd 005A","W01000063",802,517,261,256,1,162,113,49,102,93,9,20
"2011","Gwynedd 005B","W01000081",896,585,321,264,0,165,98,67,119,106,13,27
"2011","Gwynedd 005C","W01000099",724,574,284,290,1,62,26,36,72,63,9,15
"2011","Gwynedd 005D","W01000103",527,376,189,187,1,55,34,21,86,72,14,9
"2011","Gwynedd 006A","W01000059",954,459,269,190,3,384,145,239,78,67,11,30
"2011","Gwynedd 006B","W01000093",1037,796,499,297,3,65,24,41,151,135,16,22
"2011","Gwynedd 006C","W01000098",925,308,129,179,5,528,395,133,54,42,12,30
"2011","Gwynedd 006D","W01000110",592,432,202,230,5,119,41,78,24,20,4,12
"2011","Gwynedd 007A","W01000054",472,371,238,133,0,54,24,30,41,32,9,6
"2011","Gwynedd 007B","W01000088",817,667,376,291,1,86,54,32,48,43,5,15
"2011","Gwynedd 007C","W01000111",763,389,187,202,4,180,102,78,165,143,22,25
"2011","Gwynedd 007D","W01000118",715,563,324,239,5,78,43,35,60,46,14,9
"2011","Gwynedd 008A","W01000073",729,575,334,241,2,78,41,37,54,42,12,20
"2011","Gwynedd 008B","W01000086",952,666,408,258,3,182,105,77,83,77,6,18
"2011","Gwynedd 008C","W01000104",793,502,283,219,1,180,88,92,93,75,18,17
"2011","Gwynedd 008D","W01000112",861,610,333,277,2,131,72,59,104,89,15,14
"2011","Gwynedd 009A","W01000056",869,545,332,213,2,157,76,81,144,133,11,21
"2011","Gwynedd 009B","W01000065",584,373,252,121,1,90,47,43,97,86,11,23
"2011","Gwynedd 009C","W01000113",830,617,394,223,2,106,60,46,86,78,8,19
"2011","Gwynedd 009D","W01000114",714,522,372,150,4,108,70,38,60,51,9,20
"2011","Gwynedd 010A","W01000066",513,369,247,122,1,52,21,31,71,57,14,20
"2011","Gwynedd 010B","W01000100",466,338,227,111,0,55,16,39,67,54,13,6
"2011","Gwynedd 010C","W01000105",779,485,310,175,2,116,37,79,150,129,21,26
"2011","Gwynedd 010D","W01000106",872,699,521,178,1,37,20,17,103,83,20,32
"2011","Gwynedd 010E","W01000107",588,380,252,128,4,138,66,72,53,39,14,13
"2011","Gwynedd 011A","W01000047",586,414,271,143,3,75,49,26,78,67,11,16
"2011","Gwynedd 011B","W01000061",801,565,409,156,3,92,29,63,116,90,26,25
"2011","Gwynedd 011C","W01000078",722,496,319,177,1,122,54,68,86,76,10,17
"2011","Gwynedd 011D","W01000089",849,642,440,202,4,84,48,36,99,85,14,20
"2011","Gwynedd 012A","W01000070",543,398,273,125,7,53,31,22,66,56,10,19
"2011","Gwynedd 012B","W01000094",574,438,306,132,2,34,15,19,87,66,21,13
"2011","Gwynedd 012C","W01000095",618,404,273,131,2,127,49,78,73,62,11,12
"2011","Gwynedd 012D","W01000108",1048,582,328,254,4,198,92,106,238,206,32,26
"2011","Gwynedd 012E","W01000109",871,449,282,167,0,234,153,81,165,150,15,23
"2011","Gwynedd 013A","W01000069",751,576,427,149,3,64,22,42,83,68,15,25
"2011","Gwynedd 013B","W01000074",946,710,491,219,4,66,33,33,135,118,17,31
"2011","Gwynedd 013C","W01000079",528,398,298,100,1,49,29,20,62,51,11,18
"2011","Gwynedd 013D","W01000101",656,456,264,192,1,97,49,48,88,70,18,14
"2011","Gwynedd 014C","W01000080",915,577,436,141,6,190,55,135,115,92,23,27
"2011","Gwynedd 014D","W01000084",556,393,269,124,1,43,24,19,101,90,11,18
"2011","Gwynedd 014E","W01001932",1227,836,602,234,3,112,57,55,236,196,40,40
"2011","Gwynedd 015A","W01000051",936,532,335,197,1,228,111,117,145,111,34,30
"2011","Gwynedd 015B","W01000060",624,435,302,133,3,62,30,32,107,84,23,17
"2011","Gwynedd 015C","W01000082",436,276,176,100,1,53,23,30,87,79,8,19
"2011","Gwynedd 015D","W01000083",560,432,312,120,3,28,9,19,71,56,15,26
"2011","Gwynedd 016A","W01000048",625,380,258,122,3,164,87,77,65,53,12,13
"2011","Gwynedd 016B","W01000049",620,287,184,103,1,91,64,27,226,213,13,15
"2011","Gwynedd 016C","W01000057",635,482,365,117,4,63,35,28,68,55,13,18
"2011","Gwynedd 016D","W01000067",592,395,257,138,3,57,34,23,118,96,22,19
"2011","Gwynedd 016E","W01000068",688,413,248,165,3,179,60,119,82,73,9,11
"2011","Gwynedd 017C","W01000085",978,712,515,197,4,76,32,44,155,139,16,31
"2011","Gwynedd 017D","W01000116",864,670,513,157,3,10,8,2,168,150,18,13
"2011","Gwynedd 017E","W01000117",737,372,219,153,5,193,69,124,155,140,15,12
"2011","Gwynedd 017F","W01001933",1151,861,637,224,7,107,47,60,146,123,23,30
"2011","Conwy 001A","W01000132",708,398,228,170,3,26,1,25,271,249,22,10
"2011","Conwy 001B","W01000146",1016,444,248,196,2,48,16,32,499,489,10,23
"2011","Conwy 001C","W01000147",760,533,357,176,5,49,15,34,159,146,13,14
"2011","Conwy 001D","W01000169",916,396,214,182,2,217,113,104,275,254,21,26
"2011","Conwy 001E","W01000186",828,331,207,124,2,334,89,245,142,132,10,19
"2011","Conwy 002A","W01000133",873,753,544,209,2,21,4,17,88,80,8,9
"2011","Conwy 002B","W01000168",757,506,257,249,3,131,46,85,111,97,14,6
"2011","Conwy 002C","W01000187",633,192,83,109,1,388,211,177,43,43,0,9
"2011","Conwy 002D","W01000188",780,624,374,250,10,75,25,50,63,56,7,8
"2011","Conwy 003A","W01000154",610,528,322,206,13,2,0,2,62,57,5,5
"2011","Conwy 003B","W01000173",652,527,249,278,0,1,0,1,108,97,11,16
"2011","Conwy 003C","W01000174",745,648,355,293,8,4,0,4,78,74,4,7
"2011","Conwy 003D","W01000175",799,718,526,192,4,4,0,4,65,58,7,8
"2011","Conwy 004A","W01000155",673,473,306,167,16,13,5,8,168,154,14,3
"2011","Conwy 004B","W01000156",819,550,371,179,3,59,2,57,186,173,13,21
"2011","Conwy 004C","W01000157",731,353,169,184,6,233,136,97,128,117,11,11
"2011","Conwy 004D","W01000158",779,620,406,214,6,82,11,71,57,49,8,14
"2011","Conwy 005A","W01000149",677,543,345,198,3,10,4,6,111,96,15,10
"2011","Conwy 005B","W01000150",632,531,279,252,24,9,4,5,64,60,4,4
"2011","Conwy 005C","W01000151",621,410,164,246,17,98,51,47,88,78,10,8
"2011","Conwy 005D","W01000152",614,444,221,223,19,28,3,25,115,104,11,8
"2011","Conwy 005E","W01000184",1062,784,458,326,11,72,34,38,185,161,24,10
"2011","Conwy 006A","W01000135",1009,890,634,256,12,6,2,4,94,83,11,7
"2011","Conwy 006B","W01000136",852,594,353,241,2,108,29,79,134,123,11,14
"2011","Conwy 006C","W01000165",865,778,475,303,0,3,0,3,75,68,7,9
"2011","Conwy 006D","W01000166",813,589,309,280,18,117,45,72,73,63,10,16
"2011","Conwy 007A","W01000139",691,519,261,258,8,57,35,22,90,86,4,17
"2011","Conwy 007B","W01000143",649,424,200,224,1,37,11,26,181,172,9,6
"2011","Conwy 007C","W01000144",712,249,110,139,3,126,56,70,328,318,10,6
"2011","Conwy 007D","W01000182",950,409,241,168,3,86,10,76,438,418,20,14
"2011","Conwy 008A","W01000138",886,542,298,244,17,234,114,120,71,55,16,22
"2011","Conwy 008B","W01000145",578,326,152,174,1,167,88,79,74,63,11,10
"2011","Conwy 008C","W01000180",599,500,248,252,0,5,2,3,88,79,9,6
"2011","Conwy 008D","W01000181",610,505,188,317,6,8,2,6,86,80,6,5
"2011","Conwy 008E","W01000183",585,398,223,175,2,37,5,32,128,115,13,20
"2011","Conwy 009A","W01000126",743,570,261,309,9,39,10,29,117,105,12,8
"2011","Conwy 009B","W01000127",578,326,170,156,5,171,109,62,68,57,11,8
"2011","Conwy 009C","W01000128",677,462,238,224,3,104,60,44,102,92,10,6
"2011","Conwy 009D","W01000153",713,588,323,265,5,48,27,21,67,61,6,5
"2011","Conwy 009E","W01000163",503,220,89,131,0,240,175,65,40,37,3,3
"2011","Conwy 009F","W01000164",549,407,167,240,12,40,12,28,82,76,6,8
"2011","Conwy 010B","W01000140",651,404,230,174,6,98,37,61,134,120,14,9
"2011","Conwy 010C","W01000141",802,684,499,185,6,19,6,13,84,72,12,9
"2011","Conwy 010D","W01000142",715,664,432,232,5,6,2,4,36,34,2,4
"2011","Conwy 010E","W01000178",839,445,234,211,11,241,120,121,129,118,11,13
"2011","Conwy 010F","W01000179",775,671,448,223,5,10,4,6,80,72,8,9
"2011","Conwy 010G","W01001927",582,470,256,214,5,45,17,28,57,48,9,5
"2011","Conwy 010H","W01001928",622,323,207,116,3,82,34,48,211,202,9,3
"2011","Conwy 011C","W01000167",815,540,270,270,5,158,99,59,106,94,12,6
"2011","Conwy 011D","W01000176",718,430,202,228,2,112,63,49,166,147,19,8
"2011","Conwy 011E","W01000177",489,404,236,168,5,39,7,32,33,23,10,8
"2011","Conwy 011F","W01001926",1001,779,459,320,5,50,26,24,150,137,13,17
"2011","Conwy 012A","W01000124",887,702,469,233,3,70,35,35,95,79,16,17
"2011","Conwy 012B","W01000129",497,284,158,126,8,116,42,74,80,75,5,9
"2011","Conwy 012C","W01000130",767,538,331,207,4,30,13,17,186,167,19,9
"2011","Conwy 012D","W01000131",604,446,249,197,2,98,23,75,52,49,3,6
"2011","Conwy 013A","W01000123",744,516,266,250,5,81,30,51,123,114,9,19
"2011","Conwy 013B","W01000125",690,564,349,215,0,43,24,19,78,63,15,5
"2011","Conwy 013C","W01000170",783,620,336,284,3,70,44,26,78,69,9,12
"2011","Conwy 013D","W01000171",690,412,200,212,3,127,20,107,136,128,8,12
"2011","Conwy 013E","W01000172",595,370,170,200,4,101,46,55,116,97,19,4
"2011","Conwy 014A","W01000122",882,624,367,257,4,78,41,37,157,137,20,19
"2011","Conwy 014B","W01000159",564,387,244,143,1,38,18,20,115,104,11,23
"2011","Conwy 014C","W01000162",762,558,317,241,0,80,40,40,94,72,22,30
"2011","Conwy 014D","W01000190",599,385,246,139,0,78,44,34,107,97,10,29
"2011","Conwy 015A","W01000121",548,415,256,159,0,58,19,39,64,47,17,11
"2011","Conwy 015B","W01000134",988,593,379,214,8,218,72,146,144,120,24,25
"2011","Conwy 015C","W01000137",630,479,300,179,3,25,14,11,96,83,13,27
"2011","Conwy 015D","W01000148",484,315,141,174,3,100,56,44,53,47,6,13
"2011","Conwy 015E","W01000185",563,440,265,175,0,53,16,37,62,51,11,8
"2011","Conwy 015F","W01000189",644,437,270,167,2,85,18,67,110,88,22,10
"2011","Denbighshire 001A","W01000218",686,477,249,228,14,69,34,35,115,96,19,11
"2011","Denbighshire 001B","W01000219",1058,772,359,413,3,17,5,12,257,236,21,9
"2011","Denbighshire 001C","W01000220",878,755,552,203,4,7,4,3,100,86,14,12
"2011","Denbighshire 002A","W01000213",588,287,151,136,3,195,149,46,89,78,11,14
"2011","Denbighshire 002B","W01000214",475,356,172,184,2,15,3,12,96,85,11,6
"2011","Denbighshire 002C","W01000215",582,530,328,202,0,8,4,4,37,30,7,7
"2011","Denbighshire 002D","W01000216",572,323,135,188,30,123,56,67,83,81,2,13
"2011","Denbighshire 003A","W01000212",919,811,472,339,4,16,9,7,80,73,7,8
"2011","Denbighshire 003B","W01000221",672,502,297,205,9,16,2,14,137,124,13,8
"2011","Denbighshire 003C","W01000222",800,687,418,269,4,3,0,3,102,90,12,4
"2011","Denbighshire 004A","W01000226",709,501,301,200,2,92,64,28,102,95,7,12
"2011","Denbighshire 004B","W01000227",732,505,288,217,4,67,59,8,135,126,9,21
"2011","Denbighshire 004C","W01000228",534,271,164,107,19,37,6,31,200,188,12,7
"2011","Denbighshire 004D","W01000239",897,253,97,156,3,235,32,203,395,380,15,11
"2011","Denbighshire 004E","W01000240",720,133,58,75,2,219,31,188,350,337,13,16
"2011","Denbighshire 004F","W01000241",492,260,99,161,5,77,8,69,146,137,9,4
"2011","Denbighshire 006A","W01000236",774,332,114,218,0,297,234,63,127,115,12,18
"2011","Denbighshire 006B","W01000237",639,219,92,127,2,345,225,120,63,57,6,10
"2011","Denbighshire 006C","W01000238",645,455,193,262,3,65,35,30,115,103,12,7
"2011","Denbighshire 008A","W01000200",524,456,223,233,1,8,7,1,54,49,5,5
"2011","Denbighshire 008B","W01000201",660,380,169,211,8,127,83,44,122,110,12,23
"2011","Denbighshire 008C","W01000217",862,626,331,295,2,123,112,11,92,78,14,19
"2011","Denbighshire 008D","W01000248",663,485,266,219,4,57,48,9,99,87,12,18
"2011","Denbighshire 009A","W01000191",881,603,263,340,0,100,88,12,167,147,20,11
"2011","Denbighshire 009B","W01000223",580,464,248,216,2,10,6,4,94,85,9,10
"2011","Denbighshire 009C","W01000224",610,473,286,187,2,76,68,8,57,55,2,2
"2011","Denbighshire 009D","W01000225",718,484,272,212,7,77,50,27,141,127,14,9
"2011","Denbighshire 010A","W01000245",737,520,267,253,2,111,59,52,90,76,14,14
"2011","Denbighshire 010B","W01000246",711,461,228,233,1,149,105,44,85,70,15,15
"2011","Denbighshire 010C","W01000247",815,614,353,261,1,74,41,33,112,96,16,14
"2011","Denbighshire 011A","W01000194",951,542,248,294,6,90,25,65,288,258,30,25
"2011","Denbighshire 011B","W01000198",639,171,87,84,9,409,301,108,42,34,8,8
"2011","Denbighshire 011C","W01000199",715,458,249,209,0,150,105,45,94,87,7,13
"2011","Denbighshire 012A","W01000195",622,539,317,222,1,18,3,15,55,42,13,9
"2011","Denbighshire 012B","W01000196",563,456,178,278,2,26,2,24,73,67,6,6
"2011","Denbighshire 012C","W01000197",697,502,242,260,6,105,55,50,73,67,6,11
"2011","Denbighshire 012D","W01000211",749,589,350,239,4,54,39,15,87,73,14,15
"2011","Denbighshire 013A","W01000203",986,801,437,364,4,67,45,22,93,70,23,21
"2011","Denbighshire 013B","W01000204",622,470,290,180,0,43,41,2,96,89,7,13
"2011","Denbighshire 013C","W01000206",852,615,333,282,2,92,69,23,126,106,20,17
"2011","Denbighshire 014A","W01000242",881,499,256,243,6,242,131,111,115,102,13,19
"2011","Denbighshire 014B","W01000243",792,486,301,185,4,111,62,49,166,151,15,25
"2011","Denbighshire 014C","W01000244",733,653,382,271,2,14,6,8,52,42,10,12
"2011","Denbighshire 015A","W01000193",572,333,183,150,0,135,95,40,85,77,8,19
"2011","Denbighshire 015B","W01000202",654,566,298,268,0,39,32,7,37,26,11,12
"2011","Denbighshire 015C","W01000207",946,693,387,306,6,90,74,16,134,114,20,23
"2011","Denbighshire 016A","W01000192",451,319,193,126,0,69,61,8,53,48,5,10
"2011","Denbighshire 016B","W01000205",489,358,223,135,1,64,50,14,39,32,7,27
"2011","Denbighshire 016C","W01000208",561,315,186,129,3,58,10,48,172,162,10,13
"2011","Denbighshire 016D","W01000209",678,430,251,179,3,173,104,69,62,51,11,10
"2011","Denbighshire 016E","W01000210",607,471,305,166,9,41,30,11,74,69,5,12
"2011","Denbighshire 017E","W01000229",772,569,356,213,2,109,97,12,80,71,9,12
"2011","Denbighshire 017F","W01000230",888,751,425,326,10,15,13,2,99,92,7,13
"2011","Denbighshire 017A","W01000231",615,439,207,232,1,63,50,13,107,96,11,5
"2011","Denbighshire 017B","W01000232",680,567,280,287,15,6,1,5,84,81,3,8
"2011","Denbighshire 017C","W01000233",568,445,222,223,11,30,25,5,73,64,9,9
"2011","Denbighshire 017G","W01000234",567,294,117,177,5,186,125,61,73,64,9,9
"2011","Denbighshire 017D","W01000235",563,466,189,277,12,11,5,6,72,66,6,2
"2011","Flintshire 001A","W01000287",828,589,331,258,12,94,63,31,126,108,18,7
"2011","Flintshire 001B","W01000298",675,472,253,219,0,117,99,18,74,65,9,12
"2011","Flintshire 001C","W01000338",788,568,295,273,8,97,94,3,106,95,11,9
"2011","Flintshire 002A","W01000306",972,697,331,366,18,159,117,42,89,76,13,9
"2011","Flintshire 002B","W01000320",762,466,211,255,0,207,201,6,82,68,14,7
"2011","Flintshire 002C","W01000340",957,847,440,407,1,18,17,1,80,65,15,11
"2011","Flintshire 003A","W01000253",784,597,290,307,0,97,90,7,82,71,11,8
"2011","Flintshire 003B","W01000254",920,558,259,299,0,227,149,78,124,111,13,11
"2011","Flintshire 003C","W01000296",638,358,168,190,1,224,180,44,45,39,6,10
"2011","Flintshire 003D","W01000297",500,357,115,242,1,79,7,72,63,55,8,0
"2011","Flintshire 003E","W01000304",896,384,205,179,12,350,269,81,139,122,17,11
"2011","Flintshire 003F","W01000305",753,562,283,279,2,131,124,7,56,45,11,2
"2011","Flintshire 004A","W01000288",1027,397,178,219,0,527,440,87,95,85,10,8
"2011","Flintshire 004B","W01000290",633,235,120,115,1,332,294,38,60,50,10,5
"2011","Flintshire 004C","W01000292",546,345,164,181,0,132,117,15,66,59,7,3
"2011","Flintshire 004D","W01000293",656,447,197,250,1,125,69,56,77,62,15,6
"2011","Flintshire 005A","W01000289",493,440,179,261,0,19,4,15,32,28,4,2
"2011","Flintshire 005B","W01000291",573,418,153,265,3,79,4,75,72,65,7,1
"2011","Flintshire 005C","W01000294",709,654,300,354,1,9,2,7,40,34,6,5
"2011","Flintshire 005D","W01000295",625,535,273,262,3,39,3,36,42,33,9,6
"2011","Flintshire 006A","W01000258",918,773,380,393,4,81,79,2,53,43,10,7
"2011","Flintshire 006B","W01000270",521,414,216,198,15,22,21,1,58,53,5,12
"2011","Flintshire 006C","W01000271",569,403,214,189,9,60,50,10,81,70,11,16
"2011","Flintshire 006D","W01000272",767,643,364,279,1,61,60,1,54,42,12,8
"2011","Flintshire 006E","W01000301",731,588,305,283,1,64,45,19,64,50,14,14
"2011","Flintshire 007A","W01000273",645,431,231,200,1,150,104,46,55,49,6,8
"2011","Flintshire 007B","W01000274",837,368,132,236,0,320,241,79,143,135,8,6
"2011","Flintshire 007C","W01000275",496,410,193,217,1,23,13,10,59,54,5,3
"2011","Flintshire 007D","W01000278",618,275,104,171,9,291,233,58,40,37,3,3
"2011","Flintshire 008A","W01000276",517,377,84,293,13,38,2,36,88,81,7,1
"2011","Flintshire 008B","W01000277",522,431,118,313,1,8,3,5,79,70,9,3
"2011","Flintshire 008C","W01000279",515,468,279,189,5,20,4,16,21,17,4,1
"2011","Flintshire 008D","W01000281",515,452,211,241,2,18,13,5,35,31,4,8
"2011","Flintshire 008E","W01000283",931,751,373,378,1,39,29,10,128,113,15,12
"2011","Flintshire 009A","W01000332",645,440,172,268,2,124,111,13,69,67,2,10
"2011","Flintshire 009B","W01000333",614,234,97,137,1,316,163,153,61,54,7,2
"2011","Flintshire 009C","W01000334",871,584,264,320,2,106,45,61,169,157,12,10
"2011","Flintshire 009D","W01000335",491,222,101,121,20,215,188,27,32,24,8,2
"2011","Flintshire 009E","W01000336",575,209,79,130,1,330,248,82,30,25,5,5
"2011","Flintshire 009F","W01000337",954,655,319,336,6,100,71,29,184,166,18,9
"2011","Flintshire 010A","W01000252",723,651,407,244,1,20,15,5,44,40,4,7
"2011","Flintshire 010B","W01000280",566,438,198,240,6,75,32,43,44,38,6,3
"2011","Flintshire 010C","W01000282",561,521,91,430,2,4,2,2,32,25,7,2
"2011","Flintshire 010D","W01000325",644,546,286,260,3,45,45,0,49,41,8,1
"2011","Flintshire 011A","W01000311",748,453,218,235,1,193,152,41,92,87,5,9
"2011","Flintshire 011B","W01000312",775,564,312,252,9,135,25,110,66,60,6,1
"2011","Flintshire 011C","W01000328",930,564,266,298,5,131,88,43,216,194,22,14
"2011","Flintshire 012A","W01000264",655,460,163,297,8,92,37,55,90,84,6,5
"2011","Flintshire 012B","W01000265",596,499,290,209,1,27,19,8,66,59,7,3
"2011","Flintshire 012C","W01000323",665,528,295,233,3,55,52,3,69,62,7,10
"2011","Flintshire 012D","W01000324",608,532,256,276,1,21,19,2,48,42,6,6
"2011","Flintshire 013A","W01000251",597,392,174,218,1,156,153,3,45,39,6,3
"2011","Flintshire 013B","W01000268",681,604,265,339,0,30,27,3,40,36,4,7
"2011","Flintshire 013C","W01000284",668,589,240,349,2,4,4,0,67,63,4,6
"2011","Flintshire 013D","W01000285",608,547,308,239,1,5,3,2,50,48,2,5
"2011","Flintshire 013E","W01000286",882,754,246,508,10,6,3,3,105,90,15,7
"2011","Flintshire 013F","W01000302",830,677,429,248,19,16,13,3,111,104,7,7
"2011","Flintshire 014A","W01000249",510,475,225,250,0,2,1,1,32,30,2,1
"2011","Flintshire 014B","W01000250",647,576,317,259,2,16,12,4,46,42,4,7
"2011","Flintshire 014C","W01000261",644,546,271,275,3,15,11,4,72,62,10,8
"2011","Flintshire 014D","W01000321",685,630,314,316,2,7,6,1,43,36,7,3
"2011","Flintshire 014E","W01000322",563,469,262,207,6,59,33,26,27,22,5,2
"2011","Flintshire 015A","W01000255",955,681,297,384,1,138,131,7,121,103,18,14
"2011","Flintshire 015B","W01000256",660,437,148,289,9,128,113,15,80,75,5,6
"2011","Flintshire 015C","W01000257",900,792,345,447,5,18,14,4,78,64,14,7
"2011","Flintshire 015D","W01000329",605,334,146,188,1,159,154,5,108,97,11,3
"2011","Flintshire 015E","W01000330",913,448,140,308,5,322,255,67,128,115,13,10
"2011","Flintshire 015F","W01000331",635,521,225,296,2,65,56,9,43,35,8,4
"2011","Flintshire 016A","W01000313",650,414,212,202,8,146,106,40,75,65,10,7
"2011","Flintshire 016B","W01000314",562,351,213,138,4,86,45,41,110,100,10,11
"2011","Flintshire 016C","W01000315",898,652,406,246,12,124,47,77,99,85,14,11
"2011","Flintshire 016D","W01000316",516,469,265,204,1,7,2,5,34,33,1,5
"2011","Flintshire 016E","W01000317",508,489,240,249,0,3,2,1,14,10,4,2
"2011","Flintshire 016F","W01000318",453,176,78,98,1,251,199,52,22,20,2,3
"2011","Flintshire 016G","W01000319",726,445,224,221,0,165,91,74,107,91,16,9
"2011","Flintshire 017A","W01000259",751,445,226,219,3,181,167,14,115,100,15,7
"2011","Flintshire 017B","W01000260",763,690,342,348,5,7,6,1,52,46,6,9
"2011","Flintshire 017C","W01000262",652,388,149,239,0,153,147,6,106,97,9,5
"2011","Flintshire 017D","W01000263",639,283,117,166,2,308,168,140,39,38,1,7
"2011","Flintshire 017E","W01000266",599,433,228,205,2,41,25,16,111,99,12,12
"2011","Flintshire 017F","W01000267",694,571,264,307,1,59,56,3,62,47,15,1
"2011","Flintshire 018A","W01000303",660,574,294,280,3,24,22,2,57,50,7,2
"2011","Flintshire 018B","W01000326",686,580,301,279,4,60,56,4,36,28,8,6
"2011","Flintshire 018C","W01000327",878,739,347,392,2,41,35,6,87,80,7,9
"2011","Flintshire 019A","W01000299",842,734,428,306,5,47,43,4,50,44,6,6
"2011","Flintshire 019B","W01000300",743,600,320,280,2,44,42,2,88,78,10,9
"2011","Flintshire 019C","W01000309",906,636,309,327,3,129,97,32,122,111,11,16
"2011","Flintshire 019D","W01000339",678,525,280,245,5,105,84,21,34,27,7,9
"2011","Flintshire 020A","W01000269",735,487,254,233,1,129,122,7,112,86,26,6
"2011","Flintshire 020B","W01000307",524,468,252,216,2,10,9,1,38,32,6,6
"2011","Flintshire 020C","W01000308",510,381,179,202,2,81,49,32,38,33,5,8
"2011","Flintshire 020D","W01000310",767,639,354,285,4,58,48,10,56,47,9,10
"2011","Wrexham 003A","W01000374",604,378,177,201,1,183,165,18,28,22,6,14
"2011","Wrexham 003B","W01000375",822,561,148,413,1,148,94,54,103,95,8,9
"2011","Wrexham 003C","W01000376",555,468,227,241,1,54,46,8,27,23,4,5
"2011","Wrexham 003D","W01000391",610,484,242,242,0,81,76,5,39,34,5,6
"2011","Wrexham 003E","W01000392",696,279,79,200,1,359,329,30,45,43,2,12
"2011","Wrexham 004A","W01000377",602,469,193,276,1,68,62,6,64,55,9,0
"2011","Wrexham 004B","W01000378",532,265,91,174,0,205,172,33,55,54,1,7
"2011","Wrexham 004C","W01000379",708,331,127,204,2,323,317,6,35,26,9,17
"2011","Wrexham 004D","W01000380",489,428,143,285,0,12,11,1,45,40,5,4
"2011","Wrexham 005A","W01000351",882,624,273,351,7,170,106,64,71,62,9,10
"2011","Wrexham 005B","W01000373",753,393,143,250,1,287,277,10,59,53,6,13
"2011","Wrexham 005C","W01000400",742,480,177,303,1,164,160,4,87,75,12,10
"2011","Wrexham 005D","W01000401",794,462,154,308,3,228,158,70,95,81,14,6
"2011","Wrexham 006A","W01000347",1047,746,215,531,2,72,55,17,214,191,23,13
"2011","Wrexham 006B","W01000348",622,285,104,181,3,275,266,9,44,40,4,15
"2011","Wrexham 006C","W01000362",622,292,123,169,4,271,261,10,41,36,5,14
"2011","Wrexham 006D","W01000363",689,505,268,237,3,121,114,7,45,40,5,15
"2011","Wrexham 006E","W01000364",688,536,264,272,0,63,46,17,80,72,8,9
"2011","Wrexham 007A","W01000343",463,439,290,149,0,2,0,2,18,15,3,4
"2011","Wrexham 007B","W01000344",586,551,329,222,0,3,2,1,17,14,3,15
"2011","Wrexham 007C","W01000415",683,527,284,243,3,74,54,20,64,54,10,15
"2011","Wrexham 007D","W01000416",508,454,188,266,0,2,1,1,49,40,9,3
"2011","Wrexham 008A","W01000368",918,826,483,343,0,7,4,3,74,67,7,11
"2011","Wrexham 008B","W01000371",527,326,150,176,1,35,17,18,157,141,16,8
"2011","Wrexham 008C","W01000372",598,250,123,127,1,151,101,50,190,180,10,6
"2011","Wrexham 008D","W01000387",508,458,249,209,0,11,9,2,34,32,2,5
"2011","Wrexham 008E","W01000388",470,370,199,171,0,72,64,8,22,16,6,6
"2011","Wrexham 008F","W01000422",944,678,404,274,1,152,101,51,95,85,10,18
"2011","Wrexham 009A","W01000341",684,456,214,242,1,146,140,6,68,60,8,13
"2011","Wrexham 009B","W01000342",727,359,167,192,3,278,274,4,72,62,10,15
"2011","Wrexham 009C","W01000393",828,570,331,239,2,175,160,15,68,58,10,13
"2011","Wrexham 010A","W01000352",408,236,119,117,1,134,129,5,33,30,3,4
"2011","Wrexham 010B","W01000353",552,170,64,106,2,343,334,9,27,25,2,10
"2011","Wrexham 010C","W01000413",553,61,27,34,0,472,454,18,5,5,0,15
"2011","Wrexham 010D","W01000414",515,152,50,102,0,315,304,11,36,33,3,12
"2011","Wrexham 010E","W01000425",910,196,83,113,0,659,643,16,36,29,7,19
"2011","Wrexham 011A","W01000349",840,469,170,299,47,203,127,76,114,104,10,7
"2011","Wrexham 011B","W01000350",716,225,109,116,8,125,62,63,329,296,33,29
"2011","Wrexham 011C","W01000365",822,583,336,247,4,88,72,16,138,130,8,9
"2011","Wrexham 011D","W01000402",1137,502,241,261,2,118,51,67,502,471,31,13
"2011","Wrexham 012A","W01000381",534,275,143,132,1,145,141,4,95,89,6,18
"2011","Wrexham 012B","W01000382",545,150,74,76,0,290,50,240,96,89,7,9
"2011","Wrexham 012D","W01000423",886,441,95,346,9,286,279,7,145,136,9,5
"2011","Wrexham 012E","W01000424",556,384,185,199,1,96,72,24,68,63,5,7
"2011","Wrexham 012F","W01001929",621,247,118,129,3,142,119,23,210,202,8,19
"2011","Wrexham 012G","W01001931",639,221,106,115,2,222,187,35,177,168,9,17
"2011","Wrexham 013A","W01000398",571,435,234,201,0,87,74,13,40,36,4,9
"2011","Wrexham 013B","W01000399",465,413,203,210,1,23,20,3,26,22,4,2
"2011","Wrexham 013C","W01000406",880,494,215,279,4,322,290,32,45,39,6,15
"2011","Wrexham 013D","W01000408",506,326,173,153,5,134,84,50,34,29,5,7
"2011","Wrexham 014A","W01000366",619,348,141,207,9,196,186,10,57,48,9,9
"2011","Wrexham 014B","W01000367",543,435,179,256,3,40,35,5,59,46,13,6
"2011","Wrexham 014C","W01000385",750,662,359,303,5,28,21,7,48,34,14,7
"2011","Wrexham 014D","W01000410",724,518,286,232,1,85,62,23,109,89,20,11
"2011","Wrexham 015A","W01000386",661,343,104,239,2,225,217,8,83,75,8,8
"2011","Wrexham 015B","W01000405",919,498,213,285,5,340,262,78,62,50,12,14
"2011","Wrexham 015C","W01000411",796,331,166,165,2,340,263,77,101,91,10,22
"2011","Wrexham 015D","W01000412",703,482,235,247,2,80,69,11,131,118,13,8
"2011","Wrexham 016A","W01000394",506,366,180,186,1,19,13,6,113,98,15,7
"2011","Wrexham 016B","W01000395",475,337,183,154,0,82,52,30,47,44,3,9
"2011","Wrexham 016C","W01000407",596,454,228,226,1,17,5,12,114,107,7,10
"2011","Wrexham 016D","W01000419",619,303,95,208,5,249,234,15,50,46,4,12
"2011","Wrexham 016E","W01000420",630,406,193,213,0,111,52,59,102,94,8,11
"2011","Wrexham 017A","W01000354",719,581,302,279,2,75,71,4,54,46,8,7
"2011","Wrexham 017B","W01000355",770,378,186,192,1,299,288,11,70,60,10,22
"2011","Wrexham 017C","W01000356",645,330,143,187,2,278,274,4,27,20,7,8
"2011","Wrexham 017D","W01000389",869,640,324,316,1,145,138,7,65,58,7,18
"2011","Wrexham 017E","W01000409",815,138,48,90,1,636,619,17,29,28,1,11
"2011","Wrexham 018A","W01000345",684,547,319,228,3,28,28,0,94,78,16,12
"2011","Wrexham 018B","W01000346",632,491,275,216,1,43,42,1,87,79,8,10
"2011","Wrexham 018C","W01000403",555,397,228,169,3,43,43,0,95,84,11,17
"2011","Wrexham 018D","W01000404",826,581,305,276,4,112,92,20,120,102,18,9
"2011","Wrexham 019C","W01000359",507,393,169,224,3,57,36,21,45,38,7,9
"2011","Wrexham 019D","W01000360",532,317,175,142,1,171,164,7,29,25,4,14
"2011","Wrexham 019E","W01000361",893,528,273,255,4,238,130,108,87,73,14,36
"2011","Wrexham 019F","W01001930",907,664,386,278,1,116,85,31,106,97,9,20
"2011","Wrexham 020F","W01000369",594,480,291,189,1,64,64,0,35,30,5,14
"2011","Wrexham 020G","W01000370",630,503,291,212,2,17,16,1,94,84,10,14
"2011","Wrexham 020A","W01000383",922,725,260,465,4,58,52,6,118,104,14,17
"2011","Wrexham 020B","W01000384",485,393,218,175,1,32,32,0,45,43,2,14
"2011","Wrexham 020C","W01000390",670,575,301,274,3,38,36,2,48,47,1,6
"2011","Wrexham 020H","W01000396",500,453,227,226,0,9,9,0,32,27,5,6
"2011","Wrexham 020I","W01000397",412,383,206,177,0,3,2,1,25,19,6,1
"2011","Wrexham 020D","W01000417",640,570,305,265,1,10,9,1,54,51,3,5
"2011","Wrexham 020E","W01000418",724,492,266,226,3,123,107,16,79,67,12,27
"2011","Powys 001A","W01000461",675,445,282,163,2,103,47,56,109,100,9,16
"2011","Powys 001D","W01000470",828,590,389,201,0,67,53,14,149,135,14,22
"2011","Powys 001E","W01000475",975,772,543,229,4,49,30,19,132,119,13,18
"2011","Powys 001F","W01001906",843,627,405,222,1,90,76,14,107,81,26,18
"2011","Powys 001G","W01001907",572,409,271,138,0,44,27,17,99,92,7,20
"2011","Powys 002A","W01000444",1005,765,491,274,8,53,38,15,150,128,22,29
"2011","Powys 002B","W01000457",867,707,374,333,1,60,58,2,90,77,13,9
"2011","Powys 002C","W01000458",769,621,348,273,2,45,30,15,94,87,7,7
"2011","Powys 003A","W01000498",734,219,138,81,2,315,110,205,165,149,16,33
"2011","Powys 003B","W01000499",555,267,130,137,8,142,51,91,120,110,10,18
"2011","Powys 003C","W01000500",655,482,261,221,4,77,12,65,79,69,10,13
"2011","Powys 003D","W01000501",1011,628,390,238,9,178,113,65,173,165,8,23
"2011","Powys 004A","W01000442",890,681,467,214,4,50,43,7,122,99,23,33
"2011","Powys 004B","W01000452",825,649,444,205,1,82,62,20,74,62,12,19
"2011","Powys 004C","W01000473",1033,562,329,233,2,288,181,107,155,136,19,26
"2011","Powys 005A","W01000428",593,414,288,126,0,30,28,2,141,131,10,8
"2011","Powys 005B","W01000441",598,470,277,193,0,37,31,6,76,64,12,15
"2011","Powys 005C","W01000476",603,396,244,152,0,71,58,13,124,105,19,12
"2011","Powys 005D","W01000497",556,458,246,212,1,27,27,0,64,56,8,6
"2011","Powys 006A","W01000433",1032,755,496,259,0,141,108,33,115,103,12,21
"2011","Powys 006B","W01000460",728,532,322,210,3,76,58,18,107,96,11,10
"2011","Powys 006C","W01000488",892,721,445,276,4,30,29,1,127,113,14,10
"2011","Powys 007A","W01000434",695,517,351,166,3,82,58,24,71,58,13,22
"2011","Powys 007B","W01000439",816,657,380,277,3,44,28,16,99,86,13,13
"2011","Powys 007C","W01000447",838,648,436,212,2,68,54,14,98,85,13,22
"2011","Powys 008A","W01000480",970,417,213,204,2,326,211,115,209,183,26,16
"2011","Powys 008B","W01000481",1093,735,457,278,6,145,88,57,192,162,30,15
"2011","Powys 008C","W01000482",817,567,357,210,0,85,51,34,157,143,14,8
"2011","Powys 009A","W01000478",719,295,98,197,4,326,76,250,91,83,8,3
"2011","Powys 009B","W01000479",614,290,149,141,1,249,218,31,63,59,4,11
"2011","Powys 009C","W01000483",802,304,146,158,3,408,343,65,69,57,12,18
"2011","Powys 010A","W01000429",951,786,560,226,2,30,19,11,113,97,16,20
"2011","Powys 010B","W01000453",587,448,310,138,2,23,17,6,98,93,5,16
"2011","Powys 010C","W01000466",621,381,245,136,3,155,102,53,68,57,11,14
"2011","Powys 010D","W01000467",795,476,322,154,1,105,94,11,193,179,14,20
"2011","Powys 011A","W01000427",604,447,341,106,1,72,62,10,66,50,16,18
"2011","Powys 011B","W01000448",639,444,294,150,2,112,71,41,65,51,14,16
"2011","Powys 011C","W01000449",753,478,302,176,3,103,74,29,153,141,12,16
"2011","Powys 011D","W01000464",534,425,306,119,0,8,6,2,74,66,8,27
"2011","Powys 011E","W01000484",678,528,391,137,2,23,20,3,105,95,10,20
"2011","Powys 011F","W01000485",740,585,458,127,3,29,28,1,108,97,11,15
"2011","Powys 011G","W01000486",501,265,153,112,1,144,78,66,78,71,7,13
"2011","Powys 012A","W01000438",608,462,370,92,1,81,40,41,60,52,8,4
"2011","Powys 012B","W01000451",483,375,256,119,0,44,29,15,49,44,5,15
"2011","Powys 012C","W01000472",511,395,267,128,0,33,33,0,73,66,7,10
"2011","Powys 012D","W01000477",621,537,390,147,4,14,13,1,48,40,8,18
"2011","Powys 012E","W01000487",987,562,388,174,3,182,120,62,225,205,20,15
"2011","Powys 013A","W01000454",671,253,149,104,2,151,90,61,246,238,8,19
"2011","Powys 013B","W01000455",901,603,327,276,3,171,82,89,116,107,9,8
"2011","Powys 013C","W01000456",1011,672,455,217,1,84,27,57,245,233,12,9
"2011","Powys 014A","W01000431",586,325,173,152,0,111,47,64,145,134,11,5
"2011","Powys 014B","W01000432",532,409,257,152,0,38,33,5,77,71,6,8
"2011","Powys 014C","W01000450",597,476,347,129,4,11,9,2,82,75,7,24
"2011","Powys 014D","W01000459",519,400,267,133,0,35,31,4,73,65,8,11
"2011","Powys 014E","W01000471",838,597,415,182,1,93,57,36,135,119,16,12
"2011","Powys 015A","W01000430",554,394,265,129,1,34,23,11,106,97,9,19
"2011","Powys 015B","W01000443",1009,776,550,226,2,51,42,9,144,108,36,36
"2011","Powys 015C","W01000445",623,470,315,155,3,69,61,8,69,57,12,12
"2011","Powys 015D","W01000446",828,461,308,153,1,162,101,61,187,169,18,17
"2011","Powys 015E","W01000494",737,486,302,184,4,133,99,34,99,75,24,15
"2011","Powys 017A","W01000489",742,397,216,181,5,175,123,52,132,110,22,33
"2011","Powys 017D","W01000492",823,442,259,183,2,110,58,52,242,211,31,27
"2011","Powys 017E","W01000493",595,411,286,125,4,66,20,46,105,46,59,9
"2011","Powys 017F","W01001901",884,657,427,230,2,106,79,27,105,61,44,14
"2011","Powys 017G","W01001902",591,208,113,95,0,347,182,165,28,23,5,8
"2011","Powys 018E","W01000465",426,345,226,119,1,30,15,15,46,40,6,4
"2011","Powys 018F","W01001903",937,666,429,237,2,157,76,81,97,82,15,15
"2011","Powys 018G","W01001904",727,548,334,214,7,51,43,8,107,75,32,14
"2011","Powys 018H","W01001905",880,658,415,243,3,54,46,8,130,114,16,35
"2011","Powys 020A","W01000440",546,439,281,158,4,11,10,1,80,72,8,12
"2011","Powys 020B","W01000474",750,559,370,189,4,57,35,22,108,92,16,22
"2011","Powys 020C","W01000503",432,331,223,108,2,5,5,0,83,66,17,11
"2011","Powys 020D","W01001897",837,616,395,221,3,75,68,7,120,103,17,23
"2011","Powys 021A","W01000426",643,491,302,189,1,84,81,3,56,45,11,11
"2011","Powys 021B","W01000496",895,709,426,283,2,110,102,8,54,43,11,20
"2011","Powys 021C","W01000502",957,732,464,268,3,141,75,66,64,57,7,17
"2011","Powys 021D","W01000504",546,261,143,118,2,247,243,4,28,27,1,8
"2011","Powys 021E","W01000505",646,453,284,169,0,115,80,35,64,56,8,14
"2011","Powys 021F","W01001899",866,651,383,268,2,131,125,6,68,54,14,14
"2011","Ceredigion 001C","W01000523",834,651,416,235,2,38,14,24,123,109,14,20
"2011","Ceredigion 001D","W01000548",764,542,336,206,5,90,23,67,116,100,16,11
"2011","Ceredigion 001E","W01000549",744,610,334,276,4,20,7,13,98,83,15,12
"2011","Ceredigion 001F","W01001937",949,681,423,258,0,43,12,31,212,201,11,13
"2011","Ceredigion 002A","W01000512",604,285,175,110,2,65,23,42,238,222,16,14
"2011","Ceredigion 002B","W01000513",1022,157,113,44,4,119,28,91,724,703,21,18
"2011","Ceredigion 002D","W01000517",589,142,87,55,1,82,23,59,352,334,18,12
"2011","Ceredigion 002F","W01001934",1106,480,338,142,5,159,29,130,445,405,40,17
"2011","Ceredigion 003A","W01000515",608,302,153,149,3,230,74,156,63,53,10,10
"2011","Ceredigion 003B","W01000516",674,365,172,193,0,202,68,134,96,81,15,11
"2011","Ceredigion 003C","W01000518",627,324,233,91,9,114,33,81,164,151,13,16
"2011","Ceredigion 003E","W01001935",469,242,122,120,0,49,14,35,167,156,11,11
"2011","Ceredigion 003F","W01001936",462,302,185,117,2,49,14,35,104,74,30,5
"2011","Ceredigion 005A","W01000506",732,460,335,125,1,78,10,68,177,157,20,16
"2011","Ceredigion 005B","W01000524",831,633,387,246,6,36,12,24,127,111,16,29
"2011","Ceredigion 005C","W01000538",654,516,317,199,2,14,6,8,113,99,14,9
"2011","Ceredigion 005D","W01000539",506,413,287,126,0,7,3,4,76,69,7,10
"2011","Ceredigion 005E","W01000540",534,417,260,157,1,38,9,29,69,56,13,9
"2011","Ceredigion 007A","W01000529",664,506,317,189,1,44,20,24,99,91,8,14
"2011","Ceredigion 007B","W01000532",838,699,475,224,4,22,8,14,97,76,21,16
"2011","Ceredigion 007C","W01000544",517,362,254,108,0,65,11,54,75,68,7,15
"2011","Ceredigion 007D","W01000545",902,732,515,217,5,45,15,30,80,61,19,40
"2011","Ceredigion 008A","W01000527",461,241,168,73,3,43,15,28,161,149,12,13
"2011","Ceredigion 008B","W01000528",641,352,230,122,1,164,47,117,118,102,16,6
"2011","Ceredigion 008C","W01000535",885,679,480,199,4,71,35,36,115,97,18,16
"2011","Ceredigion 008D","W01000537",664,524,360,164,2,32,11,21,91,74,17,15
"2011","Ceredigion 008E","W01000541",781,568,371,197,8,46,19,27,142,128,14,17
"2011","Ceredigion 009A","W01000507",554,454,309,145,1,24,8,16,68,57,11,7
"2011","Ceredigion 009B","W01000508",538,317,197,120,2,107,34,73,105,94,11,7
"2011","Ceredigion 009C","W01000509",802,608,417,191,2,122,53,69,60,54,6,10
"2011","Ceredigion 009D","W01000510",643,282,184,98,5,209,67,142,135,131,4,12
"2011","Ceredigion 009E","W01000511",560,247,129,118,2,109,40,69,193,186,7,9
"2011","Ceredigion 009F","W01000546",532,394,275,119,2,57,20,37,66,58,8,13
"2011","Ceredigion 009G","W01000547",536,437,300,137,2,42,20,22,42,39,3,13
"2011","Ceredigion 010A","W01000519",720,598,423,175,0,36,10,26,68,61,7,18
"2011","Ceredigion 010B","W01000522",553,461,313,148,3,28,12,16,50,45,5,11
"2011","Ceredigion 010C","W01000531",800,594,376,218,1,83,30,53,112,100,12,10
"2011","Ceredigion 010D","W01000533",660,403,241,162,1,144,54,90,99,86,13,13
"2011","Ceredigion 010E","W01000551",575,466,318,148,1,41,5,36,55,43,12,12
"2011","Ceredigion 011A","W01000525",500,421,293,128,2,2,1,1,67,61,6,8
"2011","Ceredigion 011B","W01000534",655,500,314,186,0,22,5,17,116,103,13,17
"2011","Ceredigion 011E","W01000536",663,500,352,148,2,24,5,19,118,106,12,19
"2011","Ceredigion 011F","W01000542",937,749,474,275,5,39,13,26,121,109,12,23
"2011","Ceredigion 011C","W01000543",880,686,424,262,2,51,16,35,116,100,16,25
"2011","Ceredigion 011G","W01000550",565,390,257,133,2,42,24,18,112,96,16,19
"2011","Ceredigion 011D","W01000552",827,631,382,249,0,49,8,41,130,114,16,17
"2011","Pembrokeshire 001A","W01000558",887,693,428,265,2,52,29,23,122,94,28,18
"2011","Pembrokeshire 001B","W01000559",611,527,361,166,6,13,6,7,50,43,7,15
"2011","Pembrokeshire 001C","W01000560",521,387,252,135,0,58,35,23,64,53,11,12
"2011","Pembrokeshire 001D","W01000561",502,415,258,157,4,20,8,12,54,44,10,9
"2011","Pembrokeshire 001E","W01000613",1016,779,561,218,4,63,41,22,137,112,25,33
"2011","Pembrokeshire 002A","W01000562",736,579,416,163,3,53,45,8,91,78,13,10
"2011","Pembrokeshire 002B","W01000565",891,623,451,172,4,151,48,103,92,84,8,21
"2011","Pembrokeshire 002C","W01000566",736,511,328,183,1,114,64,50,102,82,20,8
"2011","Pembrokeshire 002D","W01000567",901,606,359,247,0,93,75,18,188,170,18,14
"2011","Pembrokeshire 002E","W01000597",583,413,304,109,3,96,54,42,53,44,9,18
"2011","Pembrokeshire 002F","W01000617",615,455,284,171,1,79,51,28,68,59,9,12
"2011","Pembrokeshire 003A","W01000579",985,728,457,271,5,139,86,53,94,78,16,19
"2011","Pembrokeshire 003B","W01000581",648,511,326,185,5,60,47,13,59,45,14,13
"2011","Pembrokeshire 003C","W01000612",851,612,431,181,4,116,83,33,95,76,19,24
"2011","Pembrokeshire 003D","W01000618",646,432,296,136,2,124,83,41,67,48,19,21
"2011","Pembrokeshire 004A","W01000582",711,592,398,194,2,12,11,1,89,78,11,16
"2011","Pembrokeshire 004B","W01000583",592,427,254,173,3,69,43,26,72,61,11,21
"2011","Pembrokeshire 004C","W01000611",730,622,401,221,0,16,13,3,76,68,8,16
"2011","Pembrokeshire 004D","W01000623",774,592,372,220,0,60,34,26,94,76,18,28
"2011","Pembrokeshire 005A","W01000568",1193,481,263,218,6,330,147,183,362,336,26,14
"2011","Pembrokeshire 005B","W01000569",526,262,141,121,0,94,80,14,160,56,104,10
"2011","Pembrokeshire 005C","W01000570",610,165,58,107,3,311,227,84,129,123,6,2
"2011","Pembrokeshire 005D","W01000572",789,571,349,222,4,93,81,12,113,91,22,8
"2011","Pembrokeshire 006A","W01000571",1013,723,439,284,3,156,101,55,115,97,18,16
"2011","Pembrokeshire 006B","W01000573",1119,813,424,389,0,70,65,5,221,192,29,15
"2011","Pembrokeshire 006C","W01000586",888,519,262,257,2,282,150,132,79,67,12,6
"2011","Pembrokeshire 007A","W01000577",634,539,332,207,1,19,18,1,62,51,11,13
"2011","Pembrokeshire 007B","W01000585",540,406,259,147,1,18,15,3,93,80,13,22
"2011","Pembrokeshire 007C","W01000595",908,574,355,219,1,148,99,49,168,151,17,17
"2011","Pembrokeshire 007D","W01000596",620,504,297,207,1,22,11,11,78,58,20,15
"2011","Pembrokeshire 008A","W01000555",579,488,302,186,0,24,22,2,56,49,7,11
"2011","Pembrokeshire 008B","W01000556",509,415,283,132,5,32,30,2,53,40,13,4
"2011","Pembrokeshire 008C","W01000575",985,719,409,310,3,150,138,12,102,85,17,11
"2011","Pembrokeshire 008D","W01000614",612,468,305,163,0,68,62,6,63,51,12,13
"2011","Pembrokeshire 008E","W01000622",637,482,310,172,1,48,33,15,88,81,7,18
"2011","Pembrokeshire 009A","W01000554",752,636,367,269,0,44,34,10,59,50,9,13
"2011","Pembrokeshire 009B","W01000580",961,787,440,347,3,101,64,37,59,52,7,11
"2011","Pembrokeshire 009C","W01000598",1023,706,400,306,2,185,122,63,119,103,16,11
"2011","Pembrokeshire 009D","W01000599",897,630,348,282,2,188,138,50,68,60,8,9
"2011","Pembrokeshire 010A","W01000587",1003,595,354,241,1,166,108,58,224,200,24,17
"2011","Pembrokeshire 010B","W01000588",931,498,271,227,2,348,329,19,78,64,14,5
"2011","Pembrokeshire 010C","W01000593",1163,770,435,335,0,294,136,158,89,74,15,10
"2011","Pembrokeshire 011A","W01000553",546,435,282,153,3,22,15,7,76,66,10,10
"2011","Pembrokeshire 011B","W01000563",484,344,199,145,3,34,31,3,89,79,10,14
"2011","Pembrokeshire 011C","W01000564",523,416,265,151,3,33,0,33,65,53,12,6
"2011","Pembrokeshire 011D","W01000576",955,756,495,261,5,93,48,45,85,69,16,16
"2011","Pembrokeshire 011E","W01000615",671,563,379,184,0,33,20,13,67,62,5,8
"2011","Pembrokeshire 011F","W01000616",529,328,236,92,0,53,50,3,130,121,9,18
"2011","Pembrokeshire 012A","W01000589",525,315,176,139,1,130,117,13,71,64,7,8
"2011","Pembrokeshire 012B","W01000590",547,365,226,139,2,144,134,10,33,29,4,3
"2011","Pembrokeshire 012C","W01000591",489,343,190,153,0,93,55,38,46,42,4,7
"2011","Pembrokeshire 012D","W01000592",497,252,122,130,1,206,201,5,34,31,3,4
"2011","Pembrokeshire 012E","W01000594",989,484,245,239,3,342,287,55,149,133,16,11
"2011","Pembrokeshire 013A","W01000600",786,389,219,170,2,160,66,94,222,204,18,13
"2011","Pembrokeshire 013B","W01000601",642,250,131,119,2,330,312,18,54,47,7,6
"2011","Pembrokeshire 013C","W01000602",581,395,234,161,0,57,11,46,126,119,7,3
"2011","Pembrokeshire 013D","W01000603",827,512,250,262,1,115,56,59,192,178,14,7
"2011","Pembrokeshire 013E","W01000604",624,365,185,180,2,173,74,99,82,72,10,2
"2011","Pembrokeshire 013F","W01000605",711,548,261,287,2,64,50,14,92,85,7,5
"2011","Pembrokeshire 014A","W01000557",612,477,244,233,2,39,30,9,83,74,9,11
"2011","Pembrokeshire 014B","W01000578",740,611,406,205,2,51,45,6,64,55,9,12
"2011","Pembrokeshire 014C","W01000584",876,638,394,244,4,139,97,42,84,63,21,11
"2011","Pembrokeshire 014D","W01000609",1090,913,625,288,3,85,62,23,75,64,11,14
"2011","Pembrokeshire 015A","W01000574",791,562,331,231,1,84,66,18,117,103,14,27
"2011","Pembrokeshire 015B","W01000606",707,300,160,140,1,351,338,13,48,46,2,7
"2011","Pembrokeshire 015C","W01000607",848,437,242,195,0,326,202,124,74,67,7,11
"2011","Pembrokeshire 015D","W01000608",700,421,267,154,0,122,58,64,154,140,14,3
"2011","Pembrokeshire 016A","W01000610",751,552,373,179,1,90,73,17,94,82,12,14
"2011","Pembrokeshire 016B","W01000619",969,683,427,256,2,131,107,24,125,109,16,28
"2011","Pembrokeshire 016C","W01000620",595,257,174,83,3,90,59,31,218,197,21,27
"2011","Pembrokeshire 016D","W01000621",689,392,229,163,1,143,92,51,134,122,12,19
"2011","Carmarthenshire 001A","W01000685",682,467,287,180,2,133,110,23,64,53,11,16
"2011","Carmarthenshire 001B","W01000686",531,443,297,146,2,26,24,2,46,38,8,14
"2011","Carmarthenshire 001C","W01000701",678,512,323,189,4,69,69,0,77,66,11,16
"2011","Carmarthenshire 001D","W01000702",515,300,179,121,1,119,101,18,89,83,6,6
"2011","Carmarthenshire 002A","W01000647",630,512,357,155,2,34,30,4,70,56,14,12
"2011","Carmarthenshire 002B","W01000650",716,567,396,171,2,39,23,16,93,74,19,15
"2011","Carmarthenshire 002C","W01000678",615,424,295,129,1,122,99,23,48,38,10,20
"2011","Carmarthenshire 002D","W01000679",555,347,210,137,0,59,29,30,122,108,14,27
"2011","Carmarthenshire 003A","W01000646",960,669,430,239,2,99,70,29,168,150,18,22
"2011","Carmarthenshire 003B","W01000688",772,448,249,199,6,220,173,47,86,76,10,12
"2011","Carmarthenshire 003C","W01000689",707,606,383,223,2,7,6,1,78,69,9,14
"2011","Carmarthenshire 003D","W01000728",835,707,462,245,4,34,30,4,75,58,17,15
"2011","Carmarthenshire 004A","W01000676",684,570,373,197,0,10,7,3,90,74,16,14
"2011","Carmarthenshire 004B","W01000677",702,401,231,170,8,126,90,36,159,142,17,8
"2011","Carmarthenshire 004C","W01000687",817,671,447,224,0,57,56,1,67,54,13,22
"2011","Carmarthenshire 004D","W01000709",921,778,510,268,1,35,25,10,91,81,10,16
"2011","Carmarthenshire 005A","W01000624",946,795,483,312,0,46,41,5,94,80,14,11
"2011","Carmarthenshire 005B","W01000682",560,459,302,157,3,30,22,8,61,53,8,7
"2011","Carmarthenshire 005C","W01000683",452,376,256,120,0,20,20,0,48,40,8,8
"2011","Carmarthenshire 005D","W01000684",774,639,384,255,4,49,26,23,61,50,11,21
"2011","Carmarthenshire 006A","W01000643",699,434,218,216,2,146,93,53,99,88,11,18
"2011","Carmarthenshire 006B","W01000644",565,377,167,210,3,67,3,64,109,98,11,9
"2011","Carmarthenshire 006C","W01000645",742,465,265,200,3,121,35,86,138,127,11,15
"2011","Carmarthenshire 006D","W01000648",566,481,292,189,3,19,19,0,50,43,7,13
"2011","Carmarthenshire 006E","W01000649",649,548,358,190,0,40,37,3,49,38,11,12
"2011","Carmarthenshire 007A","W01000637",641,343,159,184,2,218,129,89,70,60,10,8
"2011","Carmarthenshire 007B","W01000638",484,229,130,99,0,198,143,55,52,50,2,5
"2011","Carmarthenshire 007C","W01000639",638,385,225,160,0,128,98,30,110,101,9,15
"2011","Carmarthenshire 007D","W01000640",504,440,289,151,0,6,5,1,51,44,7,7
"2011","Carmarthenshire 008A","W01000641",1162,496,341,155,4,237,137,100,401,379,22,24
"2011","Carmarthenshire 008B","W01000642",720,600,372,228,1,14,8,6,93,82,11,12
"2011","Carmarthenshire 008C","W01000693",505,307,193,114,0,162,145,17,29,26,3,7
"2011","Carmarthenshire 008D","W01000694",558,457,314,143,4,23,18,5,63,56,7,11
"2011","Carmarthenshire 010A","W01000656",906,619,356,263,2,190,140,50,82,71,11,13
"2011","Carmarthenshire 010B","W01000657",502,321,178,143,1,127,115,12,47,40,7,6
"2011","Carmarthenshire 010C","W01000658",545,381,201,180,2,82,35,47,72,62,10,8
"2011","Carmarthenshire 010D","W01000718",627,418,246,172,0,149,129,20,50,46,4,10
"2011","Carmarthenshire 010E","W01000719",629,495,289,206,0,84,75,9,37,32,5,13
"2011","Carmarthenshire 011A","W01000680",853,784,452,332,0,23,12,11,37,32,5,9
"2011","Carmarthenshire 011B","W01000681",857,542,293,249,2,213,196,17,86,68,18,14
"2011","Carmarthenshire 011C","W01000724",762,548,284,264,0,154,117,37,57,51,6,3
"2011","Carmarthenshire 011D","W01000725",915,696,398,298,4,134,130,4,70,61,9,11
"2011","Carmarthenshire 012A","W01000675",848,679,432,247,1,81,79,2,73,64,9,14
"2011","Carmarthenshire 012B","W01000695",675,516,303,213,0,104,88,16,42,40,2,13
"2011","Carmarthenshire 012C","W01000696",670,493,308,185,2,98,91,7,59,51,8,18
"2011","Carmarthenshire 012D","W01000722",542,469,325,144,1,19,18,1,42,38,4,11
"2011","Carmarthenshire 012E","W01000723",616,510,307,203,5,38,37,1,55,47,8,8
"2011","Carmarthenshire 013A","W01000625",521,293,156,137,0,162,97,65,56,45,11,10
"2011","Carmarthenshire 013B","W01000626",725,467,292,175,1,105,49,56,137,116,21,15
"2011","Carmarthenshire 013C","W01000627",896,661,356,305,3,130,67,63,89,77,12,13
"2011","Carmarthenshire 013D","W01000714",647,388,216,172,0,174,128,46,76,67,9,9
"2011","Carmarthenshire 013E","W01000715",555,478,295,183,0,23,4,19,51,46,5,3
"2011","Carmarthenshire 015A","W01000697",805,555,310,245,4,116,102,14,111,100,11,19
"2011","Carmarthenshire 015B","W01000698",768,554,298,256,2,135,127,8,67,62,5,10
"2011","Carmarthenshire 015C","W01000699",600,542,287,255,2,5,3,2,45,41,4,6
"2011","Carmarthenshire 015D","W01000712",634,531,265,266,0,29,12,17,71,65,6,3
"2011","Carmarthenshire 015E","W01000713",574,456,227,229,0,71,61,10,40,35,5,7
"2011","Carmarthenshire 016A","W01000662",921,743,422,321,1,103,98,5,59,50,9,15
"2011","Carmarthenshire 016B","W01000663",998,740,387,353,3,192,171,21,53,40,13,10
"2011","Carmarthenshire 016C","W01000664",737,606,333,273,2,54,51,3,66,59,7,9
"2011","Carmarthenshire 016D","W01000716",544,480,293,187,1,20,15,5,38,32,6,5
"2011","Carmarthenshire 016E","W01000717",645,407,235,172,0,168,160,8,56,47,9,14
"2011","Carmarthenshire 017A","W01000665",727,655,333,322,4,25,21,4,39,28,11,4
"2011","Carmarthenshire 017B","W01000666",643,450,219,231,1,87,72,15,86,73,13,19
"2011","Carmarthenshire 017C","W01000731",1039,821,421,400,1,89,83,6,122,109,13,6
"2011","Carmarthenshire 018A","W01000670",733,453,268,185,0,173,139,34,89,79,10,18
"2011","Carmarthenshire 018B","W01000671",774,615,352,263,3,100,63,37,45,41,4,11
"2011","Carmarthenshire 018C","W01000729",546,350,207,143,0,121,113,8,71,66,5,4
"2011","Carmarthenshire 018D","W01000730",522,392,230,162,0,80,75,5,40,30,10,10
"2011","Carmarthenshire 019A","W01000690",754,582,305,277,0,109,104,5,46,37,9,17
"2011","Carmarthenshire 019B","W01000691",682,533,320,213,2,103,82,21,32,29,3,12
"2011","Carmarthenshire 019C","W01000692",648,507,228,279,1,74,42,32,57,50,7,9
"2011","Carmarthenshire 019D","W01000726",630,586,332,254,0,4,3,1,32,28,4,8
"2011","Carmarthenshire 019E","W01000727",479,413,271,142,0,29,24,5,31,27,4,6
"2011","Carmarthenshire 020A","W01000651",700,514,237,277,2,70,48,22,109,99,10,5
"2011","Carmarthenshire 020B","W01000652",793,450,266,184,0,227,172,55,93,69,24,23
"2011","Carmarthenshire 020C","W01000655",827,473,239,234,0,253,244,9,86,75,11,15
"2011","Carmarthenshire 021A","W01000632",618,442,239,203,0,69,63,6,95,85,10,12
"2011","Carmarthenshire 021B","W01000633",703,408,246,162,1,150,92,58,133,124,9,11
"2011","Carmarthenshire 021C","W01000634",653,580,401,179,1,9,5,4,55,47,8,8
"2011","Carmarthenshire 021D","W01000710",899,810,450,360,1,12,9,3,65,59,6,11
"2011","Carmarthenshire 021E","W01000711",908,595,348,247,2,220,193,27,75,68,7,16
"2011","Carmarthenshire 022A","W01000703",818,519,276,243,1,97,19,78,191,178,13,10
"2011","Carmarthenshire 022B","W01000704",719,588,351,237,2,67,48,19,49,45,4,13
"2011","Carmarthenshire 022C","W01000705",834,488,283,205,1,196,185,11,126,107,19,23
"2011","Carmarthenshire 023A","W01000653",642,489,289,200,1,71,41,30,65,63,2,16
"2011","Carmarthenshire 023B","W01000654",788,545,303,242,1,46,24,22,176,161,15,20
"2011","Carmarthenshire 023C","W01000667",625,501,311,190,0,59,50,9,56,48,8,9
"2011","Carmarthenshire 023F","W01001925",980,739,443,296,5,134,126,8,86,76,10,16
"2011","Carmarthenshire 024A","W01000628",617,529,274,255,0,21,5,16,61,49,12,6
"2011","Carmarthenshire 024B","W01000629",761,489,261,228,3,112,29,83,141,123,18,16
"2011","Carmarthenshire 024C","W01000630",666,467,231,236,9,77,33,44,100,84,16,13
"2011","Carmarthenshire 024D","W01000631",783,357,176,181,0,349,320,29,61,56,5,16
"2011","Carmarthenshire 025A","W01000635",916,774,313,461,2,49,34,15,76,67,9,15
"2011","Carmarthenshire 025B","W01000636",789,491,216,275,3,244,225,19,39,33,6,12
"2011","Carmarthenshire 025C","W01000706",683,471,248,223,2,130,103,27,68,60,8,12
"2011","Carmarthenshire 025D","W01000707",615,302,148,154,1,250,247,3,50,43,7,12
"2011","Carmarthenshire 025E","W01000708",613,278,141,137,4,260,237,23,62,56,6,9
"2011","Carmarthenshire 026A","W01000659",650,319,191,128,0,164,48,116,160,147,13,7
"2011","Carmarthenshire 026B","W01000660",747,378,205,173,1,226,139,87,127,117,10,15
"2011","Carmarthenshire 026D","W01000732",623,409,235,174,3,41,11,30,163,153,10,7
"2011","Carmarthenshire 026E","W01000733",654,209,113,96,1,310,204,106,121,109,12,13
"2011","Carmarthenshire 026F","W01000734",651,339,172,167,0,117,32,85,188,170,18,7
"2011","Carmarthenshire 026G","W01001923",603,264,126,138,1,154,113,41,178,171,7,6
"2011","Carmarthenshire 026H","W01001924",623,273,142,131,0,238,208,30,100,89,11,12
"2011","Carmarthenshire 027E","W01000672",681,473,293,180,1,96,40,56,92,77,15,19
"2011","Carmarthenshire 027F","W01000673",544,372,230,142,2,87,68,19,71,66,5,12
"2011","Carmarthenshire 027A","W01000674",831,694,442,252,2,27,22,5,93,84,9,15
"2011","Carmarthenshire 027G","W01000700",883,726,475,251,1,58,51,7,84,66,18,14
"2011","Carmarthenshire 027B","W01000720",696,502,301,201,0,73,41,32,113,98,15,8
"2011","Carmarthenshire 027C","W01000721",536,375,216,159,3,101,67,34,51,43,8,6
"2011","Carmarthenshire 027D","W01000735",978,712,410,302,4,118,88,30,127,114,13,17
"2011","Swansea 001A","W01000845",819,689,319,370,2,49,10,39,65,57,8,14
"2011","Swansea 001B","W01000846",815,526,234,292,3,120,13,107,157,139,18,9
"2011","Swansea 001C","W01000847",522,430,241,189,0,54,46,8,29,24,5,9
"2011","Swansea 001D","W01000848",505,272,146,126,1,191,188,3,24,21,3,17
"2011","Swansea 002A","W01000750",717,430,229,201,2,185,164,21,79,73,6,21
"2011","Swansea 002B","W01000751",626,551,329,222,0,25,17,8,37,32,5,13
"2011","Swansea 002C","W01000752",641,380,166,214,0,185,180,5,65,58,7,11
"2011","Swansea 002D","W01000753",602,399,186,213,3,134,52,82,55,48,7,11
"2011","Swansea 002E","W01000754",681,487,251,236,1,66,11,55,121,107,14,6
"2011","Swansea 002F","W01000803",767,616,343,273,1,83,82,1,53,41,12,14
"2011","Swansea 003A","W01000806",631,491,243,248,8,63,56,7,57,47,10,12
"2011","Swansea 003B","W01000807",562,498,236,262,0,11,5,6,50,40,10,3
"2011","Swansea 003C","W01000808",625,500,290,210,1,74,58,16,43,39,4,7
"2011","Swansea 003D","W01000810",667,195,77,118,1,404,402,2,40,39,1,27
"2011","Swansea 003E","W01000815",671,582,316,266,0,33,4,29,48,38,10,8
"2011","Swansea 003F","W01000816",712,574,249,325,1,22,8,14,104,87,17,11
"2011","Swansea 004A","W01000791",636,541,180,361,2,19,17,2,69,62,7,5
"2011","Swansea 004B","W01000792",686,613,294,319,2,4,2,2,62,58,4,5
"2011","Swansea 004C","W01000793",766,638,192,446,2,4,3,1,111,100,11,11
"2011","Swansea 004D","W01000837",641,562,271,291,2,4,3,1,67,66,1,6
"2011","Swansea 004E","W01000838",559,317,156,161,0,188,94,94,38,31,7,16
"2011","Swansea 005A","W01000773",1184,692,221,471,7,298,103,195,172,146,26,15
"2011","Swansea 005B","W01000774",740,520,270,250,5,103,44,59,96,85,11,16
"2011","Swansea 005C","W01000841",635,466,244,222,0,107,102,5,50,38,12,12
"2011","Swansea 005D","W01000842",590,519,281,238,1,36,28,8,29,26,3,5
"2011","Swansea 005E","W01000843",563,468,213,255,3,28,25,3,59,47,12,5
"2011","Swansea 005F","W01000844",489,257,119,138,0,190,173,17,29,26,3,13
"2011","Swansea 006A","W01000795",685,584,216,368,0,8,4,4,91,76,15,2
"2011","Swansea 006B","W01000796",1063,863,228,635,0,50,48,2,139,123,16,11
"2011","Swansea 006C","W01000800",604,548,261,287,0,8,5,3,39,31,8,9
"2011","Swansea 006D","W01000801",635,283,133,150,0,272,174,98,68,57,11,12
"2011","Swansea 007A","W01000784",586,440,232,208,2,78,62,16,61,54,7,5
"2011","Swansea 007B","W01000785",528,504,272,232,0,5,2,3,16,12,4,3
"2011","Swansea 007C","W01000786",573,531,282,249,1,5,3,2,30,22,8,6
"2011","Swansea 007D","W01000802",1010,679,287,392,3,247,212,35,63,56,7,18
"2011","Swansea 007E","W01000877",644,574,306,268,1,7,2,5,58,49,9,4
"2011","Swansea 007F","W01000878",526,414,229,185,1,57,52,5,48,40,8,6
"2011","Swansea 008A","W01000809",692,472,196,276,1,86,32,54,126,116,10,7
"2011","Swansea 008B","W01000811",684,363,154,209,1,220,175,45,89,83,6,11
"2011","Swansea 008C","W01000812",689,315,164,151,1,195,19,176,168,155,13,10
"2011","Swansea 008D","W01000813",676,555,287,268,2,19,3,16,87,76,11,13
"2011","Swansea 008E","W01000814",675,325,149,176,4,177,112,65,160,150,10,9
"2011","Swansea 009A","W01000817",842,225,110,115,1,556,319,237,48,41,7,12
"2011","Swansea 009B","W01000818",671,365,208,157,1,247,229,18,48,40,8,10
"2011","Swansea 009C","W01000819",626,559,343,216,2,19,13,6,41,34,7,5
"2011","Swansea 009D","W01000820",605,465,218,247,1,75,37,38,56,47,9,8
"2011","Swansea 009E","W01000821",673,465,260,205,1,147,85,62,51,43,8,9
"2011","Swansea 009F","W01000822",594,490,321,169,0,69,52,17,29,25,4,6
"2011","Swansea 010A","W01000794",921,695,205,490,1,48,26,22,165,152,13,12
"2011","Swansea 010B","W01000797",652,535,266,269,9,57,4,53,46,35,11,5
"2011","Swansea 010C","W01000798",627,522,302,220,1,47,37,10,54,44,10,3
"2011","Swansea 010D","W01000799",782,350,100,250,9,290,195,95,126,120,6,7
"2011","Swansea 011A","W01000830",687,77,30,47,1,564,232,332,35,26,9,10
"2011","Swansea 011B","W01000832",763,212,94,118,0,498,368,130,33,26,7,20
"2011","Swansea 011C","W01000833",767,220,88,132,2,481,455,26,27,23,4,37
"2011","Swansea 011D","W01000834",602,247,116,131,0,312,306,6,26,19,7,17
"2011","Swansea 011E","W01000836",934,361,88,273,0,440,363,77,105,91,14,28
"2011","Swansea 012A","W01000759",655,594,350,244,2,11,3,8,41,35,6,7
"2011","Swansea 012B","W01000777",785,633,323,310,0,66,30,36,76,69,7,10
"2011","Swansea 012C","W01000778",770,609,251,358,3,14,10,4,133,114,19,11
"2011","Swansea 012D","W01000779",597,420,177,243,0,122,112,10,45,41,4,10
"2011","Swansea 013A","W01000760",728,494,228,266,3,108,89,19,114,99,15,9
"2011","Swansea 013B","W01000761",652,440,187,253,1,94,83,11,106,93,13,11
"2011","Swansea 013C","W01000762",617,281,134,147,1,281,245,36,36,30,6,18
"2011","Swansea 013D","W01000831",825,330,146,184,3,396,385,11,77,72,5,19
"2011","Swansea 013E","W01000835",594,315,144,171,1,230,222,8,33,28,5,15
"2011","Swansea 014A","W01000738",753,297,150,147,0,383,366,17,49,45,4,24
"2011","Swansea 014B","W01000739",863,444,151,293,1,209,161,48,182,156,26,27
"2011","Swansea 014C","W01000740",658,585,330,255,0,28,16,12,37,25,12,8
"2011","Swansea 014D","W01000741",706,389,206,183,1,245,174,71,47,42,5,24
"2011","Swansea 015A","W01000763",620,485,218,267,0,16,4,12,115,106,9,4
"2011","Swansea 015B","W01000764",680,507,225,282,1,32,21,11,129,114,15,11
"2011","Swansea 015C","W01000765",748,526,252,274,1,82,7,75,127,107,20,12
"2011","Swansea 015D","W01000766",641,527,267,260,0,9,4,5,99,86,13,6
"2011","Swansea 015E","W01000767",757,374,197,177,1,281,185,96,80,71,9,21
"2011","Swansea 016A","W01000742",800,183,106,77,2,519,284,235,72,63,9,24
"2011","Swansea 016B","W01000744",755,346,181,165,3,157,103,54,234,205,29,15
"2011","Swansea 016C","W01000787",678,464,208,256,1,66,22,44,139,131,8,8
"2011","Swansea 016D","W01000788",658,431,205,226,1,68,18,50,148,132,16,10
"2011","Swansea 016E","W01000789",640,371,178,193,2,96,55,41,162,142,20,9
"2011","Swansea 016F","W01000790",748,449,224,225,1,110,11,99,171,155,16,17
"2011","Swansea 017A","W01000755",868,592,272,320,0,157,91,66,99,88,11,20
"2011","Swansea 017B","W01000756",751,313,142,171,0,354,304,50,70,59,11,14
"2011","Swansea 017C","W01000757",718,499,306,193,9,156,70,86,42,30,12,12
"2011","Swansea 017D","W01000758",839,649,313,336,2,99,66,33,78,65,13,11
"2011","Swansea 018A","W01000772",615,508,271,237,1,73,70,3,24,17,7,9
"2011","Swansea 018B","W01000828",732,656,406,250,2,7,4,3,62,54,8,5
"2011","Swansea 018C","W01000829",828,639,332,307,2,95,79,16,72,67,5,20
"2011","Swansea 019A","W01000862",706,128,55,73,1,495,484,11,51,46,5,31
"2011","Swansea 019B","W01000863",753,168,84,84,1,496,457,39,59,51,8,29
"2011","Swansea 019C","W01000864",706,162,86,76,1,501,492,9,28,25,3,14
"2011","Swansea 019D","W01000865",591,308,140,168,1,227,212,15,33,26,7,22
"2011","Swansea 019E","W01000866",524,211,105,106,2,254,249,5,46,42,4,11
"2011","Swansea 019F","W01000867",570,186,94,92,0,328,270,58,39,35,4,17
"2011","Swansea 020A","W01000768",611,456,261,195,0,86,4,82,66,56,10,3
"2011","Swansea 020B","W01000769",591,519,312,207,2,15,9,6,48,40,8,7
"2011","Swansea 020C","W01000770",638,566,283,283,7,21,2,19,40,32,8,4
"2011","Swansea 020D","W01000771",533,449,279,170,1,48,42,6,28,24,4,7
"2011","Swansea 021A","W01000849",807,440,224,216,2,192,130,62,152,139,13,21
"2011","Swansea 021B","W01000850",1195,489,271,218,39,237,97,140,410,387,23,20
"2011","Swansea 021C","W01000851",682,417,219,198,1,88,72,16,152,137,15,24
"2011","Swansea 021D","W01000852",637,460,266,194,1,50,16,34,116,106,10,10
"2011","Swansea 022A","W01000853",607,497,250,247,1,38,9,29,65,54,11,6
"2011","Swansea 022B","W01000854",529,459,216,243,2,14,4,10,46,40,6,8
"2011","Swansea 022C","W01000855",645,545,328,217,1,51,9,42,43,41,2,5
"2011","Swansea 022D","W01000856",997,375,204,171,1,511,449,62,81,66,15,29
"2011","Swansea 022E","W01000857",900,466,271,195,1,302,128,174,114,100,14,17
"2011","Swansea 023B","W01000781",708,652,401,251,0,6,2,4,42,39,3,8
"2011","Swansea 023C","W01000782",516,472,289,183,1,5,0,5,32,25,7,6
"2011","Swansea 023E","W01001956",803,617,322,295,2,70,2,68,106,83,23,8
"2011","Swansea 024A","W01000747",743,240,125,115,7,74,4,70,411,384,27,11
"2011","Swansea 024B","W01000868",482,429,217,212,1,10,1,9,31,25,6,11
"2011","Swansea 024C","W01000869",727,349,180,169,3,128,36,92,228,215,13,19
"2011","Swansea 024D","W01000870",640,303,136,167,2,63,2,61,268,237,31,4
"2011","Swansea 024E","W01000872",615,508,275,233,4,8,3,5,85,79,6,10
"2011","Swansea 024F","W01000874",709,342,193,149,2,25,0,25,331,320,11,9
"2011","Swansea 025B","W01000745",1072,270,141,129,4,235,12,223,548,523,25,15
"2011","Swansea 025C","W01000746",800,336,180,156,5,190,40,150,255,233,22,14
"2011","Swansea 025E","W01001938",807,236,148,88,9,118,6,112,438,419,19,6
"2011","Swansea 025F","W01001955",1153,71,44,27,4,773,226,547,285,254,31,20
"2011","Swansea 025G","W01001957",411,194,123,71,1,69,27,42,135,126,9,12
"2011","Swansea 025H","W01001958",836,259,112,147,3,235,51,184,330,308,22,9
"2011","Swansea 026A","W01000749",894,500,346,154,5,99,4,95,276,251,25,14
"2011","Swansea 026B","W01000871",714,218,119,99,5,140,7,133,340,315,25,11
"2011","Swansea 026C","W01000873",593,137,78,59,2,92,8,84,352,336,16,10
"2011","Swansea 026D","W01000875",771,216,138,78,1,105,3,102,437,419,18,12
"2011","Swansea 026E","W01000876",637,251,140,111,6,40,1,39,334,319,15,6
"2011","Swansea 027A","W01000858",687,513,269,244,1,20,6,14,141,126,15,12
"2011","Swansea 027B","W01000859",679,572,431,141,4,44,35,9,49,42,7,10
"2011","Swansea 027C","W01000860",631,570,402,168,0,2,1,1,52,49,3,7
"2011","Swansea 027D","W01000861",451,288,178,110,1,24,15,9,127,120,7,11
"2011","Swansea 028A","W01000736",763,704,457,247,1,3,1,2,49,41,8,6
"2011","Swansea 028B","W01000737",700,578,388,190,2,9,8,1,96,87,9,15
"2011","Swansea 028C","W01000804",730,615,442,173,7,49,15,34,44,36,8,15
"2011","Swansea 028D","W01000805",479,443,255,188,2,3,2,1,27,24,3,4
"2011","Swansea 029A","W01000879",767,698,421,277,1,12,12,0,54,48,6,2
"2011","Swansea 029B","W01000880",759,637,416,221,5,42,11,31,65,60,5,10
"2011","Swansea 029C","W01000881",710,351,218,133,0,269,261,8,67,59,8,23
"2011","Swansea 029D","W01000882",826,468,250,218,0,272,266,6,59,47,12,27
"2011","Swansea 030A","W01000775",738,605,386,219,4,44,39,5,63,54,9,22
"2011","Swansea 030B","W01000776",733,641,423,218,0,43,43,0,34,30,4,15
"2011","Swansea 030C","W01000839",460,400,269,131,1,1,0,1,47,41,6,11
"2011","Swansea 030D","W01000840",706,650,444,206,3,2,1,1,44,36,8,7
"2011","Swansea 031A","W01000823",738,700,459,241,1,5,1,4,29,26,3,3
"2011","Swansea 031B","W01000824",765,594,383,211,1,34,3,31,124,108,16,12
"2011","Swansea 031C","W01000825",718,503,301,202,2,29,2,27,166,146,20,18
"2011","Swansea 031D","W01000826",642,553,353,200,0,2,0,2,73,56,17,14
"2011","Swansea 031E","W01000827",615,474,255,219,1,2,2,0,128,113,15,10
"2011","Neath Port Talbot 002A","W01000918",842,600,342,258,0,163,96,67,61,50,11,18
"2011","Neath Port Talbot 002B","W01000944",524,372,238,134,1,109,65,44,39,33,6,3
"2011","Neath Port Talbot 002C","W01000965",866,606,372,234,0,190,141,49,58,50,8,12
"2011","Neath Port Talbot 003A","W01000893",817,567,327,240,0,120,95,25,120,105,15,10
"2011","Neath Port Talbot 003B","W01000925",657,368,212,156,2,228,144,84,45,37,8,14
"2011","Neath Port Talbot 003C","W01000926",862,675,401,274,2,71,19,52,102,87,15,12
"2011","Neath Port Talbot 004A","W01000888",933,732,344,388,0,121,89,32,71,62,9,9
"2011","Neath Port Talbot 004B","W01000946",616,467,253,214,0,78,41,37,62,52,10,9
"2011","Neath Port Talbot 004C","W01000947",866,487,221,266,1,304,230,74,50,42,8,24
"2011","Neath Port Talbot 004D","W01000948",842,515,273,242,2,161,44,117,145,133,12,19
"2011","Neath Port Talbot 004E","W01000955",526,414,222,192,2,80,38,42,26,19,7,4
"2011","Neath Port Talbot 004F","W01000956",522,487,310,177,0,4,2,2,23,16,7,8
"2011","Neath Port Talbot 004G","W01000971",599,437,233,204,0,98,77,21,52,45,7,12
"2011","Neath Port Talbot 005A","W01000887",953,655,286,369,5,212,61,151,71,59,12,10
"2011","Neath Port Talbot 005B","W01000953",727,496,298,198,1,158,125,33,61,50,11,11
"2011","Neath Port Talbot 005C","W01000954",633,510,318,192,1,42,16,26,69,59,10,11
"2011","Neath Port Talbot 005D","W01000970",500,360,176,184,1,101,80,21,32,23,9,6
"2011","Neath Port Talbot 006A","W01000902",438,391,259,132,0,19,12,7,23,20,3,5
"2011","Neath Port Talbot 006B","W01000903",491,471,290,181,0,1,1,0,13,11,2,6
"2011","Neath Port Talbot 006C","W01000904",640,570,243,327,0,1,1,0,65,56,9,4
"2011","Neath Port Talbot 006D","W01000905",627,487,221,266,1,77,57,20,54,45,9,8
"2011","Neath Port Talbot 006E","W01000908",744,609,345,264,3,74,23,51,51,41,10,7
"2011","Neath Port Talbot 007A","W01000906",461,396,262,134,0,39,20,19,16,13,3,10
"2011","Neath Port Talbot 007B","W01000907",762,399,190,209,0,293,89,204,51,44,7,19
"2011","Neath Port Talbot 007C","W01000922",721,470,216,254,3,166,93,73,71,65,6,11
"2011","Neath Port Talbot 007D","W01000923",651,551,319,232,3,36,29,7,52,43,9,9
"2011","Neath Port Talbot 008A","W01000934",628,372,190,182,0,75,45,30,169,161,8,12
"2011","Neath Port Talbot 008B","W01000935",842,445,255,190,1,228,53,175,150,142,8,18
"2011","Neath Port Talbot 008C","W01000938",611,519,328,191,2,34,25,9,45,38,7,11
"2011","Neath Port Talbot 008D","W01000939",690,264,157,107,3,247,59,188,156,134,22,20
"2011","Neath Port Talbot 008E","W01000940",596,318,169,149,1,216,176,40,49,45,4,12
"2011","Neath Port Talbot 009A","W01000909",494,377,230,147,0,82,66,16,27,25,2,8
"2011","Neath Port Talbot 009B","W01000910",640,580,279,301,0,10,0,10,43,36,7,7
"2011","Neath Port Talbot 009C","W01000911",490,460,229,231,1,5,1,4,24,22,2,0
"2011","Neath Port Talbot 009D","W01000969",515,472,246,226,1,10,9,1,22,16,6,10
"2011","Neath Port Talbot 010A","W01000912",537,375,192,183,2,97,63,34,57,46,11,6
"2011","Neath Port Talbot 010B","W01000913",528,367,196,171,1,42,20,22,108,87,21,10
"2011","Neath Port Talbot 010C","W01000914",647,345,160,185,1,240,206,34,54,47,7,7
"2011","Neath Port Talbot 010D","W01000915",496,382,173,209,2,58,44,14,51,43,8,3
"2011","Neath Port Talbot 010E","W01000916",479,404,194,210,0,12,5,7,58,43,15,5
"2011","Neath Port Talbot 010F","W01000917",1086,902,417,485,5,56,39,17,103,86,17,20
"2011","Neath Port Talbot 011A","W01000920",518,384,245,139,0,84,61,23,41,28,13,9
"2011","Neath Port Talbot 011B","W01000921",666,280,176,104,0,345,282,63,30,26,4,11
"2011","Neath Port Talbot 011C","W01000924",463,305,198,107,1,114,69,45,32,24,8,11
"2011","Neath Port Talbot 011D","W01000930",617,395,263,132,0,137,79,58,69,56,13,16
"2011","Neath Port Talbot 012A","W01000936",628,314,145,169,0,241,184,57,57,52,5,16
"2011","Neath Port Talbot 012B","W01000941",639,371,192,179,9,174,116,58,71,65,6,14
"2011","Neath Port Talbot 012C","W01000942",782,391,185,206,1,317,285,32,55,50,5,18
"2011","Neath Port Talbot 012D","W01000943",614,550,281,269,0,18,12,6,43,33,10,3
"2011","Neath Port Talbot 013A","W01000894",615,460,239,221,0,79,56,23,64,57,7,12
"2011","Neath Port Talbot 013B","W01000895",783,426,203,223,4,156,78,78,183,170,13,14
"2011","Neath Port Talbot 013C","W01000896",646,266,122,144,1,299,223,76,70,64,6,10
"2011","Neath Port Talbot 013D","W01000897",594,419,241,178,1,95,57,38,74,62,12,5
"2011","Neath Port Talbot 013E","W01000937",950,493,203,290,2,255,159,96,184,180,4,16
"2011","Neath Port Talbot 014A","W01000898",636,497,269,228,0,91,73,18,40,32,8,8
"2011","Neath Port Talbot 014B","W01000899",694,593,275,318,2,58,45,13,30,25,5,11
"2011","Neath Port Talbot 014C","W01000900",787,384,184,200,1,318,213,105,72,64,8,12
"2011","Neath Port Talbot 014D","W01000901",733,490,242,248,1,173,149,24,53,46,7,16
"2011","Neath Port Talbot 014E","W01000945",492,366,192,174,0,91,78,13,27,23,4,8
"2011","Neath Port Talbot 015A","W01000889",795,662,365,297,1,54,5,49,68,55,13,10
"2011","Neath Port Talbot 015B","W01000890",675,639,354,285,0,6,6,0,27,24,3,3
"2011","Neath Port Talbot 015C","W01000891",640,444,207,237,6,119,100,19,60,53,7,11
"2011","Neath Port Talbot 015D","W01000892",814,703,399,304,0,61,50,11,35,28,7,15
"2011","Neath Port Talbot 016A","W01000883",619,566,277,289,3,17,11,6,24,21,3,9
"2011","Neath Port Talbot 016B","W01000958",650,248,142,106,0,337,251,86,38,34,4,27
"2011","Neath Port Talbot 016C","W01000961",726,475,245,230,1,204,167,37,33,30,3,13
"2011","Neath Port Talbot 016D","W01000962",606,264,124,140,1,259,206,53,65,57,8,17
"2011","Neath Port Talbot 016E","W01000963",776,401,234,167,1,279,174,105,68,58,10,27
"2011","Neath Port Talbot 016F","W01000964",774,417,232,185,1,286,170,116,46,35,11,24
"2011","Neath Port Talbot 017A","W01000884",527,341,194,147,0,40,30,10,141,129,12,5
"2011","Neath Port Talbot 017B","W01000885",623,292,132,160,3,244,115,129,67,60,7,17
"2011","Neath Port Talbot 017C","W01000886",689,359,208,151,2,109,34,75,207,200,7,12
"2011","Neath Port Talbot 017D","W01000957",852,378,234,144,7,338,276,62,83,71,12,46
"2011","Neath Port Talbot 017E","W01000959",760,529,263,266,0,92,67,25,126,116,10,13
"2011","Neath Port Talbot 017F","W01000960",783,476,233,243,1,181,148,33,105,96,9,20
"2011","Neath Port Talbot 018A","W01000949",572,478,257,221,0,47,40,7,38,32,6,9
"2011","Neath Port Talbot 018B","W01000950",676,483,222,261,0,21,4,17,162,150,12,10
"2011","Neath Port Talbot 018C","W01000951",650,445,225,220,1,37,5,32,157,146,11,10
"2011","Neath Port Talbot 018D","W01000952",484,378,190,188,0,26,5,21,69,61,8,11
"2011","Neath Port Talbot 018E","W01000966",637,480,279,201,5,55,36,19,83,72,11,14
"2011","Neath Port Talbot 019A","W01000932",491,326,172,154,2,122,78,44,31,27,4,10
"2011","Neath Port Talbot 019B","W01000933",741,660,231,429,1,24,19,5,48,41,7,8
"2011","Neath Port Talbot 019C","W01000967",681,420,222,198,0,133,13,120,116,103,13,12
"2011","Neath Port Talbot 019D","W01000968",803,556,266,290,1,144,71,73,86,75,11,16
"2011","Neath Port Talbot 020A","W01000919",504,381,227,154,0,82,65,17,37,29,8,4
"2011","Neath Port Talbot 020B","W01000927",704,489,215,274,1,139,105,34,67,56,11,8
"2011","Neath Port Talbot 020C","W01000928",698,476,271,205,0,135,100,35,74,57,17,13
"2011","Neath Port Talbot 020D","W01000929",562,365,195,170,0,143,109,34,49,40,9,5
"2011","Neath Port Talbot 020E","W01000931",560,427,233,194,0,75,65,10,43,37,6,15
"2011","Neath Port Talbot 020F","W01000973",681,390,213,177,2,199,148,51,70,62,8,20
"2011","Neath Port Talbot 020G","W01001900",684,473,274,199,0,134,105,29,69,61,8,8
"2011","Bridgend 001A","W01000991",475,223,124,99,2,185,84,101,49,46,3,16
"2011","Bridgend 001B","W01000992",636,440,262,178,1,40,23,17,148,138,10,7
"2011","Bridgend 001C","W01000993",625,443,226,217,3,57,33,24,114,99,15,8
"2011","Bridgend 001D","W01000994",576,400,196,204,1,80,6,74,89,77,12,6
"2011","Bridgend 001E","W01000995",654,531,293,238,0,10,1,9,106,92,14,7
"2011","Bridgend 002A","W01001014",779,524,277,247,2,109,14,95,132,118,14,12
"2011","Bridgend 002B","W01001015",594,417,224,193,1,118,54,64,48,36,12,10
"2011","Bridgend 002C","W01001017",601,531,283,248,2,29,2,27,34,34,0,5
"2011","Bridgend 002D","W01001018",634,470,242,228,2,32,10,22,122,114,8,8
"2011","Bridgend 002E","W01001020",615,383,170,213,0,168,73,95,61,52,9,3
"2011","Bridgend 003A","W01000976",450,310,155,155,4,80,37,43,52,48,4,4
"2011","Bridgend 003B","W01000977",579,364,177,187,3,142,35,107,59,48,11,11
"2011","Bridgend 003C","W01001024",507,361,186,175,0,46,7,39,97,92,5,3
"2011","Bridgend 003D","W01001025",519,419,202,217,0,21,7,14,78,67,11,1
"2011","Bridgend 003E","W01001033",735,573,302,271,0,45,7,38,105,94,11,12
"2011","Bridgend 003F","W01001034",659,447,234,213,1,110,18,92,97,89,8,4
"2011","Bridgend 004A","W01000975",884,434,199,235,1,381,124,257,58,50,8,10
"2011","Bridgend 004B","W01000978",774,551,273,278,2,94,8,86,115,98,17,12
"2011","Bridgend 004C","W01001009",497,371,181,190,0,72,21,51,48,37,11,6
"2011","Bridgend 004D","W01001042",573,418,189,229,1,26,4,22,123,112,11,5
"2011","Bridgend 004E","W01001043",502,391,200,191,1,34,3,31,73,65,8,3
"2011","Bridgend 005A","W01001012",584,512,196,316,1,10,4,6,57,48,9,4
"2011","Bridgend 005B","W01001013",636,450,242,208,0,135,44,91,40,37,3,11
"2011","Bridgend 005C","W01001016",744,626,422,204,1,36,8,28,72,60,12,9
"2011","Bridgend 005D","W01001019",621,441,226,215,0,120,71,49,50,44,6,10
"2011","Bridgend 006A","W01000974",900,696,320,376,2,85,29,56,108,90,18,9
"2011","Bridgend 006B","W01001057",665,354,145,209,5,236,59,177,58,50,8,12
"2011","Bridgend 006C","W01001058",772,612,246,366,1,46,16,30,105,96,9,8
"2011","Bridgend 007A","W01000986",573,455,160,295,1,19,3,16,93,82,11,5
"2011","Bridgend 007B","W01000987",962,578,246,332,2,267,77,190,105,85,20,10
"2011","Bridgend 007C","W01001055",514,318,157,161,0,144,57,87,42,35,7,10
"2011","Bridgend 007D","W01001056",507,413,209,204,0,53,29,24,35,27,8,6
"2011","Bridgend 008A","W01000996",638,468,239,229,0,107,51,56,50,32,18,13
"2011","Bridgend 008B","W01001048",607,520,221,299,1,6,2,4,77,70,7,3
"2011","Bridgend 008C","W01001049",530,328,152,176,1,149,77,72,47,40,7,5
"2011","Bridgend 008D","W01001050",669,423,171,252,0,145,65,80,82,69,13,19
"2011","Bridgend 008E","W01001051",727,468,198,270,0,179,7,172,76,67,9,4
"2011","Bridgend 008F","W01001052",612,345,139,206,0,186,57,129,70,59,11,11
"2011","Bridgend 009A","W01001004",488,297,155,142,0,106,35,71,78,74,4,7
"2011","Bridgend 009B","W01001005",740,627,285,342,1,10,3,7,96,90,6,6
"2011","Bridgend 009C","W01001006",946,875,437,438,2,12,3,9,53,40,13,4
"2011","Bridgend 009D","W01001007",700,468,197,271,0,134,54,80,88,70,18,10
"2011","Bridgend 009E","W01001039",678,528,212,316,0,102,28,74,40,36,4,8
"2011","Bridgend 009F","W01001040",611,523,253,270,0,21,13,8,61,47,14,6
"2011","Bridgend 010A","W01000999",614,373,214,159,0,180,88,92,52,46,6,9
"2011","Bridgend 010B","W01001000",726,578,259,319,0,62,40,22,74,65,9,12
"2011","Bridgend 010C","W01001001",623,464,261,203,0,101,32,69,49,41,8,9
"2011","Bridgend 010D","W01001002",1060,473,126,347,4,403,190,213,163,146,17,17
"2011","Bridgend 011A","W01000998",513,414,185,229,1,10,1,9,82,77,5,6
"2011","Bridgend 011B","W01001008",910,833,485,348,0,5,1,4,65,56,9,7
"2011","Bridgend 011C","W01001038",927,674,340,334,5,108,21,87,115,85,30,25
"2011","Bridgend 012A","W01000997",690,589,344,245,1,35,10,25,59,48,11,6
"2011","Bridgend 012B","W01001010",510,300,131,169,0,180,9,171,26,20,6,4
"2011","Bridgend 012C","W01001011",578,446,188,258,4,67,16,51,50,44,6,11
"2011","Bridgend 012D","W01001026",838,481,209,272,1,249,66,183,90,71,19,17
"2011","Bridgend 013A","W01000989",574,485,260,225,0,22,10,12,59,45,14,8
"2011","Bridgend 013B","W01001037",671,598,335,263,1,2,1,1,59,51,8,11
"2011","Bridgend 013C","W01001041",926,852,427,425,0,8,3,5,60,51,9,6
"2011","Bridgend 014A","W01001021",764,403,183,220,2,149,24,125,203,183,20,7
"2011","Bridgend 014B","W01001022",623,335,190,145,0,242,65,177,41,31,10,5
"2011","Bridgend 014C","W01001023",815,453,237,216,3,244,49,195,107,97,10,8
"2011","Bridgend 014D","W01001028",823,630,337,293,2,44,9,35,136,124,12,11
"2011","Bridgend 014E","W01001035",745,354,143,211,2,182,64,118,187,166,21,20
"2011","Bridgend 015A","W01000979",694,486,147,339,0,70,4,66,136,123,13,2
"2011","Bridgend 015B","W01000983",638,504,136,368,4,5,0,5,121,104,17,4
"2011","Bridgend 015C","W01000985",512,454,136,318,2,5,3,2,48,45,3,3
"2011","Bridgend 015D","W01001003",583,488,303,185,1,29,1,28,52,46,6,13
"2011","Bridgend 016A","W01000980",555,395,159,236,0,102,3,99,54,51,3,4
"2011","Bridgend 016B","W01000981",489,133,57,76,0,324,10,314,23,22,1,9
"2011","Bridgend 016C","W01000982",627,463,231,232,3,70,1,69,83,68,15,8
"2011","Bridgend 016D","W01000984",931,624,199,425,5,93,3,90,205,187,18,4
"2011","Bridgend 017B","W01000990",660,385,163,222,2,212,70,142,50,40,10,11
"2011","Bridgend 017C","W01001027",720,588,355,233,1,77,33,44,47,41,6,7
"2011","Bridgend 017D","W01001036",646,538,292,246,1,45,7,38,53,43,10,9
"2011","Bridgend 017E","W01001918",536,474,80,394,0,14,2,12,44,42,2,4
"2011","Bridgend 017F","W01001919",531,425,91,334,2,23,2,21,78,72,6,3
"2011","Bridgend 017G","W01001920",443,366,92,274,12,6,1,5,56,49,7,3
"2011","Bridgend 017H","W01001921",576,366,82,284,1,139,1,138,65,63,2,5
"2011","Bridgend 018A","W01001031",628,578,341,237,0,2,0,2,47,41,6,1
"2011","Bridgend 018B","W01001032",818,708,439,269,3,3,1,2,90,79,11,14
"2011","Bridgend 018C","W01001046",873,534,317,217,5,31,6,25,287,273,14,16
"2011","Bridgend 018D","W01001047",757,574,317,257,2,80,22,58,89,84,5,12
"2011","Bridgend 018E","W01001053",465,399,281,118,14,15,0,15,30,27,3,7
"2011","Bridgend 018F","W01001054",532,491,330,161,1,2,0,2,34,29,5,4
"2011","Bridgend 019A","W01001029",798,677,403,274,5,5,2,3,103,100,3,8
"2011","Bridgend 019B","W01001030",765,673,380,293,4,25,7,18,51,37,14,12
"2011","Bridgend 019C","W01001044",771,452,208,244,1,216,81,135,81,73,8,21
"2011","Bridgend 019D","W01001045",745,512,243,269,3,26,10,16,193,170,23,11
"2011","The Vale of Glamorgan 001A","W01001105",1024,889,499,390,0,36,30,6,80,74,6,19
"2011","The Vale of Glamorgan 001B","W01001127",535,478,287,191,0,3,2,1,47,41,6,7
"2011","The Vale of Glamorgan 001C","W01001128",599,521,300,221,0,14,13,1,54,47,7,10
"2011","The Vale of Glamorgan 002A","W01001082",754,560,406,154,3,54,54,0,127,120,7,10
"2011","The Vale of Glamorgan 002B","W01001083",659,601,380,221,2,9,9,0,37,36,1,10
"2011","The Vale of Glamorgan 002C","W01001084",721,605,390,215,2,30,8,22,80,70,10,4
"2011","The Vale of Glamorgan 002D","W01001085",581,518,276,242,1,8,7,1,37,31,6,17
"2011","The Vale of Glamorgan 003A","W01001113",913,780,446,334,1,42,36,6,73,67,6,17
"2011","The Vale of Glamorgan 003B","W01001119",678,583,274,309,0,13,11,2,67,56,11,15
"2011","The Vale of Glamorgan 003C","W01001135",600,515,291,224,0,18,18,0,56,45,11,11
"2011","The Vale of Glamorgan 003D","W01001136",497,460,267,193,0,6,6,0,28,23,5,3
"2011","The Vale of Glamorgan 004A","W01001075",496,415,207,208,2,33,26,7,39,30,9,7
"2011","The Vale of Glamorgan 004B","W01001076",625,430,177,253,1,53,21,32,136,110,26,5
"2011","The Vale of Glamorgan 004C","W01001077",616,425,217,208,2,153,101,52,34,30,4,2
"2011","The Vale of Glamorgan 004D","W01001078",510,422,220,202,1,51,44,7,30,20,10,6
"2011","The Vale of Glamorgan 004E","W01001104",864,682,351,331,0,72,10,62,103,84,19,7
"2011","The Vale of Glamorgan 004F","W01001129",517,384,175,209,2,97,69,28,28,22,6,6
"2011","The Vale of Glamorgan 005A","W01001116",833,691,426,265,2,4,2,2,122,111,11,14
"2011","The Vale of Glamorgan 005B","W01001123",850,584,337,247,0,26,26,0,222,204,18,18
"2011","The Vale of Glamorgan 005C","W01001124",683,439,193,246,2,20,18,2,215,191,24,7
"2011","The Vale of Glamorgan 005D","W01001125",618,480,245,235,1,16,4,12,108,97,11,13
"2011","The Vale of Glamorgan 005E","W01001126",1036,555,248,307,2,61,40,21,405,379,26,13
"2011","The Vale of Glamorgan 005F","W01001130",534,403,202,201,1,7,4,3,120,106,14,3
"2011","The Vale of Glamorgan 006A","W01001086",644,557,333,224,2,3,2,1,74,66,8,8
"2011","The Vale of Glamorgan 006B","W01001087",657,590,342,248,2,11,6,5,50,41,9,4
"2011","The Vale of Glamorgan 006C","W01001088",813,468,270,198,2,303,152,151,34,26,8,6
"2011","The Vale of Glamorgan 006D","W01001089",604,541,287,254,0,16,3,13,44,36,8,3
"2011","The Vale of Glamorgan 006E","W01001090",615,562,299,263,1,15,10,5,31,26,5,6
"2011","The Vale of Glamorgan 007A","W01001081",670,342,148,194,2,254,222,32,59,50,9,13
"2011","The Vale of Glamorgan 007B","W01001092",673,429,179,250,0,185,134,51,57,49,8,2
"2011","The Vale of Glamorgan 007C","W01001094",531,253,95,158,0,244,135,109,32,28,4,2
"2011","The Vale of Glamorgan 007D","W01001095",667,210,69,141,0,416,357,59,35,30,5,6
"2011","The Vale of Glamorgan 007E","W01001096",636,431,203,228,1,141,95,46,57,48,9,6
"2011","The Vale of Glamorgan 007F","W01001097",607,294,128,166,2,254,235,19,53,48,5,4
"2011","The Vale of Glamorgan 008A","W01001114",661,612,389,223,1,7,4,3,37,31,6,4
"2011","The Vale of Glamorgan 008B","W01001115",872,725,374,351,3,79,64,15,57,49,8,8
"2011","The Vale of Glamorgan 008C","W01001131",760,406,160,246,3,295,130,165,48,44,4,8
"2011","The Vale of Glamorgan 008D","W01001132",585,512,210,302,0,11,7,4,57,51,6,5
"2011","The Vale of Glamorgan 008E","W01001133",904,727,436,291,1,9,6,3,164,148,16,3
"2011","The Vale of Glamorgan 008F","W01001134",536,479,255,224,0,5,2,3,42,37,5,10
"2011","The Vale of Glamorgan 009A","W01001067",648,307,121,186,0,291,158,133,44,32,12,6
"2011","The Vale of Glamorgan 009B","W01001068",731,470,128,342,12,125,33,92,122,115,7,2
"2011","The Vale of Glamorgan 009C","W01001070",539,252,82,170,5,107,9,98,164,152,12,11
"2011","The Vale of Glamorgan 009D","W01001071",667,444,188,256,2,122,85,37,94,85,9,5
"2011","The Vale of Glamorgan 009E","W01001072",1001,884,230,654,6,27,9,18,83,74,9,1
"2011","The Vale of Glamorgan 010A","W01001091",724,674,387,287,3,4,1,3,43,36,7,0
"2011","The Vale of Glamorgan 010B","W01001098",467,432,240,192,2,3,3,0,27,21,6,3
"2011","The Vale of Glamorgan 010C","W01001100",636,569,286,283,0,48,48,0,14,13,1,5
"2011","The Vale of Glamorgan 010D","W01001103",520,463,227,236,1,8,6,2,41,34,7,7
"2011","The Vale of Glamorgan 011A","W01001106",582,529,269,260,0,13,13,0,33,26,7,7
"2011","The Vale of Glamorgan 011B","W01001107",712,584,379,205,1,56,55,1,65,53,12,6
"2011","The Vale of Glamorgan 011C","W01001109",625,508,312,196,3,70,62,8,39,32,7,5
"2011","The Vale of Glamorgan 011D","W01001110",529,396,213,183,0,11,9,2,110,71,39,12
"2011","The Vale of Glamorgan 011E","W01001111",594,355,174,181,0,180,170,10,58,47,11,1
"2011","The Vale of Glamorgan 011F","W01001112",595,462,158,304,3,8,4,4,118,109,9,4
"2011","The Vale of Glamorgan 012A","W01001063",711,486,187,299,1,19,9,10,202,188,14,3
"2011","The Vale of Glamorgan 012B","W01001065",642,455,207,248,5,65,39,26,108,97,11,9
"2011","The Vale of Glamorgan 012C","W01001069",686,372,160,212,3,113,29,84,189,175,14,9
"2011","The Vale of Glamorgan 012E","W01001079",695,424,162,262,1,53,22,31,210,202,8,7
"2011","The Vale of Glamorgan 012F","W01001080",648,433,178,255,2,78,65,13,131,117,14,4
"2011","The Vale of Glamorgan 012G","W01001910",734,344,107,237,1,144,13,131,239,221,18,6
"2011","The Vale of Glamorgan 012H","W01001911",508,317,129,188,1,39,25,14,147,140,7,4
"2011","The Vale of Glamorgan 013A","W01001062",544,419,175,244,0,9,5,4,106,99,7,10
"2011","The Vale of Glamorgan 013B","W01001064",640,285,128,157,0,280,185,95,69,59,10,6
"2011","The Vale of Glamorgan 013C","W01001093",788,448,209,239,0,262,224,38,63,48,15,15
"2011","The Vale of Glamorgan 013D","W01001099",600,297,114,183,0,240,170,70,60,51,9,3
"2011","The Vale of Glamorgan 013E","W01001101",694,418,172,246,4,30,22,8,231,207,24,11
"2011","The Vale of Glamorgan 013F","W01001102",668,481,179,302,2,15,8,7,163,140,23,7
"2011","The Vale of Glamorgan 014A","W01001108",728,429,189,240,1,34,19,15,257,140,117,7
"2011","The Vale of Glamorgan 014B","W01001117",585,492,255,237,0,40,16,24,48,43,5,5
"2011","The Vale of Glamorgan 014C","W01001118",959,746,283,463,1,95,76,19,112,94,18,5
"2011","The Vale of Glamorgan 014D","W01001120",589,509,222,287,0,4,2,2,68,59,9,8
"2011","The Vale of Glamorgan 014E","W01001121",644,439,249,190,5,109,101,8,85,66,19,6
"2011","The Vale of Glamorgan 014F","W01001122",802,462,125,337,0,28,6,22,303,204,99,9
"2011","The Vale of Glamorgan 015A","W01001059",614,492,278,214,1,42,3,39,73,69,4,6
"2011","The Vale of Glamorgan 015B","W01001060",659,598,348,250,0,2,2,0,55,52,3,4
"2011","The Vale of Glamorgan 015C","W01001061",926,582,216,366,11,88,61,27,236,219,17,9
"2011","The Vale of Glamorgan 015D","W01001066",688,443,167,276,2,87,52,35,155,139,16,1
"2011","The Vale of Glamorgan 015E","W01001073",1005,389,130,259,1,331,83,248,269,249,20,15
"2011","Cardiff 001A","W01001777",610,539,336,203,3,9,7,2,46,40,6,13
"2011","Cardiff 001B","W01001778",700,666,344,322,0,2,2,0,22,22,0,10
"2011","Cardiff 001C","W01001794",626,483,191,292,8,4,1,3,125,115,10,6
"2011","Cardiff 001D","W01001799",520,465,285,180,6,6,2,4,38,34,4,5
"2011","Cardiff 002A","W01001793",567,444,140,304,14,13,1,12,94,90,4,2
"2011","Cardiff 002B","W01001795",644,516,196,320,19,11,0,11,94,84,10,4
"2011","Cardiff 002C","W01001796",653,495,196,299,12,51,8,43,89,83,6,6
"2011","Cardiff 002D","W01001798",624,521,251,270,6,15,9,6,76,74,2,6
"2011","Cardiff 003A","W01001841",740,590,156,434,6,71,1,70,67,64,3,6
"2011","Cardiff 003B","W01001842",726,531,120,411,4,9,0,9,177,169,8,5
"2011","Cardiff 003C","W01001843",808,662,174,488,1,15,1,14,123,116,7,7
"2011","Cardiff 003D","W01001844",841,545,149,396,24,100,3,97,167,152,15,5
"2011","Cardiff 004A","W01001849",651,591,343,248,0,4,3,1,52,49,3,4
"2011","Cardiff 004B","W01001852",723,677,361,316,2,5,3,2,34,31,3,5
"2011","Cardiff 004C","W01001853",749,681,485,196,3,3,0,3,57,51,6,5
"2011","Cardiff 004D","W01001854",834,755,518,237,1,4,1,3,66,58,8,8
"2011","Cardiff 005A","W01001791",734,553,328,225,2,52,29,23,112,104,8,15
"2011","Cardiff 005B","W01001792",705,396,178,218,3,243,224,19,53,46,7,10
"2011","Cardiff 005C","W01001797",607,515,247,268,2,29,22,7,48,41,7,13
"2011","Cardiff 005D","W01001800",665,390,166,224,3,208,178,30,53,46,7,11
"2011","Cardiff 005F","W01001949",635,319,49,270,13,134,7,127,163,155,8,6
"2011","Cardiff 005G","W01001953",643,400,158,242,10,154,118,36,68,57,11,11
"2011","Cardiff 006A","W01001820",508,401,176,225,0,73,30,43,27,24,3,7
"2011","Cardiff 006C","W01001846",641,539,192,347,0,32,17,15,67,58,9,3
"2011","Cardiff 006D","W01001847",637,614,377,237,0,2,1,1,16,16,0,5
"2011","Cardiff 006E","W01001948",637,491,138,353,1,31,3,28,110,104,6,4
"2011","Cardiff 006F","W01001954",637,558,323,235,3,19,5,14,49,44,5,8
"2011","Cardiff 007A","W01001802",684,463,225,238,0,147,113,34,55,49,6,19
"2011","Cardiff 007B","W01001807",591,262,92,170,0,266,243,23,51,47,4,12
"2011","Cardiff 007C","W01001808",638,238,85,153,1,326,300,26,55,52,3,18
"2011","Cardiff 007D","W01001840",755,503,213,290,1,157,49,108,83,77,6,11
"2011","Cardiff 008A","W01001730",647,590,383,207,0,3,1,2,48,44,4,6
"2011","Cardiff 008B","W01001731",534,468,244,224,1,2,0,2,55,50,5,8
"2011","Cardiff 008C","W01001736",601,554,327,227,0,3,1,2,36,33,3,8
"2011","Cardiff 008D","W01001815",511,432,181,251,4,33,10,23,37,33,4,5
"2011","Cardiff 009A","W01001811",540,226,79,147,3,255,230,25,47,43,4,9
"2011","Cardiff 009B","W01001816",1065,583,132,451,13,302,216,86,153,138,15,14
"2011","Cardiff 009C","W01001817",553,395,139,256,3,100,13,87,54,46,8,1
"2011","Cardiff 009D","W01001818",625,430,138,292,0,68,9,59,126,113,13,1
"2011","Cardiff 010A","W01001888",694,526,209,317,2,86,57,29,73,65,8,7
"2011","Cardiff 010B","W01001893",793,551,235,316,1,162,70,92,69,63,6,10
"2011","Cardiff 010C","W01001894",651,580,311,269,1,14,10,4,51,46,5,5
"2011","Cardiff 010D","W01001895",851,400,214,186,5,377,244,133,63,56,7,6
"2011","Cardiff 011A","W01001877",721,573,173,400,3,25,1,24,118,108,10,2
"2011","Cardiff 011B","W01001878",630,462,152,310,2,87,80,7,73,67,6,6
"2011","Cardiff 011C","W01001882",739,563,130,433,13,24,9,15,137,124,13,2
"2011","Cardiff 011D","W01001885",786,541,129,412,3,134,78,56,101,90,11,7
"2011","Cardiff 012A","W01001773",991,706,275,431,2,49,19,30,221,209,12,13
"2011","Cardiff 012B","W01001848",618,558,299,259,0,5,3,2,51,46,5,4
"2011","Cardiff 012C","W01001850",790,729,437,292,2,3,2,1,51,45,6,5
"2011","Cardiff 012D","W01001851",697,567,327,240,4,50,19,31,71,62,9,5
"2011","Cardiff 013A","W01001879",817,320,88,232,17,377,175,202,91,80,11,12
"2011","Cardiff 013B","W01001880",573,149,31,118,2,356,102,254,58,55,3,8
"2011","Cardiff 013C","W01001881",645,307,128,179,2,249,185,64,71,62,9,16
"2011","Cardiff 013D","W01001884",527,13,3,10,0,504,21,483,8,6,2,2
"2011","Cardiff 014A","W01001727",462,409,193,216,0,10,9,1,36,31,5,7
"2011","Cardiff 014B","W01001728",582,550,265,285,1,1,0,1,25,23,2,5
"2011","Cardiff 014C","W01001729",808,684,235,449,1,15,4,11,101,96,5,7
"2011","Cardiff 014D","W01001819",912,764,390,374,0,76,73,3,62,48,14,10
"2011","Cardiff 015A","W01001803",712,407,189,218,4,237,219,18,47,38,9,17
"2011","Cardiff 015B","W01001804",643,386,140,246,1,187,175,12,54,42,12,15
"2011","Cardiff 015C","W01001805",645,352,148,204,1,245,222,23,35,30,5,12
"2011","Cardiff 015D","W01001806",799,592,348,244,2,56,19,37,136,122,14,13
"2011","Cardiff 016A","W01001866",606,376,179,197,1,159,113,46,48,40,8,22
"2011","Cardiff 016B","W01001867",545,223,88,135,5,248,198,50,50,46,4,19
"2011","Cardiff 016C","W01001883",675,321,150,171,3,302,210,92,40,32,8,9
"2011","Cardiff 016D","W01001886",516,222,87,135,0,235,103,132,51,45,6,8
"2011","Cardiff 017A","W01001809",538,412,178,234,1,81,40,41,38,32,6,6
"2011","Cardiff 017B","W01001810",635,335,104,231,1,224,188,36,67,64,3,8
"2011","Cardiff 017C","W01001812",484,350,139,211,3,69,63,6,57,53,4,5
"2011","Cardiff 017D","W01001813",698,312,133,179,11,317,298,19,52,44,8,6
"2011","Cardiff 017E","W01001814",672,478,196,282,0,64,44,20,128,117,11,2
"2011","Cardiff 018A","W01001769",617,574,287,287,0,5,1,4,35,26,9,3
"2011","Cardiff 018B","W01001770",476,336,199,137,14,51,27,24,68,59,9,7
"2011","Cardiff 018C","W01001771",688,562,278,284,1,33,8,25,87,82,5,5
"2011","Cardiff 018D","W01001774",541,493,253,240,0,5,4,1,41,37,4,2
"2011","Cardiff 019A","W01001732",667,564,333,231,2,1,0,1,96,90,6,4
"2011","Cardiff 019B","W01001733",586,450,252,198,2,52,1,51,76,70,6,6
"2011","Cardiff 019C","W01001734",592,530,291,239,2,1,0,1,55,52,3,4
"2011","Cardiff 019D","W01001735",608,496,264,232,0,8,7,1,102,98,4,2
"2011","Cardiff 020A","W01001887",613,556,298,258,0,1,1,0,48,44,4,8
"2011","Cardiff 020B","W01001889",747,555,321,234,0,80,46,34,103,96,7,9
"2011","Cardiff 020C","W01001891",762,528,284,244,1,118,82,36,99,91,8,16
"2011","Cardiff 020D","W01001892",599,565,358,207,1,5,2,3,20,14,6,8
"2011","Cardiff 020E","W01001896",628,548,282,266,6,11,5,6,59,57,2,4
"2011","Cardiff 021A","W01001772",603,541,310,231,2,8,3,5,47,44,3,5
"2011","Cardiff 021B","W01001775",693,502,244,258,1,38,26,12,142,128,14,10
"2011","Cardiff 021C","W01001776",515,450,235,215,1,2,0,2,59,47,12,3
"2011","Cardiff 021D","W01001890",608,502,265,237,2,7,1,6,94,92,2,3
"2011","Cardiff 022A","W01001863",637,487,222,265,0,66,33,33,79,69,10,5
"2011","Cardiff 022B","W01001864",623,548,294,254,0,15,6,9,55,48,7,5
"2011","Cardiff 022C","W01001865",515,436,200,236,1,41,7,34,35,33,2,2
"2011","Cardiff 022D","W01001868",609,374,180,194,0,177,129,48,53,42,11,5
"2011","Cardiff 023A","W01001785",482,199,90,109,3,238,120,118,33,26,7,9
"2011","Cardiff 023B","W01001786",628,467,196,271,2,72,53,19,78,68,10,9
"2011","Cardiff 023C","W01001787",556,322,128,194,0,173,120,53,58,55,3,3
"2011","Cardiff 023D","W01001788",608,295,117,178,1,249,227,22,49,44,5,14
"2011","Cardiff 023E","W01001789",730,522,232,290,0,42,25,17,156,149,7,10
"2011","Cardiff 023F","W01001790",500,307,132,175,3,125,90,35,64,58,6,1
"2011","Cardiff 024A","W01001821",548,372,204,168,3,68,3,65,98,89,9,7
"2011","Cardiff 024B","W01001826",561,500,304,196,2,7,1,6,49,45,4,3
"2011","Cardiff 024C","W01001827",619,548,304,244,3,20,3,17,43,40,3,5
"2011","Cardiff 024D","W01001828",637,587,364,223,1,7,2,5,38,35,3,4
"2011","Cardiff 025A","W01001755",536,277,109,168,7,12,5,7,231,213,18,9
"2011","Cardiff 025B","W01001756",667,308,124,184,2,196,138,58,143,98,45,18
"2011","Cardiff 025C","W01001757",571,267,128,139,4,27,10,17,261,240,21,12
"2011","Cardiff 025D","W01001758",652,327,155,172,5,16,5,11,293,261,32,11
"2011","Cardiff 026A","W01001779",653,522,289,233,0,14,2,12,105,92,13,12
"2011","Cardiff 026B","W01001780",628,512,260,252,4,39,1,38,69,67,2,4
"2011","Cardiff 026C","W01001781",829,536,305,231,0,71,3,68,192,180,12,30
"2011","Cardiff 026D","W01001782",591,548,279,269,2,3,2,1,35,33,2,3
"2011","Cardiff 026E","W01001783",508,443,184,259,1,6,3,3,53,50,3,5
"2011","Cardiff 026F","W01001784",585,486,234,252,2,9,2,7,85,77,8,3
"2011","Cardiff 027A","W01001747",812,617,260,357,3,31,25,6,153,144,9,8
"2011","Cardiff 027B","W01001748",650,385,157,228,2,178,166,12,70,57,13,15
"2011","Cardiff 027C","W01001749",699,433,182,251,4,186,131,55,66,54,12,10
"2011","Cardiff 027D","W01001751",802,356,140,216,5,349,332,17,77,67,10,15
"2011","Cardiff 028A","W01001718",577,185,81,104,6,12,1,11,366,345,21,8
"2011","Cardiff 028B","W01001719",534,278,161,117,3,10,3,7,238,212,26,5
"2011","Cardiff 028C","W01001720",590,128,71,57,3,17,4,13,436,420,16,6
"2011","Cardiff 028D","W01001722",514,131,75,56,3,18,4,14,354,341,13,8
"2011","Cardiff 028E","W01001726",524,168,72,96,1,24,3,21,323,299,24,8
"2011","Cardiff 029A","W01001822",739,508,248,260,1,123,0,123,98,88,10,9
"2011","Cardiff 029B","W01001823",521,439,190,249,0,7,2,5,75,72,3,0
"2011","Cardiff 029C","W01001824",693,284,115,169,2,39,3,36,364,356,8,4
"2011","Cardiff 029D","W01001825",774,502,197,305,0,73,3,70,187,169,18,12
"2011","Cardiff 030A","W01001831",620,296,135,161,4,14,7,7,295,275,20,11
"2011","Cardiff 030B","W01001836",580,218,84,134,2,28,4,24,330,318,12,2
"2011","Cardiff 030C","W01001837",510,170,84,86,6,84,56,28,238,225,13,12
"2011","Cardiff 030D","W01001838",640,288,116,172,2,8,4,4,333,313,20,9
"2011","Cardiff 030E","W01001839",613,257,133,124,4,26,6,20,319,297,22,7
"2011","Cardiff 031A","W01001750",841,384,173,211,1,356,296,60,71,61,10,29
"2011","Cardiff 031B","W01001752",673,572,277,295,0,32,29,3,59,51,8,10
"2011","Cardiff 031C","W01001753",642,299,117,182,1,269,99,170,65,55,10,8
"2011","Cardiff 031D","W01001754",829,621,321,300,6,76,14,62,114,107,7,12
"2011","Cardiff 032A","W01001721",594,103,66,37,3,119,53,66,362,328,34,7
"2011","Cardiff 032C","W01001724",549,95,65,30,3,7,2,5,443,425,18,1
"2011","Cardiff 032D","W01001725",589,55,31,24,2,47,13,34,482,430,52,3
"2011","Cardiff 032E","W01001922",424,39,33,6,5,39,10,29,336,311,25,5
"2011","Cardiff 032F","W01001939",627,147,66,81,1,13,2,11,438,407,31,28
"2011","Cardiff 032G","W01001941",670,138,59,79,5,16,1,15,483,460,23,28
"2011","Cardiff 033A","W01001829",663,188,90,98,2,54,8,46,413,378,35,6
"2011","Cardiff 033B","W01001830",883,147,67,80,1,88,13,75,638,617,21,9
"2011","Cardiff 033C","W01001832",741,67,35,32,4,52,7,45,611,594,17,7
"2011","Cardiff 033D","W01001833",716,326,153,173,3,73,9,64,311,298,13,3
"2011","Cardiff 033E","W01001834",691,299,122,177,4,83,37,46,289,261,28,16
"2011","Cardiff 033F","W01001835",908,212,110,102,3,288,23,265,394,372,22,11
"2011","Cardiff 034A","W01001858",869,381,193,188,5,87,6,81,387,378,9,9
"2011","Cardiff 034B","W01001859",722,380,164,216,2,68,6,62,268,262,6,4
"2011","Cardiff 034C","W01001860",799,475,191,284,1,46,19,27,264,253,11,13
"2011","Cardiff 034D","W01001861",757,362,139,223,0,33,4,29,350,336,14,12
"2011","Cardiff 035A","W01001714",612,538,272,266,0,11,6,5,53,46,7,10
"2011","Cardiff 035B","W01001715",765,487,211,276,1,83,4,79,187,179,8,7
"2011","Cardiff 035C","W01001716",543,434,194,240,0,8,5,3,91,88,3,10
"2011","Cardiff 035D","W01001717",768,472,181,291,3,144,17,127,138,127,11,11
"2011","Cardiff 036A","W01001694",878,306,109,197,1,215,59,156,333,316,17,23
"2011","Cardiff 036B","W01001695",845,122,39,83,5,360,40,320,348,331,17,10
"2011","Cardiff 036C","W01001696",683,212,83,129,3,285,66,219,174,154,20,9
"2011","Cardiff 036D","W01001697",762,414,151,263,3,133,20,113,196,179,17,16
"2011","Cardiff 036E","W01001698",896,264,106,158,7,95,15,80,500,484,16,30
"2011","Cardiff 037A","W01001870",580,407,145,262,2,75,50,25,93,84,9,3
"2011","Cardiff 037B","W01001871",679,251,101,150,1,349,232,117,64,58,6,14
"2011","Cardiff 037C","W01001875",1140,574,115,459,2,281,136,145,256,227,29,27
"2011","Cardiff 037D","W01001876",678,308,116,192,0,276,234,42,74,65,9,20
"2011","Cardiff 038A","W01001869",623,396,149,247,1,107,12,95,109,93,16,10
"2011","Cardiff 038B","W01001872",662,354,159,195,3,152,13,139,140,130,10,13
"2011","Cardiff 038C","W01001873",778,322,118,204,1,242,28,214,201,186,15,12
"2011","Cardiff 038D","W01001874",723,184,60,124,0,401,25,376,111,97,14,27
"2011","Cardiff 039A","W01001737",653,242,94,148,1,354,343,11,47,41,6,9
"2011","Cardiff 039B","W01001738",525,177,68,109,1,283,273,10,53,50,3,11
"2011","Cardiff 039C","W01001739",523,165,56,109,1,298,268,30,52,49,3,7
"2011","Cardiff 039D","W01001740",682,271,113,158,1,352,335,17,49,46,3,9
"2011","Cardiff 039E","W01001741",613,157,53,104,0,395,377,18,47,42,5,14
"2011","Cardiff 040A","W01001709",721,483,184,299,3,86,7,79,139,127,12,10
"2011","Cardiff 040B","W01001710",701,468,214,254,3,31,8,23,189,181,8,10
"2011","Cardiff 040C","W01001711",720,419,215,204,1,184,128,56,98,91,7,18
"2011","Cardiff 040D","W01001712",679,453,195,258,2,26,6,20,191,176,15,7
"2011","Cardiff 040E","W01001713",745,481,190,291,2,92,8,84,162,143,19,8
"2011","Cardiff 041A","W01001704",631,226,98,128,0,341,288,53,48,45,3,16
"2011","Cardiff 041B","W01001706",540,375,189,186,6,90,18,72,59,55,4,10
"2011","Cardiff 041C","W01001707",803,374,124,250,2,352,173,179,64,51,13,11
"2011","Cardiff 041D","W01001746",663,303,116,187,1,253,233,20,96,84,12,10
"2011","Cardiff 042A","W01001855",685,300,124,176,2,199,38,161,173,156,17,11
"2011","Cardiff 042B","W01001856",776,223,109,114,5,196,73,123,327,310,17,25
"2011","Cardiff 042C","W01001857",843,280,126,154,5,319,154,165,217,206,11,22
"2011","Cardiff 042D","W01001862",707,247,133,114,3,81,12,69,364,353,11,12
"2011","Cardiff 043A","W01001742",640,238,95,143,0,340,302,38,50,47,3,12
"2011","Cardiff 043B","W01001743",605,525,245,280,6,26,22,4,43,34,9,5
"2011","Cardiff 043C","W01001744",740,265,102,163,0,396,316,80,54,42,12,25
"2011","Cardiff 043D","W01001745",556,493,232,261,0,17,12,5,41,33,8,5
"2011","Cardiff 044A","W01001764",603,290,135,155,3,143,26,117,156,146,10,11
"2011","Cardiff 044B","W01001765",521,298,145,153,3,71,6,65,140,128,12,9
"2011","Cardiff 044C","W01001766",685,379,161,218,0,100,36,64,186,171,15,20
"2011","Cardiff 044D","W01001767",691,360,135,225,2,112,60,52,208,194,14,9
"2011","Cardiff 044E","W01001768",539,267,118,149,1,60,15,45,191,177,14,20
"2011","Cardiff 045A","W01001702",745,466,164,302,1,172,69,103,100,79,21,6
"2011","Cardiff 045B","W01001703",503,233,106,127,1,218,107,111,43,36,7,8
"2011","Cardiff 045C","W01001705",718,430,149,281,4,170,123,47,105,98,7,9
"2011","Cardiff 045D","W01001708",737,308,126,182,1,332,220,112,83,75,8,13
"2011","Cardiff 046A","W01001759",674,500,181,319,5,44,11,33,120,109,11,5
"2011","Cardiff 046B","W01001760",670,438,201,237,1,109,53,56,111,104,7,11
"2011","Cardiff 046C","W01001761",724,323,138,185,1,160,45,115,218,206,12,22
"2011","Cardiff 046D","W01001762",736,256,93,163,4,247,124,123,197,185,12,32
"2011","Cardiff 048A","W01001940",728,185,56,129,18,89,2,87,432,416,16,4
"2011","Cardiff 048B","W01001943",635,205,63,142,13,54,4,50,353,333,20,10
"2011","Cardiff 048C","W01001944",580,207,39,168,1,23,1,22,346,328,18,3
"2011","Cardiff 048D","W01001945",838,223,54,169,12,9,4,5,588,565,23,6
"2011","Cardiff 048E","W01001947",873,352,70,282,10,39,10,29,466,444,22,6
"2011","Cardiff 049A","W01001699",1000,220,81,139,6,479,426,53,264,255,9,31
"2011","Cardiff 049B","W01001942",647,224,81,143,5,197,89,108,208,197,11,13
"2011","Cardiff 049C","W01001946",707,198,52,146,5,268,170,98,214,205,9,22
"2011","Cardiff 049D","W01001950",609,240,80,160,2,40,12,28,318,303,15,9
"2011","Cardiff 049E","W01001951",548,205,52,153,1,52,12,40,281,262,19,9
"2011","Cardiff 049F","W01001952",621,171,45,126,11,77,43,34,348,336,12,14
"2011","Rhondda Cynon Taf 001A","W01001186",685,530,216,314,0,98,54,44,47,44,3,10
"2011","Rhondda Cynon Taf 001B","W01001187",574,433,241,192,0,63,18,45,71,67,4,7
"2011","Rhondda Cynon Taf 001C","W01001188",497,280,168,112,0,142,105,37,60,49,11,15
"2011","Rhondda Cynon Taf 001D","W01001221",602,346,198,148,0,199,148,51,41,39,2,16
"2011","Rhondda Cynon Taf 001E","W01001222",649,241,123,118,0,333,253,80,59,53,6,16
"2011","Rhondda Cynon Taf 001F","W01001233",735,573,339,234,0,101,69,32,45,39,6,16
"2011","Rhondda Cynon Taf 002A","W01001148",750,534,274,260,0,24,4,20,177,164,13,15
"2011","Rhondda Cynon Taf 002B","W01001152",671,522,310,212,2,80,55,25,58,56,2,9
"2011","Rhondda Cynon Taf 002C","W01001153",636,410,213,197,0,111,50,61,110,100,10,5
"2011","Rhondda Cynon Taf 002D","W01001155",665,475,262,213,0,22,3,19,156,143,13,12
"2011","Rhondda Cynon Taf 003A","W01001149",619,454,261,193,0,93,55,38,60,55,5,12
"2011","Rhondda Cynon Taf 003B","W01001150",797,496,270,226,3,47,13,34,243,222,21,8
"2011","Rhondda Cynon Taf 003C","W01001151",713,606,377,229,1,42,7,35,55,45,10,9
"2011","Rhondda Cynon Taf 003D","W01001154",678,428,237,191,0,157,93,64,85,79,6,8
"2011","Rhondda Cynon Taf 003E","W01001156",549,521,177,344,0,3,1,2,23,19,4,2
"2011","Rhondda Cynon Taf 004A","W01001147",792,588,303,285,4,106,51,55,83,77,6,11
"2011","Rhondda Cynon Taf 004B","W01001168",638,480,294,186,1,82,50,32,65,61,4,10
"2011","Rhondda Cynon Taf 004C","W01001169",761,364,158,206,1,320,220,100,67,61,6,9
"2011","Rhondda Cynon Taf 004D","W01001170",527,477,284,193,1,14,4,10,31,29,2,4
"2011","Rhondda Cynon Taf 005A","W01001137",1064,715,388,327,1,128,26,102,205,195,10,15
"2011","Rhondda Cynon Taf 005B","W01001138",636,374,196,178,2,174,67,107,73,69,4,13
"2011","Rhondda Cynon Taf 005C","W01001139",611,496,259,237,0,21,8,13,89,82,7,5
"2011","Rhondda Cynon Taf 005D","W01001140",637,443,259,184,1,76,15,61,109,105,4,8
"2011","Rhondda Cynon Taf 005E","W01001141",677,410,243,167,1,142,69,73,115,101,14,9
"2011","Rhondda Cynon Taf 005F","W01001142",704,459,305,154,2,106,17,89,130,117,13,7
"2011","Rhondda Cynon Taf 006A","W01001204",584,443,255,188,1,23,7,16,110,107,3,7
"2011","Rhondda Cynon Taf 006B","W01001205",728,502,281,221,0,120,56,64,92,85,7,14
"2011","Rhondda Cynon Taf 006C","W01001206",635,443,236,207,1,102,24,78,80,76,4,9
"2011","Rhondda Cynon Taf 006D","W01001207",585,278,136,142,1,240,176,64,57,56,1,9
"2011","Rhondda Cynon Taf 006E","W01001208",750,527,322,205,1,59,11,48,145,139,6,18
"2011","Rhondda Cynon Taf 007A","W01001265",667,499,297,202,0,43,19,24,117,109,8,8
"2011","Rhondda Cynon Taf 007B","W01001266",636,331,191,140,0,187,53,134,102,90,12,16
"2011","Rhondda Cynon Taf 007C","W01001267",634,430,285,145,2,107,68,39,83,76,7,12
"2011","Rhondda Cynon Taf 007D","W01001268",636,475,304,171,1,31,7,24,111,105,6,18
"2011","Rhondda Cynon Taf 008A","W01001209",567,289,177,112,1,201,116,85,70,67,3,6
"2011","Rhondda Cynon Taf 008B","W01001210",625,436,278,158,0,67,15,52,112,105,7,10
"2011","Rhondda Cynon Taf 008C","W01001211",650,444,238,206,1,75,16,59,123,116,7,7
"2011","Rhondda Cynon Taf 008D","W01001212",585,377,217,160,0,101,12,89,101,96,5,6
"2011","Rhondda Cynon Taf 009A","W01001175",620,480,293,187,0,56,31,25,77,72,5,7
"2011","Rhondda Cynon Taf 009B","W01001177",587,449,279,170,1,26,4,22,101,83,18,10
"2011","Rhondda Cynon Taf 009C","W01001202",839,532,365,167,0,157,76,81,134,117,17,16
"2011","Rhondda Cynon Taf 009D","W01001203",594,265,145,120,1,266,170,96,48,42,6,14
"2011","Rhondda Cynon Taf 010A","W01001269",626,510,328,182,1,14,8,6,89,84,5,12
"2011","Rhondda Cynon Taf 010B","W01001270",622,496,291,205,0,19,4,15,96,85,11,11
"2011","Rhondda Cynon Taf 010C","W01001271",724,520,297,223,4,51,16,35,143,133,10,6
"2011","Rhondda Cynon Taf 010D","W01001272",632,447,251,196,0,110,25,85,66,57,9,9
"2011","Rhondda Cynon Taf 010E","W01001273",758,594,370,224,0,51,17,34,101,85,16,12
"2011","Rhondda Cynon Taf 011A","W01001213",618,468,274,194,1,55,6,49,87,83,4,7
"2011","Rhondda Cynon Taf 011B","W01001214",531,473,261,212,0,15,12,3,40,32,8,3
"2011","Rhondda Cynon Taf 011C","W01001215",519,307,164,143,2,69,6,63,134,129,5,7
"2011","Rhondda Cynon Taf 011D","W01001216",654,492,264,228,2,42,17,25,110,100,10,8
"2011","Rhondda Cynon Taf 012A","W01001143",633,507,276,231,0,23,7,16,96,90,6,7
"2011","Rhondda Cynon Taf 012B","W01001144",668,387,194,193,3,164,97,67,102,88,14,12
"2011","Rhondda Cynon Taf 012C","W01001145",753,498,250,248,1,121,58,63,116,107,9,17
"2011","Rhondda Cynon Taf 012D","W01001146",640,477,245,232,0,41,14,27,117,102,15,5
"2011","Rhondda Cynon Taf 013A","W01001176",620,480,269,211,1,26,6,20,107,95,12,6
"2011","Rhondda Cynon Taf 013B","W01001274",577,240,158,82,1,243,190,53,87,77,10,6
"2011","Rhondda Cynon Taf 013C","W01001275",792,564,340,224,1,50,16,34,167,152,15,10
"2011","Rhondda Cynon Taf 013D","W01001276",668,399,245,154,1,71,13,58,187,175,12,10
"2011","Rhondda Cynon Taf 014A","W01001200",420,329,166,163,0,14,10,4,66,61,5,11
"2011","Rhondda Cynon Taf 014B","W01001201",537,324,175,149,0,136,71,65,66,60,6,11
"2011","Rhondda Cynon Taf 014C","W01001260",476,289,163,126,0,99,53,46,81,77,4,7
"2011","Rhondda Cynon Taf 014D","W01001285",605,466,272,194,1,43,2,41,85,74,11,10
"2011","Rhondda Cynon Taf 014E","W01001286",643,497,282,215,2,33,13,20,102,93,9,9
"2011","Rhondda Cynon Taf 014F","W01001287",623,456,262,194,0,69,42,27,88,79,9,10
"2011","Rhondda Cynon Taf 014G","W01001288",640,379,209,170,1,164,109,55,88,81,7,8
"2011","Rhondda Cynon Taf 015A","W01001180",648,306,124,182,1,279,208,71,48,44,4,14
"2011","Rhondda Cynon Taf 015B","W01001181",606,418,172,246,2,144,88,56,36,32,4,6
"2011","Rhondda Cynon Taf 015C","W01001282",867,606,302,304,0,118,49,69,132,120,12,11
"2011","Rhondda Cynon Taf 015D","W01001283",639,511,285,226,3,76,37,39,44,36,8,5
"2011","Rhondda Cynon Taf 015E","W01001284",423,379,121,258,1,6,2,4,36,34,2,1
"2011","Rhondda Cynon Taf 016A","W01001166",553,394,240,154,1,37,8,29,115,106,9,6
"2011","Rhondda Cynon Taf 016B","W01001167",632,470,277,193,1,21,3,18,127,116,11,13
"2011","Rhondda Cynon Taf 016C","W01001247",755,557,312,245,0,72,30,42,116,102,14,10
"2011","Rhondda Cynon Taf 016D","W01001248",864,640,340,300,2,43,5,38,171,161,10,8
"2011","Rhondda Cynon Taf 017A","W01001171",581,463,248,215,0,22,3,19,81,78,3,15
"2011","Rhondda Cynon Taf 017B","W01001229",648,522,277,245,0,8,1,7,113,107,6,5
"2011","Rhondda Cynon Taf 017C","W01001230",612,550,269,281,0,12,3,9,44,42,2,6
"2011","Rhondda Cynon Taf 017D","W01001231",696,479,256,223,1,55,9,46,157,142,15,4
"2011","Rhondda Cynon Taf 017E","W01001280",752,403,217,186,0,175,115,60,161,153,8,13
"2011","Rhondda Cynon Taf 017F","W01001281",741,627,362,265,1,6,4,2,97,88,9,10
"2011","Rhondda Cynon Taf 018A","W01001217",483,300,164,136,0,113,83,30,61,58,3,9
"2011","Rhondda Cynon Taf 018B","W01001218",643,510,286,224,1,15,8,7,109,97,12,8
"2011","Rhondda Cynon Taf 018C","W01001219",624,317,178,139,1,179,63,116,108,97,11,19
"2011","Rhondda Cynon Taf 018D","W01001220",623,486,272,214,0,49,23,26,76,64,12,12
"2011","Rhondda Cynon Taf 018E","W01001259",684,515,272,243,1,73,43,30,81,66,15,14
"2011","Rhondda Cynon Taf 018F","W01001261",541,396,226,170,0,15,8,7,123,108,15,7
"2011","Rhondda Cynon Taf 019A","W01001164",656,543,238,305,0,16,7,9,90,77,13,7
"2011","Rhondda Cynon Taf 019B","W01001165",554,435,201,234,0,69,38,31,45,43,2,5
"2011","Rhondda Cynon Taf 019C","W01001256",522,405,219,186,3,8,0,8,100,89,11,6
"2011","Rhondda Cynon Taf 019D","W01001257",520,428,233,195,0,36,17,19,47,42,5,9
"2011","Rhondda Cynon Taf 019E","W01001258",636,442,226,216,2,52,7,45,125,113,12,15
"2011","Rhondda Cynon Taf 020A","W01001172",642,479,264,215,0,37,28,9,119,109,10,7
"2011","Rhondda Cynon Taf 020B","W01001173",612,367,204,163,2,170,124,46,62,55,7,11
"2011","Rhondda Cynon Taf 020C","W01001174",624,300,156,144,1,237,182,55,65,60,5,21
"2011","Rhondda Cynon Taf 020D","W01001232",609,391,219,172,0,129,69,60,82,73,9,7
"2011","Rhondda Cynon Taf 021A","W01001182",594,432,195,237,1,25,7,18,129,112,17,7
"2011","Rhondda Cynon Taf 021B","W01001183",500,226,87,139,1,114,52,62,147,137,10,12
"2011","Rhondda Cynon Taf 021C","W01001227",543,473,260,213,0,20,0,20,45,38,7,5
"2011","Rhondda Cynon Taf 021D","W01001228",662,536,310,226,1,39,4,35,80,76,4,6
"2011","Rhondda Cynon Taf 021E","W01001234",632,531,288,243,0,10,3,7,77,67,10,14
"2011","Rhondda Cynon Taf 021F","W01001235",718,481,227,254,2,81,20,61,143,134,9,11
"2011","Rhondda Cynon Taf 021G","W01001236",645,555,280,275,1,23,5,18,55,48,7,11
"2011","Rhondda Cynon Taf 022A","W01001185",762,431,202,229,2,238,148,90,68,65,3,23
"2011","Rhondda Cynon Taf 022B","W01001237",633,352,165,187,0,217,99,118,43,36,7,21
"2011","Rhondda Cynon Taf 022C","W01001238",672,210,98,112,2,394,74,320,50,45,5,16
"2011","Rhondda Cynon Taf 022D","W01001262",546,271,132,139,1,59,13,46,206,190,16,9
"2011","Rhondda Cynon Taf 022E","W01001263",600,238,156,82,1,44,14,30,310,303,7,7
"2011","Rhondda Cynon Taf 022F","W01001264",519,228,122,106,3,23,12,11,254,242,12,11
"2011","Rhondda Cynon Taf 023A","W01001178",723,507,261,246,2,96,41,55,106,96,10,12
"2011","Rhondda Cynon Taf 023B","W01001179",728,387,203,184,1,267,173,94,56,47,9,17
"2011","Rhondda Cynon Taf 023C","W01001253",596,465,232,233,5,58,41,17,61,54,7,7
"2011","Rhondda Cynon Taf 023E","W01001255",691,400,176,224,0,229,181,48,42,35,7,20
"2011","Rhondda Cynon Taf 023F","W01001914",577,542,118,424,0,14,8,6,18,18,0,3
"2011","Rhondda Cynon Taf 023G","W01001917",606,475,259,216,3,64,23,41,59,55,4,5
"2011","Rhondda Cynon Taf 024A","W01001249",645,444,245,199,1,102,34,68,85,72,13,13
"2011","Rhondda Cynon Taf 024B","W01001250",562,473,262,211,0,32,25,7,48,42,6,9
"2011","Rhondda Cynon Taf 024C","W01001251",675,278,128,150,2,332,185,147,46,39,7,17
"2011","Rhondda Cynon Taf 024D","W01001252",619,527,243,284,0,28,16,12,58,52,6,6
"2011","Rhondda Cynon Taf 025A","W01001162",763,465,221,244,1,210,151,59,74,66,8,13
"2011","Rhondda Cynon Taf 025B","W01001244",612,569,391,178,0,13,9,4,22,19,3,8
"2011","Rhondda Cynon Taf 025C","W01001245",518,495,278,217,1,7,4,3,13,13,0,2
"2011","Rhondda Cynon Taf 025D","W01001246",625,497,295,202,0,84,39,45,35,29,6,9
"2011","Rhondda Cynon Taf 026A","W01001184",864,677,398,279,7,60,30,30,98,89,9,22
"2011","Rhondda Cynon Taf 026B","W01001239",633,250,84,166,1,332,153,179,36,34,2,14
"2011","Rhondda Cynon Taf 026C","W01001240",845,685,269,416,2,66,35,31,87,79,8,5
"2011","Rhondda Cynon Taf 026D","W01001241",756,512,199,313,6,144,75,69,86,70,16,8
"2011","Rhondda Cynon Taf 027B","W01001196",630,520,172,348,2,8,1,7,96,84,12,4
"2011","Rhondda Cynon Taf 027C","W01001197",481,464,234,230,0,0,0,0,16,16,0,1
"2011","Rhondda Cynon Taf 027D","W01001198",662,581,241,340,1,2,0,2,74,62,12,4
"2011","Rhondda Cynon Taf 027E","W01001199",694,615,268,347,0,13,2,11,63,57,6,3
"2011","Rhondda Cynon Taf 027F","W01001915",609,566,161,405,0,1,0,1,38,36,2,4
"2011","Rhondda Cynon Taf 027G","W01001916",547,454,113,341,0,5,0,5,85,73,12,3
"2011","Rhondda Cynon Taf 028A","W01001157",591,497,215,282,0,26,5,21,64,60,4,4
"2011","Rhondda Cynon Taf 028B","W01001158",614,452,171,281,0,76,44,32,76,67,9,10
"2011","Rhondda Cynon Taf 028C","W01001159",509,415,118,297,1,17,4,13,74,71,3,2
"2011","Rhondda Cynon Taf 028D","W01001277",456,415,173,242,0,21,16,5,17,14,3,3
"2011","Rhondda Cynon Taf 028E","W01001278",464,333,154,179,1,67,25,42,57,48,9,6
"2011","Rhondda Cynon Taf 028F","W01001279",532,272,130,142,0,198,143,55,40,32,8,22
"2011","Rhondda Cynon Taf 029A","W01001160",664,599,288,311,4,9,2,7,49,38,11,3
"2011","Rhondda Cynon Taf 029B","W01001161",898,655,229,426,2,157,37,120,75,56,19,9
"2011","Rhondda Cynon Taf 029C","W01001189",686,421,177,244,3,166,97,69,83,73,10,13
"2011","Rhondda Cynon Taf 029D","W01001190",1018,808,299,509,1,36,14,22,157,129,28,16
"2011","Rhondda Cynon Taf 030A","W01001193",489,435,227,208,1,23,13,10,23,19,4,7
"2011","Rhondda Cynon Taf 030B","W01001194",878,775,310,465,0,12,7,5,85,70,15,6
"2011","Rhondda Cynon Taf 030C","W01001195",685,452,204,248,2,118,61,57,104,93,11,9
"2011","Rhondda Cynon Taf 030D","W01001242",569,476,272,204,0,40,23,17,47,41,6,6
"2011","Rhondda Cynon Taf 030E","W01001243",672,349,176,173,1,210,60,150,95,89,6,17
"2011","Rhondda Cynon Taf 031A","W01001191",1011,816,250,566,3,59,30,29,120,103,17,13
"2011","Rhondda Cynon Taf 031B","W01001192",626,299,113,186,1,271,113,158,42,31,11,13
"2011","Rhondda Cynon Taf 031C","W01001223",702,602,316,286,1,8,3,5,89,82,7,2
"2011","Rhondda Cynon Taf 031D","W01001224",779,706,229,477,1,12,5,7,54,50,4,6
"2011","Rhondda Cynon Taf 031E","W01001225",653,584,305,279,0,14,5,9,47,38,9,8
"2011","Rhondda Cynon Taf 031F","W01001226",722,494,189,305,1,139,59,80,85,77,8,3
"2011","Merthyr Tydfil 002A","W01001295",683,338,177,161,1,243,115,128,90,81,9,11
"2011","Merthyr Tydfil 002B","W01001296",651,515,250,265,1,64,35,29,62,56,6,9
"2011","Merthyr Tydfil 002C","W01001297",775,492,219,273,0,113,42,71,152,142,10,18
"2011","Merthyr Tydfil 002D","W01001298",780,352,166,186,4,306,56,250,98,87,11,20
"2011","Merthyr Tydfil 002E","W01001310",659,502,262,240,0,100,31,69,51,44,7,6
"2011","Merthyr Tydfil 002F","W01001311",500,338,160,178,0,66,29,37,88,76,12,8
"2011","Merthyr Tydfil 003A","W01001291",679,503,209,294,0,95,10,85,76,63,13,5
"2011","Merthyr Tydfil 003B","W01001294",649,579,312,267,0,13,3,10,51,46,5,6
"2011","Merthyr Tydfil 003C","W01001305",517,383,222,161,1,44,2,42,82,77,5,7
"2011","Merthyr Tydfil 003D","W01001306",644,523,280,243,1,29,6,23,83,78,5,8
"2011","Merthyr Tydfil 003E","W01001324",896,642,391,251,2,123,53,70,112,99,13,17
"2011","Merthyr Tydfil 004A","W01001292",692,296,160,136,4,311,166,145,68,63,5,13
"2011","Merthyr Tydfil 004B","W01001293",734,435,220,215,0,215,115,100,66,60,6,18
"2011","Merthyr Tydfil 004C","W01001307",731,322,188,134,1,254,53,201,122,104,18,32
"2011","Merthyr Tydfil 004D","W01001315",809,379,243,136,1,230,87,143,182,167,15,17
"2011","Merthyr Tydfil 005A","W01001314",895,672,350,322,1,96,50,46,107,88,19,19
"2011","Merthyr Tydfil 005B","W01001316",1162,966,399,567,1,37,15,22,148,136,12,10
"2011","Merthyr Tydfil 005C","W01001317",677,464,254,210,4,139,75,64,54,52,2,16
"2011","Merthyr Tydfil 005D","W01001318",646,541,313,228,0,20,6,14,76,70,6,9
"2011","Merthyr Tydfil 006A","W01001289",619,472,291,181,0,47,11,36,92,81,11,8
"2011","Merthyr Tydfil 006B","W01001302",472,329,196,133,1,51,15,36,82,76,6,9
"2011","Merthyr Tydfil 006C","W01001303",506,241,138,103,0,185,61,124,73,67,6,7
"2011","Merthyr Tydfil 006D","W01001304",614,484,267,217,0,64,29,35,57,51,6,9
"2011","Merthyr Tydfil 006E","W01001312",643,386,205,181,1,199,68,131,38,33,5,19
"2011","Merthyr Tydfil 006F","W01001313",658,498,280,218,1,35,10,25,114,104,10,10
"2011","Merthyr Tydfil 007A","W01001290",768,536,275,261,0,140,60,80,82,77,5,10
"2011","Merthyr Tydfil 007B","W01001319",646,590,268,322,1,17,5,12,33,29,4,5
"2011","Merthyr Tydfil 007C","W01001320",603,461,229,232,3,89,4,85,49,42,7,1
"2011","Merthyr Tydfil 007D","W01001321",632,432,214,218,0,103,43,60,80,73,7,17
"2011","Merthyr Tydfil 007E","W01001322",667,474,220,254,3,80,15,65,98,90,8,12
"2011","Merthyr Tydfil 008A","W01001299",686,243,109,134,3,362,246,116,58,48,10,20
"2011","Merthyr Tydfil 008B","W01001300",654,254,146,108,1,343,238,105,43,34,9,13
"2011","Merthyr Tydfil 008C","W01001301",751,356,194,162,3,328,236,92,44,38,6,20
"2011","Merthyr Tydfil 008D","W01001308",445,172,78,94,2,224,157,67,28,18,10,19
"2011","Merthyr Tydfil 008E","W01001309",496,258,147,111,0,194,128,66,32,20,12,12
"2011","Merthyr Tydfil 008F","W01001898",625,415,245,170,1,159,104,55,38,30,8,12
"2011","Caerphilly 001A","W01001374",591,407,227,180,1,121,81,40,55,52,3,7
"2011","Caerphilly 001B","W01001375",685,399,188,211,0,202,142,60,75,69,6,9
"2011","Caerphilly 001C","W01001376",665,296,147,149,0,337,303,34,23,19,4,9
"2011","Caerphilly 001D","W01001406",841,525,277,248,1,227,223,4,81,68,13,7
"2011","Caerphilly 001E","W01001428",543,209,105,104,0,310,307,3,19,18,1,5
"2011","Caerphilly 001F","W01001429",532,396,224,172,1,75,49,26,56,53,3,4
"2011","Caerphilly 002A","W01001360",544,442,239,203,0,34,31,3,62,55,7,6
"2011","Caerphilly 002B","W01001361",497,304,159,145,2,154,151,3,36,26,10,1
"2011","Caerphilly 002C","W01001384",698,517,291,226,2,35,22,13,135,127,8,9
"2011","Caerphilly 002D","W01001385",693,448,235,213,2,133,126,7,104,92,12,6
"2011","Caerphilly 002E","W01001386",719,358,192,166,1,289,208,81,65,57,8,6
"2011","Caerphilly 003A","W01001325",624,359,157,202,1,209,203,6,51,44,7,4
"2011","Caerphilly 003B","W01001326",887,524,247,277,0,239,147,92,110,107,3,14
"2011","Caerphilly 003C","W01001362",921,655,359,296,1,139,131,8,120,115,5,6
"2011","Caerphilly 004A","W01001336",614,435,233,202,2,116,111,5,59,55,4,2
"2011","Caerphilly 004B","W01001337",657,510,279,231,1,36,11,25,105,98,7,5
"2011","Caerphilly 004C","W01001338",774,559,278,281,0,41,39,2,169,158,11,5
"2011","Caerphilly 004D","W01001339",600,225,120,105,0,330,327,3,40,39,1,5
"2011","Caerphilly 005A","W01001334",592,299,139,160,3,225,129,96,61,57,4,4
"2011","Caerphilly 005B","W01001335",517,412,200,212,1,34,30,4,65,52,13,5
"2011","Caerphilly 005C","W01001347",602,484,261,223,0,68,59,9,43,41,2,7
"2011","Caerphilly 005D","W01001351",652,568,291,277,4,38,36,2,33,28,5,9
"2011","Caerphilly 006A","W01001356",485,427,225,202,2,17,16,1,36,29,7,3
"2011","Caerphilly 006B","W01001357",661,515,233,282,1,90,63,27,50,41,9,5
"2011","Caerphilly 006C","W01001358",650,367,192,175,2,238,226,12,37,34,3,6
"2011","Caerphilly 006D","W01001359",650,522,246,276,2,40,7,33,79,72,7,7
"2011","Caerphilly 006E","W01001390",672,587,237,350,2,28,8,20,53,48,5,2
"2011","Caerphilly 006F","W01001391",672,477,228,249,0,116,47,69,69,59,10,10
"2011","Caerphilly 007A","W01001352",754,450,209,241,1,230,214,16,67,60,7,6
"2011","Caerphilly 007B","W01001353",738,455,251,204,1,234,165,69,41,36,5,7
"2011","Caerphilly 007C","W01001387",542,313,156,157,2,138,117,21,82,80,2,7
"2011","Caerphilly 007D","W01001388",723,451,196,255,2,197,57,140,67,58,9,6
"2011","Caerphilly 007E","W01001389",457,348,175,173,0,48,32,16,54,45,9,7
"2011","Caerphilly 008A","W01001414",647,390,162,228,2,178,169,9,63,55,8,14
"2011","Caerphilly 008B","W01001415",719,514,186,328,0,96,49,47,104,93,11,5
"2011","Caerphilly 008C","W01001416",647,511,255,256,0,54,25,29,76,65,11,6
"2011","Caerphilly 008D","W01001417",578,510,190,320,2,15,8,7,47,44,3,4
"2011","Caerphilly 008E","W01001418",623,389,187,202,3,159,124,35,68,60,8,4
"2011","Caerphilly 009A","W01001348",734,366,140,226,3,284,205,79,74,68,6,7
"2011","Caerphilly 009B","W01001349",685,586,193,393,2,46,15,31,50,44,6,1
"2011","Caerphilly 009C","W01001350",766,578,299,279,0,47,43,4,137,124,13,4
"2011","Caerphilly 009D","W01001392",755,663,341,322,2,29,26,3,49,44,5,12
"2011","Caerphilly 010A","W01001380",771,601,292,309,3,92,76,16,70,59,11,5
"2011","Caerphilly 010B","W01001381",624,307,152,155,0,262,219,43,50,49,1,5
"2011","Caerphilly 010C","W01001382",685,524,278,246,2,76,56,20,73,69,4,10
"2011","Caerphilly 010D","W01001383",663,452,251,201,1,95,81,14,106,92,14,9
"2011","Caerphilly 011A","W01001401",848,522,281,241,2,224,212,12,90,83,7,10
"2011","Caerphilly 011B","W01001402",679,404,170,234,1,202,181,21,67,58,9,5
"2011","Caerphilly 011C","W01001403",680,490,209,281,0,71,48,23,115,111,4,4
"2011","Caerphilly 011D","W01001404",584,541,326,215,1,16,13,3,24,20,4,2
"2011","Caerphilly 011E","W01001405",744,467,219,248,1,208,133,75,59,52,7,9
"2011","Caerphilly 012A","W01001363",565,401,157,244,0,90,25,65,70,63,7,4
"2011","Caerphilly 012B","W01001364",689,386,142,244,3,218,173,45,76,68,8,6
"2011","Caerphilly 012C","W01001365",842,605,249,356,3,170,67,103,60,56,4,4
"2011","Caerphilly 012D","W01001369",943,732,370,362,3,121,107,14,78,67,11,9
"2011","Caerphilly 013A","W01001377",672,562,321,241,0,45,4,41,55,43,12,10
"2011","Caerphilly 013B","W01001378",681,450,232,218,0,174,162,12,46,43,3,11
"2011","Caerphilly 013C","W01001379",625,516,231,285,0,63,44,19,43,34,9,3
"2011","Caerphilly 013D","W01001432",952,628,275,353,1,129,42,87,185,175,10,9
"2011","Caerphilly 013E","W01001433",635,472,260,212,0,30,14,16,125,116,9,8
"2011","Caerphilly 013F","W01001434",549,503,208,295,0,6,4,2,36,29,7,4
"2011","Caerphilly 014A","W01001327",947,681,277,404,8,115,41,74,132,119,13,11
"2011","Caerphilly 014B","W01001328",641,413,188,225,3,151,135,16,67,59,8,7
"2011","Caerphilly 014C","W01001329",654,453,220,233,7,113,81,32,75,63,12,6
"2011","Caerphilly 014D","W01001354",706,558,264,294,0,43,26,17,95,88,7,10
"2011","Caerphilly 015A","W01001355",811,436,223,213,1,273,190,83,92,79,13,9
"2011","Caerphilly 015B","W01001430",983,682,311,371,0,153,94,59,137,116,21,11
"2011","Caerphilly 015C","W01001431",642,509,238,271,1,41,6,35,88,83,5,3
"2011","Caerphilly 016A","W01001407",617,488,192,296,3,67,20,47,56,49,7,3
"2011","Caerphilly 016B","W01001408",606,345,145,200,0,197,172,25,60,54,6,4
"2011","Caerphilly 016C","W01001409",697,567,291,276,5,71,45,26,49,43,6,5
"2011","Caerphilly 016D","W01001410",823,538,253,285,15,196,176,20,68,61,7,6
"2011","Caerphilly 017A","W01001411",784,515,275,240,0,184,104,80,71,64,7,14
"2011","Caerphilly 017B","W01001412",831,565,304,261,2,63,58,5,194,179,15,7
"2011","Caerphilly 017C","W01001413",749,519,260,259,0,157,154,3,66,57,9,7
"2011","Caerphilly 018A","W01001330",620,432,178,254,2,123,87,36,58,48,10,5
"2011","Caerphilly 018B","W01001331",728,520,208,312,1,67,32,35,134,118,16,6
"2011","Caerphilly 018C","W01001332",806,472,199,273,2,187,88,99,138,130,8,7
"2011","Caerphilly 018D","W01001333",624,404,152,252,1,131,44,87,87,75,12,1
"2011","Caerphilly 019A","W01001366",697,580,263,317,4,50,10,40,63,53,10,0
"2011","Caerphilly 019B","W01001367",634,503,230,273,1,28,21,7,94,89,5,8
"2011","Caerphilly 019C","W01001368",640,367,137,230,0,177,91,86,89,82,7,7
"2011","Caerphilly 019D","W01001393",545,342,165,177,0,152,119,33,50,44,6,1
"2011","Caerphilly 019E","W01001397",677,546,207,339,1,62,48,14,66,63,3,2
"2011","Caerphilly 019F","W01001400",567,274,100,174,0,258,242,16,31,29,2,4
"2011","Caerphilly 020A","W01001340",694,607,262,345,0,54,49,5,29,26,3,4
"2011","Caerphilly 020B","W01001341",794,436,211,225,1,261,194,67,81,70,11,15
"2011","Caerphilly 020C","W01001344",689,510,248,262,2,100,77,23,67,58,9,10
"2011","Caerphilly 020D","W01001346",660,478,238,240,2,83,77,6,92,86,6,5
"2011","Caerphilly 021A","W01001342",496,402,165,237,3,49,49,0,39,35,4,3
"2011","Caerphilly 021B","W01001343",497,425,221,204,1,27,26,1,40,33,7,4
"2011","Caerphilly 021C","W01001345",590,216,102,114,0,343,337,6,30,28,2,1
"2011","Caerphilly 021D","W01001419",632,479,222,257,2,85,81,4,53,46,7,13
"2011","Caerphilly 022A","W01001371",624,300,114,186,17,237,183,54,63,54,9,7
"2011","Caerphilly 022B","W01001372",805,616,276,340,33,64,11,53,86,70,16,6
"2011","Caerphilly 022C","W01001373",703,536,241,295,6,43,31,12,109,101,8,9
"2011","Caerphilly 022D","W01001420",562,440,207,233,1,30,21,9,86,75,11,5
"2011","Caerphilly 022E","W01001421",710,156,51,105,3,494,344,150,53,47,6,4
"2011","Caerphilly 022F","W01001422",673,374,253,121,1,243,235,8,49,44,5,6
"2011","Caerphilly 023A","W01001370",773,559,261,298,1,139,91,48,66,60,6,8
"2011","Caerphilly 023B","W01001394",507,469,176,293,1,12,4,8,24,19,5,1
"2011","Caerphilly 023C","W01001395",616,402,198,204,0,161,152,9,48,42,6,5
"2011","Caerphilly 023D","W01001396",656,325,125,200,2,254,134,120,70,66,4,5
"2011","Caerphilly 023E","W01001399",548,452,220,232,7,29,16,13,56,49,7,4
"2011","Caerphilly 024A","W01001398",963,750,143,607,1,95,4,91,114,105,9,3
"2011","Caerphilly 024B","W01001423",632,561,322,239,1,4,2,2,63,58,5,3
"2011","Caerphilly 024C","W01001424",659,438,211,227,0,112,112,0,96,84,12,13
"2011","Caerphilly 024D","W01001425",715,599,296,303,0,9,3,6,103,94,9,4
"2011","Caerphilly 024E","W01001426",532,494,237,257,1,3,1,2,29,25,4,5
"2011","Caerphilly 024F","W01001427",683,586,136,450,0,4,3,1,91,82,9,2
"2011","Blaenau Gwent 001A","W01001440",604,388,216,172,0,165,46,119,41,38,3,10
"2011","Blaenau Gwent 001B","W01001441",503,216,93,123,1,254,155,99,24,18,6,8
"2011","Blaenau Gwent 001C","W01001442",504,432,229,203,0,15,7,8,52,45,7,5
"2011","Blaenau Gwent 001D","W01001470",633,510,276,234,2,82,45,37,37,31,6,2
"2011","Blaenau Gwent 001E","W01001471",767,315,160,155,0,396,197,199,50,39,11,6
"2011","Blaenau Gwent 002A","W01001446",485,371,187,184,0,68,22,46,42,34,8,4
"2011","Blaenau Gwent 002B","W01001447",622,307,145,162,0,237,147,90,74,68,6,4
"2011","Blaenau Gwent 002C","W01001448",624,375,207,168,0,80,22,58,162,146,16,7
"2011","Blaenau Gwent 002D","W01001449",726,420,210,210,1,200,85,115,100,93,7,5
"2011","Blaenau Gwent 003A","W01001472",634,525,283,242,1,51,22,29,44,36,8,13
"2011","Blaenau Gwent 003B","W01001473",603,208,138,70,1,364,189,175,26,24,2,4
"2011","Blaenau Gwent 003C","W01001474",673,412,247,165,0,226,112,114,31,22,9,4
"2011","Blaenau Gwent 003D","W01001475",513,402,202,200,1,49,18,31,58,48,10,3
"2011","Blaenau Gwent 003E","W01001480",635,319,184,135,1,275,175,100,30,28,2,10
"2011","Blaenau Gwent 004A","W01001438",670,416,222,194,1,212,75,137,33,27,6,8
"2011","Blaenau Gwent 004B","W01001439",680,542,276,266,0,91,53,38,41,35,6,6
"2011","Blaenau Gwent 004C","W01001456",552,329,179,150,1,137,67,70,81,75,6,4
"2011","Blaenau Gwent 004D","W01001457",743,269,104,165,1,409,245,164,59,49,10,5
"2011","Blaenau Gwent 004E","W01001458",638,502,243,259,0,51,25,26,79,72,7,6
"2011","Blaenau Gwent 005A","W01001443",646,351,191,160,1,177,47,130,113,100,13,4
"2011","Blaenau Gwent 005B","W01001444",796,513,214,299,1,215,130,85,61,54,7,6
"2011","Blaenau Gwent 005C","W01001445",633,428,234,194,1,101,46,55,97,84,13,6
"2011","Blaenau Gwent 005D","W01001467",798,426,190,236,1,288,134,154,74,54,20,9
"2011","Blaenau Gwent 005E","W01001468",582,378,189,189,2,138,73,65,59,52,7,5
"2011","Blaenau Gwent 005F","W01001469",504,262,153,109,2,204,117,87,29,22,7,7
"2011","Blaenau Gwent 006A","W01001462",662,409,199,210,0,182,91,91,62,51,11,9
"2011","Blaenau Gwent 006B","W01001463",868,681,369,312,1,30,10,20,151,135,16,5
"2011","Blaenau Gwent 006C","W01001478",662,524,296,228,3,24,13,11,108,100,8,3
"2011","Blaenau Gwent 006D","W01001479",706,234,130,104,0,407,201,206,61,53,8,4
"2011","Blaenau Gwent 006E","W01001481",775,375,185,190,4,220,84,136,158,148,10,18
"2011","Blaenau Gwent 007A","W01001450",570,395,234,161,1,111,66,45,52,46,6,11
"2011","Blaenau Gwent 007B","W01001451",656,430,259,171,1,69,10,59,148,133,15,8
"2011","Blaenau Gwent 007C","W01001452",624,492,202,290,0,40,4,36,86,75,11,6
"2011","Blaenau Gwent 007D","W01001459",448,212,104,108,0,171,97,74,63,55,8,2
"2011","Blaenau Gwent 007E","W01001460",764,485,234,251,1,54,2,52,215,204,11,9
"2011","Blaenau Gwent 007F","W01001461",634,400,188,212,1,124,28,96,106,98,8,3
"2011","Blaenau Gwent 008A","W01001435",632,422,219,203,0,32,3,29,163,149,14,15
"2011","Blaenau Gwent 008B","W01001436",646,393,238,155,0,64,8,56,183,178,5,6
"2011","Blaenau Gwent 008C","W01001437",658,526,299,227,1,36,7,29,84,75,9,11
"2011","Blaenau Gwent 008D","W01001453",648,350,189,161,0,262,149,113,29,24,5,7
"2011","Blaenau Gwent 008E","W01001454",609,386,210,176,0,160,79,81,57,51,6,6
"2011","Blaenau Gwent 008F","W01001455",792,496,277,219,1,178,38,140,114,103,11,3
"2011","Blaenau Gwent 009A","W01001464",689,373,214,159,2,223,112,111,83,74,9,8
"2011","Blaenau Gwent 009B","W01001465",698,399,228,171,2,225,88,137,63,51,12,9
"2011","Blaenau Gwent 009C","W01001466",787,495,297,198,2,79,8,71,198,185,13,13
"2011","Blaenau Gwent 009D","W01001476",486,285,164,121,0,88,9,79,109,98,11,4
"2011","Blaenau Gwent 009E","W01001477",634,506,312,194,1,20,3,17,102,100,2,5
"2011","Torfaen 001A","W01001487",662,423,224,199,0,168,73,95,67,62,5,4
"2011","Torfaen 001B","W01001488",683,335,172,163,2,302,159,143,40,39,1,4
"2011","Torfaen 001C","W01001489",702,409,250,159,0,197,38,159,89,79,10,7
"2011","Torfaen 001D","W01001490",598,481,263,218,1,33,19,14,72,61,11,11
"2011","Torfaen 002A","W01001482",497,289,133,156,0,168,93,75,35,31,4,5
"2011","Torfaen 002B","W01001483",564,274,124,150,1,247,113,134,37,32,5,5
"2011","Torfaen 002C","W01001484",695,570,290,280,0,73,31,42,47,40,7,5
"2011","Torfaen 002D","W01001485",529,262,138,124,1,227,82,145,33,25,8,6
"2011","Torfaen 002E","W01001486",653,455,207,248,1,114,51,63,78,65,13,5
"2011","Torfaen 003A","W01001525",602,351,188,163,1,208,89,119,31,27,4,11
"2011","Torfaen 003B","W01001529",917,534,252,282,3,291,129,162,79,71,8,10
"2011","Torfaen 003C","W01001530",698,232,85,147,0,421,230,191,34,28,6,11
"2011","Torfaen 003D","W01001531",706,444,212,232,1,200,100,100,57,48,9,4
"2011","Torfaen 004A","W01001491",802,501,228,273,5,198,90,108,76,76,0,22
"2011","Torfaen 004B","W01001496",585,396,228,168,0,128,73,55,55,47,8,6
"2011","Torfaen 004C","W01001523",638,456,224,232,2,76,26,50,96,85,11,8
"2011","Torfaen 004D","W01001524",829,520,267,253,10,156,32,124,133,125,8,10
"2011","Torfaen 004E","W01001540",532,433,198,235,0,35,10,25,55,53,2,9
"2011","Torfaen 004F","W01001541",459,332,172,160,1,86,23,63,39,35,4,1
"2011","Torfaen 005A","W01001510",670,456,253,203,2,137,26,111,67,55,12,8
"2011","Torfaen 005B","W01001511",719,493,256,237,0,164,45,119,49,44,5,13
"2011","Torfaen 005C","W01001512",607,571,324,247,2,9,1,8,19,18,1,6
"2011","Torfaen 005D","W01001513",636,582,310,272,0,19,5,14,30,25,5,5
"2011","Torfaen 006A","W01001514",495,420,216,204,1,22,8,14,49,44,5,3
"2011","Torfaen 006B","W01001515",630,456,206,250,1,56,9,47,108,100,8,9
"2011","Torfaen 006C","W01001516",619,368,180,188,1,210,112,98,32,27,5,8
"2011","Torfaen 006D","W01001517",822,626,219,407,10,80,34,46,98,90,8,8
"2011","Torfaen 006E","W01001518",477,417,246,171,0,33,20,13,20,18,2,7
"2011","Torfaen 007A","W01001519",627,224,102,122,1,326,132,194,66,60,6,10
"2011","Torfaen 007B","W01001520",729,496,230,266,1,135,30,105,95,85,10,2
"2011","Torfaen 007C","W01001521",611,397,183,214,8,120,62,58,79,67,12,7
"2011","Torfaen 007D","W01001522",759,375,158,217,1,324,144,180,54,44,10,5
"2011","Torfaen 007E","W01001537",507,410,207,203,21,37,19,18,38,33,5,1
"2011","Torfaen 008A","W01001493",905,573,254,319,1,207,83,124,116,99,17,8
"2011","Torfaen 008B","W01001494",654,538,314,224,0,69,30,39,40,36,4,7
"2011","Torfaen 008C","W01001495",850,616,366,250,2,146,43,103,77,62,15,9
"2011","Torfaen 008D","W01001507",905,676,377,299,4,148,41,107,63,57,6,14
"2011","Torfaen 009A","W01001501",510,263,72,191,0,196,105,91,49,43,6,2
"2011","Torfaen 009B","W01001503",505,248,85,163,0,192,101,91,59,51,8,6
"2011","Torfaen 009C","W01001536",471,159,43,116,3,263,100,163,43,40,3,3
"2011","Torfaen 009D","W01001538",569,270,106,164,0,250,98,152,42,38,4,7
"2011","Torfaen 009E","W01001539",598,374,158,216,1,173,75,98,47,38,9,3
"2011","Torfaen 010A","W01001506",688,329,158,171,1,259,91,168,89,80,9,10
"2011","Torfaen 010B","W01001526",574,288,138,150,2,240,138,102,35,27,8,9
"2011","Torfaen 010C","W01001527",638,299,153,146,12,244,94,150,71,58,13,12
"2011","Torfaen 010D","W01001528",484,324,164,160,0,125,61,64,32,27,5,3
"2011","Torfaen 010E","W01001532",743,392,167,225,0,284,154,130,53,44,9,14
"2011","Torfaen 011A","W01001497",613,379,162,217,1,187,87,100,42,33,9,4
"2011","Torfaen 011B","W01001498",488,302,137,165,0,150,69,81,34,28,6,2
"2011","Torfaen 011C","W01001499",513,352,106,246,25,91,41,50,44,41,3,1
"2011","Torfaen 011D","W01001500",497,400,97,303,54,5,2,3,37,32,5,1
"2011","Torfaen 011E","W01001502",500,432,163,269,1,40,16,24,24,18,6,3
"2011","Torfaen 012A","W01001492",928,688,287,401,1,186,89,97,51,41,10,2
"2011","Torfaen 012B","W01001533",611,547,193,354,1,25,5,20,38,35,3,0
"2011","Torfaen 012C","W01001534",638,451,181,270,1,136,40,96,48,43,5,2
"2011","Torfaen 012D","W01001535",576,414,165,249,1,119,35,84,37,33,4,5
"2011","Torfaen 013A","W01001504",862,562,281,281,4,229,81,148,61,47,14,6
"2011","Torfaen 013B","W01001505",800,640,294,346,4,78,33,45,65,51,14,13
"2011","Torfaen 013C","W01001508",527,453,300,153,1,35,13,22,33,29,4,5
"2011","Torfaen 013D","W01001509",618,561,310,251,1,23,7,16,28,24,4,5
"2011","Monmouthshire 001A","W01001545",632,550,388,162,1,14,2,12,63,58,5,4
"2011","Monmouthshire 001B","W01001548",857,680,413,267,4,45,10,35,111,94,17,17
"2011","Monmouthshire 001C","W01001557",911,510,281,229,5,169,52,117,205,171,34,22
"2011","Monmouthshire 001D","W01001571",508,433,267,166,1,15,6,9,51,44,7,8
"2011","Monmouthshire 001E","W01001579",745,562,364,198,2,52,6,46,121,113,8,8
"2011","Monmouthshire 002A","W01001546",645,331,157,174,1,242,107,135,65,57,8,6
"2011","Monmouthshire 002C","W01001558",697,435,221,214,2,211,91,120,41,32,9,8
"2011","Monmouthshire 002E","W01001580",809,548,320,228,2,170,33,137,79,72,7,10
"2011","Monmouthshire 002F","W01001909",1165,660,338,322,5,422,180,242,67,57,10,11
"2011","Monmouthshire 003A","W01001561",651,600,410,190,1,7,1,6,37,34,3,6
"2011","Monmouthshire 003B","W01001562",604,462,238,224,2,91,35,56,43,39,4,6
"2011","Monmouthshire 003C","W01001563",461,325,187,138,0,96,19,77,37,32,5,3
"2011","Monmouthshire 003D","W01001564",999,732,469,263,1,151,29,122,100,81,19,15
"2011","Monmouthshire 003E","W01001569",622,479,300,179,5,85,30,55,50,45,5,3
"2011","Monmouthshire 004A","W01001552",635,581,368,213,1,18,5,13,31,27,4,4
"2011","Monmouthshire 004B","W01001553",1113,798,364,434,9,188,31,157,114,99,15,4
"2011","Monmouthshire 004C","W01001554",712,408,275,133,2,67,19,48,205,180,25,30
"2011","Monmouthshire 004D","W01001576",490,317,159,158,7,71,20,51,88,79,9,7
"2011","Monmouthshire 004E","W01001577",610,271,173,98,5,292,59,233,35,30,5,7
"2011","Monmouthshire 004F","W01001599",960,684,402,282,5,179,34,145,78,63,15,14
"2011","Monmouthshire 005A","W01001566",489,307,194,113,0,20,4,16,138,128,10,24
"2011","Monmouthshire 005B","W01001567",433,243,166,77,1,42,14,28,123,112,11,24
"2011","Monmouthshire 005C","W01001568",697,560,347,213,1,19,4,15,91,82,9,26
"2011","Monmouthshire 005D","W01001575",500,402,242,160,0,30,9,21,53,47,6,15
"2011","Monmouthshire 005E","W01001581",852,649,422,227,2,99,28,71,87,76,11,15
"2011","Monmouthshire 006A","W01001555",484,418,263,155,2,4,0,4,52,44,8,8
"2011","Monmouthshire 006B","W01001556",509,387,210,177,5,83,29,54,30,28,2,4
"2011","Monmouthshire 006C","W01001560",514,412,231,181,1,14,3,11,76,67,9,11
"2011","Monmouthshire 006D","W01001565",719,585,357,228,1,51,16,35,67,57,10,15
"2011","Monmouthshire 006E","W01001596",495,316,210,106,0,91,26,65,75,63,12,13
"2011","Monmouthshire 006F","W01001597",660,515,261,254,5,42,8,34,92,85,7,6
"2011","Monmouthshire 007A","W01001549",598,509,312,197,3,26,4,22,52,47,5,8
"2011","Monmouthshire 007B","W01001583",659,535,299,236,3,42,11,31,68,65,3,11
"2011","Monmouthshire 007C","W01001585",509,465,245,220,2,1,1,0,37,35,2,4
"2011","Monmouthshire 007D","W01001586",950,811,349,462,4,48,5,43,83,79,4,4
"2011","Monmouthshire 007E","W01001594",537,441,251,190,4,47,11,36,35,31,4,10
"2011","Monmouthshire 007F","W01001595",527,482,293,189,0,10,1,9,23,20,3,12
"2011","Monmouthshire 008A","W01001559",559,445,262,183,1,66,30,36,41,37,4,6
"2011","Monmouthshire 008B","W01001584",778,558,240,318,3,89,34,55,120,104,16,8
"2011","Monmouthshire 008C","W01001587",964,484,225,259,3,206,34,172,251,226,25,20
"2011","Monmouthshire 008D","W01001592",679,263,92,171,2,324,75,249,89,83,6,1
"2011","Monmouthshire 008E","W01001593",729,495,192,303,4,120,27,93,104,92,12,6
"2011","Monmouthshire 009A","W01001542",728,587,287,300,4,74,30,44,57,49,8,6
"2011","Monmouthshire 009B","W01001543",553,499,245,254,2,10,2,8,38,35,3,4
"2011","Monmouthshire 009C","W01001578",884,745,347,398,1,82,36,46,47,42,5,9
"2011","Monmouthshire 009D","W01001590",868,765,431,334,1,35,13,22,53,45,8,14
"2011","Monmouthshire 010C","W01001551",466,315,154,161,1,124,55,69,23,19,4,3
"2011","Monmouthshire 010D","W01001588",731,660,372,288,4,14,3,11,48,36,12,5
"2011","Monmouthshire 010E","W01001589",655,397,206,191,5,181,60,121,67,58,9,5
"2011","Monmouthshire 010F","W01001598",672,432,205,227,3,178,76,102,53,46,7,6
"2011","Monmouthshire 010G","W01001908",934,596,333,263,2,267,117,150,60,56,4,9
"2011","Monmouthshire 011A","W01001572",618,476,203,273,0,100,21,79,37,32,5,5
"2011","Monmouthshire 011B","W01001573",560,493,205,288,0,21,7,14,37,32,5,9
"2011","Monmouthshire 011C","W01001574",617,501,193,308,8,12,2,10,94,88,6,2
"2011","Monmouthshire 011D","W01001582",698,526,177,349,1,120,23,97,45,41,4,6
"2011","Monmouthshire 011E","W01001591",582,502,154,348,1,11,2,9,63,57,6,5
"2011","Newport 001A","W01001623",654,520,276,244,1,14,7,7,113,102,11,6
"2011","Newport 001B","W01001624",501,436,169,267,6,6,4,2,48,46,2,5
"2011","Newport 001C","W01001625",560,454,241,213,1,36,22,14,52,47,5,17
"2011","Newport 001D","W01001626",577,475,280,195,0,58,40,18,39,31,8,5
"2011","Newport 001E","W01001627",630,563,288,275,0,10,5,5,53,49,4,4
"2011","Newport 001F","W01001628",511,237,121,116,1,206,100,106,57,54,3,10
"2011","Newport 002A","W01001651",637,575,330,245,2,20,12,8,36,30,6,4
"2011","Newport 002B","W01001652",791,269,109,160,3,426,294,132,78,69,9,15
"2011","Newport 002C","W01001653",608,554,325,229,5,14,3,11,31,27,4,4
"2011","Newport 002D","W01001654",676,571,274,297,0,35,15,20,63,58,5,7
"2011","Newport 002E","W01001655",651,580,303,277,5,12,2,10,49,45,4,5
"2011","Newport 003A","W01001617",582,220,103,117,2,322,218,104,32,31,1,6
"2011","Newport 003B","W01001618",494,267,129,138,1,188,115,73,28,24,4,10
"2011","Newport 003C","W01001619",599,257,101,156,2,280,188,92,52,43,9,8
"2011","Newport 003D","W01001620",482,245,107,138,5,191,103,88,39,37,2,2
"2011","Newport 003E","W01001621",614,288,125,163,2,256,155,101,56,49,7,12
"2011","Newport 003F","W01001622",535,364,151,213,18,106,64,42,44,36,8,3
"2011","Newport 004A","W01001639",719,644,234,410,1,31,18,13,40,37,3,3
"2011","Newport 004B","W01001640",495,426,273,153,0,25,21,4,38,36,2,6
"2011","Newport 004C","W01001641",537,485,283,202,1,6,6,0,33,31,2,12
"2011","Newport 004D","W01001649",608,464,259,205,0,93,55,38,44,37,7,7
"2011","Newport 004E","W01001650",615,403,150,253,1,134,94,40,67,59,8,10
"2011","Newport 005A","W01001614",778,316,157,159,6,383,200,183,56,48,8,17
"2011","Newport 005B","W01001615",604,463,189,274,0,101,74,27,34,27,7,6
"2011","Newport 005C","W01001616",633,494,250,244,3,65,28,37,61,56,5,10
"2011","Newport 005D","W01001678",700,427,180,247,2,190,108,82,68,62,6,13
"2011","Newport 006A","W01001601",638,252,110,142,4,293,17,276,77,72,5,12
"2011","Newport 006B","W01001681",660,274,108,166,2,231,102,129,132,124,8,21
"2011","Newport 006C","W01001682",599,328,142,186,1,197,92,105,62,48,14,11
"2011","Newport 006D","W01001683",485,368,166,202,1,49,7,42,63,59,4,4
"2011","Newport 006E","W01001684",637,471,186,285,6,17,4,13,133,118,15,10
"2011","Newport 007A","W01001675",619,437,196,241,2,22,8,14,150,136,14,8
"2011","Newport 007B","W01001676",720,425,170,255,4,55,11,44,230,209,21,6
"2011","Newport 007C","W01001677",653,527,272,255,2,25,11,14,91,81,10,8
"2011","Newport 007D","W01001679",457,385,213,172,1,35,26,9,30,28,2,6
"2011","Newport 007E","W01001680",506,378,161,217,1,5,3,2,119,105,14,3
"2011","Newport 008A","W01001606",517,448,268,180,0,27,17,10,34,27,7,8
"2011","Newport 008B","W01001608",638,503,273,230,1,68,15,53,60,55,5,6
"2011","Newport 008C","W01001663",689,371,188,183,1,263,121,142,35,31,4,19
"2011","Newport 008D","W01001665",743,417,216,201,3,219,22,197,88,84,4,16
"2011","Newport 009A","W01001669",528,492,272,220,2,3,0,3,25,23,2,6
"2011","Newport 009B","W01001670",862,769,292,477,0,7,3,4,83,78,5,3
"2011","Newport 009C","W01001672",733,591,287,304,0,79,51,28,59,56,3,4
"2011","Newport 009D","W01001673",644,582,328,254,0,33,20,13,27,23,4,2
"2011","Newport 009E","W01001674",619,461,217,244,0,102,66,36,46,42,4,10
"2011","Newport 010A","W01001664",647,284,154,130,0,326,186,140,26,24,2,11
"2011","Newport 010B","W01001666",623,307,146,161,2,256,165,91,44,38,6,14
"2011","Newport 010C","W01001667",521,243,116,127,1,243,141,102,23,19,4,11
"2011","Newport 010D","W01001668",482,262,133,129,1,190,140,50,20,19,1,9
"2011","Newport 011A","W01001611",531,383,175,208,2,37,6,31,103,97,6,6
"2011","Newport 011B","W01001612",651,438,204,234,4,52,32,20,150,143,7,7
"2011","Newport 011C","W01001613",616,504,219,285,1,14,3,11,90,83,7,7
"2011","Newport 011D","W01001691",657,360,151,209,1,111,25,86,175,165,10,10
"2011","Newport 011E","W01001692",834,446,202,244,10,49,10,39,309,294,15,20
"2011","Newport 012A","W01001600",669,605,340,265,1,7,2,5,51,49,2,5
"2011","Newport 012B","W01001602",676,537,261,276,2,83,8,75,40,37,3,14
"2011","Newport 012C","W01001603",569,380,184,196,0,34,7,27,151,145,6,4
"2011","Newport 012D","W01001604",620,572,335,237,0,13,8,5,28,25,3,7
"2011","Newport 013A","W01001642",779,470,183,287,7,120,60,60,169,154,15,13
"2011","Newport 013B","W01001643",566,255,96,159,8,190,81,109,108,102,6,5
"2011","Newport 013C","W01001644",1136,656,204,452,23,100,25,75,343,321,22,14
"2011","Newport 013D","W01001690",946,487,186,301,12,104,47,57,320,303,17,23
"2011","Newport 013E","W01001693",647,315,151,164,2,57,9,48,259,246,13,14
"2011","Newport 014A","W01001605",625,322,155,167,28,87,4,83,175,168,7,13
"2011","Newport 014B","W01001685",773,295,124,171,3,173,32,141,298,276,22,4
"2011","Newport 014C","W01001686",554,360,145,215,0,63,14,49,124,106,18,7
"2011","Newport 014D","W01001687",879,293,156,137,2,163,20,143,403,390,13,18
"2011","Newport 015A","W01001607",497,144,39,105,1,300,178,122,42,34,8,10
"2011","Newport 015B","W01001609",567,197,86,111,1,331,196,135,27,22,5,11
"2011","Newport 015C","W01001610",507,347,160,187,10,109,77,32,37,31,6,4
"2011","Newport 015D","W01001645",513,350,143,207,2,99,49,50,54,47,7,8
"2011","Newport 015E","W01001646",623,288,188,100,2,302,149,153,26,21,5,5
"2011","Newport 015F","W01001647",633,559,308,251,1,19,11,8,48,40,8,6
"2011","Newport 015G","W01001648",637,484,251,233,4,67,28,39,75,68,7,7
"2011","Newport 016A","W01001635",596,473,228,245,3,59,6,53,56,48,8,5
"2011","Newport 016B","W01001637",700,554,283,271,1,72,45,27,62,55,7,11
"2011","Newport 016C","W01001638",468,440,224,216,0,6,4,2,17,14,3,5
"2011","Newport 016D","W01001671",841,455,188,267,22,215,142,73,134,126,8,15
"2011","Newport 017A","W01001629",634,494,293,201,0,71,31,40,62,56,6,7
"2011","Newport 017B","W01001630",788,361,202,159,0,361,170,191,45,40,5,21
"2011","Newport 017C","W01001631",617,506,218,288,3,60,32,28,42,35,7,6
"2011","Newport 017D","W01001632",585,374,156,218,7,138,93,45,52,48,4,14
"2011","Newport 018A","W01001659",782,215,78,137,3,327,97,230,221,200,21,16
"2011","Newport 018B","W01001660",616,362,172,190,1,85,52,33,153,143,10,15
"2011","Newport 018C","W01001661",945,298,102,196,4,273,66,207,359,344,15,11
"2011","Newport 018D","W01001662",614,142,59,83,0,366,193,173,88,79,9,18
"2011","Newport 019A","W01001633",609,226,84,142,8,311,152,159,45,42,3,19
"2011","Newport 019B","W01001634",611,370,158,212,10,149,103,46,73,62,11,9
"2011","Newport 019C","W01001688",1080,635,139,496,10,244,141,103,183,169,14,8
"2011","Newport 019D","W01001689",777,127,32,95,1,617,342,275,19,19,0,13
"2011","Newport 020A","W01001636",696,608,181,427,2,5,1,4,72,63,9,9
"2011","Newport 020C","W01001657",547,489,186,303,0,5,2,3,45,41,4,8
"2011","Newport 020D","W01001658",697,579,220,359,1,65,34,31,46,41,5,6
"2011","Newport 020E","W01001912",648,559,281,278,3,10,4,6,71,62,9,5
"2011","Newport 020F","W01001913",605,386,78,308,16,46,11,35,154,146,8,3
